acuracia,loss,frr,fpr, removed, n_clf, tp_removed
0.09825051553249518, 2.3036959122288754, 0.8944041643372586, 0.40467750686587217, 0,0, 0
0.2732654826049358, 2.076189176170981, 0.7472757940070066, 0.4917706159518436, 0,0, 0
0.3195636266879532, 1.910589000747041, 0.6919942368098668, 0.4540643354571404, 8,8, 8
0.4308521253242866, 1.7701010140261095, 0.6262861459817841, 0.334741194774541, 3,3, 3
0.4988358943657287, 1.6049155549124614, 0.6025578871914833, 0.3252426633466586, 9,9, 9
0.5292356815006984, 1.380982272828803, 0.5931373508754997, 0.33853704188891115, 7,7, 7
0.5648240537484202, 1.2895495044813248, 0.5710867935560294, 0.35373412196986387, 4,4, 4
0.6488392203818266, 1.1441568616869782, 0.4966041222143449, 0.26452371369553973, 12,12, 12
0.6666666666666666, 1.090140143040835, 0.48212357426810926, 0.2743177833167959, 6,6, 6
0.6884853322690082, 1.0051834661501982, 0.47106587342694495, 0.27915623021333985, 5,5, 5
0.7277988425463979, 0.9425304954517434, 0.44018876012841324, 0.2477888291648557, 6,6, 6
0.7430319962748619, 0.8835168153252374, 0.38991520750045644, 0.23770149559649634, 5,5, 5
0.754007849397991, 0.8704157067770981, 0.38094404877804827, 0.22518599053527116, 7,7, 7
0.7356482405374842, 0.8366015837885119, 0.43409314061313004, 0.23969002973496664, 6,6, 6
0.7669793121798709, 0.8023512813999466, 0.35991621225548415, 0.2290479423665613, 3,3, 3
0.7635202554380364, 0.8010461709276808, 0.358432001206287, 0.21800887472793115, 6,6, 6
0.7490188252511142, 0.7770059185589926, 0.3837127526223439, 0.2344813576451767, 7,7, 7
0.7509479145879066, 0.7671495202296887, 0.38801129679717894, 0.23355548154647351, 7,7, 7
0.7827446284840018, 0.7192258003135067, 0.3458688111276921, 0.21351764699315845, 7,7, 7
0.7683097186190381, 0.7165243265598511, 0.36579547402670637, 0.22716399299774012, 5,5, 5
0.7884653761724206, 0.6909673814928368, 0.349572505057392, 0.21874856346670554, 7,7, 7
0.8040976518326348, 0.6642737507695513, 0.3387152467861387, 0.2216621739808707, 11,11, 11
0.8111488059602209, 0.6377099855289226, 0.29936987265799325, 0.20730983930344965, 9,9, 9
0.8178673584780151, 0.632196074042784, 0.2907286962571037, 0.2085812707138112, 9,9, 9
0.8183995210536819, 0.6147627265783961, 0.29443594052991673, 0.20091801541578053, 6,6, 6
0.8286436506352691, 0.5914513073383774, 0.2820430580140043, 0.2012039029658916, 8,8, 8
0.8261823987228099, 0.5841068585454157, 0.2736106138314797, 0.19185375082277895, 7,7, 7
0.8276458458058937, 0.5836876276538044, 0.26767311914479064, 0.19090973659368524, 7,7, 7
0.8309718619038116, 0.5661722097688454, 0.2758682454365835, 0.2007869626819313, 10,10, 10
0.8286436506352691, 0.5664453198225208, 0.2752235650820383, 0.19789741398603242, 6,6, 6
0.8244528703518925, 0.5639774138672665, 0.2972548345538994, 0.20193925134731366, 8,8, 8
0.8332335528503958, 0.5498625848868945, 0.2918227377647727, 0.19636191935379105, 7,7, 7
0.8304396993281448, 0.5472801336177312, 0.2926834810689788, 0.19669157406363225, 7,7, 7
0.8352956828311049, 0.538246379523422, 0.2655194280737565, 0.1896150876241548, 6,6, 6
0.8414820727732322, 0.5216367603215961, 0.2539485578642455, 0.18290966219540292, 5,5, 5
0.8426794385684827, 0.510022789388634, 0.2590391550878165, 0.18691810994986244, 5,5, 5
0.8404177476218985, 0.5131679126665385, 0.26265626226481253, 0.18881789200965696, 5,5, 5
0.8420142353488991, 0.509649618962511, 0.2707582614300824, 0.19065568117500034, 8,8, 8
0.8430785605002328, 0.5057457189012358, 0.27016125786711753, 0.19350183684549793, 7,7, 7
0.8448746091931085, 0.48914425279867535, 0.2608717435448857, 0.1866121239704012, 8,8, 8
0.8491319097984434, 0.4728913646491751, 0.24588844152247463, 0.1801237560934872, 5,5, 5
0.8460054546664005, 0.47996924419770937, 0.2591390985780774, 0.18815509548899345, 7,7, 7
0.8477349830373179, 0.4764902365918665, 0.2563880671002367, 0.18102525218163984, 6,6, 6
0.8529900884720282, 0.46392767942977653, 0.24887583701293056, 0.18376498999150692, 8,8, 8
0.850728397525444, 0.4668497822751331, 0.24297930439177598, 0.17728458666492566, 9,9, 9
0.850728397525444, 0.47081193658431436, 0.2553866337175815, 0.1785255464755357, 7,7, 7
0.857979112618905, 0.4484316597506323, 0.22700921167933508, 0.175981116526769, 6,6, 6
0.8598416816337391, 0.4448580516069564, 0.22469523257893304, 0.17768028564973026, 7,7, 7
0.8602408035654893, 0.4417818785302837, 0.23724279566521236, 0.18582006947770208, 6,6, 6
0.8590434377702388, 0.4416159737475905, 0.22676692501335233, 0.1750689422498147, 2,2, 2
0.8606399254972394, 0.4421161564371072, 0.23550197044875543, 0.1771889010449322, 9,9, 9
0.8627020554779485, 0.43389836208503985, 0.21965578378242406, 0.17265808256124696, 10,10, 10
0.8633007383755738, 0.42601911019291094, 0.21294856072331472, 0.17136006207326848, 8,8, 8
0.8611720880729062, 0.4289499797397488, 0.23379580769191194, 0.17417324544056453, 8,8, 8
0.8603073238874476, 0.4307296628931745, 0.2310697088590607, 0.16561912737702764, 7,7, 7
0.8636998603073239, 0.4210364853720182, 0.22290719899849543, 0.17239004665759913, 8,8, 8
0.8636998603073239, 0.41712973756809163, 0.2142141176845724, 0.1759652146330135, 7,7, 7
0.8646311448147409, 0.4207977026753413, 0.21380552080186027, 0.16617080441155432, 8,8, 8
0.867624559302867, 0.41189607656309946, 0.20794605181679293, 0.17099672226227294, 5,5, 5
0.8676910796248254, 0.4103691838449047, 0.21247677204473653, 0.16708961639662132, 9,9, 9
0.8681567218785339, 0.40370625475363603, 0.21284216991805838, 0.17037815238709897, 7,7, 7
0.8670923967272002, 0.4097942094337004, 0.2154992574487159, 0.16422542484678118, 4,4, 4
0.8677575999467837, 0.41496645327000986, 0.20800464853216394, 0.16248045744861386, 7,7, 7
0.869287567351826, 0.40448460021507937, 0.2194954915166651, 0.167370402272651, 7,7, 7
0.8667597951174084, 0.406111916739693, 0.22290942266101435, 0.16632730076957536, 8,8, 8
0.8709505754007849, 0.3930413219381199, 0.2038664281237531, 0.16411535571067898, 10,10, 10
0.8704184128251181, 0.3927141124456803, 0.20480074757169803, 0.16415982446480348, 8,8, 8
0.8708840550788266, 0.39150857602926586, 0.201288261037289, 0.16105681633759944, 9,9, 9
0.869487128317701, 0.3952513860486542, 0.20838508335276107, 0.16633332894648079, 6,6, 6
0.8712166566886184, 0.38938986746402604, 0.20517031028869204, 0.1623882262691221, 7,7, 7
0.8728796647375773, 0.3836032798539844, 0.20323083195506977, 0.16246834936762816, 4,4, 4
0.8746091931084946, 0.38164548229794715, 0.1977093914873165, 0.159706169317733, 5,5, 5
0.8723475021619105, 0.3822303179427498, 0.20595240153955413, 0.16435495506463713, 6,6, 6
0.872813144415619, 0.38309923960025294, 0.2121619422538705, 0.16488495349145552, 8,8, 8
0.8716157786203685, 0.3827727808510085, 0.22746264039579916, 0.17036298013978812, 8,8, 8
0.8763387214794119, 0.3736185955565811, 0.19641196313273915, 0.157745530230423, 8,8, 8
0.8744096321426196, 0.3778942719463502, 0.20116495897254036, 0.161047208174927, 3,3, 3
0.8749417947182865, 0.37447977593294696, 0.2060803766040904, 0.15847033018989787, 6,6, 6
0.87115013636666, 0.3795182825169824, 0.2210430682348951, 0.169475075577026, 10,10, 10
0.8750083150402448, 0.3744167076230746, 0.20291955000115147, 0.15883044560040696, 7,7, 7
0.8739439898889111, 0.37646274386135775, 0.20994843441455074, 0.16326188438325803, 9,9, 9
0.8751413556841615, 0.3720275202083307, 0.2024273669416335, 0.16108871247034465, 6,6, 6
0.8748752743963281, 0.3730711623911077, 0.20248580884014483, 0.15823357519501735, 6,6, 6
0.8767378434111621, 0.3680008788685587, 0.1991985280130637, 0.15514273435118853, 7,7, 7
0.8775360872746624, 0.3657182023819064, 0.1892224700380645, 0.15062274667536835, 7,7, 7
0.8793986562894964, 0.36353221052714446, 0.19046031549651432, 0.151795551086297, 10,10, 10
0.878201290494246, 0.36952082849077234, 0.1904897257908378, 0.15288115610462735, 9,9, 9
0.8779352092064125, 0.3612072575408181, 0.19462008463084002, 0.15759915747036257, 8,8, 8
0.8799308188651633, 0.3548931566022625, 0.19261426334357093, 0.1518780699186213, 6,6, 6
0.8789995343577462, 0.356310676216609, 0.19828272980906828, 0.15405796493896187, 10,10, 10
0.8807290627286636, 0.35479364625431803, 0.17871396370528272, 0.15186795492772778, 7,7, 7
0.880995144016497, 0.3572326114765465, 0.1851069786822988, 0.1487856991545007, 6,6, 6
0.881726867558039, 0.3535533251999145, 0.19039622153850796, 0.14971720125682902, 12,12, 12
0.8811947049823721, 0.3499268360088786, 0.18368217526707242, 0.14738771312102886, 6,6, 6
0.8800638595090801, 0.34991223344444244, 0.2034352671451976, 0.15906986487522767, 11,11, 11
0.8820594691678307, 0.34951976433252474, 0.18213305286532933, 0.14744239641760845, 9,9, 9
0.880995144016497, 0.3507442650620552, 0.18969687233741234, 0.15228832826521718, 7,7, 7
0.8818599082019557, 0.35054804823200975, 0.1858062718198779, 0.14847829294560302, 5,5, 5
0.8824585910995809, 0.3477754630628893, 0.18096583280350387, 0.14996918503482973, 8,8, 8
0.8830572739972061, 0.3421160099866118, 0.1806190162459875, 0.15335801393003146, 4,4, 4
0.8828577130313311, 0.34027284912559475, 0.18613452355386062, 0.15361979066049997, 5,5, 5
0.10077828776691279, 2.303736140292966, 0.8944213325400786, 0.36684194226088074, 0,0, 0
0.24253309386017427, 2.1502621071444756, 0.7959125058666783, 0.4846079786879895, 0,0, 0
0.32734650435708107, 1.9547272032228509, 0.741716821343688, 0.48766884951789835, 6,6, 6
0.361870551453469, 1.8669599794682274, 0.7215552508718691, 0.47551823487525335, 3,3, 3
0.4727599281580523, 1.6228019705906225, 0.6202673287040761, 0.3132087132843702, 6,6, 6
0.5116743165036919, 1.4487630366620008, 0.6170297249763498, 0.361337552716497, 6,6, 6
0.5633606066653363, 1.325235552233749, 0.5693592091765012, 0.30438144381939536, 6,6, 6
0.5176611454799441, 1.3430103861084937, 0.6194638158272077, 0.40721850806661986, 9,9, 9
0.6341382292290295, 1.1710482792631942, 0.5207398916652412, 0.30066178806438215, 9,9, 9
0.6484400984500766, 1.0741244583481537, 0.4983540242677815, 0.27989081654447073, 8,8, 8
0.6670657885984168, 0.9956534275278508, 0.48891493929536345, 0.2802756187660799, 4,4, 4
0.6411893833566155, 1.0234450436032616, 0.5299884750517208, 0.3225438673469229, 11,11, 11
0.7334530699128584, 0.9087551529123388, 0.4329792479184501, 0.2540707924575852, 5,5, 5
0.7550056542273664, 0.8439915642799419, 0.4089007850930124, 0.24837470888560012, 3,3, 3
0.735249118605734, 0.8316642702485283, 0.4007451982945435, 0.23305674566851267, 6,6, 6
0.7315905008980244, 0.8297812003801428, 0.42264111337390875, 0.23608014873977642, 7,7, 7
0.7595955564424932, 0.7807389027134177, 0.38043484763491797, 0.2459018284907037, 6,6, 6
0.7798842546397925, 0.7652545217718476, 0.3337711202723073, 0.21483352311371715, 6,6, 6
0.7710370518193308, 0.7712350067498831, 0.34685176172772236, 0.21347216057309823, 7,7, 7
0.7951174083682565, 0.7107366663384836, 0.325166954207448, 0.21063949797617249, 8,8, 8
0.8030998470032595, 0.7055712480762021, 0.29632482648762876, 0.20694108415644347, 6,6, 6
0.7820794252644183, 0.7130735893940747, 0.35040592169647206, 0.22227528337012104, 9,9, 9
0.7868023681234617, 0.6860758376680469, 0.34515873689800636, 0.2200693695118271, 4,4, 4
0.8082219117940531, 0.6357862562820992, 0.280367813807848, 0.1992451736113839, 6,6, 6
0.798376904144216, 0.6295749816046753, 0.3178659477230066, 0.20834188237909873, 8,8, 8
0.8199294884587242, 0.6121307063557357, 0.26357450323075743, 0.1898455705294146, 6,6, 6
0.8168695536486397, 0.5959080569209353, 0.28565188290260457, 0.20604262894020284, 7,7, 7
0.8274462848400186, 0.5857483131180523, 0.25700960333804923, 0.19844965922780175, 10,10, 10
0.8270471629082685, 0.5666808931024071, 0.26129478447121235, 0.19249576632245727, 6,6, 6
0.8335661544601876, 0.5506380844106575, 0.25778793040871195, 0.1938373909191597, 7,7, 7
0.8322357480210204, 0.5537876410079492, 0.2764896316334487, 0.19321116574671846, 12,12, 12
0.8308388212598949, 0.5473009109422662, 0.27839825369298, 0.19192570854859128, 3,3, 3
0.8368921705581055, 0.5441641414819959, 0.26171082479487856, 0.18843106643495325, 4,4, 4
0.8375573737776891, 0.5423761633818655, 0.2608738731839249, 0.1872792511490758, 9,9, 9
0.841814674383024, 0.5263193119109271, 0.25370676967651856, 0.18743154382635757, 6,6, 6
0.8446750482272334, 0.5111623338766318, 0.2548835287680103, 0.18717334806602984, 7,7, 7
0.8452072108029003, 0.5113579781533183, 0.24286757693400035, 0.18316187520270855, 6,6, 6
0.84886582851061, 0.5020630423479577, 0.23027142051950464, 0.17718081894379034, 3,3, 3
0.851460121066986, 0.4844510801672331, 0.21821716672545782, 0.18018865397981337, 3,3, 3
0.854054413623362, 0.4769780852970197, 0.216562070174982, 0.17118041615798735, 7,7, 7
0.8565156655358211, 0.46646196955360264, 0.21105065252582203, 0.17101995742079235, 6,6, 6
0.8559169826381959, 0.46242118499013024, 0.21734783832648452, 0.17351842252608637, 5,5, 5
0.856848267145613, 0.4629919208670236, 0.22137777302328943, 0.1739825327536753, 7,7, 7
0.8528570478281114, 0.4604320949205056, 0.2374837737906503, 0.17531744621448117, 6,6, 6
0.8577130313310717, 0.4541362203279554, 0.21662469124922215, 0.17162343236621308, 7,7, 7
0.857579990687155, 0.4582449382831025, 0.22123381346067067, 0.16957736021841854, 3,3, 3
0.858710836160447, 0.4511100297369807, 0.21726281928048943, 0.1690495516868528, 5,5, 5
0.8579125922969467, 0.4484507314874268, 0.22025175590426593, 0.17170747654382817, 5,5, 5
0.8616377303266147, 0.44056184216476435, 0.21121119967730134, 0.1673082388137165, 5,5, 5
0.8624359741901151, 0.42965546185723547, 0.2055455924344578, 0.16884735513010304, 4,4, 4
0.8639659415951573, 0.4274483953467553, 0.20328662047158452, 0.1661886676657831, 6,6, 6
0.862968136765782, 0.4217543129484749, 0.21027019467620597, 0.16811364927228012, 9,9, 9
0.8644981041708242, 0.4222097162162671, 0.21092981151145435, 0.16759319785397475, 9,9, 9
0.8652963480343245, 0.4162201862076424, 0.19884834839271742, 0.16264338811555998, 7,7, 7
0.8650302667464911, 0.4118233018853001, 0.20633442406225452, 0.17020038744034174, 5,5, 5
0.8655624293221579, 0.40951279476181707, 0.20215686912558556, 0.16167828100844475, 8,8, 8
0.8640324619171157, 0.4118703253490231, 0.19909944466583238, 0.16109595694865683, 5,5, 5
0.8663606731856582, 0.4081239031296192, 0.2031668945069768, 0.16012558641114366, 8,8, 8
0.867624559302867, 0.41065541590268884, 0.1949163269308479, 0.16414337913937652, 4,4, 4
0.8698862502494512, 0.4071311887421139, 0.2006670828899231, 0.16115041064227334, 9,9, 9
0.8710170957227433, 0.3960277056051447, 0.19327818046499395, 0.16210083112592572, 7,7, 7
0.871881859908202, 0.3956796417768216, 0.19415684964661628, 0.1588197501306678, 9,9, 9
0.8697532096055345, 0.3867839739427804, 0.19609802666965706, 0.16631091299280215, 7,7, 7
0.869287567351826, 0.38856923292911505, 0.19683391672036735, 0.16152757958185074, 7,7, 7
0.8729461850595357, 0.3861647691820958, 0.19199644135393576, 0.1611636928621167, 6,6, 6
0.8706179737909931, 0.39237700606272174, 0.19434137006104202, 0.15991942311588453, 8,8, 8
0.8696866892835762, 0.38532585830282917, 0.19476860958518594, 0.16346665595072907, 5,5, 5
0.869487128317701, 0.39159919037001956, 0.19758058366521983, 0.15696784897104937, 10,10, 10
0.8729461850595357, 0.3837825004078869, 0.19278161192350182, 0.15419109585040236, 8,8, 8
0.8729461850595357, 0.3791446966800827, 0.1942276519587872, 0.15826192200232198, 7,7, 7
0.8726801037717022, 0.37378934678643455, 0.1887320075505913, 0.15463021084762177, 8,8, 8
0.8743431118206613, 0.37810455447548397, 0.19145775925733322, 0.15318994518326506, 11,11, 11
0.8726135834497439, 0.3828582477485312, 0.19574605614949142, 0.15512311011163674, 8,8, 8
0.875407436971995, 0.3665047988762182, 0.18620188229619294, 0.15964762199852658, 6,6, 6
0.8773365263087873, 0.3708457118188591, 0.18697999325195608, 0.15314331970992315, 8,8, 8
0.8753409166500365, 0.3659697986642249, 0.18339747128521502, 0.15103885819020293, 8,8, 8
0.8764717621233287, 0.36552244009925455, 0.1814243211157417, 0.1494840328053697, 6,6, 6
0.8774695669527041, 0.3655050009900505, 0.18545607528479902, 0.1506415405785152, 6,6, 6
0.877270005986829, 0.36433142258502826, 0.18063376317346092, 0.14986578201083564, 5,5, 5
0.8785338921040378, 0.35780065438042424, 0.171721570487371, 0.15139339712501984, 4,4, 4
0.8800638595090801, 0.36247799247094364, 0.18006379986981355, 0.14737493780307445, 5,5, 5
0.8787999733918712, 0.35588605987337824, 0.17256763370035505, 0.14516897723042563, 5,5, 5
0.8766713230892037, 0.35888023167072947, 0.17723477372614416, 0.14553870914462588, 7,7, 7
0.8786004124259962, 0.35871388279429844, 0.17919086355433314, 0.14451711279514903, 8,8, 8
0.8790660546797047, 0.35562103258386424, 0.17971092403096084, 0.1455261005456259, 11,11, 11
0.8781347701722876, 0.35464082848870154, 0.17949932768550017, 0.1454090150816059, 11,11, 11
0.8807290627286636, 0.3533322903935871, 0.17758763512859388, 0.14275652635902156, 7,7, 7
0.8813277456262888, 0.3518571427306159, 0.1750363851173118, 0.14031407925959527, 9,9, 9
0.8801969001529968, 0.35304221135893676, 0.18032515921377099, 0.14190719344369976, 8,8, 8
0.8787334530699129, 0.3614853498636263, 0.17799018129869512, 0.14416398463959287, 7,7, 7
0.8794651766114548, 0.35582797856720294, 0.17897598297330508, 0.14755348282779715, 8,8, 8
0.8813277456262888, 0.35361045242904166, 0.1729412175505824, 0.14508753405257477, 8,8, 8
0.882658152065456, 0.34854540364200864, 0.17528995433383326, 0.14593062471080867, 3,3, 3
0.8829907536752478, 0.3472530324964262, 0.17309474167300692, 0.14483038417020874, 6,6, 6
0.8829242333532894, 0.34793481141526356, 0.17293063348133747, 0.1431832220331301, 3,3, 3
0.8824585910995809, 0.3485657933334542, 0.17622911961222296, 0.1423537595939307, 8,8, 8
0.8811281846604138, 0.34761417935946554, 0.17266985300598026, 0.14124742181353908, 6,6, 6
0.8811281846604138, 0.3463718818405037, 0.17738966803244957, 0.14325209524368795, 10,10, 10
0.8816603472360807, 0.3459940706265092, 0.1801159860663819, 0.14709025343830953, 7,7, 7
0.8841215991485398, 0.3415842287851431, 0.16972669297829474, 0.14056770225274343, 8,8, 8
0.88452072108029, 0.34068702478175733, 0.1702055785491097, 0.14038365152885027, 6,6, 6
0.10077828776691279, 2.303736140292966, 0.8944213325400786, 0.36684194226088074, 0,0, 0
0.22171223308720814, 2.114176656539621, 0.8025338458003525, 0.5211174928708376, 0,0, 0
0.2841082950841482, 2.026670384873814, 0.7718065498268523, 0.5144895692963611, 7,7, 7
0.4094325816536952, 1.7436159750653473, 0.6559643066050376, 0.3306763493815616, 10,10, 10
0.44648440098450076, 1.636348886453277, 0.6361652578328647, 0.428511569331615, 6,6, 6
0.4794119603538881, 1.5387974698987381, 0.6157706311571913, 0.2929583099643119, 10,10, 10
0.504822723341981, 1.5082183909447708, 0.5854473337974762, 0.3155609510930269, 8,8, 8
0.5356216324087009, 1.4188822476097251, 0.5434347058235696, 0.2674890559941303, 6,6, 6
0.5290361205348234, 1.3779306948947718, 0.5588096025925346, 0.29862490987937323, 7,7, 7
0.5459988026342047, 1.3328684547644767, 0.5375490040767129, 0.2847227562375397, 8,8, 8
0.5968868489323488, 1.2140482090832705, 0.47968026583650414, 0.29682022825192966, 4,4, 4
0.6974655757333865, 1.008840891518142, 0.3695095884379828, 0.22596625211398497, 5,5, 5
0.7332535089469833, 0.9626980482431717, 0.38722674330174356, 0.2527231011474302, 7,7, 7
0.7359143218253177, 0.9322883154823289, 0.398506369315403, 0.24996713572090598, 7,7, 7
0.7464245326947383, 0.876060053593951, 0.3758668326243514, 0.22984532185776538, 7,7, 7
0.7231424200093128, 0.8738144108328747, 0.39084139592571643, 0.23715999497123708, 5,5, 5
0.7808155391472095, 0.8191238370444069, 0.3462454518460893, 0.22731136074756908, 8,8, 8
0.7756269540344575, 0.7930636051316847, 0.3449268074411739, 0.23291711472860807, 4,4, 4
0.7700392469899554, 0.7913328951010057, 0.35467744514049665, 0.22174371957177705, 7,7, 7
0.7570677842080755, 0.7809698681868422, 0.39019296097516654, 0.24525102115113248, 4,4, 4
0.7802168562495843, 0.7518453033154515, 0.34940367255038296, 0.21824960585971112, 5,5, 5
0.8116144482139294, 0.6964587070763576, 0.2894566216433212, 0.2095611220241884, 5,5, 5
0.8037650502228431, 0.6939472536546619, 0.3023419573656076, 0.20788673344133676, 6,6, 6
0.8074901882525112, 0.6923634110932918, 0.2982045737313652, 0.21428722986988175, 10,10, 10
0.8168030333266812, 0.6727129358096678, 0.284668893650397, 0.20861975265535448, 7,7, 7
0.8166699926827646, 0.6681011245166538, 0.28666556451225816, 0.21345840528220855, 9,9, 9
0.8186656023415153, 0.6507598546766499, 0.28592338971326486, 0.20566278574384828, 4,4, 4
0.8110822856382625, 0.6450453562240439, 0.3091932653477178, 0.21114816923501842, 6,6, 6
0.8140091798044302, 0.6407420913235969, 0.29992557706246104, 0.2079658167699444, 4,4, 4
0.8311714228696867, 0.6032287650986041, 0.25775536252057973, 0.2025874498906181, 5,5, 5
0.831969666733187, 0.5946532780979324, 0.2600774432900523, 0.2006125945164808, 6,6, 6
0.8350961218652299, 0.5844793439360931, 0.2515397452375752, 0.193982563426861, 5,5, 5
0.8350961218652299, 0.5787064622898274, 0.2672219888842374, 0.2036589646316905, 6,6, 6
0.8438102840417747, 0.5642033817752788, 0.23864014554208612, 0.19183531975550655, 8,8, 8
0.8424798776026076, 0.5583295766849485, 0.2434966317736349, 0.19152085373644076, 3,3, 3
0.8445420075833167, 0.5506024234302791, 0.23336413371263148, 0.19038901814847897, 6,6, 6
0.8454732920907337, 0.5371898580709316, 0.2311987071823578, 0.19109124501601504, 4,4, 4
0.847934544003193, 0.5395796842128563, 0.23650701081451292, 0.1891710014424219, 7,7, 7
0.8478015033592763, 0.5429776624833396, 0.23732364572514672, 0.18630406734210972, 6,6, 6
0.8515931617109027, 0.5258057160510516, 0.22611350342719483, 0.18316789722039645, 7,7, 7
0.8515266413889443, 0.51595883566133, 0.22640058285753617, 0.18254951567560557, 8,8, 8
0.8515266413889443, 0.511167225453134, 0.22878249535573886, 0.18407225491503812, 5,5, 5
0.8536552916916118, 0.5058228165160279, 0.22076781142960947, 0.1819734900941197, 7,7, 7
0.8535222510476951, 0.5001889336563607, 0.225788574238092, 0.18388899881285567, 7,7, 7
0.8597751613117808, 0.4834440032723543, 0.21843135217725368, 0.18323067252411232, 4,4, 4
0.8583782345506552, 0.4829165450832492, 0.2198930125211537, 0.1794784158611379, 4,4, 4
0.8601742832435308, 0.4665830943949871, 0.21244004827349053, 0.17694050942829415, 9,9, 9
0.8615712100046564, 0.4624910369059688, 0.21016221031856666, 0.17651341407356225, 8,8, 8
0.8592429987361139, 0.4701441572704946, 0.22101382257222135, 0.17681204432711406, 5,5, 5
0.8586443158384887, 0.4659502453217158, 0.22774011424645135, 0.1812824242480781, 6,6, 6
0.8639659415951573, 0.4523094977958429, 0.20529530079573827, 0.1762873299944797, 7,7, 7
0.8654293886782412, 0.44324799184371433, 0.20560528958540072, 0.17248964834477282, 9,9, 9
0.8668263154393667, 0.43613206995581383, 0.20412375043778297, 0.17324391737035916, 6,6, 6
0.8682897625224506, 0.4360581553265497, 0.20109361057999403, 0.17334007709985155, 4,4, 4
0.8701523315372847, 0.4264886774709142, 0.20305315954107736, 0.16960096640114414, 6,6, 6
0.8702853721812014, 0.422949525044229, 0.20390883992392933, 0.17148205958510462, 6,6, 6
0.8698197299274929, 0.42298718336913055, 0.20682513620726561, 0.16625830503247163, 6,6, 6
0.8697532096055345, 0.4224782127172314, 0.199016554970063, 0.16872299933345647, 4,4, 4
0.8694206079957427, 0.42070939955662207, 0.19554043853060152, 0.16370213516627974, 8,8, 8
0.8713496973325351, 0.41432514026572254, 0.20955063401274696, 0.16999409237037613, 9,9, 9
0.8716822989423268, 0.40853157851139704, 0.1978060223058882, 0.16782316915372952, 10,10, 10
0.8720149005521187, 0.40909314931762786, 0.19359303117344567, 0.16702842259684597, 7,7, 7
0.8720149005521187, 0.40713853292446917, 0.1962103056044379, 0.16449089769607306, 6,6, 6
0.8722809818399521, 0.4011623280656883, 0.19200170550195136, 0.1680936207904925, 5,5, 5
0.8752078760061198, 0.4000023977089818, 0.19612847805588612, 0.16892344789836194, 8,8, 8
0.8738109492449944, 0.3977082235246047, 0.19692403234136, 0.16246903696849316, 8,8, 8
0.8744761524645779, 0.3955942960315573, 0.1949808739768266, 0.16463199771222853, 6,6, 6
0.8759395995476618, 0.39205431059192347, 0.18841213571860224, 0.16255475422232774, 5,5, 5
0.8746091931084946, 0.38391583416493213, 0.18085583972365932, 0.1583564118600524, 9,9, 9
0.8757400385817867, 0.38711241058600226, 0.1841188145653082, 0.1613567340808619, 4,4, 4
0.878001729528371, 0.38604683021781017, 0.18332289821210612, 0.15739700083224198, 6,6, 6
0.8767378434111621, 0.3801268018030562, 0.1886504869681039, 0.16136549660029648, 6,6, 6
0.8759395995476618, 0.3819024503651023, 0.18354356702354518, 0.15656441283609615, 6,6, 6
0.874675713430453, 0.3833451301413127, 0.18825799652968322, 0.15880696648781786, 8,8, 8
0.8775360872746624, 0.37488542710646805, 0.18567169912326478, 0.16115749605156918, 6,6, 6
0.8760726401915785, 0.38055768481494856, 0.19576515476432543, 0.16615102478275887, 8,8, 8
0.8787334530699129, 0.3709894939083633, 0.18080451459906816, 0.15783707051916152, 6,6, 6
0.8759395995476618, 0.3742464629405741, 0.1907964515408824, 0.15684655725525184, 12,12, 12
0.8778021685624958, 0.3731602834814881, 0.19013619969189535, 0.15585862747704038, 7,7, 7
0.8784673717820795, 0.36804689298781484, 0.19094790744353837, 0.15971253329829393, 6,6, 6
0.8787334530699129, 0.3687646358032031, 0.19292729567243133, 0.15650629150506518, 9,9, 9
0.8798642985432049, 0.36335126737634904, 0.18794074685176684, 0.16163412210233427, 5,5, 5
0.8790660546797047, 0.36039790966764, 0.1847976664180144, 0.15941142555428475, 9,9, 9
0.8803964611188718, 0.3593126199033613, 0.17924752444225714, 0.15503662238648375, 8,8, 8
0.880995144016497, 0.3544588216616224, 0.17719677915269663, 0.15403438241357872, 7,7, 7
0.8807290627286636, 0.35516181612704634, 0.17784478244345428, 0.1463494306172101, 7,7, 7
0.8785338921040378, 0.36167434912823637, 0.1863044213409595, 0.14794088731472077, 6,6, 6
0.8813942659482472, 0.35578772686367727, 0.1800588630682243, 0.14802375173732962, 4,4, 4
0.8830572739972061, 0.34886870767976713, 0.16822647743726202, 0.1462393954742492, 8,8, 8
0.8825916317434976, 0.35141955461150765, 0.17255993383281168, 0.15057746489041787, 7,7, 7
0.8830572739972061, 0.3448323174275318, 0.17105021942256168, 0.14617113250980324, 4,4, 4
0.8827911927093727, 0.3472144461332024, 0.18411159846808522, 0.15061826618386714, 3,3, 3
0.8822590301337059, 0.3464167312976623, 0.17867019610744758, 0.14844600875455372, 3,3, 3
0.8843876804363733, 0.34298510765379575, 0.17293332157443708, 0.14972370339492305, 3,3, 3
0.8844542007583317, 0.34434179654753794, 0.17138462791920822, 0.1514606969906693, 4,4, 4
0.8847868023681235, 0.33963430531341515, 0.17524768941827992, 0.15241832681281886, 5,5, 5
0.8848533226900818, 0.3390844938859479, 0.17145204771383418, 0.14919010044213446, 9,9, 9
0.8843876804363733, 0.34025165464314844, 0.16960763080018093, 0.14920574228128403, 7,7, 7
0.8867158917049158, 0.33694044586821864, 0.16581947177591153, 0.14615056153311085, 4,4, 4
0.8839885585046232, 0.33793773537675215, 0.1704254272007985, 0.1479144242584724, 7,7, 7
0.8859841681633739, 0.3369079425913333, 0.1701256586045596, 0.14407733116198804, 8,8, 8
0.10077828776691279, 2.303736140292966, 0.8944213325400786, 0.36684194226088074, 0,0, 0
0.3621366327413025, 1.9091410288662918, 0.7167152462005594, 0.3740451924553127, 0,0, 0
0.345706113217588, 1.8314977786330577, 0.7526636194933414, 0.48474400569975756, 9,9, 9
0.4962416018093528, 1.5303850435352426, 0.6539157405811887, 0.4246534047249273, 4,4, 4
0.601742832435309, 1.2747047846927118, 0.5646897388158733, 0.3134272397875272, 5,5, 5
0.6346703918046963, 1.201689096570758, 0.5444151267415208, 0.28169382408272037, 6,6, 6
0.6497039845672853, 1.1029980443692162, 0.5448116768293891, 0.3255325474129481, 10,10, 10
0.6743165036918779, 1.067834606490538, 0.48006540956269506, 0.2749243177949555, 11,11, 11
0.7109692010909333, 0.9313941365781427, 0.4230013692856665, 0.23846425831837997, 5,5, 5
0.7402381427526109, 0.9133050625765659, 0.40159614653178255, 0.24586810023568118, 8,8, 8
0.7107696401250582, 0.8900649097114348, 0.43077233102738205, 0.25909978467778727, 7,7, 7
0.7076431849930154, 0.8528017917942725, 0.45592676755573, 0.289804986098752, 6,6, 6
0.7474223375241136, 0.8126704650260858, 0.4164631147397328, 0.2661621640691465, 6,6, 6
0.7585312312911594, 0.8007069678848936, 0.39227080536729597, 0.23138830709946925, 7,7, 7
0.7337191512006919, 0.7842789443927728, 0.40129672927238536, 0.23790681375626424, 2,2, 2
0.7461584514069048, 0.7536814481017606, 0.38683754319570385, 0.2355867096843333, 3,3, 3
0.7772234417614581, 0.7122749099988752, 0.35988129801471486, 0.2217780443559797, 5,5, 5
0.7874010510210869, 0.6816328182813726, 0.3400584188157273, 0.21263099684871786, 3,3, 3
0.7840085146012107, 0.6787146244017943, 0.3417793649270802, 0.21207373960423687, 8,8, 8
0.7817468236546264, 0.6533115508875005, 0.3523617298568034, 0.21583274368757427, 5,5, 5
0.7893966606798377, 0.6412306661295796, 0.34130396661568774, 0.21085930020303212, 6,6, 6
0.8017694405640924, 0.6279451479103947, 0.32320760409592225, 0.21684615927700177, 5,5, 5
0.804496773764385, 0.6100063400575938, 0.309055047026291, 0.20493135608402813, 5,5, 5
0.8043637331204683, 0.5987184303434834, 0.30747600361163047, 0.20348666292600068, 9,9, 9
0.8044302534424267, 0.5981441449173087, 0.33123071031655466, 0.2126969936723516, 5,5, 5
0.818798642985432, 0.5806263922509832, 0.280573347858764, 0.19220316949290678, 8,8, 8
0.8221911794053083, 0.5718280420621519, 0.2759123125190914, 0.19235712746780245, 4,4, 4
0.8297744961085611, 0.553594685273073, 0.2692634430765462, 0.19447179192702155, 6,6, 6
0.8164704317168895, 0.5668988698494898, 0.3130140473052921, 0.21376048661338204, 5,5, 5
0.8321692276990621, 0.5352622918176476, 0.26135924100889185, 0.18834344847346887, 5,5, 5
0.8264484800106433, 0.5400757570622776, 0.27682384072801924, 0.19422111770376485, 7,7, 7
0.8269806425863101, 0.5358764562331112, 0.2692814630413985, 0.18683013158422399, 3,3, 3
0.8319031464112286, 0.5321256927342322, 0.2671444413772186, 0.1900497846825976, 8,8, 8
0.8348300405773964, 0.5204570785241754, 0.26453751935842207, 0.18960833604537072, 7,7, 7
0.8456063327346505, 0.5066457854422755, 0.24809219815627284, 0.18239550590536863, 8,8, 8
0.8452737311248586, 0.5014132320660771, 0.25488961924886633, 0.18824534177502594, 5,5, 5
0.8458724140224839, 0.4956889173564121, 0.23919120953052053, 0.18274076805733075, 7,7, 7
0.8452072108029003, 0.49172857958861316, 0.24860257423094304, 0.18135674360101958, 6,6, 6
0.8494645114082352, 0.49115888793688184, 0.23804731892380868, 0.17914376570214316, 6,6, 6
0.8495310317301936, 0.4871200728499923, 0.2387596149041943, 0.17846141702748558, 5,5, 5
0.8504623162376106, 0.47877265386443124, 0.2448591529579151, 0.18014528904733473, 6,6, 6
0.8519922836426528, 0.4734648264532038, 0.23634531114466598, 0.1792972495146099, 10,10, 10
0.8555843810284042, 0.4677121552430748, 0.22434455098760114, 0.17410474120217628, 6,6, 6
0.8536552916916118, 0.47207274366078394, 0.2419072649545534, 0.17963658476694594, 7,7, 7
0.8567152265016963, 0.46125031874855044, 0.23303566029819842, 0.17611018273285425, 3,3, 3
0.8569147874675713, 0.4538214346741091, 0.23814993342830854, 0.17893500993870984, 8,8, 8
0.8589769174482804, 0.441051650445575, 0.21446127430302855, 0.17346032754044546, 3,3, 3
0.8607729661411562, 0.4355578340665304, 0.21662295936777629, 0.16990450103949425, 4,4, 4
0.8621698929022816, 0.43613784163652186, 0.2100596125677691, 0.16551170345424165, 7,7, 7
0.8598416816337391, 0.4408433759042724, 0.2105269936081325, 0.16513635723098793, 3,3, 3
0.8643650635269075, 0.4292895135240732, 0.2041240678768372, 0.16435630321696088, 7,7, 7
0.8652963480343245, 0.4228841300520871, 0.209637468353596, 0.1684858918678141, 4,4, 4
0.8641655025610324, 0.4175555567991268, 0.21095832885978028, 0.17104479250718976, 7,7, 7
0.8652298277123661, 0.4183160216194794, 0.2014389679216484, 0.16524987215571754, 3,3, 3
0.8671589170491585, 0.4111909492744671, 0.21212446449071393, 0.16728700307270683, 5,5, 5
0.8665602341515333, 0.4067301694447656, 0.2102980876503229, 0.1688683718230845, 3,3, 3
0.8698862502494512, 0.4069364872793102, 0.20323632701984606, 0.16384136994292275, 8,8, 8
0.8678241202687421, 0.40641820287017993, 0.20398165740370422, 0.16385624000335658, 5,5, 5
0.8689549657420342, 0.4004926357403201, 0.2023817794421903, 0.1598596862661129, 8,8, 8
0.8690214860639925, 0.399447261739653, 0.2105318266888559, 0.16492577103195172, 2,2, 2
0.8686223641322424, 0.39822226417583717, 0.20059627542009895, 0.15899249516804745, 5,5, 5
0.8696866892835762, 0.3961315487411039, 0.2052279490399126, 0.15998324425192612, 5,5, 5
0.8696201689616178, 0.3955063361320277, 0.20044943687417885, 0.15841748448978948, 6,6, 6
0.8709505754007849, 0.39232076103978963, 0.19602797759775245, 0.1591835042543329, 7,7, 7
0.8714162176544934, 0.38639500062373566, 0.19439535271354608, 0.1572897267489544, 7,7, 7
0.8722144615179938, 0.3877294149297408, 0.20022595961755787, 0.15439395376363038, 7,7, 7
0.8706844941129515, 0.39003275489237077, 0.20199410582661276, 0.15694440562489104, 9,9, 9
0.874675713430453, 0.3833095286223956, 0.1892559823676037, 0.15319158866930413, 7,7, 7
0.8757400385817867, 0.3784442274809345, 0.18808842235478518, 0.15155282875485565, 8,8, 8
0.8704184128251181, 0.3784800524660505, 0.21166099534349114, 0.16537207134913026, 10,10, 10
0.8742100711767445, 0.3745810295852109, 0.18900585799302277, 0.1561167539863023, 5,5, 5
0.8770039246989956, 0.3742213389534875, 0.1876428995314288, 0.15185404018538176, 8,8, 8
0.8760061198696202, 0.3747892816967485, 0.19377696396014982, 0.15181693616560366, 6,6, 6
0.874675713430453, 0.3715986590268975, 0.18610645926279434, 0.15434584655345535, 6,6, 6
0.873012705381494, 0.37243568325155935, 0.201828876214787, 0.15909238438219084, 6,6, 6
0.8766713230892037, 0.3670301739117908, 0.19082799221353353, 0.16014925321672957, 9,9, 9
0.8750748353622032, 0.36845108590915676, 0.18878512242064047, 0.15564507515856055, 5,5, 5
0.8760061198696202, 0.3668798710142428, 0.18999909652804964, 0.15109716982506577, 7,7, 7
0.878001729528371, 0.3646469286130545, 0.18501342097507695, 0.1537333254019097, 7,7, 7
0.8780682498503293, 0.36475185205701255, 0.18687156501317306, 0.1467461430020974, 6,6, 6
0.8756735182598284, 0.36990050861467627, 0.18637081538740993, 0.1501410959931705, 6,6, 6
0.8767378434111621, 0.3696720090904491, 0.1885133718759851, 0.15228218526503579, 7,7, 7
0.8778021685624958, 0.36584808804620794, 0.18458104157194616, 0.14979731309621058, 7,7, 7
0.878400851460121, 0.3648626639400197, 0.1793189073710252, 0.14635797333033954, 6,6, 6
0.878400851460121, 0.3623656607058619, 0.18437019767048823, 0.1452598954884196, 10,10, 10
0.8781347701722876, 0.3631223092789188, 0.1814669717396891, 0.14567280004825403, 5,5, 5
0.8777356482405375, 0.36415148551258936, 0.18900836749759306, 0.14498499654517266, 8,8, 8
0.8774030466307456, 0.36372715847126164, 0.18690811654128348, 0.14465854609100864, 5,5, 5
0.8813277456262888, 0.3524959608893653, 0.1714011890242172, 0.14223921531632475, 7,7, 7
0.8809286236945387, 0.3495924023273765, 0.17808745262669223, 0.14258445500705227, 6,6, 6
0.881726867558039, 0.34697018418130215, 0.17653570297459215, 0.145969347031737, 7,7, 7
0.8828577130313311, 0.35391132003877335, 0.17691465102040713, 0.1413564474035029, 6,6, 6
0.8830572739972061, 0.3518673743639355, 0.1821890650811337, 0.14432568117925648, 7,7, 7
0.8822590301337059, 0.3525885412572572, 0.18526459775839674, 0.14643290927215322, 4,4, 4
0.881726867558039, 0.34932394745719836, 0.17306315673626735, 0.14445018175479388, 5,5, 5
0.8825251114215393, 0.34890645911949547, 0.17666319192060834, 0.14464989585189272, 4,4, 4
0.8839885585046232, 0.3442972235094615, 0.17099917292216754, 0.14231384251865598, 9,9, 9
0.8830572739972061, 0.3445085610938094, 0.17827003739488198, 0.143450642273291, 8,8, 8
0.8844542007583317, 0.34328299847268406, 0.17328526038211112, 0.1439432051327745, 7,7, 7
0.8827246723874144, 0.3462712940366292, 0.17574662307068048, 0.1438109636411352, 4,4, 4
0.8833898756069979, 0.3419302081113543, 0.1718679197250711, 0.13930754359640582, 3,3, 3
0.10077828776691279, 2.303736140292966, 0.8944213325400786, 0.36684194226088074, 0,0, 0
0.2980775626954034, 2.0757171469820177, 0.743999632338753, 0.37211827475010817, 0,0, 0
0.37783542872347503, 1.8866265643803606, 0.753197907996957, 0.48371732459948225, 5,5, 5
0.47981108228563824, 1.6430630402178648, 0.6283592768127816, 0.32316123787494655, 7,7, 7
0.5026275527173552, 1.5567273739616316, 0.6297839414762756, 0.36207380630036107, 7,7, 7
0.5312978114814075, 1.3875258804123707, 0.6005845813623066, 0.32758986270858176, 9,9, 9
0.5811880529501763, 1.260743369020246, 0.5617146110325072, 0.3504990063237625, 6,6, 6
0.5973524911860574, 1.2488729281711437, 0.5272161617267755, 0.3055398426146313, 10,10, 10
0.6093926694605202, 1.1701398784531645, 0.5078007036964379, 0.3130239010888278, 9,9, 9
0.6608128783343311, 1.1693739937572531, 0.4937867721049834, 0.29612816525284874, 6,6, 6
0.7221446151799374, 1.047249127933269, 0.40932605225972407, 0.24004844566585085, 7,7, 7
0.6716556908135435, 1.01888278935546, 0.4701433611092704, 0.2704130346630789, 6,6, 6
0.7438302401383623, 0.9408259442857544, 0.38378079092702777, 0.2371910017394387, 4,4, 4
0.7143617375108096, 0.9430476195690947, 0.42315270882743117, 0.2448841263284668, 5,5, 5
0.7204816071309785, 0.9036902004666828, 0.4062348597150995, 0.23307468942633439, 6,6, 6
0.7423667930552784, 0.890178096048106, 0.37353393315488503, 0.24236202505474572, 4,4, 4
0.7451606465775295, 0.8980526357062211, 0.3831468850135887, 0.24472756272063673, 6,6, 6
0.7623894099647442, 0.8348011539523542, 0.36786648789969184, 0.22696023984455205, 5,5, 5
0.7562030200226169, 0.8197080742537357, 0.3656392056929756, 0.22978900931738253, 5,5, 5
0.7649171821991618, 0.7703148122863314, 0.35544839303209147, 0.22492228219624674, 7,7, 7
0.7718352956828312, 0.7564978736245768, 0.3665082494664975, 0.24032568001143048, 5,5, 5
0.7919244329142553, 0.7240404332485825, 0.3235179367321869, 0.2153335593070582, 11,11, 11
0.7908601077629216, 0.72916685066758, 0.316938627761475, 0.21422177127669667, 8,8, 8
0.8008381560566753, 0.699756265493376, 0.33030789436989105, 0.22711491574405668, 6,6, 6
0.8038315705448015, 0.6701930225092941, 0.32235183881080465, 0.2270732687831293, 9,9, 9
0.8165369520388479, 0.6463555881751653, 0.291249571594722, 0.2058888221237899, 6,6, 6
0.8171356349364731, 0.6216710183478543, 0.27012961008822245, 0.20275231420980586, 5,5, 5
0.8125457327213463, 0.6308930854326147, 0.29750238559357745, 0.21190843276865035, 6,6, 6
0.8210603339320163, 0.6016495433290776, 0.28391417090767823, 0.20303183458800164, 8,8, 8
0.8300405773963946, 0.5796008767623526, 0.2767041421610473, 0.20014315378635097, 5,5, 5
0.8267145612984766, 0.5797013919563718, 0.25721614341245314, 0.19372981488559865, 4,4, 4
0.8328344309186456, 0.5659601433684628, 0.2633300698440368, 0.19870126553404713, 4,4, 4
0.8332335528503958, 0.5615926101613353, 0.272721613745874, 0.20911642367551989, 7,7, 7
0.8358943657287301, 0.5420034016855805, 0.259258282041718, 0.19575258795203754, 6,6, 6
0.8375573737776891, 0.531831437029365, 0.2583950771392416, 0.19499489338727607, 9,9, 9
0.8426129182465243, 0.5096878664254013, 0.2543398928072603, 0.192690540530562, 8,8, 8
0.8458058937005255, 0.5049121472463203, 0.23234957762329675, 0.18580366089817824, 5,5, 5
0.845140690480942, 0.510374770022326, 0.23420943417837445, 0.18559448123950983, 7,7, 7
0.8467371782079425, 0.5064695644145084, 0.24174761361972547, 0.18783100259203667, 8,8, 8
0.8441428856515666, 0.5003741046520186, 0.26161915903003297, 0.1986091638420816, 10,10, 10
0.8487327878666933, 0.4864321376349351, 0.2320265059575605, 0.18677434176843438, 5,5, 5
0.8537218120135701, 0.4697398704916623, 0.23129331219282745, 0.18615803417984028, 5,5, 5
0.8529235681500699, 0.47050424511841926, 0.22508282095652848, 0.18482484460777457, 8,8, 8
0.8523248852524447, 0.4681731310221161, 0.23556916916784604, 0.18931648426355374, 8,8, 8
0.8543870152331537, 0.4639720328948587, 0.2322522228800077, 0.18726699285159276, 8,8, 8
0.8569813077895297, 0.44778855022211816, 0.2249302995456759, 0.18438697549497363, 6,6, 6
0.8565821858577796, 0.449292056776338, 0.22146604178237056, 0.18164998143318606, 7,7, 7
0.8567152265016963, 0.4505830144551857, 0.2247482125902717, 0.18307750550085902, 5,5, 5
0.8592429987361139, 0.448884637343829, 0.21940838813252964, 0.17960862594487037, 8,8, 8
0.8590434377702388, 0.43079564175397517, 0.2329812834892909, 0.1865513145716472, 8,8, 8
0.8597086409898224, 0.4288166706069063, 0.21935644301634927, 0.17857977411280831, 6,6, 6
0.8620368522583649, 0.42700251057236605, 0.2131377216831123, 0.174492040048998, 8,8, 8
0.8617707709705315, 0.4275218873377095, 0.21453054377329855, 0.17727297210961657, 8,8, 8
0.8614381693607397, 0.419729538148813, 0.2220606527994259, 0.1770006563370396, 7,7, 7
0.8603073238874476, 0.42006537331568145, 0.21613005285895778, 0.176183079471158, 7,7, 7
0.8611055677509479, 0.41805713043979237, 0.21995178725534198, 0.17231097963444475, 8,8, 8
0.8601742832435308, 0.4188223937292902, 0.21678385217536195, 0.1771913271862875, 6,6, 6
0.8621033725803233, 0.41615729276968244, 0.21414431903712713, 0.17229185673776887, 5,5, 5
0.8646311448147409, 0.4097143688224645, 0.20103859131502977, 0.17509545223208864, 5,5, 5
0.8632342180536153, 0.4121729689176318, 0.21129843027407896, 0.17667008842018933, 7,7, 7
0.8642320228829907, 0.4051449994686955, 0.21619467696889483, 0.1757999318204412, 6,6, 6
0.8641655025610324, 0.4063123965128229, 0.21049608342967038, 0.1711765837992383, 4,4, 4
0.8656954699660746, 0.4009914264665938, 0.2046987708350082, 0.17407991178626986, 8,8, 8
0.8646976651366992, 0.401929875029739, 0.20896423538725467, 0.17525984859818608, 11,11, 11
0.8660280715758665, 0.4009586566912998, 0.20436156363600463, 0.1679283416028463, 8,8, 8
0.8649637464245327, 0.40191602296573326, 0.213226943391044, 0.16877265766059468, 7,7, 7
0.8675580389809087, 0.3952092212027769, 0.1992187846364411, 0.16980119091867574, 7,7, 7
0.8650302667464911, 0.3997523406161513, 0.2251793687871213, 0.17393927840960882, 7,7, 7
0.8646311448147409, 0.39502007254945115, 0.22112382631324512, 0.16858743609007532, 3,3, 3
0.8692210470298676, 0.3843462550143869, 0.1951190804417639, 0.16682480932372737, 6,6, 6
0.869287567351826, 0.38669773083360265, 0.1949697065575067, 0.1654528638953535, 10,10, 10
0.8708840550788266, 0.3873562963030525, 0.18819903343247074, 0.16057359266796123, 5,5, 5
0.8702853721812014, 0.39112925459176806, 0.20214209896475094, 0.16579863812100057, 7,7, 7
0.870218851859243, 0.381919066014358, 0.2010683529782523, 0.164410362956481, 6,6, 6
0.8713496973325351, 0.3817264872480627, 0.19415506261968382, 0.16511454476284104, 9,9, 9
0.8712831770105768, 0.3764557301354775, 0.19586595663344356, 0.16580267819674754, 7,7, 7
0.8712166566886184, 0.3770234370881875, 0.19233627132630096, 0.16213673259195474, 4,4, 4
0.8724805428058272, 0.3746666776931674, 0.18703483934277784, 0.15775899017042738, 5,5, 5
0.8726801037717022, 0.3761381628135344, 0.1915466686250998, 0.16304097640312645, 5,5, 5
0.8738774695669527, 0.37393112846341775, 0.18593255367457076, 0.15812761274576026, 8,8, 8
0.8732122663473691, 0.37220476377892375, 0.18902965051365775, 0.1623930507494135, 4,4, 4
0.8732787866693275, 0.3717447559905942, 0.18752606066426114, 0.1562754102191569, 4,4, 4
0.8753409166500365, 0.3685535292820726, 0.18547001056097698, 0.1552670306270752, 7,7, 7
0.8746091931084946, 0.3709745614083448, 0.19351289234801403, 0.15912201015012242, 5,5, 5
0.8738774695669527, 0.36501109556219863, 0.18595655090155325, 0.1575068640244964, 6,6, 6
0.8747422337524113, 0.36799457808293046, 0.1949091884555617, 0.16101321876836217, 8,8, 8
0.8755404776159117, 0.3635147992632832, 0.18682323700661047, 0.1582741096827462, 5,5, 5
0.8762722011574536, 0.36165899814626296, 0.1752808547252272, 0.1528558021032805, 8,8, 8
0.8760726401915785, 0.35959157351796056, 0.17933058508891236, 0.15221300716285446, 7,7, 7
0.87560699793787, 0.36169667373891046, 0.1857715082420392, 0.1550830590352444, 5,5, 5
0.8748752743963281, 0.3585664921984497, 0.18226547612735947, 0.14906971447115258, 5,5, 5
0.8754739572939533, 0.36068813341468364, 0.1832603088104132, 0.15180370398569798, 9,9, 9
0.8752078760061198, 0.3582275879559516, 0.19590477051880606, 0.15293261878257164, 8,8, 8
0.8764052418013704, 0.35811683485073775, 0.19340949675332655, 0.1551611784425317, 7,7, 7
0.8767378434111621, 0.3540918337192662, 0.18181872172762858, 0.15084890116502536, 7,7, 7
0.878400851460121, 0.35094526116014996, 0.17116222831047445, 0.14874718391215672, 6,6, 6
0.8776026075966208, 0.355778315163607, 0.1837993618914962, 0.15328278937978276, 9,9, 9
0.8794651766114548, 0.3516757310483268, 0.16633629979977776, 0.14539267400430145, 6,6, 6
0.8778686888844542, 0.35413566482025044, 0.17965844278605794, 0.15002109510023134, 9,9, 9
0.8787334530699129, 0.35813437063034026, 0.17334414031705228, 0.14496513588142595, 11,11, 11
0.8795982172553715, 0.35571666115862605, 0.18092684560978742, 0.14788776106613377, 5,5, 5
0.10077828776691279, 2.303736140292966, 0.8944213325400786, 0.36684194226088074, 0,0, 0
0.29781148140757, 1.9993871835259345, 0.7946669586616786, 0.5214973402573563, 0,0, 0
0.3997206146477749, 1.8852084051527225, 0.746408187206267, 0.43612272544356645, 10,10, 10
0.4547329209073372, 1.5942788812441695, 0.6898513131208094, 0.455033824769057, 7,7, 7
0.5640923302068782, 1.4250534296953645, 0.5724704536764219, 0.30325742404452405, 8,8, 8
0.5821858577795517, 1.4057446378448304, 0.5540412428313859, 0.291343539072491, 6,6, 6
0.6073970598017694, 1.2198179405645877, 0.5177459724972185, 0.27475656352839345, 8,8, 8
0.6495709439233686, 1.1039051309835444, 0.5238530293767093, 0.28455777724712267, 5,5, 5
0.6656023415153329, 1.0258057831009635, 0.49062566750670045, 0.2610448213188067, 7,7, 7
0.672853056608794, 1.0050598367412142, 0.4949046165615997, 0.27630189586284354, 7,7, 7
0.6768442759262955, 0.9671926993871988, 0.4828691898894116, 0.308563781125131, 8,8, 8
0.6838289097319231, 0.9485708840681032, 0.4733384394848324, 0.2874348785047581, 4,4, 4
0.7103039978713497, 0.8690781500328107, 0.4474023336436629, 0.27256152708002124, 4,4, 4
0.7249384687021885, 0.8382406797513305, 0.43069737257214946, 0.2567841304411781, 9,9, 9
0.7682431982970798, 0.7833668751901408, 0.39340934742067746, 0.23598840698925364, 6,6, 6
0.7704383689217056, 0.7576265146086957, 0.3887670591998214, 0.23612679368038583, 9,9, 9
0.7713696534291226, 0.7451169300583922, 0.3772803522199636, 0.23408487655379162, 7,7, 7
0.7715026940730393, 0.7509751627554695, 0.3894458603668765, 0.2316459426676506, 12,12, 12
0.783343311381627, 0.7173953049343638, 0.36418328396077604, 0.22244741352377054, 3,3, 3
0.7795516530300006, 0.7157247669696595, 0.3547073121022148, 0.22954134219194736, 5,5, 5
0.7827446284840018, 0.7111347032875617, 0.3403295776878417, 0.20783325254042936, 5,5, 5
0.7956495709439234, 0.6731700173407728, 0.31910365956680664, 0.2089323547958398, 8,8, 8
0.7909931484068383, 0.6746162660582642, 0.3266646946110483, 0.2038806622086587, 4,4, 4
0.8018359608860507, 0.6512277307585966, 0.3107915171499276, 0.20779313861229476, 8,8, 8
0.8037650502228431, 0.6387472219865021, 0.30631749294326993, 0.20336721934192345, 5,5, 5
0.8088205946916783, 0.6238739920239509, 0.3075212461663464, 0.20335815976608326, 8,8, 8
0.8104836027406372, 0.6018027649889637, 0.314156753389327, 0.21580441066435474, 10,10, 10
0.8120135701456795, 0.6062722094970937, 0.2972085286406569, 0.20121120833523168, 7,7, 7
0.8200625291026409, 0.6001674260157169, 0.2809377712925881, 0.19582651300727597, 8,8, 8
0.8170025942925564, 0.5971989082408589, 0.2877952386357021, 0.19687010686733822, 7,7, 7
0.8192642852391405, 0.5807075310538171, 0.28865333797350545, 0.203271084720733, 9,9, 9
0.8252511142153928, 0.5729661798372024, 0.2756131280133337, 0.19336478046481262, 6,6, 6
0.8259828377569347, 0.5584312029733549, 0.27770498809369376, 0.1970025766691799, 5,5, 5
0.827512805161977, 0.5585882832298349, 0.28717691742061896, 0.19975067266563154, 5,5, 5
0.8354287234750216, 0.5385699380125842, 0.26623762362509995, 0.18772912102830822, 5,5, 5
0.8379564957094392, 0.528680203588066, 0.2559902932844205, 0.19069858021915306, 8,8, 8
0.8402181866560234, 0.5197178056418682, 0.24833098361344166, 0.18550328859400766, 8,8, 8
0.8358278454067718, 0.5279661517888325, 0.26707869963370146, 0.18966713041930125, 11,11, 11
0.8283775693474357, 0.5341328711511295, 0.31880349573336075, 0.20526859963048644, 12,12, 12
0.8421472759928158, 0.49720667968008825, 0.25559123465443145, 0.19150000673918868, 11,11, 11
0.8447415685491918, 0.4972589703870053, 0.2512881582829046, 0.18763737879000783, 7,7, 7
0.8438102840417747, 0.49818320217707074, 0.2503095370782287, 0.18734067332180376, 4,4, 4
0.8438102840417747, 0.48967783649661556, 0.24772414264904075, 0.18849349706375282, 6,6, 6
0.84886582851061, 0.4808139276496621, 0.23869613982334875, 0.18234041681099553, 7,7, 7
0.8531896494379033, 0.47669533220442417, 0.23243965782371945, 0.18211878205409332, 8,8, 8
0.8532561697598616, 0.47396787824570236, 0.2362965364180603, 0.1794078908289955, 5,5, 5
0.8530566087939866, 0.47464358662247425, 0.23521754339373838, 0.17686991615309242, 9,9, 9
0.8521918446085279, 0.4731231126223697, 0.2516765824741803, 0.17884098441324248, 8,8, 8
0.8589103971263221, 0.4523170028107209, 0.21636379435151074, 0.1764750394159549, 8,8, 8
0.8614381693607397, 0.44502406036599057, 0.21495504120435402, 0.1754903446991377, 6,6, 6
0.8611720880729062, 0.43989381986805076, 0.21481909910730848, 0.17422295200508295, 8,8, 8
0.8617707709705315, 0.4393517478708455, 0.22224129385534055, 0.17876793131277244, 7,7, 7
0.8615046896826981, 0.43075615474269185, 0.2196345441847475, 0.1784678383283076, 7,7, 7
0.862968136765782, 0.43151700627711725, 0.21637708128358527, 0.16965693919476035, 6,6, 6
0.8640324619171157, 0.42846179028485537, 0.22324611653126933, 0.1753077983780052, 7,7, 7
0.8627020554779485, 0.44228274312928473, 0.22674781634651572, 0.16955721208237987, 13,13, 13
0.8671589170491585, 0.4209227755387387, 0.2096147202599533, 0.16934119412418433, 7,7, 7
0.8684893234883256, 0.41445982625975264, 0.20417803488164302, 0.16357146232797384, 7,7, 7
0.8681567218785339, 0.41520349538342843, 0.2141963593596343, 0.16722029949124576, 5,5, 5
0.8667597951174084, 0.41868217262363006, 0.21646692976203677, 0.1675391666013941, 8,8, 8
0.8712166566886184, 0.3997383644832487, 0.20946991727826628, 0.168966210978037, 7,7, 7
0.8706179737909931, 0.39728269131810695, 0.2033838318135918, 0.16702098900778567, 12,12, 12
0.8706844941129515, 0.39791185966271364, 0.20611911157789772, 0.16117294029508122, 9,9, 9
0.8700192908933679, 0.3980150085405465, 0.20931017836556573, 0.16340364705144608, 8,8, 8
0.8687554047761591, 0.3998321795714045, 0.21757675468531906, 0.16946111100057826, 7,7, 7
0.8704849331470764, 0.39443770437132497, 0.21478468999059072, 0.16536668438006308, 6,6, 6
0.87115013636666, 0.39349793230290303, 0.2079945051764259, 0.16035379955532872, 9,9, 9
0.8719483802301603, 0.39272300019445144, 0.20452558527385878, 0.1580027754584908, 10,10, 10
0.8716822989423268, 0.3850153992998051, 0.2011637380785856, 0.16409087190593347, 9,9, 9
0.875407436971995, 0.37678053592647137, 0.18561667987929723, 0.1561718934244241, 7,7, 7
0.8742100711767445, 0.3758873913415343, 0.19437480508046912, 0.1600744941808852, 7,7, 7
0.8753409166500365, 0.3715720343700124, 0.1923361382481708, 0.16018996399730007, 8,8, 8
0.8749417947182865, 0.3829001389650107, 0.1967548089189994, 0.15560343321590747, 7,7, 7
0.8762722011574536, 0.3778304635117338, 0.18843824792498737, 0.15720082640857597, 8,8, 8
0.8753409166500365, 0.37531682188205767, 0.19423954044861652, 0.16043123267263362, 10,10, 10
0.8744761524645779, 0.37785036377000014, 0.20011414227548838, 0.15658207493905324, 7,7, 7
0.8776026075966208, 0.36922663927684685, 0.19094494847251092, 0.15429758845787178, 6,6, 6
0.8783343311381627, 0.3639751530833438, 0.1874842332138219, 0.15132320564189253, 8,8, 8
0.8757400385817867, 0.3753781756600639, 0.20006798880187046, 0.15629444328711203, 5,5, 5
0.8766048027672454, 0.36973633031106645, 0.20386579114525766, 0.15790165846353554, 2,2, 2
0.8774030466307456, 0.3667116731296638, 0.19140624994222086, 0.1543043638857286, 5,5, 5
0.8776026075966208, 0.36728120046065077, 0.19662788365339345, 0.15166366794940778, 8,8, 8
0.8799308188651633, 0.36303296002784397, 0.1902931281033279, 0.14912154766669072, 5,5, 5
0.8785338921040378, 0.3630175154776587, 0.1908019465607212, 0.1542759352276354, 8,8, 8
0.8801303798310384, 0.3563152852797627, 0.18602518041887517, 0.14970806435442405, 8,8, 8
0.8812612253043305, 0.3537255542233009, 0.18445196725834315, 0.15351007083089924, 4,4, 4
0.8823920707776226, 0.3521475403170259, 0.17667716316952475, 0.14898700152576116, 7,7, 7
0.882658152065456, 0.351096808874858, 0.1813541484494377, 0.14614760303413366, 8,8, 8
0.8831903146411229, 0.3497316706911026, 0.17740475799361413, 0.14874551209481202, 7,7, 7
0.8834563959289563, 0.3502041114100818, 0.1851693513303662, 0.14823053904477734, 6,6, 6
0.8821259894897892, 0.3519528866310614, 0.1741289883700572, 0.15070319921860328, 13,13, 13
0.884321160114415, 0.34420067985335456, 0.17375383832070543, 0.14245058624475984, 7,7, 7
0.8840550788265815, 0.3453677794048384, 0.1784742274521009, 0.1446340536714082, 6,6, 6
0.8831237943191645, 0.3449927872351801, 0.18039253819149623, 0.14641361907398426, 9,9, 9
0.882658152065456, 0.3446841794726945, 0.18625628783562534, 0.14819986677200425, 5,5, 5
0.8853189649437904, 0.33942579928222905, 0.17625319262692563, 0.1458130464329465, 4,4, 4
0.88452072108029, 0.33951914100322855, 0.182289062675246, 0.14555709674359404, 9,9, 9
0.8850528836559569, 0.33881579079494173, 0.17837606578991994, 0.1454166921379779, 8,8, 8
0.8856515665535821, 0.3369776088245769, 0.17323023150584832, 0.14472182753264334, 6,6, 6
0.8859841681633739, 0.335163737133245, 0.18342120904431725, 0.1463009072949115, 9,9, 9
0.8827246723874144, 0.34626662599901276, 0.19027043692041962, 0.15187658609857096, 10,10, 10
0.10077828776691279, 2.303736140292966, 0.8944213325400786, 0.36684194226088074, 0,0, 0
0.30925297678440766, 2.1365496618839854, 0.7263279176443155, 0.3701831793074525, 0,0, 0
0.32854387015233155, 1.9808063446783555, 0.6991514554681346, 0.34205288685175483, 4,4, 4
0.5151333732455265, 1.6703306112144416, 0.6131072621644921, 0.27838370624874503, 5,5, 5
0.4984367724339786, 1.5384796020269027, 0.6085880726401123, 0.32105930126614474, 2,2, 2
0.5329608195303666, 1.402117736022116, 0.5976474832368807, 0.35210673956112837, 6,6, 6
0.5501895829175814, 1.31966618963158, 0.5891611918738274, 0.354723838368412, 6,6, 6
0.6491718219916185, 1.188423144065808, 0.49493564180536054, 0.27382325720522543, 12,12, 12
0.6741834630479612, 1.0266872668955678, 0.5250323143014566, 0.3467806248673998, 8,8, 8
0.6974655757333865, 0.9446714832556118, 0.49724540792863764, 0.3079488572812563, 8,8, 8
0.71110224173485, 0.9089276540985548, 0.47990736171629833, 0.2716347931916784, 7,7, 7
0.726335395463314, 0.8662957783827875, 0.453364740780661, 0.24110329975216324, 8,8, 8
0.7486862236413224, 0.795957707117304, 0.40683787322432885, 0.2317712519422148, 6,6, 6
0.7318565821858578, 0.8011284783096057, 0.4424530643991914, 0.2538683339149412, 6,6, 6
0.7579325483935342, 0.77813900508349, 0.3898189820059952, 0.23335354087405347, 7,7, 7
0.7619237677110358, 0.7379542879775188, 0.38671989837870785, 0.22095355037896677, 4,4, 4
0.7584647109692011, 0.7207517240263088, 0.4146315868962978, 0.23548270552258072, 4,4, 4
0.797977782212466, 0.6730940702392688, 0.33616150599512423, 0.210668781372077, 4,4, 4
0.7961817335195902, 0.6669449874297175, 0.33191832558722484, 0.21441558462513371, 7,7, 7
0.788531896494379, 0.6751395509393043, 0.324413382139513, 0.21091030002235844, 7,7, 7
0.792988758065589, 0.6612686184428962, 0.328077987112568, 0.21864475847172035, 6,6, 6
0.7796846936739174, 0.6543105636698509, 0.3528119330381619, 0.2355946765496818, 8,8, 8
0.7889975387480875, 0.6355737730925326, 0.33132268554615896, 0.21937746480019396, 7,7, 7
0.8007051154127586, 0.6360369308928386, 0.30937836853117223, 0.20528989361556516, 5,5, 5
0.7881992948845873, 0.6363966104046173, 0.3188476141823482, 0.21139570387339837, 8,8, 8
0.8005055544468835, 0.6086890573676706, 0.3052417514190007, 0.2120138441741629, 5,5, 5
0.8117474888578461, 0.5827665271793302, 0.2922185894824902, 0.19562037924352704, 7,7, 7
0.8248519922836427, 0.5674473003808476, 0.26657231435106055, 0.19329271653313687, 5,5, 5
0.8202620900685159, 0.5641189321391221, 0.28797130255663556, 0.19594859325760391, 7,7, 7
0.8194638462050157, 0.5606368145253335, 0.28783343190603905, 0.1979491609488248, 6,6, 6
0.8182664804097651, 0.5579421135573304, 0.2944849239808087, 0.19626226357454057, 7,7, 7
0.8191312445952238, 0.5569334171359905, 0.28564897150291335, 0.19369331044545107, 6,6, 6
0.8323687886649371, 0.5315194869512337, 0.25675873154844014, 0.1868067101066256, 6,6, 6
0.8309053415818533, 0.5241539800174472, 0.2784102425330381, 0.1938342956728878, 8,8, 8
0.8265150003326016, 0.5208439677108261, 0.27081309564107764, 0.19151002108246096, 4,4, 4
0.8413490321293156, 0.50173439548463, 0.23991633382126204, 0.18455005753235731, 6,6, 6
0.8392869021486064, 0.5083863950685155, 0.2513840994987559, 0.18633010970639124, 8,8, 8
0.8414820727732322, 0.4986936584397168, 0.2596310415656705, 0.18680726354226074, 5,5, 5
0.8402847069779817, 0.499283866723043, 0.2580219902018144, 0.18863737811730774, 6,6, 6
0.8384886582851061, 0.49201023560126284, 0.26619969642200814, 0.19121502139876026, 4,4, 4
0.8414155524512739, 0.48701068207197595, 0.2498845423122541, 0.18755694959495994, 4,4, 4
0.8478680236812346, 0.48086302282700877, 0.23939527015451018, 0.17888247755553027, 7,7, 7
0.842945519856316, 0.47589687213485654, 0.2680519695373699, 0.19429046472944467, 5,5, 5
0.851460121066986, 0.4608994503299262, 0.23393925081742276, 0.18110667613750953, 4,4, 4
0.8508614381693608, 0.4653279941618591, 0.2417777275968006, 0.17905563208569628, 6,6, 6
0.8528570478281114, 0.4557648348977065, 0.2254459448607483, 0.17894383393336008, 6,6, 6
0.8552517794186124, 0.447374795981397, 0.2448271252735381, 0.1765779397520028, 5,5, 5
0.8512605601011108, 0.45443274758517177, 0.24844783125964615, 0.1787673323100585, 7,7, 7
0.8574469500432382, 0.4394918126238923, 0.22263842500648784, 0.17181583491134625, 7,7, 7
0.8581786735847802, 0.4320986552590174, 0.22590412061463946, 0.1740805168921503, 7,7, 7
0.8600412425996142, 0.42896334413513915, 0.23037447987571658, 0.17326143876726077, 7,7, 7
0.8601742832435308, 0.43048850855972337, 0.23095481113068606, 0.17248985028794783, 6,6, 6
0.857979112618905, 0.43059535245432085, 0.24527538711600674, 0.17980530713427764, 6,6, 6
0.8597086409898224, 0.4260125181600249, 0.23396631378808094, 0.17701895075746413, 5,5, 5
0.8607729661411562, 0.4233340778958658, 0.23505301149820068, 0.1772064190474012, 6,6, 6
0.8597751613117808, 0.42059717672578045, 0.2369830831168594, 0.17666092589354718, 4,4, 4
0.8611720880729062, 0.4166287467054227, 0.23183020514580582, 0.1732140374858203, 6,6, 6
0.8632342180536153, 0.4089249944233213, 0.22502193785236776, 0.17072324602420566, 3,3, 3
0.86669327479545, 0.4009416102625655, 0.20981229971951992, 0.16794560075140438, 6,6, 6
0.8667597951174084, 0.4024598758827733, 0.20691925357799432, 0.16392607685258928, 4,4, 4
0.8649637464245327, 0.4002586048967132, 0.2105353916590854, 0.16782907932304428, 8,8, 8
0.866493713829575, 0.3988792499576549, 0.2109699359279915, 0.16795918520690797, 3,3, 3
0.8676910796248254, 0.3970087175056047, 0.2022523886163159, 0.16774989917492567, 6,6, 6
0.8695536486396594, 0.3917509758610463, 0.2108931746826963, 0.16556467582125156, 6,6, 6
0.8700192908933679, 0.3896906192998769, 0.1980049505331953, 0.16548546786932453, 8,8, 8
0.8697532096055345, 0.389408936794023, 0.20218390466733943, 0.16325241296284926, 5,5, 5
0.8706179737909931, 0.38813899622916503, 0.20577752416316375, 0.16360067797019837, 8,8, 8
0.8712166566886184, 0.3816771383456573, 0.20133110057369266, 0.16425057716902336, 7,7, 7
0.8716157786203685, 0.3840935735025243, 0.1988678063206797, 0.1623443650831602, 7,7, 7
0.8721479411960353, 0.3825673946627401, 0.19738013376241864, 0.15757672618369986, 6,6, 6
0.8729461850595357, 0.3818660827759334, 0.19513179978714587, 0.15856281664561966, 3,3, 3
0.872081420874077, 0.3781995300563024, 0.19541995971848106, 0.15864134763111776, 4,4, 4
0.8738109492449944, 0.3765281071994183, 0.18812018321261578, 0.1547637373488524, 4,4, 4
0.8742100711767445, 0.3792475453991944, 0.18798519165836236, 0.1530845283405008, 6,6, 6
0.8744761524645779, 0.374587845459082, 0.19207596039320404, 0.15620293771428861, 5,5, 5
0.8746091931084946, 0.3725802114864315, 0.18672057791890104, 0.15373258311694948, 3,3, 3
0.8740770305328278, 0.37088097074264764, 0.19644449376001552, 0.15337888703569855, 2,2, 2
0.8750083150402448, 0.36651555320379975, 0.19723773152657564, 0.1574632682446709, 6,6, 6
0.8760061198696202, 0.36563662353606463, 0.19696599335363701, 0.1573047391772141, 5,5, 5
0.8760061198696202, 0.3665693316614299, 0.1944100122380099, 0.1543103671225591, 6,6, 6
0.8765382824452871, 0.3679581374951421, 0.20039306880929778, 0.15478032058360744, 2,2, 2
0.8748752743963281, 0.3647032526285749, 0.19139518960098154, 0.1522476697077202, 5,5, 5
0.8770039246989956, 0.36168858361247974, 0.18227532898170484, 0.1488331691750112, 9,9, 9
0.8744761524645779, 0.3652796017161532, 0.1971859720383967, 0.15264502208640582, 9,9, 9
0.8765382824452871, 0.36283311302611726, 0.18735579645174294, 0.1479539423358928, 8,8, 8
0.8773365263087873, 0.356709641603585, 0.1936248357311107, 0.1572903040779165, 5,5, 5
0.8793321359675381, 0.35195174762826953, 0.18189675528006455, 0.153289611262596, 5,5, 5
0.8773365263087873, 0.3536135727416905, 0.1914896031021447, 0.15585321116534734, 7,7, 7
0.8802634204749551, 0.35596845983828174, 0.18858002377918306, 0.1529024627852248, 5,5, 5
0.8795316969334132, 0.354028586491322, 0.1907790061067422, 0.15436854270244493, 4,4, 4
0.8798642985432049, 0.35443559027251176, 0.1883446776321802, 0.15148355245036896, 7,7, 7
0.8778686888844542, 0.356914886477401, 0.1877029639024795, 0.1516590208182786, 5,5, 5
0.8801303798310384, 0.35007989379468124, 0.17842042521935014, 0.1531615080663555, 6,6, 6
0.8795982172553715, 0.3520002334973921, 0.17878488879414006, 0.1482119583510477, 8,8, 8
0.8793321359675381, 0.34664981826982677, 0.17895553777484277, 0.151348917063953, 5,5, 5
0.8799308188651633, 0.3464238353097852, 0.17987161667835205, 0.14606683530273815, 6,6, 6
0.8795316969334132, 0.3457410857813751, 0.18146557016737638, 0.1443389182871604, 7,7, 7
0.8808621033725803, 0.3444570841761189, 0.17391425638698343, 0.1464005926400934, 8,8, 8
0.8814607862702055, 0.34429348200852017, 0.18401113570082842, 0.14725938840562663, 9,9, 9
0.8802634204749551, 0.34899665367886346, 0.1783309234845204, 0.14798769350757465, 4,4, 4
0.8809286236945387, 0.34367949937999054, 0.17984442671422562, 0.14729577806967378, 4,4, 4
0.10077828776691279, 2.303736140292966, 0.8944213325400786, 0.36684194226088074, 0,0, 0
0.1836626089270272, 2.1771666281540334, 0.8534065153517143, 0.5581076486912934, 0,0, 0
0.21945054214062396, 2.317073044033028, 0.8226683296486964, 0.48528259776141197, 11,11, 11
0.38960952571010443, 1.8759838444290007, 0.7358891151631116, 0.3612598550448257, 9,9, 9
0.4832701390274729, 1.6117685516632116, 0.6881926604697846, 0.43898926305988395, 7,7, 7
0.5974190115080157, 1.258131268603572, 0.5885875805158818, 0.36113959351013597, 4,4, 4
0.638329009512406, 1.2235424580452983, 0.5314869764588943, 0.2787844539140658, 9,9, 9
0.6173751080955232, 1.2078639846118866, 0.5673305555518859, 0.35322235272419356, 9,9, 9
0.7028537218120136, 1.0473527151776612, 0.4719652362681871, 0.255649324064591, 6,6, 6
0.7182864365063527, 1.004783266455729, 0.45192632648847486, 0.2575430069615959, 4,4, 4
0.7205481274529368, 0.9433827482305838, 0.4490239531497213, 0.26508274755044275, 4,4, 4
0.6898157387081754, 0.9538036122149183, 0.47486058106991175, 0.2751563267382927, 5,5, 5
0.7303931351027739, 0.8969638769416107, 0.4058800915186272, 0.24319043266113952, 5,5, 5
0.7226767777556043, 0.8950114449407488, 0.45105295145996804, 0.2506650281945159, 7,7, 7
0.7208142087407703, 0.8994155401877054, 0.42151648665531755, 0.24797923026922988, 9,9, 9
0.7356482405374842, 0.828832800901729, 0.4104731940874949, 0.24679624136686296, 9,9, 9
0.7418346304796115, 0.8312294465009372, 0.39351848763690034, 0.23899718205778167, 5,5, 5
0.7773564824053748, 0.7640670902211864, 0.34931388423605875, 0.21813984255076083, 8,8, 8
0.7754273930685824, 0.7626118193622333, 0.34780738530634864, 0.22223688614056403, 7,7, 7
0.789064059070046, 0.6901632324055651, 0.3225982529096791, 0.21854748131967194, 7,7, 7
0.7619902880329941, 0.708149072784748, 0.3804369718848941, 0.23483375490105993, 9,9, 9
0.7985764651100912, 0.667034141012269, 0.31892201983579044, 0.22067391016699792, 7,7, 7
0.8078893101842612, 0.6399310993322717, 0.3133714398141934, 0.21990807418575617, 8,8, 8
0.8076897492183862, 0.6254640770716143, 0.31054618393121974, 0.21525624858052098, 12,12, 12
0.8166699926827646, 0.6177619361212175, 0.28267674205445387, 0.2098165440224945, 4,4, 4
0.8164039113949312, 0.6180857984848549, 0.2777963913712786, 0.2057868210107665, 9,9, 9
0.8201290494245992, 0.6094077490237768, 0.2723165437630466, 0.2013197222055753, 6,6, 6
0.8153395862435974, 0.6162244999829697, 0.2770115880640528, 0.21237618202865638, 4,4, 4
0.8166034723608062, 0.6133484773587337, 0.27400035489117763, 0.20394238937920062, 10,10, 10
0.8291758132109359, 0.5685981157463273, 0.2524756741580123, 0.19391405340204163, 6,6, 6
0.8306392602940198, 0.5566566095315645, 0.2557497211223807, 0.1969784145177492, 6,6, 6
0.836426528304397, 0.539229115702607, 0.2461386919377488, 0.19288019175059476, 7,7, 7
0.8368256502361472, 0.5379727026700843, 0.24626883280647496, 0.19502083731908257, 10,10, 10
0.8369586908800638, 0.5332930376744848, 0.251011289446157, 0.19393956757639055, 8,8, 8
0.8419477150269408, 0.5211871438647453, 0.2412119074061511, 0.1899766734259196, 2,2, 2
0.8384886582851061, 0.535104305816094, 0.25847563893661113, 0.1981234752900598, 5,5, 5
0.8487327878666933, 0.5064190040128125, 0.22852820070382268, 0.1878813265791625, 7,7, 7
0.8459389343444422, 0.5098067982649156, 0.2378993429860788, 0.18921123998133355, 5,5, 5
0.8423468369586908, 0.5114811163049936, 0.24459002450631281, 0.19241705559530864, 9,9, 9
0.8438102840417747, 0.5069947756406608, 0.2451033159127323, 0.19237745680031892, 5,5, 5
0.8471363001396927, 0.49085850604234027, 0.23880280831646053, 0.18722967532104953, 6,6, 6
0.854054413623362, 0.47408061997642303, 0.22823277349649654, 0.1870227936749124, 6,6, 6
0.8509279584913191, 0.47791808971456756, 0.23449680069329537, 0.1857925453763726, 5,5, 5
0.8521918446085279, 0.4721884047260942, 0.2252378990579724, 0.18312770875951503, 7,7, 7
0.852391405574403, 0.4605949395146454, 0.2241824268295462, 0.18279424766426933, 7,7, 7
0.856848267145613, 0.45768373985252214, 0.22194032559719973, 0.18119434359063105, 8,8, 8
0.8476684627153596, 0.4616642338735052, 0.25270561450998236, 0.1889652150050006, 6,6, 6
0.8553182997405707, 0.45257924172377534, 0.23429274537459843, 0.1815053333429212, 3,3, 3
0.854985698130779, 0.4463958593122701, 0.23254591788917925, 0.18200082917664606, 10,10, 10
0.859642120667864, 0.4405336553884598, 0.21852827207669118, 0.17756544287290016, 5,5, 5
0.8613716490387814, 0.4366620383715769, 0.2159397996393383, 0.17826016300352504, 7,7, 7
0.8627020554779485, 0.43227916989996146, 0.2153644950606501, 0.1814424161236877, 9,9, 9
0.8617042506485731, 0.4346854438626122, 0.20846687971166689, 0.17311958023474083, 7,7, 7
0.8598416816337391, 0.4355220671662805, 0.22660862905884463, 0.18121867021447688, 7,7, 7
0.8615046896826981, 0.43239170990651077, 0.21756795055902256, 0.17544962326862257, 6,6, 6
0.86223641322424, 0.4259096363530557, 0.2165684271565358, 0.17679968445908487, 7,7, 7
0.8654959090001996, 0.4253685358305663, 0.2082878104248879, 0.16959675361187615, 6,6, 6
0.8628350961218653, 0.4301007716906849, 0.21757289173419403, 0.174629173077384, 11,11, 11
0.8641655025610324, 0.4208242579244142, 0.20972179467759744, 0.16999602136141231, 3,3, 3
0.86223641322424, 0.42808665275810615, 0.21681619104964253, 0.17518915057364257, 6,6, 6
0.8672919576930752, 0.4082778051026943, 0.20044961616020757, 0.16791848235008952, 8,8, 8
0.8656289496441163, 0.40799247328053595, 0.21815054570802342, 0.17407379066793194, 8,8, 8
0.8664271935076165, 0.4049324637044539, 0.20548025286978544, 0.17105005589604452, 8,8, 8
0.8665602341515333, 0.39438984175321523, 0.21002995500261304, 0.16959524848816507, 3,3, 3
0.8687554047761591, 0.39413320933705864, 0.20344148591022787, 0.16644464405529721, 7,7, 7
0.8686888844542008, 0.3986976810191404, 0.19894047802945838, 0.16196136328827468, 8,8, 8
0.8689549657420342, 0.3989028901060389, 0.19752535807180321, 0.16692057450210926, 7,7, 7
0.8729461850595357, 0.38624863669511783, 0.18953079385740323, 0.16546305943431933, 6,6, 6
0.8714827379764518, 0.3875429265421838, 0.1957495504812441, 0.1621672566011494, 7,7, 7
0.8705514534690348, 0.3849138015158181, 0.19081443867046086, 0.1646484639819697, 5,5, 5
0.8708840550788266, 0.3859125117293011, 0.1922573050037964, 0.16393096001384688, 8,8, 8
0.8720149005521187, 0.38331628731987655, 0.18247538802496457, 0.16156786856586997, 5,5, 5
0.8714827379764518, 0.3811209051259097, 0.19044396515373738, 0.1637643232020769, 6,6, 6
0.8716822989423268, 0.3783751151587418, 0.19814693308258086, 0.16981997291754414, 7,7, 7
0.873012705381494, 0.3796845065717085, 0.18788344154801165, 0.16233659339315046, 9,9, 9
0.8736779086010776, 0.3742663176554848, 0.1943102722377912, 0.1626978911908422, 5,5, 5
0.8738774695669527, 0.37408188690637467, 0.19311981954703175, 0.16380924343629308, 8,8, 8
0.8747422337524113, 0.37371442031689983, 0.18951811155167458, 0.1620534218090543, 8,8, 8
0.8728796647375773, 0.3765837617010735, 0.18522727224437244, 0.16213630625292022, 11,11, 11
0.8730792257034524, 0.3728260525501484, 0.19509101407601542, 0.16283447825352604, 6,6, 6
0.8756735182598284, 0.36787803713478806, 0.18556158699192832, 0.15856187733951885, 8,8, 8
0.8764052418013704, 0.3674892589429766, 0.1845563001667811, 0.1557562736966803, 6,6, 6
0.8764052418013704, 0.3627468072604803, 0.1789030577375238, 0.15867474503947726, 3,3, 3
0.8766713230892037, 0.3658244372191389, 0.17792832634987402, 0.15072963464336017, 9,9, 9
0.8757400385817867, 0.367317014602201, 0.1826090788238684, 0.15248662603639412, 7,7, 7
0.8757400385817867, 0.3651624455327626, 0.18946938307747438, 0.15781935682251302, 7,7, 7
0.8777356482405375, 0.3612500297912456, 0.1773923243089727, 0.150928964889181, 2,2, 2
0.8791990953236214, 0.3614002461748847, 0.1836472069304998, 0.15776981137646795, 9,9, 9
0.8775360872746624, 0.35742813243783766, 0.17633936633593644, 0.15481240269771743, 4,4, 4
0.8799973391871216, 0.3518394284494252, 0.17536477336426046, 0.15310763065326471, 11,11, 11
0.8799308188651633, 0.3540834399084677, 0.17384739179158962, 0.1480199435077878, 9,9, 9
0.8797312578992882, 0.35514685734515145, 0.1681350686488055, 0.14651381927981363, 7,7, 7
0.8784673717820795, 0.3538564947850972, 0.17175465492305247, 0.15129125893774467, 10,10, 10
0.8811281846604138, 0.35658239306034695, 0.16993508119547115, 0.14962472946539265, 6,6, 6
0.8795982172553715, 0.35224118643822244, 0.17711769440465314, 0.14904674621201985, 9,9, 9
0.8801969001529968, 0.351550033030057, 0.1659669907323476, 0.14729876536028905, 9,9, 9
0.8786669327479545, 0.35429997156644466, 0.17237186550981673, 0.14911675919641668, 6,6, 6
0.8802634204749551, 0.34888729809856567, 0.18061229444527974, 0.15195337520193228, 6,6, 6
0.8811947049823721, 0.3506809189977745, 0.17753373549905122, 0.14528061197704437, 8,8, 8
0.8814607862702055, 0.3467850597952473, 0.16780750874286798, 0.14912764404119247, 8,8, 8
0.8833233552850396, 0.3435917012348273, 0.16212109044895107, 0.1456768038184988, 5,5, 5
0.10077828776691279, 2.303736140292966, 0.8944213325400786, 0.36684194226088074, 0,0, 0
0.17182199161843945, 2.2114622461528572, 0.8280473118899044, 0.5420141913080438, 0,0, 0
0.3159050089802435, 2.0965973135498497, 0.7540586322591739, 0.4366995499166872, 7,7, 7
0.41894498769374044, 1.675042248381625, 0.7071927847542601, 0.4722993415358085, 4,4, 4
0.5067518126787733, 1.565857232179497, 0.6376515403653024, 0.4008271126338434, 9,9, 9
0.593028670258764, 1.394396132983028, 0.5404039584854978, 0.2631678179353964, 10,10, 10
0.6453801636399921, 1.1823251704467752, 0.495756933713759, 0.26233725271239955, 7,7, 7
0.7011907137630546, 1.0739579631985607, 0.45810567529178314, 0.2678868932368966, 5,5, 5
0.7115013636666001, 1.0374128835736598, 0.4373107627514532, 0.2547441692567235, 7,7, 7
0.6921439499767179, 1.0224769846402249, 0.4681229068274634, 0.3159370243047513, 7,7, 7
0.7231424200093128, 0.9971726820824622, 0.4391052257005495, 0.2618621661893783, 7,7, 7
0.719084680369853, 0.9791426228820636, 0.410832940366442, 0.23524512676329148, 10,10, 10
0.7145612984766846, 0.9397322737089514, 0.39789007338107985, 0.2387448616116033, 5,5, 5
0.769773165702122, 0.8554847174740521, 0.37046724578145984, 0.22805724608280858, 2,2, 2
0.7221446151799374, 0.873982369710874, 0.3873349328415781, 0.24196194837944646, 5,5, 5
0.732455265083483, 0.8517151022474537, 0.36301676263931804, 0.22397636884001293, 7,7, 7
0.7730991818000399, 0.8015573332143356, 0.3460670387642534, 0.22328359524150096, 5,5, 5
0.7778886449810417, 0.7880979842317365, 0.35360880544293294, 0.23476167299410247, 5,5, 5
0.774030466307457, 0.782984245472047, 0.3572151530456974, 0.22613757775372534, 6,6, 6
0.7791525310982506, 0.7472704739236257, 0.3310452731226563, 0.2178426930737585, 5,5, 5
0.7989755870418412, 0.696141998205645, 0.3361332504264608, 0.23194837595953224, 8,8, 8
0.80429721279851, 0.6615478441850308, 0.3178695116132692, 0.21799436943701075, 9,9, 9
0.8105501230625957, 0.6465528767453254, 0.314358982283917, 0.21212397157062945, 7,7, 7
0.8115479278919709, 0.6435981812163168, 0.29189961270709935, 0.20957495159325937, 9,9, 9
0.8125457327213463, 0.6394583105699159, 0.29439010300026114, 0.20593586669869668, 5,5, 5
0.8110157653163041, 0.632031288447422, 0.28464705260719886, 0.2036373875376583, 6,6, 6
0.8165369520388479, 0.6124047940236211, 0.27854087004800226, 0.20320084864335058, 7,7, 7
0.821392935541808, 0.606209152992539, 0.2766881755807174, 0.20047527499119805, 6,6, 6
0.8208607729661411, 0.5987356064029317, 0.2870674287200068, 0.20659045659010425, 8,8, 8
0.8324353089868956, 0.5702992458211015, 0.27418691075146684, 0.20942732618344617, 8,8, 8
0.8315705448014369, 0.566940041936522, 0.2823025572893111, 0.20462844561868426, 9,9, 9
0.8315040244794785, 0.555537419435269, 0.2821783878502773, 0.20256431285937093, 5,5, 5
0.8342313576797712, 0.5495561700913882, 0.28850366959586443, 0.20116264256857938, 7,7, 7
0.833832235748021, 0.542749111588105, 0.28597868583598635, 0.20681840601837034, 8,8, 8
0.8365595689483137, 0.5437281710305564, 0.2677775735810357, 0.19409262727725657, 8,8, 8
0.8412825118073571, 0.5354344617019343, 0.2575208604379279, 0.19863069219841692, 7,7, 7
0.8386216989290228, 0.5331153955021836, 0.2626631773735354, 0.20339853463843796, 7,7, 7
0.8440098450076499, 0.5239494578040226, 0.2630715486756023, 0.19652508459799223, 10,10, 10
0.8474023814275261, 0.5101670772433623, 0.24373853240651616, 0.1942984201543783, 5,5, 5
0.8465376172420674, 0.5117014754493926, 0.24766759992698714, 0.19181385430971928, 8,8, 8
0.8482006252910264, 0.5010995072907339, 0.2482911781621797, 0.1875827160740963, 5,5, 5
0.8499301536619437, 0.49749011391141756, 0.25681298121929513, 0.1927077648579187, 8,8, 8
0.8476019423934011, 0.49766249182580136, 0.2518827759941858, 0.18842288885884742, 8,8, 8
0.8475354220714428, 0.5044796892041882, 0.2536547829016979, 0.1899346457957292, 7,7, 7
0.8446085279052751, 0.5139177351083186, 0.24910987609089516, 0.1854687809293486, 4,4, 4
0.8524579258963614, 0.4795878663002829, 0.23905839474556553, 0.18617380451053464, 8,8, 8
0.857047828111488, 0.4672361425662729, 0.22750034067207703, 0.17850980685176798, 6,6, 6
0.8585112751945719, 0.46421283338005237, 0.22308397798448784, 0.1788926784558457, 4,4, 4
0.8579125922969467, 0.4619056888030952, 0.24092245536252208, 0.183070342501904, 7,7, 7
0.8579125922969467, 0.45334922142849887, 0.2225920768043997, 0.18118281957569882, 7,7, 7
0.8590434377702388, 0.4466263078854293, 0.22496728035879637, 0.18095443452479834, 5,5, 5
0.8599747222776558, 0.44841618169590175, 0.2259649383261787, 0.17925297897345707, 8,8, 8
0.8598416816337391, 0.45252338867026864, 0.233848161931922, 0.18118414559924548, 7,7, 7
0.8604403645313643, 0.44676766730910433, 0.22553663822726866, 0.17622362307609715, 6,6, 6
0.8617707709705315, 0.4356450503173191, 0.2265913775147496, 0.18108943546830428, 4,4, 4
0.8601742832435308, 0.4390042212937183, 0.2337015815025503, 0.17857272511444922, 6,6, 6
0.8630346570877403, 0.4310792947475245, 0.21784734660026572, 0.17122930502158318, 6,6, 6
0.8627020554779485, 0.4273059164619476, 0.22763540675405033, 0.17514747271252656, 6,6, 6
0.8640324619171157, 0.4258758196341712, 0.2157663510577121, 0.16930818130045402, 9,9, 9
0.8633672586975321, 0.4289748019363898, 0.21971001292702558, 0.17400438509163657, 6,6, 6
0.8644315838488659, 0.4201350892638939, 0.21713710368545897, 0.17470856818472377, 8,8, 8
0.8631011774096987, 0.42653344508966584, 0.22379971317305447, 0.173469883646222, 5,5, 5
0.8646311448147409, 0.4207317165609789, 0.20920382635703955, 0.16964107249689106, 7,7, 7
0.8647641854586576, 0.4136916049272769, 0.21883748526461885, 0.1690904759233227, 8,8, 8
0.8655624293221579, 0.4169058488807905, 0.2241525742735958, 0.17114093616888318, 7,7, 7
0.8688219250981175, 0.402398891687168, 0.20683547779394254, 0.16994049462394412, 7,7, 7
0.8694206079957427, 0.39762700878148255, 0.20676208982356306, 0.17183615360612717, 7,7, 7
0.8703518925031597, 0.3920453263339944, 0.20694462259468122, 0.16550396052264454, 4,4, 4
0.8695536486396594, 0.39103054131389403, 0.2153189976549313, 0.16796969807139653, 7,7, 7
0.8712831770105768, 0.3877329941228194, 0.20359264814212177, 0.16437039207143622, 4,4, 4
0.8720149005521187, 0.38883369302997084, 0.20452272691467502, 0.1628330109284402, 9,9, 9
0.8708840550788266, 0.3983873864118387, 0.21408826655481775, 0.1654969264608136, 9,9, 9
0.8712831770105768, 0.38875598650734045, 0.19983128463270017, 0.16190641069401118, 6,6, 6
0.8723475021619105, 0.38339582185710686, 0.19463594435921686, 0.15977892640978206, 6,6, 6
0.8732122663473691, 0.3839745192515896, 0.19402031237436776, 0.15869498481239108, 8,8, 8
0.8738774695669527, 0.3754815017593114, 0.1970406050808067, 0.15829411937539117, 3,3, 3
0.8747422337524113, 0.37730922610206336, 0.19429872223337483, 0.15920549964020572, 8,8, 8
0.8752078760061198, 0.369289761381947, 0.18752456830014708, 0.15933389904118025, 5,5, 5
0.8756735182598284, 0.3690283972219439, 0.204090006392662, 0.15951741818878137, 10,10, 10
0.8777356482405375, 0.36811386317795963, 0.18526552638065819, 0.15378371144274008, 7,7, 7
0.8776026075966208, 0.36547329348476726, 0.18992556877483097, 0.15524068604562133, 9,9, 9
0.8764052418013704, 0.3711574831700612, 0.19816818497671554, 0.15720034104044234, 6,6, 6
0.8778686888844542, 0.36798680930664307, 0.1831119079825616, 0.15454712851664965, 8,8, 8
0.8774030466307456, 0.36376541443388805, 0.18532804904247527, 0.1541277906853504, 11,11, 11
0.8778021685624958, 0.3630334971870126, 0.18933581950496048, 0.15018994063921132, 6,6, 6
0.8795982172553715, 0.3629776847987136, 0.1775080963261079, 0.14836306242477534, 8,8, 8
0.8786004124259962, 0.3626415492500031, 0.18745063581686863, 0.1522983911892677, 6,6, 6
0.8775360872746624, 0.3622025372941981, 0.1860550542058752, 0.15362359147798071, 8,8, 8
0.8795316969334132, 0.3624719633703387, 0.17860015726539166, 0.14828662598049244, 6,6, 6
0.8793986562894964, 0.36148836695264613, 0.1828506011873153, 0.1497976603962561, 7,7, 7
0.8776026075966208, 0.3597729837126726, 0.1977523411893049, 0.1541741857394619, 7,7, 7
0.8800638595090801, 0.3569423138176026, 0.18118788739953648, 0.14586347928870447, 5,5, 5
0.8805960220847469, 0.35451961772051765, 0.1750813992545365, 0.14806801265996047, 5,5, 5
0.8807290627286636, 0.3548377821529081, 0.17784251342528276, 0.1477545131627312, 6,6, 6
0.880795583050622, 0.35190663201019523, 0.17899603246546825, 0.14846243359028533, 4,4, 4
0.8819929488458724, 0.34985598786824185, 0.17507337461782624, 0.14511566519606103, 5,5, 5
0.8835229162509146, 0.34192621003031254, 0.17466120145746988, 0.14449645880932613, 4,4, 4
0.8813277456262888, 0.3444175669954383, 0.17490507039783512, 0.150348611876639, 8,8, 8
0.8830572739972061, 0.34323019001610033, 0.17382404023495407, 0.14670496761767862, 7,7, 7
0.8835229162509146, 0.3422823924908178, 0.1735438486505301, 0.14244584986231665, 5,5, 5
0.8820594691678307, 0.34891254636628727, 0.1825508336994302, 0.14712925150973294, 5,5, 5
0.10077828776691279, 2.303736140292966, 0.8944213325400786, 0.36684194226088074, 0,0, 0
0.3129781148140757, 2.0306379154739855, 0.772177120584405, 0.39048562385838215, 0,0, 0
0.38628350961218655, 1.8720758115112095, 0.7077922210785041, 0.4619398686260914, 9,9, 9
0.4313842878999534, 1.663701453752385, 0.6860992596577975, 0.44246195556552365, 5,5, 5
0.4867957160912659, 1.4917157530318852, 0.6383592396970079, 0.42370193895563724, 6,6, 6
0.5504556642054148, 1.4028551377623562, 0.6044856371946832, 0.35678824603150844, 5,5, 5
0.5861105567750948, 1.379147310002036, 0.5667383510259474, 0.2943328464877573, 11,11, 11
0.6188385551786071, 1.2538465627563042, 0.5077440072003193, 0.30761597397569845, 4,4, 4
0.6362668795316969, 1.2147871101726282, 0.47473723919806, 0.24689266228555848, 6,6, 6
0.6522317568017029, 1.0995327873265872, 0.4836914944206812, 0.25055215428907274, 3,3, 3
0.6580855451340385, 1.044629713751953, 0.4849479355316016, 0.26299470949264825, 10,10, 10
0.7131643717155591, 0.9483352607799557, 0.4061629138804218, 0.2411587122226975, 7,7, 7
0.7018559169826382, 0.9269955845360967, 0.4056184411777523, 0.244466994954985, 4,4, 4
0.7272001596487727, 0.8821234888911001, 0.3827087061452498, 0.23019611233514237, 6,6, 6
0.7434311182066121, 0.8386867588430212, 0.39621597936439235, 0.23278665011273386, 4,4, 4
0.7445619636799042, 0.8413824521508187, 0.39758522074879543, 0.22878155850166634, 4,4, 4
0.7692410031264552, 0.8001033403441612, 0.32690536885529076, 0.21309525144041552, 5,5, 5
0.757333865495909, 0.7757228615695204, 0.3740354915643996, 0.2423363488240172, 5,5, 5
0.7647841415552451, 0.7528875084628321, 0.3540080832566077, 0.2206508362279412, 4,4, 4
0.781281181400918, 0.7344421254975418, 0.33239476204525104, 0.21484373887028618, 7,7, 7
0.7951839286902148, 0.7182283898340914, 0.30899214291011223, 0.2127465322009433, 3,3, 3
0.8012372779884255, 0.6943462791126717, 0.3120231815388688, 0.2040723799254685, 4,4, 4
0.7898623029335462, 0.6979836595917286, 0.3318536592214453, 0.21153342040700573, 7,7, 7
0.8025676844275926, 0.6728353803434912, 0.30887189340608023, 0.2061998171743635, 5,5, 5
0.80429721279851, 0.656991830477857, 0.29260593406895213, 0.20153895431289126, 5,5, 5
0.8215924965076831, 0.6262682012841443, 0.2817388545356067, 0.19987354482595182, 8,8, 8
0.8121466107895963, 0.6319305626130581, 0.2909483603049413, 0.19957838265537275, 6,6, 6
0.8177343178340983, 0.6177159243879875, 0.2817934454859055, 0.19820720535865008, 4,4, 4
0.8224572606931417, 0.606666103877831, 0.27609181911211167, 0.1918786512478533, 3,3, 3
0.8336991951041043, 0.5767125978379491, 0.2624796162870242, 0.1914138304507966, 8,8, 8
0.8350296015432714, 0.5730425205228136, 0.2591754234128853, 0.19291931664499326, 7,7, 7
0.8327013902747289, 0.5619730381032418, 0.277460048106391, 0.19908002815148937, 7,7, 7
0.8311049025477283, 0.5598416855274915, 0.2760644224336745, 0.19239439555720042, 7,7, 7
0.8374908534557307, 0.5459209170392789, 0.26535807494276836, 0.19166136631314437, 8,8, 8
0.8395529834364398, 0.5442765383790691, 0.2577442619791139, 0.18790624464179534, 6,6, 6
0.8398190647242733, 0.5422281676831754, 0.26202397328261184, 0.19244251827717637, 5,5, 5
0.8391538615046897, 0.5460743624183413, 0.2675438736779542, 0.18719280595505292, 10,10, 10
0.8405507882658152, 0.536575453612531, 0.2526731478098177, 0.19096384059832425, 7,7, 7
0.8452737311248586, 0.5231572731595276, 0.2453709634017022, 0.1817186131698223, 7,7, 7
0.8447415685491918, 0.5187952529008818, 0.25389063610051094, 0.1879289296667213, 6,6, 6
0.8487993081886517, 0.5150259255532798, 0.2503567105178369, 0.18335405007726088, 8,8, 8
0.8503292755936939, 0.495380674878846, 0.23819291551945143, 0.17635056771371402, 3,3, 3
0.8548526574868622, 0.4879936390941695, 0.2305774158635835, 0.18199121477701843, 6,6, 6
0.8571143484334465, 0.4810822540649673, 0.21770833516040572, 0.1710805203477564, 5,5, 5
0.8587773564824054, 0.47292841845234046, 0.22402986251876314, 0.18279960588245928, 6,6, 6
0.8559835029601544, 0.47957681796396273, 0.239892297932433, 0.18271182532856833, 7,7, 7
0.8573804297212798, 0.47374358111498066, 0.23069425877079475, 0.17337182007880103, 4,4, 4
0.8620368522583649, 0.45652483918946907, 0.21209131375491075, 0.1691859650862561, 5,5, 5
0.8597086409898224, 0.46166578157084676, 0.22068461632061975, 0.17301653807821618, 9,9, 9
0.8623029335461984, 0.450576899943987, 0.21306919285095244, 0.16996453971714273, 5,5, 5
0.863899421273199, 0.4497456731871211, 0.2120195438949394, 0.16922571457291544, 5,5, 5
0.8638329009512407, 0.44011793646280517, 0.22059409567461366, 0.1715534844859696, 4,4, 4
0.8626355351559901, 0.4449441293433242, 0.2314925883941876, 0.17225116121837758, 7,7, 7
0.8567817468236546, 0.45587461432069787, 0.23678549187510964, 0.17517007864557121, 7,7, 7
0.8607064458191978, 0.4451649522539679, 0.2324972747287685, 0.1740231104049565, 7,7, 7
0.8646976651366992, 0.430347146831367, 0.21651169070107926, 0.16985464481782922, 6,6, 6
0.8655624293221579, 0.4255054697962036, 0.2203607469938328, 0.17104888354201123, 8,8, 8
0.8661611122197831, 0.42405841479343737, 0.2123313576129124, 0.1654935360413749, 7,7, 7
0.8687554047761591, 0.41899715746376515, 0.20541132998107103, 0.16444004157726158, 6,6, 6
0.8680236812346172, 0.4171050056546858, 0.20440639896106053, 0.16441208110465533, 5,5, 5
0.8686223641322424, 0.41209945688030464, 0.21257061160495386, 0.16723247992472232, 5,5, 5
0.8676910796248254, 0.4094263110720888, 0.20722940071312831, 0.16354616225342766, 8,8, 8
0.8685558438102841, 0.40899255416242913, 0.21089020405337905, 0.16447873364336082, 7,7, 7
0.8666267544734917, 0.4161457989570084, 0.21971671255208153, 0.16689296626335487, 9,9, 9
0.8688884454200758, 0.41371355603695176, 0.21861726272361, 0.16354131513105802, 5,5, 5
0.870218851859243, 0.41197468494640516, 0.19470657708737066, 0.15545646400375007, 6,6, 6
0.8678906405907004, 0.40404306273406365, 0.2141874942386833, 0.16594051955114927, 4,4, 4
0.8680902015565756, 0.4014935644099134, 0.20896159299512895, 0.16471442775968917, 8,8, 8
0.8707510144349099, 0.40011435433068826, 0.20583330069635816, 0.16361046807879728, 6,6, 6
0.8707510144349099, 0.40024049704323666, 0.2084315906401736, 0.1604170549349284, 6,6, 6
0.8718153395862436, 0.3953061933889964, 0.19907859473174092, 0.16141572763431097, 8,8, 8
0.8715492582984101, 0.3952595153779293, 0.20229526478708892, 0.15983788592724635, 7,7, 7
0.8722809818399521, 0.3887740538154245, 0.19697848454896053, 0.15886227262347738, 5,5, 5
0.8734118273132442, 0.38846554145570483, 0.1933176945936087, 0.15435056873890196, 3,3, 3
0.8751413556841615, 0.3825311718599159, 0.18989337257367986, 0.15850449029837838, 6,6, 6
0.8748087540743698, 0.38382595168086914, 0.1892670972503133, 0.15580153874998326, 7,7, 7
0.8760061198696202, 0.3784378516482973, 0.18223424807545643, 0.1519236951676213, 4,4, 4
0.8752078760061198, 0.373487224373285, 0.19752096455546028, 0.16079929144947613, 8,8, 8
0.877270005986829, 0.3708775091449756, 0.18543359732891038, 0.1539052493368957, 2,2, 2
0.8762056808354952, 0.3738531243465904, 0.18778869650423793, 0.1500290803137067, 4,4, 4
0.8760061198696202, 0.3698124409265119, 0.18031895805632736, 0.15118080499989633, 7,7, 7
0.8750748353622032, 0.37302591200909885, 0.19363136201927553, 0.15299385697921575, 8,8, 8
0.8781347701722876, 0.3690836071708173, 0.18208331242848136, 0.15194469396666604, 6,6, 6
0.8777356482405375, 0.37055844050276293, 0.1867492816449312, 0.15383229123223932, 9,9, 9
0.8786004124259962, 0.36563398658918644, 0.18427412536415197, 0.14633627523507628, 7,7, 7
0.8775360872746624, 0.3644858413513624, 0.1883791439935987, 0.1548589130286341, 10,10, 10
0.8807290627286636, 0.35946442063684014, 0.17475496773868998, 0.1455150893270309, 8,8, 8
0.8809286236945387, 0.35764349987647215, 0.17378540997274394, 0.1424266203808017, 3,3, 3
0.8796647375773299, 0.35888460596594735, 0.18088926315930678, 0.1452056170627858, 8,8, 8
0.8809286236945387, 0.3554409530741997, 0.17597112542458196, 0.1425738623707361, 6,6, 6
0.8809286236945387, 0.3549135768395533, 0.17396027655513147, 0.1429945806588822, 6,6, 6
0.8810616643384555, 0.35629451836106324, 0.18423898857554302, 0.1468696804289295, 5,5, 5
0.8813277456262888, 0.3562314338859348, 0.1915960389206576, 0.14956490237430406, 5,5, 5
0.8810616643384555, 0.35255590403985815, 0.19042682640342457, 0.15347941849160554, 4,4, 4
0.881926428523914, 0.35176495724847207, 0.1746011328719297, 0.1428150391387937, 6,6, 6
0.8813277456262888, 0.3494689430566449, 0.17570203613686175, 0.1419076647558701, 6,6, 6
0.8816603472360807, 0.3468033110730526, 0.17762542526326913, 0.1468237929012485, 4,4, 4
0.8823920707776226, 0.34751165552361746, 0.16956480683764488, 0.14094082626199012, 7,7, 7
0.8823255504556642, 0.3502919987980027, 0.17385092595371007, 0.14084667348269664, 4,4, 4
0.8819929488458724, 0.34680445903598844, 0.1812664079364802, 0.14785680710999066, 10,10, 10
0.8810616643384555, 0.35215447884366285, 0.18014525495083628, 0.14539845508890514, 6,6, 6
