acuracia,loss,frr,fpr, removed, n_clf, tp_removed
0.09825051553249518, 2.3036959122288754, 0.8944041643372586, 0.40467750686587217, 0,0, 0
0.2831104902547728, 2.062569164150546, 0.7853473965431026, 0.5112503743155423, 0,0, 0
0.4194771502694073, 1.7906158693590255, 0.6903876749570398, 0.338828268066257, 6,6, 6
0.48519922836426527, 1.573487251066105, 0.6468700419314376, 0.4223231019655451, 6,6, 6
0.5884387680436374, 1.4298582464205467, 0.60071545044192, 0.3318927647746861, 8,8, 8
0.5853123129115945, 1.2871695229093387, 0.5705281555992103, 0.35719602145389556, 7,7, 7
0.6428523914055744, 1.1887538076396928, 0.5103779752613066, 0.28887209151138094, 9,9, 9
0.6291492050821526, 1.1673702925226446, 0.5439734203429347, 0.3011734111436548, 10,10, 10
0.6898157387081754, 1.0351845076797184, 0.4620897281189846, 0.2558823791922131, 7,7, 7
0.6827645845805894, 0.9941134811152581, 0.4572739047265969, 0.2712490607593539, 7,7, 7
0.6987959821725537, 0.9902255731806217, 0.43875681893368745, 0.2441170356860573, 6,6, 6
0.6967338521918446, 0.9469825619563461, 0.4445109894138279, 0.23861762543655396, 7,7, 7
0.7222776558238542, 0.8792031810204154, 0.4352788486278472, 0.24759186668128488, 7,7, 7
0.7555378168030333, 0.8272414756305319, 0.3948784547115277, 0.22782865711648084, 4,4, 4
0.7508148739439899, 0.8179901688730878, 0.4223525756809797, 0.2525566537121589, 4,4, 4
0.7511474755537817, 0.8103738678534818, 0.3961470383173705, 0.2408146155743546, 4,4, 4
0.7464245326947383, 0.8159527795348662, 0.4080625717158178, 0.2300704571331998, 6,6, 6
0.7778886449810417, 0.7366978039826653, 0.36281567206831516, 0.22771055775355126, 8,8, 8
0.7808820594691678, 0.7338980725874955, 0.33706281989160986, 0.20997770942549795, 9,9, 9
0.7785538482006253, 0.7487673552240877, 0.34380482570179294, 0.20749375670249973, 7,7, 7
0.7966473757732987, 0.7010454178082123, 0.3401441847609829, 0.22574664215887566, 4,4, 4
0.809884919843012, 0.6388275400328315, 0.319382341260227, 0.20972362359639551, 10,10, 10
0.8032994079691346, 0.651133364550256, 0.31720430779993697, 0.19950869007477412, 9,9, 9
0.8054945785937604, 0.6348151808734189, 0.31721650072623453, 0.20594360385845298, 3,3, 3
0.8135435375507217, 0.6142176132564959, 0.3148947982601789, 0.20945360202586522, 7,7, 7
0.8118140091798044, 0.6141961492296891, 0.32643945579519484, 0.2014907056564653, 8,8, 8
0.8202620900685159, 0.588716694204006, 0.3035545973126669, 0.2055815137799874, 7,7, 7
0.8201290494245992, 0.584720323413646, 0.3010149347611336, 0.202909831105237, 4,4, 4
0.8180669194438901, 0.5839849851510547, 0.3246806522004399, 0.21333729384726058, 7,7, 7
0.8150069846338056, 0.585190256706112, 0.3117039081831592, 0.20701914190906417, 9,9, 9
0.8219250981174749, 0.5570515905920584, 0.28900567281744904, 0.20053055508737797, 10,10, 10
0.8278454067717688, 0.5461027649766695, 0.2767455543341601, 0.1911655535327638, 4,4, 4
0.8329674715625623, 0.5290545810024032, 0.275136848627673, 0.1922553320369887, 4,4, 4
0.8375573737776891, 0.5241050103790715, 0.27997266054024605, 0.19867833390168102, 5,5, 5
0.8351626421871882, 0.523371573288575, 0.25754545716397986, 0.18705257054838875, 5,5, 5
0.8343643983236879, 0.5195680810443185, 0.27413880226691084, 0.1901511547791702, 8,8, 8
0.8308388212598949, 0.5245357818509087, 0.28649879043640447, 0.19150670760501737, 7,7, 7
0.833632674782146, 0.5183016442592926, 0.2762294615023162, 0.19040942954222204, 7,7, 7
0.8308388212598949, 0.518101903244366, 0.28916436710288357, 0.19453060000899142, 7,7, 7
0.8400186256901483, 0.4920107562405905, 0.25783954162626, 0.18541367573644482, 7,7, 7
0.8414820727732322, 0.4869048103743345, 0.2580511036769899, 0.18462494567161397, 9,9, 9
0.8448080888711501, 0.4730734999865787, 0.2559070623549839, 0.1821674205372892, 3,3, 3
0.8445420075833167, 0.4722527245327342, 0.24676535497985622, 0.17929073261907236, 8,8, 8
0.845140690480942, 0.469632731348806, 0.24720033704570255, 0.17997571260388007, 6,6, 6
0.8466041375640259, 0.4685960687034318, 0.24683133447940922, 0.17726989227289136, 6,6, 6
0.8497305926960687, 0.45926754781076634, 0.24087849769645042, 0.17603928814632788, 11,11, 11
0.8484667065788598, 0.4608970332837883, 0.2385548830890535, 0.17796161188758236, 5,5, 5
0.8471363001396927, 0.4566434306378665, 0.2404081113615694, 0.1766044127378021, 7,7, 7
0.8471363001396927, 0.45718741318130635, 0.24401657196360982, 0.17946082801302563, 7,7, 7
0.8524579258963614, 0.4443374344535371, 0.24220279205068046, 0.17558673168869812, 7,7, 7
0.8519922836426528, 0.44714514088674107, 0.2471313253743476, 0.1746238194445289, 5,5, 5
0.8562495842479878, 0.4380495352738955, 0.23652807494592745, 0.1717121787006674, 3,3, 3
0.8581786735847802, 0.4338581364043628, 0.22563156525623793, 0.17035872861257784, 5,5, 5
0.8539213729794453, 0.44129496748977753, 0.23502826391522774, 0.17191870179852994, 11,11, 11
0.8521253242865695, 0.4410417107886444, 0.2447455117912067, 0.17116834086454, 4,4, 4
0.8541209339453203, 0.43931907361296735, 0.2492533891265408, 0.17704266373239264, 10,10, 10
0.8603073238874476, 0.4283922087685557, 0.22861949939624945, 0.16980437707833895, 6,6, 6
0.8629016164438236, 0.41888783958029907, 0.23180110099121573, 0.17450761087604102, 7,7, 7
0.8635668196634072, 0.4140060917039728, 0.22054299099906594, 0.16748483827396793, 7,7, 7
0.8619038116144482, 0.41346314484752555, 0.22094361729796191, 0.16883853787843234, 8,8, 8
0.86223641322424, 0.4133564713576205, 0.22109710104303454, 0.16777768725422557, 5,5, 5
0.8599082019556975, 0.41690623976144714, 0.22733426035849003, 0.16599323124285806, 11,11, 11
0.8658285106099913, 0.40312181913332673, 0.20680275234523354, 0.16392225108385136, 5,5, 5
0.8651633073904078, 0.4072712536037488, 0.21992845158495167, 0.16273620609503253, 5,5, 5
0.8650967870684494, 0.40531151531471765, 0.22357249536791418, 0.165160895895308, 4,4, 4
0.8668263154393667, 0.3984301225637454, 0.2115466018061362, 0.16203109905318006, 3,3, 3
0.8670923967272002, 0.3950128754981127, 0.20508465702888487, 0.16312737268818012, 10,10, 10
0.8684228031663673, 0.3959515724849176, 0.21640413459603677, 0.1631104821596648, 7,7, 7
0.8694206079957427, 0.3897775776630091, 0.2126253601122169, 0.16219609264571527, 6,6, 6
0.8726801037717022, 0.38624782694460985, 0.1986458604764767, 0.15415993064638203, 7,7, 7
0.8710836160447016, 0.38943636632278317, 0.2068976379215574, 0.1582886637303445, 5,5, 5
0.8720149005521187, 0.384168659664358, 0.2006100071448712, 0.15648620028943522, 7,7, 7
0.8690214860639925, 0.38820995549254395, 0.2143421184371464, 0.15707892630128284, 9,9, 9
0.8688884454200758, 0.3865140979437217, 0.21697609843194926, 0.15844375185961093, 7,7, 7
0.8706844941129515, 0.3785371060636307, 0.2024451521231606, 0.1565318490628843, 7,7, 7
0.8701523315372847, 0.38368562602078043, 0.20512983785142896, 0.15684558248215785, 6,6, 6
0.87115013636666, 0.38061189998708145, 0.2034354503498492, 0.15432538833757234, 6,6, 6
0.8733453069912859, 0.3748152899334275, 0.2039348569402052, 0.15395422906835696, 7,7, 7
0.8731457460254107, 0.37472733211996906, 0.20257181163507887, 0.15135701485279876, 7,7, 7
0.872813144415619, 0.37545605967128054, 0.20220205435254396, 0.1551491959112332, 7,7, 7
0.8744096321426196, 0.37080788954611443, 0.19376381487056918, 0.15171535285279675, 6,6, 6
0.8752743963280782, 0.36917404297433615, 0.19477382786944122, 0.15251289455318418, 9,9, 9
0.8756735182598284, 0.36803533480953105, 0.19096502693073522, 0.1516107947319424, 5,5, 5
0.8755404776159117, 0.3681536324557869, 0.19782533336307065, 0.15547268980106652, 5,5, 5
0.8762722011574536, 0.3651759291610599, 0.19234746230327812, 0.15183580903629557, 6,6, 6
0.8760726401915785, 0.36617259340037683, 0.19132214375411022, 0.14939064086226575, 4,4, 4
0.877270005986829, 0.3604249352874466, 0.1874529343356399, 0.14778478140751938, 7,7, 7
0.8764052418013704, 0.35902122722293295, 0.19479626523072, 0.1525499003050884, 6,6, 6
0.8793986562894964, 0.35303279381448277, 0.1869835251647766, 0.1508766844082762, 7,7, 7
0.8797977782212466, 0.3530321022916867, 0.18090847373241462, 0.15078026743429956, 9,9, 9
0.8778686888844542, 0.35552232155183827, 0.19393640181335636, 0.15348232863381936, 4,4, 4
0.878400851460121, 0.3620672902237484, 0.19837838216516673, 0.15334048662732142, 9,9, 9
0.8796647375773299, 0.3506860518654747, 0.1881641107436062, 0.15349772628506353, 3,3, 3
0.8825251114215393, 0.34679095073833166, 0.1820344714999515, 0.1496559054569601, 8,8, 8
0.8815273065921639, 0.34871683114993623, 0.18173140057865925, 0.14636158869516164, 6,6, 6
0.8801303798310384, 0.3507758150758687, 0.18282684191770893, 0.1480158811709637, 4,4, 4
0.8785338921040378, 0.3542676290251714, 0.18399566617444635, 0.14684253311263423, 7,7, 7
0.8801303798310384, 0.3531083291957712, 0.1822977539997215, 0.14333262497200047, 9,9, 9
0.8810616643384555, 0.3493951208059499, 0.1866098602671424, 0.15024678102483296, 7,7, 7
0.8793986562894964, 0.3559633348036531, 0.19693528000915833, 0.15468436095090846, 9,9, 9
0.8833233552850396, 0.34335083134024647, 0.17513750544489226, 0.14692335538608758, 7,7, 7
0.10077828776691279, 2.303736140292966, 0.8944213325400786, 0.36684194226088074, 0,0, 0
0.2797844741568549, 2.1116268553911772, 0.7472955530966853, 0.41920173011912737, 0,0, 0
0.3362602274995011, 1.9473554972376579, 0.7253432017736776, 0.3588542739076073, 7,7, 7
0.4548659615512539, 1.6659764994675157, 0.6851727925516939, 0.4172519027750792, 8,8, 8
0.5705448014368389, 1.3776776527276644, 0.5670675260012882, 0.32058342038951354, 7,7, 7
0.5673518259828377, 1.3662700424907408, 0.5894851646172536, 0.32627752680536276, 10,10, 10
0.5696800372513803, 1.2802373555916724, 0.5976028232411429, 0.38360727888282226, 8,8, 8
0.5899687354486796, 1.2844183334497095, 0.556954155804973, 0.35882252064066406, 9,9, 9
0.6488392203818266, 1.1229373587319094, 0.4968984529457481, 0.2686518878884834, 6,6, 6
0.6612120002660813, 1.05543715589051, 0.47687652492405214, 0.2626970130211508, 4,4, 4
0.681766779751214, 1.0159546808588322, 0.48035377408835395, 0.28971703122465864, 7,7, 7
0.6884853322690082, 1.006194384990091, 0.46030700418344495, 0.2659945034298268, 10,10, 10
0.7353156389276924, 0.9066131840254973, 0.37879639461283965, 0.24166061327387667, 4,4, 4
0.7281979644781481, 0.8968626740530287, 0.3891847319877795, 0.2351328803091069, 13,13, 13
0.7713031331071643, 0.8257799109209906, 0.36707612026517344, 0.2355697684979087, 11,11, 11
0.7765582385418746, 0.7961811277702472, 0.38746646446312005, 0.24489853115963733, 6,6, 6
0.7530100445686158, 0.7960653681715318, 0.38415370443692337, 0.2377908847196234, 9,9, 9
0.7468236546264884, 0.7826562939125465, 0.3998879569272444, 0.24374645877062492, 8,8, 8
0.7484866626754474, 0.7909307942380661, 0.3863736962944191, 0.23257461962906528, 6,6, 6
0.757333865495909, 0.7473111176401315, 0.3795135554367331, 0.2340851646312585, 4,4, 4
0.7754273930685824, 0.7280846148782634, 0.3424154740402624, 0.21272165716242727, 7,7, 7
0.7827446284840018, 0.7138528713245786, 0.3387161395018101, 0.21771270620948033, 6,6, 6
0.7943856848267146, 0.6840961104509599, 0.31801897642513066, 0.21968220655626652, 8,8, 8
0.7956495709439234, 0.692207119962785, 0.3098285677176768, 0.21790711405059185, 10,10, 10
0.8054280582718021, 0.6685932663983747, 0.3110584180034064, 0.20514870266662402, 3,3, 3
0.8049624160180935, 0.6589366578722683, 0.33402034363403266, 0.22714923756754313, 5,5, 5
0.8090866759795118, 0.6507374528361245, 0.2925464543110502, 0.2034670705984315, 5,5, 5
0.8205281713563494, 0.6106744857804827, 0.28681722452899877, 0.20044535493013005, 9,9, 9
0.8183330007317235, 0.6073485438599832, 0.28237016638139495, 0.19768550394506867, 9,9, 9
0.8154061065655558, 0.6029452851901478, 0.2804865368184132, 0.20157079624507293, 5,5, 5
0.8191312445952238, 0.5876539796948103, 0.2979066759348466, 0.20828324992102487, 7,7, 7
0.8151400252777223, 0.5972556274931338, 0.28194636632127973, 0.19816635284722167, 7,7, 7
0.8264484800106433, 0.5740825084009848, 0.26405439832653294, 0.1973556719414323, 8,8, 8
0.8346969999334797, 0.5488302345661125, 0.25138934153122616, 0.1908620073306611, 11,11, 11
0.8279119270937272, 0.5484618619146, 0.2737911844215361, 0.19753452683993042, 6,6, 6
0.8326348699527706, 0.5377712456560181, 0.2705364023550441, 0.19604878409679385, 6,6, 6
0.8360274063726468, 0.5336628788289495, 0.26086292329272726, 0.19419262351403446, 6,6, 6
0.8390873411827313, 0.5196651853185503, 0.2696005114222993, 0.19540082128513586, 4,4, 4
0.8400186256901483, 0.5103871457904631, 0.2578655000415976, 0.1892971345498239, 4,4, 4
0.8435442027539414, 0.5119403466096875, 0.24437757916051742, 0.1879103792939029, 6,6, 6
0.8448746091931085, 0.5093498984477729, 0.24720196944466089, 0.18842565009045592, 9,9, 9
0.8456063327346505, 0.4966708010105442, 0.24603356781534014, 0.18510966456415479, 5,5, 5
0.8448746091931085, 0.4995733693603571, 0.2483227471129222, 0.1880921101526565, 5,5, 5
0.84886582851061, 0.48998517087491106, 0.24106037474203112, 0.18644265868458057, 6,6, 6
0.8522583649304862, 0.4837416555561519, 0.23057653384008586, 0.17727226094100362, 9,9, 9
0.8524579258963614, 0.4781477757453577, 0.2316841734761104, 0.17693043592304222, 8,8, 8
0.854985698130779, 0.4676334955239868, 0.22354025506582367, 0.17765781219123922, 7,7, 7
0.8569813077895297, 0.4630516479000243, 0.2191519848154524, 0.17732798210329873, 5,5, 5
0.8529900884720282, 0.4631383680819267, 0.2291553209540459, 0.1775154297257231, 3,3, 3
0.8572473890773631, 0.44676485399742805, 0.22170136918623787, 0.17454753642232657, 4,4, 4
0.8589769174482804, 0.44599760586830217, 0.22361842101185359, 0.1761850901333624, 5,5, 5
0.8603073238874476, 0.44526200095495505, 0.22445420749393016, 0.1727331095965839, 5,5, 5
0.8603073238874476, 0.4406802598271153, 0.22566338039486156, 0.17748319476280938, 10,10, 10
0.8617707709705315, 0.43094967087203917, 0.22243251327339905, 0.1753859212559953, 7,7, 7
0.8594425597019889, 0.43600045401698995, 0.2215656606980149, 0.1769276438089898, 7,7, 7
0.859642120667864, 0.4336641223352846, 0.22896053870009456, 0.17727498503578865, 7,7, 7
0.8629016164438236, 0.4294588470469665, 0.21531716042469515, 0.17083054704178227, 5,5, 5
0.8644981041708242, 0.4260913812390251, 0.2122495487521523, 0.16622044980415926, 6,6, 6
0.8649637464245327, 0.41299465968511173, 0.21562187572573002, 0.1699612654364974, 8,8, 8
0.866493713829575, 0.4107880250541065, 0.20734220815955118, 0.16972687007618772, 7,7, 7
0.8674249983369919, 0.4100492742002924, 0.2059719852036476, 0.16629256895950678, 9,9, 9
0.8675580389809087, 0.4052280963483077, 0.20603188359813882, 0.16447820024868542, 5,5, 5
0.8658950309319497, 0.4106701910644612, 0.2134577322880972, 0.16878660927818853, 8,8, 8
0.8656954699660746, 0.40820297064810235, 0.2147360142295839, 0.17099068547145893, 3,3, 3
0.8654959090001996, 0.41231428347109594, 0.20851904520111275, 0.1664407668720501, 8,8, 8
0.8662941528636998, 0.4064619254867411, 0.2127852711140442, 0.16813732424613825, 9,9, 9
0.8671589170491585, 0.4006122371192656, 0.21323551502407706, 0.1684816449936051, 7,7, 7
0.8674915186589504, 0.4024873179966986, 0.21574753379661998, 0.16867488793640453, 6,6, 6
0.8701523315372847, 0.39692734326408413, 0.19832498858213798, 0.1618705232859694, 9,9, 9
0.8723475021619105, 0.3987837433214859, 0.19595409271920164, 0.15811001377060013, 8,8, 8
0.8697532096055345, 0.3979426199651902, 0.19919631122312076, 0.16098782876204523, 11,11, 11
0.8712166566886184, 0.39284964625845686, 0.1960855162176533, 0.15988088691098717, 5,5, 5
0.8699527705714095, 0.3945989682531628, 0.1932225922939926, 0.1604650623069108, 4,4, 4
0.8712166566886184, 0.3910829161369737, 0.19874108131239954, 0.1598847311832149, 7,7, 7
0.8736779086010776, 0.38389032271724693, 0.19651332387083584, 0.15779769403307067, 6,6, 6
0.8716157786203685, 0.3859600384732332, 0.20420155865715192, 0.16262630878017134, 9,9, 9
0.8732787866693275, 0.37973589221497966, 0.2020555732198762, 0.15759436627851026, 12,12, 12
0.8735448679571609, 0.3767876291907493, 0.19076355530369998, 0.156462978816315, 4,4, 4
0.8756735182598284, 0.3759916948706194, 0.18627970065170946, 0.15505845221897288, 9,9, 9
0.8761391605135369, 0.37211934097740523, 0.18962131107167113, 0.15544748487181428, 5,5, 5
0.8773365263087873, 0.37034907648563187, 0.1810253021870039, 0.14882772828287352, 7,7, 7
0.8770704450209539, 0.3710241950116715, 0.18209445358961454, 0.15450607181815446, 7,7, 7
0.8768708840550788, 0.3678385875278236, 0.18475146335489054, 0.15169737750952672, 8,8, 8
0.8787999733918712, 0.36628335093819486, 0.18576419801760255, 0.14901900402445917, 7,7, 7
0.8759395995476618, 0.3676630917177039, 0.19031952413286934, 0.15728769824989833, 5,5, 5
0.8783343311381627, 0.3621764101245409, 0.18006306954430013, 0.14957371920305917, 7,7, 7
0.877270005986829, 0.3625330701154412, 0.18502859019502504, 0.1491346862318609, 9,9, 9
0.8793986562894964, 0.36028247353059356, 0.17653313786545602, 0.14982372022057458, 5,5, 5
0.8791990953236214, 0.36234141961444294, 0.1857303799174622, 0.146417418070597, 7,7, 7
0.8748087540743698, 0.36993284715340335, 0.19473627716166061, 0.15529809719639648, 8,8, 8
0.8791990953236214, 0.3590024059323269, 0.18945972927453814, 0.15283040304292045, 5,5, 5
0.8786669327479545, 0.36400939970834867, 0.18908493707899574, 0.1556354544173479, 10,10, 10
0.8806625424067053, 0.3522242384907227, 0.17264306943064267, 0.14571809632727858, 8,8, 8
0.8799308188651633, 0.3534078614459786, 0.17525503892385125, 0.14734422342366923, 8,8, 8
0.8807290627286636, 0.3562865593176813, 0.18106959626524893, 0.1469224282374631, 11,11, 11
0.8805295017627885, 0.3506083832580293, 0.17657040599831883, 0.1513949632859399, 8,8, 8
0.882658152065456, 0.3503086316081683, 0.17141292351480597, 0.14412881556200413, 3,3, 3
0.8803964611188718, 0.35732260404001165, 0.18493120453327855, 0.14775240442321572, 6,6, 6
0.8828577130313311, 0.35520370864940465, 0.1801675465186484, 0.14566344935075232, 6,6, 6
0.880995144016497, 0.3609357283760245, 0.18777164306285882, 0.1506410296377325, 5,5, 5
0.881926428523914, 0.35204555678820276, 0.17813246251804357, 0.14873662201237647, 6,6, 6
0.10077828776691279, 2.303736140292966, 0.8944213325400786, 0.36684194226088074, 0,0, 0
0.24259961418213263, 2.185141957409644, 0.7943173421643733, 0.34862122214718794, 0,0, 0
0.3295416749817069, 1.9471214189525772, 0.6856614092481133, 0.4080956195753791, 5,5, 5
0.447083083882126, 1.742933553609513, 0.6422293792776839, 0.32699671871992736, 9,9, 9
0.4307856050023282, 1.7219222212474956, 0.6865572843349578, 0.35657542739486836, 7,7, 7
0.4954433579458525, 1.55837640242564, 0.6178937060436371, 0.3628970478418001, 10,10, 10
0.5446683961950376, 1.4137511335167408, 0.5996467750041029, 0.3866989809613253, 8,8, 8
0.5388811281846604, 1.3786981525178386, 0.5447684380167191, 0.3038486864970709, 9,9, 9
0.6133173684560633, 1.2314304376144405, 0.49183058902244897, 0.2728402644580997, 8,8, 8
0.585046231623761, 1.1721765901403027, 0.49075461567399764, 0.2783544363888283, 6,6, 6
0.6820993813610058, 1.1002539053391196, 0.4643556917205613, 0.26747357921967635, 6,6, 6
0.6524978380895363, 1.0680201867511865, 0.4854529515939167, 0.2861725483145259, 11,11, 11
0.6997272666799708, 0.99757439500035, 0.42865619313336956, 0.26767609654667746, 6,6, 6
0.7009911527971795, 0.9816104377520752, 0.4216730557287509, 0.24708456499128173, 8,8, 8
0.75121399587574, 0.9174558034919239, 0.3982009533206529, 0.23631252202106712, 10,10, 10
0.7665136699261624, 0.845011462942418, 0.3715313473043458, 0.22395196267060657, 8,8, 8
0.792057473558172, 0.7901232823854379, 0.34354296348910507, 0.22367345192796148, 12,12, 12
0.772367458258498, 0.7996793614090419, 0.37259460016885354, 0.22023898051641985, 13,13, 13
0.7792855717421673, 0.7748802624304159, 0.343034954813316, 0.21799945972868592, 6,6, 6
0.7647841415552451, 0.7688600647984759, 0.3668197293272975, 0.2225734850373995, 6,6, 6
0.7804164172154593, 0.7465856094784709, 0.3565029055623025, 0.22759522657745163, 8,8, 8
0.7888644981041708, 0.714348761141849, 0.3350544644775443, 0.21991292869223492, 9,9, 9
0.8003725138029668, 0.6721491791190419, 0.31663559622775667, 0.21329054000416647, 6,6, 6
0.8013037983103838, 0.6505308348223087, 0.30806056763359707, 0.20952824240180745, 2,2, 2
0.8161378301070977, 0.6297839799398401, 0.29818959731865496, 0.20323017144239683, 6,6, 6
0.8136100578726801, 0.629605016492901, 0.2979596405078168, 0.2046977704028974, 5,5, 5
0.8174682365462649, 0.6147901565491527, 0.2893211847545302, 0.2034943237575494, 7,7, 7
0.8191312445952238, 0.604350004604453, 0.28356071864843735, 0.20001484058430496, 7,7, 7
0.8200625291026409, 0.6045448855958822, 0.3117228872721367, 0.21394940386194947, 9,9, 9
0.8224572606931417, 0.5925105693476179, 0.30232785856913613, 0.20221508025977475, 6,6, 6
0.8308388212598949, 0.5741140520347048, 0.26246891256234034, 0.19502412027402521, 9,9, 9
0.8299740570744363, 0.561723518929739, 0.2799040713569857, 0.19460417095858684, 4,4, 4
0.8269141222643518, 0.5619876047802688, 0.2969826478703244, 0.20907171708903405, 10,10, 10
0.8313044635136034, 0.5476162531772827, 0.26693892928084806, 0.1974320807176159, 7,7, 7
0.8349630812213131, 0.5416325710265568, 0.24993322897949233, 0.19275636124445478, 9,9, 9
0.8368921705581055, 0.532836050699622, 0.2560875145901274, 0.19098983134674918, 6,6, 6
0.8360939266946052, 0.5351926021151023, 0.2538079001235763, 0.19140907062033283, 7,7, 7
0.8412159914853988, 0.5152743178377828, 0.252996481070305, 0.19113802790141562, 5,5, 5
0.8431450808221912, 0.5091010346292016, 0.24637141432797352, 0.19290419689925867, 9,9, 9
0.8480675846471097, 0.5043895396774076, 0.23589489102121697, 0.18709542185723319, 3,3, 3
0.8485332269008182, 0.5000522576006536, 0.24245072527999795, 0.18620754289877514, 7,7, 7
0.8520588039646112, 0.48486652769859434, 0.22673660395094142, 0.18291213241572968, 6,6, 6
0.8513270804230693, 0.47469848394624886, 0.23670185662520699, 0.19179002265136877, 10,10, 10
0.8493314707643185, 0.47800044623689597, 0.23887075257528118, 0.18566500706914682, 8,8, 8
0.8547196168429455, 0.4665919366276086, 0.2321617922344478, 0.18040790717171426, 8,8, 8
0.8531896494379033, 0.4686505894319549, 0.2331063069509745, 0.18206664581955095, 8,8, 8
0.8534557307257367, 0.45919730555126576, 0.22956026203032134, 0.18415369406160587, 8,8, 8
0.8528570478281114, 0.4602201860622688, 0.23541426116825812, 0.18091933668048085, 6,6, 6
0.8577130313310717, 0.4487777016517515, 0.216305547546516, 0.17754967345142694, 6,6, 6
0.85332269008182, 0.45809628989677437, 0.23360540585802522, 0.17715391947516348, 10,10, 10
0.8588438768043637, 0.4413083414220364, 0.21396549363470982, 0.17601885004780563, 10,10, 10
0.8586443158384887, 0.43910593805357034, 0.22542427578637256, 0.177353706111245, 4,4, 4
0.8572473890773631, 0.44295528113018123, 0.2309464301361086, 0.17970497583942488, 7,7, 7
0.8620368522583649, 0.43070495846197693, 0.213565015702471, 0.17869577547327528, 9,9, 9
0.8609060067850728, 0.43369222053540335, 0.20962218537577218, 0.17879929878104503, 7,7, 7
0.8598416816337391, 0.43258298473776474, 0.22191828519795173, 0.18116763023908716, 4,4, 4
0.8617707709705315, 0.4187199209288874, 0.21328587354201287, 0.1742999073115774, 5,5, 5
0.8627685757999068, 0.4260583643223968, 0.21109422911526227, 0.17202623457408625, 9,9, 9
0.8624359741901151, 0.4226783761918056, 0.21660583987867724, 0.1728347652447881, 11,11, 11
0.8636333399853655, 0.4178123075101163, 0.20997938981018724, 0.17002160892898976, 9,9, 9
0.8627685757999068, 0.41302804856036723, 0.2090719292173066, 0.17291769606519022, 10,10, 10
0.8644315838488659, 0.41511415324749856, 0.21617032184101387, 0.17258915719073353, 9,9, 9
0.8633007383755738, 0.41645848726711626, 0.20848716222897415, 0.1717613826257612, 8,8, 8
0.8656954699660746, 0.4041586549533542, 0.20612326935003722, 0.169596417709858, 7,7, 7
0.8685558438102841, 0.39574600665030474, 0.19532581324733583, 0.16802782523819274, 4,4, 4
0.8692210470298676, 0.3917252241997942, 0.1977603899238413, 0.16361823255810226, 6,6, 6
0.8720149005521187, 0.3904107532671024, 0.1949363722456501, 0.16293473528367883, 5,5, 5
0.8708175347568682, 0.39774627566022, 0.2000891086781289, 0.16113479072897327, 7,7, 7
0.871881859908202, 0.3955928905369024, 0.19645301273445007, 0.1639568629643743, 8,8, 8
0.8730792257034524, 0.38988573356417927, 0.19533811277936838, 0.16481085443749127, 9,9, 9
0.8704849331470764, 0.3843227705804167, 0.1951315977461537, 0.1686371009707953, 10,10, 10
0.8718153395862436, 0.38606231619061215, 0.1979811954711217, 0.1649168354009085, 5,5, 5
0.8731457460254107, 0.38107398812521664, 0.19201182748908557, 0.16259535340925788, 7,7, 7
0.872081420874077, 0.38856110037066377, 0.1994159655427352, 0.16576495934510088, 8,8, 8
0.8718153395862436, 0.3875594315892515, 0.195464625713314, 0.16027523459282522, 7,7, 7
0.8741435508547861, 0.3754016907403731, 0.18857815675537495, 0.162209008920586, 6,6, 6
0.8750748353622032, 0.3783422414429915, 0.18977283649932988, 0.15662068702224535, 5,5, 5
0.8738774695669527, 0.37616590303248726, 0.20042967598273556, 0.16112365545838064, 5,5, 5
0.8751413556841615, 0.3714307210046448, 0.1858586607216212, 0.1593646555995583, 7,7, 7
0.8759395995476618, 0.3691184649709894, 0.1824108292593815, 0.15850799773068677, 6,6, 6
0.8750748353622032, 0.3697690773977307, 0.19294372289479259, 0.1623729134441711, 3,3, 3
0.8766713230892037, 0.36860549482498084, 0.18745632132086743, 0.15669971306830682, 9,9, 9
0.8758730792257035, 0.3685151882693662, 0.18479968835259886, 0.15379722288063324, 9,9, 9
0.8775360872746624, 0.36712886612351275, 0.18692294308194676, 0.15499981432788745, 10,10, 10
0.8784673717820795, 0.3655719753924643, 0.18408155023637707, 0.15478954952806478, 6,6, 6
0.8775360872746624, 0.36425075733900975, 0.19099077856820298, 0.15728704001655852, 7,7, 7
0.8780682498503293, 0.36375319328270767, 0.1809332576111715, 0.15147724498800808, 11,11, 11
0.878201290494246, 0.36269630559754684, 0.1825218254828482, 0.15024305108450733, 6,6, 6
0.8793321359675381, 0.3573571835584482, 0.18174104495892526, 0.1511313927167145, 8,8, 8
0.8776691279185791, 0.35780485000142154, 0.17933826754964816, 0.15085550567429085, 8,8, 8
0.8789330140357879, 0.3573573565262026, 0.1772045382260413, 0.15314332862257463, 5,5, 5
0.8806625424067053, 0.35434030897904356, 0.18128564358371269, 0.14890529270975253, 10,10, 10
0.8801969001529968, 0.35789395979044575, 0.18175425018953995, 0.14777667750627035, 6,6, 6
0.881726867558039, 0.35261673021694784, 0.17475750105283713, 0.14664154250311978, 6,6, 6
0.8801303798310384, 0.35548348654939227, 0.1811984805625691, 0.14863264202404997, 4,4, 4
0.8808621033725803, 0.3525934554946066, 0.1829325388512756, 0.15116510136217112, 6,6, 6
0.8813277456262888, 0.35038002770431464, 0.17552002475527267, 0.14761875050305046, 5,5, 5
0.8810616643384555, 0.3555363212844248, 0.17588660883490842, 0.1465280398323768, 11,11, 11
0.8805960220847469, 0.35263569043066817, 0.18595795711852386, 0.14923831240018726, 5,5, 5
0.881726867558039, 0.35196048442367256, 0.18439024425531955, 0.15048685410408322, 3,3, 3
0.8824585910995809, 0.35107856713838925, 0.17718868872579133, 0.1470494054870417, 3,3, 3
0.10077828776691279, 2.303736140292966, 0.8944213325400786, 0.36684194226088074, 0,0, 0
0.25723408501297146, 2.097786245434566, 0.8143780664336141, 0.49598340861707263, 0,0, 0
0.29348766048027675, 2.00022330666047, 0.7705211746545078, 0.44089937649544886, 5,5, 5
0.37377768908401515, 1.854163391862667, 0.7243953562290684, 0.44796397050669656, 7,7, 7
0.5565090135036254, 1.5757298704208496, 0.5661929118037026, 0.29677017039225323, 8,8, 8
0.4816736513004723, 1.5816350681435913, 0.612895096111837, 0.3210823162012166, 10,10, 10
0.5756668662276325, 1.3203293206452005, 0.5351193206305307, 0.2978688735683514, 7,7, 7
0.5851127519457194, 1.2556094839914456, 0.5417004574134416, 0.30744257894004223, 8,8, 8
0.6104569946118539, 1.1907931622005974, 0.5355285623797206, 0.3173954299572496, 9,9, 9
0.6483735781281181, 1.1075996859722188, 0.4605112223024883, 0.26935229495589064, 8,8, 8
0.719084680369853, 1.0055486849856234, 0.40007808687830804, 0.2303612458698965, 7,7, 7
0.6909465841814675, 1.0079931881470292, 0.4392522567396287, 0.24637867103051153, 7,7, 7
0.7375108095523182, 0.9105002590516943, 0.39386228438905774, 0.22901626870661343, 9,9, 9
0.727067119004856, 0.8546849855964364, 0.430446171898625, 0.25607348335766533, 5,5, 5
0.7478879797778222, 0.8238120474009534, 0.39080812514843477, 0.2344151341906823, 3,3, 3
0.7577995077496175, 0.8154007861160589, 0.3632308167985736, 0.22509013521103544, 4,4, 4
0.7852058803964611, 0.7549086109652242, 0.3617035327587205, 0.2329967535551326, 8,8, 8
0.7736313443757068, 0.7567461509936656, 0.3681017833693004, 0.22546014807715067, 4,4, 4
0.7872014900552119, 0.7172854660894449, 0.33440594972417, 0.21122541837931336, 11,11, 11
0.7936539612851726, 0.7000503457939505, 0.3346896887522982, 0.21594702001548044, 7,7, 7
0.78646976651367, 0.6974040715988373, 0.3332713703546152, 0.2146753452831408, 6,6, 6
0.7876671323089204, 0.6830973532566674, 0.3338992968900116, 0.206617436407629, 4,4, 4
0.7876671323089204, 0.6756511721209127, 0.3449490170645436, 0.20675798447043992, 8,8, 8
0.8010377170225504, 0.6549256527877545, 0.3331302778390701, 0.20284275367151583, 7,7, 7
0.8045632940863434, 0.6448268247326527, 0.3213065375519173, 0.20695199864968697, 9,9, 9
0.815805228497306, 0.6241279965926733, 0.2998261213732459, 0.1997501419012443, 5,5, 5
0.8117474888578461, 0.610459599908668, 0.3555977685574888, 0.2324046581374565, 12,12, 12
0.8297744961085611, 0.5822290733652143, 0.28607530900031086, 0.19642758346580852, 7,7, 7
0.8352291625091466, 0.5607503384732324, 0.27135143029966935, 0.19403725781326686, 9,9, 9
0.8315705448014369, 0.5472164038355357, 0.2873331709177415, 0.1964915353564419, 6,6, 6
0.8335661544601876, 0.5470162214178728, 0.2812078582167191, 0.19282950319260267, 7,7, 7
0.8298410164305196, 0.5453083860006207, 0.2937237587568165, 0.19523138387641936, 8,8, 8
0.8346304796115214, 0.5317108066769853, 0.2929462928554967, 0.19471990881182216, 7,7, 7
0.8336991951041043, 0.5290431175165663, 0.30365131429891623, 0.20192070481436133, 6,6, 6
0.8288432116011442, 0.5346481849789029, 0.3125035662194085, 0.1981612443309266, 6,6, 6
0.8370917315239805, 0.5244136620444461, 0.2905408684319185, 0.1918933260576027, 5,5, 5
0.842546397924566, 0.5131524491764008, 0.27023041109306367, 0.18613186474491553, 6,6, 6
0.8431450808221912, 0.5106767687105402, 0.2704555665758305, 0.18316467538802977, 6,6, 6
0.8415485930951906, 0.5062350563039066, 0.28286749545570605, 0.19528160972516492, 9,9, 9
0.8474023814275261, 0.4844137583224713, 0.2531885087005068, 0.1783000534013482, 7,7, 7
0.8483336659349431, 0.48514412697623815, 0.26169343205242174, 0.17793257254118802, 7,7, 7
0.8525244462183197, 0.47719765276776066, 0.24575343319203136, 0.17181121757956055, 5,5, 5
0.8543204949111953, 0.4688508755071591, 0.24136517977556016, 0.17551374710753234, 6,6, 6
0.8551187387746957, 0.4581930870215276, 0.23894345893686733, 0.1765885890166801, 7,7, 7
0.851460121066986, 0.4694359769122159, 0.2523527816834167, 0.17722658904749217, 7,7, 7
0.8512605601011108, 0.4640628926455901, 0.25137659764391046, 0.17586032445778765, 8,8, 8
0.8555843810284042, 0.4573001325433995, 0.2539774981465984, 0.17624737841071425, 5,5, 5
0.8553182997405707, 0.44992548355844136, 0.24749504535570155, 0.17440960999057986, 8,8, 8
0.854453535555112, 0.4518429367602214, 0.2529531399643762, 0.17424934460850694, 6,6, 6
0.8575134703651965, 0.44720744245575417, 0.2483684433819151, 0.17072475041818994, 7,7, 7
0.8619038116144482, 0.4367689971318091, 0.23574066355825304, 0.17356969276763123, 10,10, 10
0.8616377303266147, 0.4329457850678462, 0.2468793051643286, 0.1728765861182603, 8,8, 8
0.8625024945120734, 0.4244726986399189, 0.2262421140412501, 0.16999196047737436, 6,6, 6
0.8636998603073239, 0.42369920823612467, 0.23228504503654496, 0.16966691583396754, 8,8, 8
0.8595090800239473, 0.4264256839079874, 0.2504385275708329, 0.1764621687616993, 7,7, 7
0.8651633073904078, 0.4140239321168848, 0.2220276548360793, 0.16492120115459907, 7,7, 7
0.8651633073904078, 0.4158121218344993, 0.2331677346156895, 0.16972522558122372, 4,4, 4
0.8661611122197831, 0.41496780274658757, 0.22353681944661538, 0.16620476916751492, 6,6, 6
0.8667597951174084, 0.4143508950615294, 0.22179160280875315, 0.1629654931418687, 8,8, 8
0.865761990288033, 0.40642698217714546, 0.21859953133808696, 0.16351019385916082, 9,9, 9
0.8654959090001996, 0.4085825504562368, 0.23054147437259487, 0.16498780046432932, 8,8, 8
0.8699527705714095, 0.3934075074727907, 0.2192872132764003, 0.16591240407616842, 9,9, 9
0.8673584780150336, 0.3942948334632173, 0.22243957630435596, 0.16684708222907607, 6,6, 6
0.8688219250981175, 0.39325377967983055, 0.22542460800080322, 0.16603428419697824, 7,7, 7
0.8704849331470764, 0.39462937675801313, 0.22968379732358354, 0.16720769369230648, 8,8, 8
0.8673584780150336, 0.39198122267888075, 0.23519103210817896, 0.16894956817860618, 7,7, 7
0.8642320228829907, 0.402436592548133, 0.24369925262566647, 0.17125224070479067, 8,8, 8
0.8709505754007849, 0.38549064178584025, 0.2178566099747547, 0.16445987429944622, 4,4, 4
0.8708175347568682, 0.3829644112770163, 0.21398419324605678, 0.16016154717612344, 6,6, 6
0.8738109492449944, 0.37963432925926804, 0.1982919213346088, 0.1558793913595708, 8,8, 8
0.8748752743963281, 0.37416643578885095, 0.199747944295967, 0.15822715524169667, 8,8, 8
0.8722144615179938, 0.3779344042395113, 0.2090597253421669, 0.1574485900057011, 6,6, 6
0.8736113882791192, 0.37534219333944363, 0.20713411789928934, 0.15606453141374488, 4,4, 4
0.8746091931084946, 0.37242035208201174, 0.19979444300474625, 0.15397240007450225, 8,8, 8
0.8739439898889111, 0.37576574511423655, 0.20333936769063649, 0.15675499453547978, 5,5, 5
0.8745426727865363, 0.37204931895525156, 0.20089704407877262, 0.15623950702733871, 3,3, 3
0.8746091931084946, 0.37035819425532746, 0.20297506774140228, 0.16108229324912127, 9,9, 9
0.8753409166500365, 0.36882856964026506, 0.2096479975136305, 0.1568367519261673, 10,10, 10
0.875407436971995, 0.3596790440325465, 0.19696854884789666, 0.15671051093373434, 7,7, 7
0.8766713230892037, 0.3624368073060389, 0.19788342688340513, 0.1548366712523991, 6,6, 6
0.8769374043770372, 0.36220337283064824, 0.19434253232550114, 0.15631941580497485, 4,4, 4
0.87560699793787, 0.3693970349760516, 0.21018798525410037, 0.160706419335589, 8,8, 8
0.8760726401915785, 0.365979508266105, 0.2091717062779861, 0.155187471050569, 8,8, 8
0.8790660546797047, 0.35900939309403523, 0.1882069987844198, 0.14855466061891598, 7,7, 7
0.8786669327479545, 0.35368560496248364, 0.1955808900287996, 0.15351413915892395, 3,3, 3
0.881926428523914, 0.350758875642571, 0.17776569071568013, 0.14599013363082217, 4,4, 4
0.8793321359675381, 0.3544644666530465, 0.19714783918290923, 0.1522235022859399, 3,3, 3
0.8795316969334132, 0.3577804329494059, 0.20525947320907018, 0.15427624047049515, 6,6, 6
0.8803964611188718, 0.3501179981980408, 0.19443077286962862, 0.15329949189899106, 9,9, 9
0.8815938269141222, 0.3469128207805639, 0.18220808790659937, 0.14833644719660202, 7,7, 7
0.8792656156455797, 0.35070537345523395, 0.20068874808529383, 0.1538265249353345, 6,6, 6
0.8815273065921639, 0.3452145702006152, 0.18660874951116402, 0.1498306060838853, 6,6, 6
0.8804629814408301, 0.3467935083165151, 0.19664892157002709, 0.14854186603044942, 8,8, 8
0.881726867558039, 0.3484137566711326, 0.19290617729387055, 0.14911272820998903, 4,4, 4
0.8799308188651633, 0.3479183303076493, 0.1946605762565042, 0.14774952072038158, 7,7, 7
0.8825916317434976, 0.3456109623931788, 0.1852604824660085, 0.14287986732200225, 9,9, 9
0.8851194039779152, 0.3428376741823706, 0.17253076768438766, 0.1420222319601105, 9,9, 9
0.8840550788265815, 0.34146348110365066, 0.18219149684039945, 0.14776278500444473, 11,11, 11
0.884321160114415, 0.3365980995360434, 0.18102743265583066, 0.1500105299823176, 7,7, 7
0.8855185259096654, 0.33935033748070487, 0.18624364210151043, 0.1435595653094482, 7,7, 7
0.884321160114415, 0.3348306248705459, 0.17666080092253608, 0.14721368291614878, 8,8, 8
0.10077828776691279, 2.303736140292966, 0.8944213325400786, 0.36684194226088074, 0,0, 0
0.16497039845672853, 2.184343097274638, 0.8369123029767175, 0.532342440780292, 0,0, 0
0.27426328743431116, 2.0290117159868433, 0.7794582424757094, 0.5045092676863784, 7,7, 7
0.37776890840151667, 1.7657956083421091, 0.7277505699690998, 0.47350804862547446, 1,1, 1
0.49577595955564424, 1.577183302095783, 0.5809763550697231, 0.2941989463876326, 7,7, 7
0.5777955165303, 1.2677706337625827, 0.5355366562500053, 0.3474557027599593, 4,4, 4
0.5709439233685891, 1.258470531357386, 0.5991080942027133, 0.39896573629192633, 9,9, 9
0.643517594625158, 1.129927065605203, 0.490910557734891, 0.2756831183708218, 7,7, 7
0.6690613982571676, 1.0614249567705503, 0.4707484542559163, 0.2720683992899823, 6,6, 6
0.6295483270139027, 1.086948172850043, 0.4999988355928645, 0.32014563063629936, 8,8, 8
0.661544601875873, 1.050976284621631, 0.45887702727669216, 0.2720238647787262, 8,8, 8
0.7392403379232355, 0.9582637092427868, 0.38968368984731094, 0.22776154094432144, 9,9, 9
0.7128317701057673, 0.939881761941836, 0.41581559921487726, 0.23427190683929383, 8,8, 8
0.7410363866161113, 0.8953158476919695, 0.35424322452350343, 0.22367787260163496, 7,7, 7
0.7419676711235282, 0.8543783925634308, 0.3965225457038974, 0.25683385821849375, 6,6, 6
0.7486862236413224, 0.8181920856677456, 0.3651054337009644, 0.23565017565070837, 4,4, 4
0.7806159781813344, 0.7685479239828931, 0.34000116706073436, 0.22663067951367602, 10,10, 10
0.7855384820062529, 0.7545361053986139, 0.31903783746449443, 0.21806587021824442, 5,5, 5
0.7881327745626289, 0.7214777313682774, 0.34454554855688196, 0.22807232556947166, 8,8, 8
0.7962482538415486, 0.7088615423061891, 0.3053018894300617, 0.21463635685545654, 6,6, 6
0.7903279451872547, 0.6743047622604844, 0.3414304666400067, 0.22837773720932678, 6,6, 6
0.7996407902614249, 0.6638389941667643, 0.3093979177391558, 0.21542865473115516, 7,7, 7
0.7975121399587574, 0.671071694106738, 0.31659594665733126, 0.21363350896259964, 9,9, 9
0.7976451806026741, 0.6522640472301718, 0.33160185797094377, 0.222644815640183, 4,4, 4
0.8119470498237211, 0.6139830982903837, 0.29332231474536685, 0.20822740086367417, 6,6, 6
0.815073504955764, 0.6186975615667071, 0.30982151963223187, 0.21921083113360165, 8,8, 8
0.8134770172287634, 0.6150832577541548, 0.30106119704603407, 0.21518176063057515, 6,6, 6
0.818798642985432, 0.6059118938355131, 0.28502924726819656, 0.20190392104552285, 6,6, 6
0.8261823987228099, 0.5925267465398685, 0.2776456400690983, 0.20273448552405482, 6,6, 6
0.8270471629082685, 0.574291233158461, 0.27554101510221635, 0.20038477848009484, 5,5, 5
0.8206612120002661, 0.5752406085483763, 0.2919376251365706, 0.20769795408054445, 7,7, 7
0.8267810816204351, 0.5582949988066814, 0.27969047956971904, 0.2038986030366871, 4,4, 4
0.8255837158251846, 0.5672913628095905, 0.2885048158787609, 0.20825117116825648, 7,7, 7
0.8338987560699794, 0.5549333307460477, 0.2653038700491153, 0.1954231049167716, 9,9, 9
0.8317701057673119, 0.5378995834189283, 0.2756613911379834, 0.20289733582610425, 6,6, 6
0.8363600079824386, 0.5280097607194014, 0.25301998480639215, 0.19705348896060604, 5,5, 5
0.8404177476218985, 0.529344980073535, 0.24845587434961303, 0.1939768159958511, 8,8, 8
0.8432116011441495, 0.5159037578164907, 0.2426205703346886, 0.18986758071807475, 10,10, 10
0.842745958890441, 0.5139947748875989, 0.24579533941605458, 0.19016974674934736, 8,8, 8
0.8464710969201091, 0.5030823906765951, 0.23803913461752763, 0.1919314743967373, 3,3, 3
0.8484001862569015, 0.49670794072383995, 0.24334653687576513, 0.18532182912837647, 6,6, 6
0.8511275194571942, 0.4887040701939164, 0.23583501425496833, 0.1876692180351086, 9,9, 9
0.8484667065788598, 0.4902059387281274, 0.2463540565308264, 0.1909184450985988, 6,6, 6
0.8525909665402781, 0.4756875011791802, 0.2346843094125637, 0.18590147000326404, 7,7, 7
0.8543870152331537, 0.47155716697898953, 0.22549230101094106, 0.1796259907601581, 6,6, 6
0.854985698130779, 0.4695931818911005, 0.2287281924954917, 0.180475879326982, 7,7, 7
0.8533892104037784, 0.46482140136485484, 0.2441728796944554, 0.19019399726626104, 5,5, 5
0.8558504623162376, 0.459836304746357, 0.22518358592862467, 0.18040045530442, 8,8, 8
0.8554513403844874, 0.45568421016875404, 0.2500623514667142, 0.18731886484381977, 8,8, 8
0.8555843810284042, 0.4542207066033124, 0.2489695113731006, 0.1851076211316434, 6,6, 6
0.8577130313310717, 0.4523978659439502, 0.2223112782873403, 0.17311910620823937, 7,7, 7
0.859642120667864, 0.4451050340533617, 0.23304857504378085, 0.1763820342392394, 8,8, 8
0.8604403645313643, 0.4361877748317134, 0.23031163432433757, 0.17585318934661293, 9,9, 9
0.8597086409898224, 0.4370006699667612, 0.23314892763674375, 0.17771109225529028, 7,7, 7
0.8594425597019889, 0.4402022733936328, 0.2226761483120843, 0.1755392014944254, 10,10, 10
0.8601742832435308, 0.43529085258346545, 0.22866242541713525, 0.1735495778925885, 10,10, 10
0.8603073238874476, 0.4291576514369276, 0.23414605865510846, 0.18038627227735762, 4,4, 4
0.8635668196634072, 0.42434704695231584, 0.20443160788812909, 0.16843100327571886, 7,7, 7
0.8632342180536153, 0.4242501134661127, 0.220389507467166, 0.1746907131286498, 6,6, 6
0.863899421273199, 0.41823027106001953, 0.21205733517248226, 0.1714245336824788, 6,6, 6
0.8653628683562828, 0.4158793977582947, 0.22547050316333248, 0.17326415352212202, 5,5, 5
0.8652298277123661, 0.41588903089230606, 0.22161314146668332, 0.17508956173577045, 7,7, 7
0.8679571609126588, 0.4161568650859743, 0.20317307416924113, 0.16469768156545114, 6,6, 6
0.8680236812346172, 0.4151808065594972, 0.20801948349695185, 0.16566806063504574, 6,6, 6
0.8678241202687421, 0.4132000407618913, 0.21069276587155122, 0.1691806050532998, 9,9, 9
0.8696866892835762, 0.4075766427399841, 0.2171561458620386, 0.17091536109434155, 5,5, 5
0.8680236812346172, 0.40885973492525934, 0.20572467852995602, 0.1650688475960784, 6,6, 6
0.8689549657420342, 0.39834967003988614, 0.21617026458156116, 0.1706360289781649, 6,6, 6
0.8700858112153262, 0.39592625645739254, 0.2062089130909694, 0.1670700865127086, 6,6, 6
0.8714162176544934, 0.39571675065389245, 0.19346753628181038, 0.16144627949369372, 10,10, 10
0.8696201689616178, 0.3924216895082409, 0.20469277833438274, 0.16358693256677362, 3,3, 3
0.8699527705714095, 0.39361176663925973, 0.2162765669858576, 0.16133758368094914, 8,8, 8
0.8714162176544934, 0.3893385811537415, 0.20557578560203868, 0.16420140187444882, 7,7, 7
0.8720149005521187, 0.390180002171208, 0.19756124829240207, 0.16101246106747147, 5,5, 5
0.8712166566886184, 0.3884942594966439, 0.20425441122879462, 0.16293347703393338, 7,7, 7
0.8732787866693275, 0.3823678735250821, 0.19840500557937446, 0.15964155053308052, 5,5, 5
0.8725470631277855, 0.37779586064463344, 0.19976091646476493, 0.1652458743280781, 4,4, 4
0.8741435508547861, 0.37709776099472453, 0.19467704830778967, 0.1567122268531016, 6,6, 6
0.8734118273132442, 0.37667662025597887, 0.1941886324063444, 0.1577410238351983, 8,8, 8
0.8750083150402448, 0.3770437456716355, 0.19545500121480935, 0.15648329827530819, 6,6, 6
0.8733453069912859, 0.3736138800468329, 0.1915630593362211, 0.16066152880808304, 10,10, 10
0.8744761524645779, 0.3748509697215572, 0.1933020220207784, 0.15589919946741712, 7,7, 7
0.8738774695669527, 0.3700829746787676, 0.19784798310867788, 0.1629291583954475, 8,8, 8
0.8755404776159117, 0.3719159264942656, 0.190485712284552, 0.16102968651709232, 7,7, 7
0.8789995343577462, 0.3646889922658424, 0.18375656558508044, 0.15153890939181724, 9,9, 9
0.8784673717820795, 0.36853066590462363, 0.19307556265917436, 0.15073449643310372, 6,6, 6
0.8775360872746624, 0.37041415844699127, 0.18391454691503703, 0.15162884409138289, 7,7, 7
0.8787999733918712, 0.36588217670258816, 0.17557753341400473, 0.14852563566384616, 9,9, 9
0.8769374043770372, 0.36894802311262576, 0.18595417469073916, 0.15059924620074527, 7,7, 7
0.8793321359675381, 0.36330643106652816, 0.17990571673348282, 0.1497164391925671, 10,10, 10
0.8786004124259962, 0.3600938127256396, 0.1977710827546148, 0.15021597707071183, 7,7, 7
0.8797312578992882, 0.35868613518291176, 0.17939929693085233, 0.14684333657462237, 9,9, 9
0.8786669327479545, 0.358596151790716, 0.17840586370752345, 0.15367956207502315, 5,5, 5
0.8803964611188718, 0.356449286913123, 0.1781243667164945, 0.14844335856771093, 6,6, 6
0.8792656156455797, 0.3541724571691257, 0.17996543173386428, 0.15152979932176047, 8,8, 8
0.8803299407969134, 0.3532079981084307, 0.1873532344673495, 0.15345501624341062, 8,8, 8
0.8794651766114548, 0.3568864365164881, 0.18509322435624212, 0.15180380432045015, 9,9, 9
0.8787999733918712, 0.3548920938794696, 0.1802567421226656, 0.14931490427604227, 6,6, 6
0.8790660546797047, 0.3542035206721187, 0.18160966083190522, 0.14569992699238218, 4,4, 4
0.8793986562894964, 0.3544974418820894, 0.18103990664897254, 0.1507147223133541, 6,6, 6
0.8797977782212466, 0.3499355703349632, 0.1818584723699769, 0.1506499312558652, 9,9, 9
0.10077828776691279, 2.303736140292966, 0.8944213325400786, 0.36684194226088074, 0,0, 0
0.24273265482604936, 2.045317837911349, 0.8402468741786291, 0.5242168101619964, 0,0, 0
0.34271269872946186, 1.8740242576546389, 0.7645500567702911, 0.4746889064685652, 6,6, 6
0.5273731124858644, 1.5762047572582434, 0.615897332464303, 0.31274959782604095, 1,1, 1
0.5655557772899621, 1.4130183238322263, 0.6062449662343046, 0.3178987136752188, 6,6, 6
0.570012638861172, 1.2776545698940718, 0.6106789296733216, 0.4009331465041777, 4,4, 4
0.6304796115213198, 1.2350817435904553, 0.5385592491798976, 0.30104549948044185, 7,7, 7
0.6549590900019956, 1.156544547965223, 0.5584745700982533, 0.371276139754067, 9,9, 9
0.6769773165702122, 1.0816370991910502, 0.5076884185645415, 0.29209866629853276, 10,10, 10
0.6909465841814675, 1.0699607677023486, 0.5033076223311296, 0.312054828652829, 10,10, 10
0.6738508614381694, 1.0045679036174606, 0.4949349035412125, 0.31894389337732804, 9,9, 9
0.6832967471562562, 0.9700545040853372, 0.46268059033672587, 0.2746595154287551, 5,5, 5
0.709239672720016, 0.9157629280450396, 0.4337199134433891, 0.24651380002668702, 8,8, 8
0.7182864365063527, 0.8894471805266867, 0.4187372315857402, 0.24687765022309127, 6,6, 6
0.7491518658950309, 0.847163261731155, 0.36421019678794164, 0.23586728986223812, 9,9, 9
0.7639193773697864, 0.8199672005490172, 0.3931757934635824, 0.23981632810424292, 3,3, 3
0.7780216856249584, 0.780465736610599, 0.3615431727470807, 0.23685451652708336, 6,6, 6
0.7722344176145812, 0.7823999517682272, 0.3651219466119771, 0.23526444217851922, 3,3, 3
0.7809485797911262, 0.7429691749554639, 0.3560511286957017, 0.23163980755437183, 3,3, 3
0.7835428723475022, 0.7328662205511992, 0.350436918706133, 0.2196381010993458, 5,5, 5
0.7969134570611321, 0.6951853406234683, 0.3219012683642676, 0.21165084985630248, 7,7, 7
0.7924565954899222, 0.6909005515423391, 0.33216976353786365, 0.21455117103351756, 6,6, 6
0.7984434244661744, 0.6770505147360144, 0.32082165313263117, 0.21074340835684804, 8,8, 8
0.7969134570611321, 0.6716360322652383, 0.3359786870445742, 0.22356180780074944, 6,6, 6
0.8024346437836759, 0.6482007158745735, 0.3309890899988756, 0.209389340284151, 5,5, 5
0.8062928224572606, 0.6320025284273136, 0.30852011652383693, 0.2090850722823217, 8,8, 8
0.8074901882525112, 0.6281453516530071, 0.2994755199937783, 0.20478505843807585, 6,6, 6
0.8099514401649704, 0.6283545111963662, 0.3230535458899944, 0.2203198787403053, 7,7, 7
0.8105501230625957, 0.6143635671463652, 0.30459541656569744, 0.20632641463247015, 6,6, 6
0.8073571476085944, 0.6147079626838774, 0.304445047521822, 0.20673130045612248, 8,8, 8
0.8207277323222244, 0.5876073833180744, 0.2842791466093266, 0.200285772225552, 8,8, 8
0.8166034723608062, 0.5919812140230295, 0.3039040932660903, 0.21028269996016874, 7,7, 7
0.8242533093860174, 0.5747387488367377, 0.28112625608275327, 0.2023003652177299, 2,2, 2
0.8281780083815605, 0.5601543601232417, 0.2679808311096119, 0.19280539337098423, 6,6, 6
0.834563959289563, 0.545777728538154, 0.26470298405271164, 0.1959809096130614, 8,8, 8
0.8351626421871882, 0.5347978152755399, 0.26557601893581223, 0.19186246214589087, 7,7, 7
0.831969666733187, 0.5399577499212372, 0.2831368141910773, 0.2048500324941301, 7,7, 7
0.8352956828311049, 0.5350958602337201, 0.26829605138276086, 0.1919044603876417, 7,7, 7
0.8406838289097319, 0.5169947654378942, 0.25317626761787493, 0.19163138948571384, 3,3, 3
0.8344309186456462, 0.5183044146165354, 0.27698356577953304, 0.19351299148572593, 7,7, 7
0.8382890973192311, 0.5156543266911295, 0.25952395837025916, 0.18969190996317656, 10,10, 10
0.8394199427925231, 0.506772635489975, 0.2610761090903317, 0.1923703039395258, 9,9, 9
0.8426129182465243, 0.4961619094808873, 0.25347251181270336, 0.18968632198057658, 8,8, 8
0.8457393733785672, 0.4853580900197127, 0.2440888212062109, 0.19076874137767993, 6,6, 6
0.8484001862569015, 0.4822820998668122, 0.24257031825754385, 0.18462785149798885, 5,5, 5
0.8476684627153596, 0.47413926682979546, 0.2417272042195511, 0.1867576596969952, 8,8, 8
0.8468036985299009, 0.47626304563105204, 0.24785187205313616, 0.1869420687604205, 7,7, 7
0.8497305926960687, 0.4711663640798156, 0.24440292209725706, 0.18174052163533783, 10,10, 10
0.8505953568815273, 0.4638676699193249, 0.23515425393089553, 0.18355804232963968, 9,9, 9
0.8494645114082352, 0.46551296316630447, 0.23742965458965273, 0.18281692642856218, 4,4, 4
0.8529900884720282, 0.45060485242380743, 0.22575614966118832, 0.17775346022056293, 4,4, 4
0.8555178607064459, 0.45060493712149097, 0.22313953692333738, 0.1773407776395561, 5,5, 5
0.8573139093993215, 0.44721066443293966, 0.22174444203500016, 0.1727607250029925, 5,5, 5
0.8581121532628218, 0.44315949574051633, 0.223903437016262, 0.18065562627567666, 3,3, 3
0.8571143484334465, 0.43833034912799845, 0.21665130822272893, 0.17343293210827596, 5,5, 5
0.8593760393800306, 0.43350410141929396, 0.21753479033697276, 0.1747536526571256, 7,7, 7
0.8556509013503625, 0.43589382065053434, 0.2222569961552944, 0.17942098428863307, 4,4, 4
0.8595090800239473, 0.426251729088807, 0.21050713674499888, 0.1743385724828297, 7,7, 7
0.8591764784141556, 0.4272205088682963, 0.20846086432358027, 0.17384157183127885, 7,7, 7
0.8615712100046564, 0.4200020105236287, 0.2147722062287844, 0.17453807950683087, 7,7, 7
0.860573405175281, 0.41789839135455126, 0.2156840736905148, 0.1751165217290674, 6,6, 6
0.8593095190580723, 0.4185152685830798, 0.21917132286181762, 0.1727094535767038, 10,10, 10
0.8627020554779485, 0.4079760806409377, 0.21811472825619516, 0.17364278429823338, 6,6, 6
0.8656954699660746, 0.4063583020568304, 0.20672597111774377, 0.16717819035483483, 7,7, 7
0.8650302667464911, 0.40227328563725123, 0.21017760375543226, 0.16897316147864047, 4,4, 4
0.8633007383755738, 0.4042570257578811, 0.22496259987652487, 0.17467220685468376, 6,6, 6
0.8655624293221579, 0.4037373168782708, 0.21132503156484772, 0.1739096894905645, 8,8, 8
0.8642985432049491, 0.40310253289833287, 0.21469925225033393, 0.17154603293880402, 6,6, 6
0.8660945918978248, 0.40422504218470284, 0.20597594514623624, 0.1725737216459879, 7,7, 7
0.8662941528636998, 0.40157065905230643, 0.2062120822158221, 0.17288576788500346, 6,6, 6
0.8686223641322424, 0.3956290101895837, 0.20082586638444, 0.16828964752437992, 5,5, 5
0.8691545267079093, 0.38937545933305134, 0.19954931086300454, 0.16688512797993307, 7,7, 7
0.8682232422004923, 0.3937660039447719, 0.19893660226402868, 0.16611442790079736, 10,10, 10
0.8698197299274929, 0.3858687499501099, 0.2052304874977865, 0.16513644174890416, 6,6, 6
0.8708840550788266, 0.38808475519020325, 0.195851571047439, 0.1627329014168793, 5,5, 5
0.8698197299274929, 0.38276684513751996, 0.18881089218344052, 0.16400430561775967, 6,6, 6
0.8680902015565756, 0.38691176756497925, 0.2008945841330031, 0.16492725383870194, 7,7, 7
0.8684893234883256, 0.3891033117714843, 0.19372914899182608, 0.16295952790767873, 8,8, 8
0.8710170957227433, 0.38047494885694644, 0.19508929151365315, 0.1639422688371157, 9,9, 9
0.8724140224838688, 0.3809617442582278, 0.19197900383670732, 0.16479668275086026, 7,7, 7
0.8731457460254107, 0.3794026450409489, 0.1994265500869633, 0.16494000356105928, 6,6, 6
0.8727466240936607, 0.3750384920182818, 0.1992114283533093, 0.1601883014695164, 6,6, 6
0.8745426727865363, 0.3744332354233328, 0.19798956034162668, 0.16133388285364209, 7,7, 7
0.875407436971995, 0.3729684122279378, 0.1946673919020928, 0.1590337058116772, 5,5, 5
0.8736113882791192, 0.3774659198042212, 0.19793757326587916, 0.16314940678366063, 8,8, 8
0.8732122663473691, 0.37788608645436855, 0.20115885244919707, 0.16097810373110855, 7,7, 7
0.8718153395862436, 0.3699923657375599, 0.20529412555970336, 0.16505100953571739, 9,9, 9
0.872081420874077, 0.37495636874360977, 0.19711662915338152, 0.158847811544938, 5,5, 5
0.8729461850595357, 0.36982488916634776, 0.2022485431388651, 0.15989044870101043, 8,8, 8
0.8740105102108694, 0.37183839953633163, 0.1984576758834823, 0.1595593056338628, 12,12, 12
0.8735448679571609, 0.37562333728682584, 0.20268623279602851, 0.16091652744595508, 13,13, 13
0.8744761524645779, 0.3714922386879703, 0.19380459922298257, 0.15789591344388137, 7,7, 7
0.8762056808354952, 0.36490075353272045, 0.18624096922110278, 0.15622046803201964, 6,6, 6
0.8748752743963281, 0.36758588229180383, 0.18991411485590715, 0.15481643138121487, 6,6, 6
0.8754739572939533, 0.36714945341930627, 0.19383764424222563, 0.15363026350813574, 9,9, 9
0.8761391605135369, 0.3614722682893165, 0.18422191313942726, 0.15373043420986632, 8,8, 8
0.8772034856648706, 0.359432978300682, 0.18894423573727293, 0.15756882245520978, 7,7, 7
0.8755404776159117, 0.3615039403788182, 0.19962286699140663, 0.1595239991450706, 7,7, 7
0.8759395995476618, 0.36496910829378226, 0.1937855902260722, 0.15060659217069752, 7,7, 7
0.8783343311381627, 0.3625685912216929, 0.18554332593177336, 0.15007002106053358, 8,8, 8
0.8757400385817867, 0.3655437838890826, 0.19860385367297514, 0.15447403838859913, 10,10, 10
0.10077828776691279, 2.303736140292966, 0.8944213325400786, 0.36684194226088074, 0,0, 0
0.21645712765249783, 2.185539959366431, 0.7793233249074984, 0.5102241869825752, 0,0, 0
0.28823255504556644, 2.0517631007729773, 0.7475762543073207, 0.49026855833321653, 6,6, 6
0.40278054945785935, 1.8221444288712385, 0.6582213775264121, 0.4109755774894876, 4,4, 4
0.44987693740437706, 1.7006403033691986, 0.646072438230311, 0.3982232251763433, 7,7, 7
0.4445553116477084, 1.702406701497997, 0.6634788076953589, 0.4338525575642337, 8,8, 8
0.49590900019956097, 1.5004338897792375, 0.5942581984600068, 0.36478383691469085, 7,7, 7
0.5322290959888246, 1.4520079432418889, 0.5694150212572004, 0.31731915451683185, 7,7, 7
0.5424732255704118, 1.346946338347933, 0.5565084587805491, 0.29638164299952857, 6,6, 6
0.5410762988092862, 1.293537448665777, 0.5730323440141316, 0.3687493204389333, 4,4, 4
0.6252910264085678, 1.1165303258097554, 0.45571249041094347, 0.2632770320410284, 6,6, 6
0.6116543604071044, 1.128189715008503, 0.4719996799751139, 0.2660034549175235, 7,7, 7
0.6302800505554447, 1.1069159194971614, 0.4603173634392721, 0.2598132694937281, 5,5, 5
0.6314774163506951, 1.0801423497818698, 0.46267345066170507, 0.2647560693749011, 5,5, 5
0.6637397725004989, 1.0685938934168862, 0.44325346618634937, 0.2596613302361905, 8,8, 8
0.6802368123461717, 1.0286675488798251, 0.42998096855383894, 0.25797010852464203, 3,3, 3
0.7159582252378102, 0.9481976741942361, 0.4049640460728531, 0.23261555884294566, 5,5, 5
0.729860972527107, 0.9121613969562157, 0.38157859847540027, 0.22513557304621, 9,9, 9
0.7250049890241469, 0.8939976488248957, 0.40301978138882455, 0.2429282052824472, 7,7, 7
0.762921572540411, 0.8076650147023025, 0.3551584296991967, 0.2289093907667077, 4,4, 4
0.7965808554513404, 0.7557003329917269, 0.31810795118423185, 0.22522617219783836, 8,8, 8
0.7913922703385884, 0.731561757831055, 0.330232831022104, 0.2273007513668693, 5,5, 5
0.7927226767777557, 0.7094735644084511, 0.31777657614477434, 0.21919322223876642, 6,6, 6
0.7970464977050489, 0.6946175098338981, 0.322571104264132, 0.2226360694247722, 7,7, 7
0.8062263021353023, 0.680666445769365, 0.3086195079835521, 0.2150082635110437, 5,5, 5
0.8021685624958425, 0.6738511465274689, 0.3041908241038293, 0.21616447609528172, 5,5, 5
0.8011042373445088, 0.6742761137289193, 0.30235117772568104, 0.2127179246510555, 9,9, 9
0.8065589037450941, 0.6656400204915566, 0.3044775570179781, 0.21115387641199201, 4,4, 4
0.8054945785937604, 0.6573699762798206, 0.3108721045482897, 0.20991970038336696, 5,5, 5
0.8165369520388479, 0.639431156996787, 0.2877156917157486, 0.2086258245198339, 5,5, 5
0.8195968868489324, 0.6069100185652183, 0.2935037858761424, 0.2088573239242427, 5,5, 5
0.8191977649171822, 0.5989192556272213, 0.2938540564021193, 0.20820135178956217, 4,4, 4
0.8119470498237211, 0.6160874341059188, 0.3020448960854659, 0.211698295918423, 6,6, 6
0.8180003991219318, 0.5913233951248323, 0.2838633121625195, 0.2062103960165398, 6,6, 6
0.8215259761857248, 0.5755624022317819, 0.2927500635039903, 0.21076446145995884, 8,8, 8
0.8220581387613916, 0.5667440276051148, 0.27911099885625146, 0.2141019307164234, 7,7, 7
0.8259163174349764, 0.5699293518971125, 0.2839771696152396, 0.20677282142055933, 8,8, 8
0.8298410164305196, 0.5536787573753582, 0.2690951678557689, 0.19790230167040623, 5,5, 5
0.8248519922836427, 0.5635177179659829, 0.28320247450887026, 0.20522230371010985, 6,6, 6
0.8407503492316902, 0.5288337770337959, 0.2513212892342308, 0.1922830418927153, 7,7, 7
0.8375573737776891, 0.5363652957074228, 0.27528478219852714, 0.20494843014214947, 4,4, 4
0.8381560566753143, 0.5241091386285599, 0.25070620933872584, 0.19510923975570105, 7,7, 7
0.8411494711634404, 0.5122396564351068, 0.2495744133114764, 0.1950155717234797, 2,2, 2
0.8406173085877736, 0.5171304753116353, 0.2570613964994861, 0.18994341464849834, 8,8, 8
0.8454732920907337, 0.5042068313851887, 0.24612898271610445, 0.18938631830768793, 7,7, 7
0.8456063327346505, 0.4982386423193728, 0.2553669437611579, 0.19205107573472877, 8,8, 8
0.8459389343444422, 0.48881861686425765, 0.2388482180796541, 0.18758933839522698, 3,3, 3
0.8450076498370253, 0.49972481771830085, 0.2429683772027477, 0.19378004759845185, 6,6, 6
0.8420142353488991, 0.4966889061936887, 0.2519265647633505, 0.19157656072223012, 5,5, 5
0.8457393733785672, 0.48225276328572025, 0.2559662470474528, 0.19381666923099175, 6,6, 6
0.8477349830373179, 0.47973782861106967, 0.25296736725617236, 0.19432501740003805, 5,5, 5
0.8503292755936939, 0.4816618978184487, 0.2452614889464647, 0.18784560021952823, 7,7, 7
0.8454732920907337, 0.4808092301202646, 0.2410247419322884, 0.18539957316400862, 5,5, 5
0.8468036985299009, 0.48343761799472423, 0.24094778788785867, 0.18431322295708494, 7,7, 7
0.8525909665402781, 0.46580155661003075, 0.24415131107109, 0.1907426068175924, 4,4, 4
0.8561830639260294, 0.4547749446498528, 0.22332723847853486, 0.18165642748759964, 7,7, 7
0.8547861371649039, 0.4492200136540963, 0.23486382678496476, 0.18197147549817408, 7,7, 7
0.8582451939067385, 0.441870783041608, 0.21955395850408346, 0.1819708961570732, 7,7, 7
0.8586443158384887, 0.43651690160575496, 0.22165849219489192, 0.1817467719194778, 8,8, 8
0.8599082019556975, 0.43828250193383167, 0.22669257117047695, 0.17502012618598806, 5,5, 5
0.8619703319364066, 0.42947711724399046, 0.22084137453831792, 0.1813333931989149, 5,5, 5
0.8614381693607397, 0.43763506627921056, 0.2184251772267748, 0.17449498694020488, 8,8, 8
0.8630346570877403, 0.4295337242694727, 0.2201597120174681, 0.1754136179427154, 9,9, 9
0.8615712100046564, 0.43328392722810993, 0.21584996849706692, 0.1739676562821485, 6,6, 6
0.8607729661411562, 0.42471601616995447, 0.2258266107081203, 0.18037094140617238, 6,6, 6
0.863899421273199, 0.41786492084962706, 0.21423818180305454, 0.17575545641819157, 5,5, 5
0.8635668196634072, 0.42009751401088874, 0.21482145835121913, 0.17451090001617917, 5,5, 5
0.8611055677509479, 0.42551790053451566, 0.23294024632180071, 0.1743269496188477, 8,8, 8
0.8630346570877403, 0.42012705883470125, 0.23608543592958578, 0.1810904527019386, 10,10, 10
0.8652298277123661, 0.41707477104657187, 0.2064304069546209, 0.16826184278287215, 5,5, 5
0.8646976651366992, 0.41580617999930425, 0.21365395718340238, 0.17141182873906918, 6,6, 6
0.8627685757999068, 0.41669617578376034, 0.211645532505709, 0.17452409919062878, 7,7, 7
0.8642985432049491, 0.4130001997047789, 0.21292527832272434, 0.16964775598681228, 5,5, 5
0.86669327479545, 0.4043517264807165, 0.21183817863108095, 0.16942924581751664, 7,7, 7
0.8649637464245327, 0.40243764930386255, 0.21407171751289575, 0.17001265407118024, 8,8, 8
0.8662276325417415, 0.4032125820045954, 0.20916184319917128, 0.16799741789546022, 5,5, 5
0.8672254373711169, 0.4004190989236837, 0.20913000828002953, 0.16923082365800304, 10,10, 10
0.8643650635269075, 0.41090291164685244, 0.21351889318701253, 0.1649622893590033, 6,6, 6
0.866892835761325, 0.4031389035154711, 0.22623736147537887, 0.172173671178949, 5,5, 5
0.8671589170491585, 0.4062100883504937, 0.22637961701102136, 0.17325313697310096, 5,5, 5
0.8674249983369919, 0.4000658870476193, 0.20930464377985825, 0.16423739332097423, 7,7, 7
0.8707510144349099, 0.3936705354896008, 0.20316524586240803, 0.16500887616691698, 4,4, 4
0.8700192908933679, 0.3894322198496121, 0.20700204443544512, 0.16516512249520857, 6,6, 6
0.87115013636666, 0.3927308737783641, 0.20101642417656682, 0.1628413504101165, 5,5, 5
0.8722809818399521, 0.3805934148247926, 0.1961441688829767, 0.16341972594277704, 6,6, 6
0.8704184128251181, 0.38655058075717047, 0.20076260621511297, 0.16065552085702828, 6,6, 6
0.8722809818399521, 0.38497512479632306, 0.19876744049616582, 0.15928551436537422, 8,8, 8
0.8734783476352026, 0.3786944542547324, 0.19561629016721274, 0.16161707386066368, 4,4, 4
0.8712831770105768, 0.3763342014250934, 0.1922599541600953, 0.16001300874943886, 3,3, 3
0.8737444289230359, 0.3720460801137741, 0.1983349682700161, 0.1592742547131258, 6,6, 6
0.8749417947182865, 0.37000954074160447, 0.1858438962207448, 0.1599208516571546, 7,7, 7
0.8737444289230359, 0.37039127249137954, 0.18847584188995004, 0.15808289376203005, 7,7, 7
0.8749417947182865, 0.37310218091806613, 0.19146089479121575, 0.1538943481473302, 7,7, 7
0.8734783476352026, 0.37773399812327124, 0.2054551418063282, 0.16221836332917458, 10,10, 10
0.8736113882791192, 0.3751040455646552, 0.19321892624358988, 0.15781216361716763, 7,7, 7
0.8740105102108694, 0.3738406652510791, 0.19010389766571575, 0.15223266871154745, 4,4, 4
0.8747422337524113, 0.37360902252729816, 0.19230109854597074, 0.15538844319454076, 7,7, 7
0.8736113882791192, 0.372319754536741, 0.19726125529152186, 0.16164288653196277, 7,7, 7
0.8750083150402448, 0.36609600810798704, 0.19418774137386768, 0.15465081099090416, 5,5, 5
0.8774030466307456, 0.364363249094106, 0.18800790401169765, 0.15330133597063994, 7,7, 7
0.8768708840550788, 0.36280095176940086, 0.18878515440186372, 0.1567429204442056, 4,4, 4
0.10077828776691279, 2.303736140292966, 0.8944213325400786, 0.36684194226088074, 0,0, 0
0.22330872081420874, 2.09435345659013, 0.7993878520503567, 0.5214840501085208, 0,0, 0
0.33725803232887647, 1.9576356810644178, 0.6992107061304083, 0.3908746066074588, 5,5, 5
0.4615845140690481, 1.7921757498303925, 0.6060951260970835, 0.3009645549428149, 7,7, 7
0.45320295350229495, 1.580385680428818, 0.6898354478473979, 0.44640083787030455, 6,6, 6
0.6678640324619172, 1.164685092549413, 0.5049864015093737, 0.29892337923579915, 11,11, 11
0.6801702920242134, 1.1265182408509702, 0.4805429371383936, 0.27315998418952264, 8,8, 8
0.6905474622497173, 1.0647849472666029, 0.5070110699634968, 0.27778327668674413, 7,7, 7
0.7009911527971795, 1.0022942621100286, 0.46686433392444443, 0.2592395056831967, 6,6, 6
0.7281314441561897, 0.904009945040718, 0.4334386885040719, 0.2493905710225394, 3,3, 3
0.703319364065722, 0.9150063468464626, 0.4907441167122129, 0.271017748801795, 7,7, 7
0.7142952171888511, 0.9053999587132423, 0.463138759207056, 0.29746286678652695, 8,8, 8
0.7228763387214794, 0.8289376063542749, 0.45090738119003076, 0.2547172061281058, 9,9, 9
0.7250049890241469, 0.81259765937405, 0.44847532008580765, 0.2606035892798747, 10,10, 10
0.7623894099647442, 0.782632098281793, 0.3768001484737445, 0.22538671772664043, 6,6, 6
0.7498170691146145, 0.7737654549114185, 0.39136672498770964, 0.23115222456811424, 9,9, 9
0.7732322224439566, 0.736851945786638, 0.36982901930610623, 0.22296997237126542, 9,9, 9
0.770704450209539, 0.7342102640195173, 0.3830605604416264, 0.23206076045565743, 4,4, 4
0.7817468236546264, 0.7045331353305645, 0.36948850219159285, 0.22828914705258224, 9,9, 9
0.7801503359276258, 0.684538776828888, 0.3689430960640976, 0.22999489554337635, 6,6, 6
0.7925231158118805, 0.6707959695776828, 0.35795304976818343, 0.22478991421623007, 5,5, 5
0.80429721279851, 0.6355921231286314, 0.3289292029231571, 0.21253886533723576, 6,6, 6
0.8084214727599282, 0.6264364346908787, 0.3023070937430827, 0.20705042919000868, 6,6, 6
0.7987760260759662, 0.6136768838825424, 0.33822726149519045, 0.22459786208238916, 7,7, 7
0.8099514401649704, 0.600873776730719, 0.30177520254519485, 0.20774314606475844, 6,6, 6
0.8138761391605135, 0.5934505522971447, 0.2945405536020765, 0.20380381302385317, 7,7, 7
0.8175347568682232, 0.5963737629913609, 0.2899749410108706, 0.20599148495755246, 10,10, 10
0.827712366127852, 0.5747065871620683, 0.27985812314662756, 0.20349945490389573, 7,7, 7
0.8303731790061863, 0.5672456767274431, 0.28362345317713816, 0.2011002278491752, 7,7, 7
0.8289097319231025, 0.5676776614296257, 0.2696372274650346, 0.19914686502000198, 8,8, 8
0.8333000731723541, 0.5566873304176015, 0.2699848397799648, 0.20188455460533283, 7,7, 7
0.8325683496308122, 0.5451083293141227, 0.27235683778069486, 0.19846870347124612, 5,5, 5
0.8342313576797712, 0.5325673933242147, 0.267153491082693, 0.19585139086359543, 4,4, 4
0.8333665934943125, 0.5260815965017591, 0.26280055051676526, 0.19962605314064866, 8,8, 8
0.8406838289097319, 0.5215644333400329, 0.24843615390122625, 0.1912892161984387, 8,8, 8
0.839020820860773, 0.5144787723067439, 0.25936830941158484, 0.1918457916634947, 7,7, 7
0.8417481540610656, 0.5171635193834268, 0.250385271595337, 0.19221223196333678, 7,7, 7
0.8438768043637331, 0.5085894295235963, 0.24897474619285576, 0.18928852570360236, 8,8, 8
0.8426794385684827, 0.5028668445354223, 0.24681078203763465, 0.18820144644899386, 6,6, 6
0.8442094059735249, 0.5029035179002256, 0.24650381180497175, 0.1902404236384534, 8,8, 8
0.8454732920907337, 0.49399818463566314, 0.23780678680856007, 0.18435494039416964, 6,6, 6
0.8503292755936939, 0.48243073737128817, 0.23334024054679234, 0.1833503374449438, 3,3, 3
0.851460121066986, 0.4751531365326666, 0.22857888642462984, 0.18320489667659262, 9,9, 9
0.8520588039646112, 0.4737304947004163, 0.24953002454502649, 0.1875774314582533, 5,5, 5
0.8538548526574868, 0.4650811167874762, 0.24045654219078125, 0.1834654156429519, 1,1, 1
0.8552517794186124, 0.4643900892532202, 0.2350367030157246, 0.17953976614566444, 9,9, 9
0.8569813077895297, 0.4617427615444082, 0.23318346126650333, 0.18259993466034505, 4,4, 4
0.8576465110091133, 0.45598531390842895, 0.22537964816431927, 0.18083883866784867, 5,5, 5
0.854453535555112, 0.4591198721535167, 0.2452491946284989, 0.1853919744564694, 8,8, 8
0.8593095190580723, 0.4474579606529132, 0.22434916091787663, 0.1736256645902573, 4,4, 4
0.861305128716823, 0.4387228940616252, 0.21920665434455158, 0.17542367485384772, 6,6, 6
0.8599082019556975, 0.43611070716584527, 0.21958645815929073, 0.17753921421499896, 6,6, 6
0.859642120667864, 0.42931718595178414, 0.22314667711633376, 0.179590014875485, 5,5, 5
0.8631011774096987, 0.4319541749939928, 0.2116423084977771, 0.16891272615672123, 7,7, 7
0.8642985432049491, 0.4261697642984776, 0.21486231565367164, 0.17362966339061242, 5,5, 5
0.8638329009512407, 0.4244093073045103, 0.21607418550921387, 0.1728627867934377, 7,7, 7
0.8656289496441163, 0.42477393396352064, 0.2113584791576089, 0.1688187621047027, 8,8, 8
0.8669593560832835, 0.4178366336377227, 0.20511524257062558, 0.16626676361907347, 6,6, 6
0.8652963480343245, 0.4190828611923112, 0.2071173779833714, 0.16877086997895152, 5,5, 5
0.8674915186589504, 0.4081959678904479, 0.20504578025067702, 0.17047768146349612, 4,4, 4
0.8668263154393667, 0.4125608274454059, 0.20458231531333226, 0.16844059564400865, 8,8, 8
0.8644315838488659, 0.4073599534199612, 0.21299074651618669, 0.17327782006908543, 7,7, 7
0.8686223641322424, 0.403337342431686, 0.2110509116995037, 0.16923013056947467, 7,7, 7
0.8678241202687421, 0.4032299661491873, 0.21728754057597843, 0.17307325472012425, 6,6, 6
0.8697532096055345, 0.397443179031137, 0.21025306373332625, 0.16729259678912137, 7,7, 7
0.8676910796248254, 0.4042818808258121, 0.2091767822226571, 0.1682045495756876, 9,9, 9
0.8682232422004923, 0.4051118032631731, 0.20661395940015673, 0.16523930113961577, 9,9, 9
0.8679571609126588, 0.4024898154194312, 0.21311252562492872, 0.1686312905733587, 4,4, 4
0.8702853721812014, 0.39587325938651996, 0.20154461164286616, 0.1688904836050521, 3,3, 3
0.8696866892835762, 0.3946161187215446, 0.2068073710051952, 0.1663499992341114, 9,9, 9
0.8708175347568682, 0.38745065822387087, 0.19506098748594775, 0.1636688191187945, 6,6, 6
0.871881859908202, 0.3896880468843025, 0.19976721396982813, 0.16166584199820982, 8,8, 8
0.8727466240936607, 0.38617892898570927, 0.1881936883141906, 0.15998583611030287, 7,7, 7
0.8707510144349099, 0.3847857166789784, 0.20426505855726704, 0.16396976904569666, 5,5, 5
0.8719483802301603, 0.3834404102371894, 0.20225909114954468, 0.16313295501067843, 4,4, 4
0.8752078760061198, 0.38021153580981504, 0.1855365259287595, 0.16010794334409018, 7,7, 7
0.8753409166500365, 0.37731488910548466, 0.20139590012097425, 0.1603155745683246, 6,6, 6
0.8753409166500365, 0.37139186091047177, 0.19088179698973515, 0.1604206981158029, 9,9, 9
0.8754739572939533, 0.36926419176909747, 0.19509303205684347, 0.1610701578364254, 5,5, 5
0.8752743963280782, 0.37566270430636367, 0.1971956377947137, 0.1601052150208766, 10,10, 10
0.8761391605135369, 0.369639209658553, 0.18731730533128632, 0.1615775369898, 7,7, 7
0.8767378434111621, 0.3648616522268074, 0.19008890042156787, 0.15607300489612433, 5,5, 5
0.8776026075966208, 0.3613059781193391, 0.18088162881368997, 0.15704955313242452, 5,5, 5
0.8760061198696202, 0.3657085570470614, 0.18353491373943673, 0.15507925650342932, 7,7, 7
0.878400851460121, 0.3643245811095437, 0.18401357139829574, 0.15458350067964907, 8,8, 8
0.8790660546797047, 0.36129861641132244, 0.1853837502578459, 0.15340534305705522, 4,4, 4
0.8813942659482472, 0.3574724837462562, 0.17821934049563254, 0.15134922665682335, 6,6, 6
0.8800638595090801, 0.35680114780429406, 0.1789121596302209, 0.15110501128068168, 7,7, 7
0.8796647375773299, 0.35670805874696543, 0.18191448233006802, 0.1573502043689704, 7,7, 7
0.8789330140357879, 0.3578426910104545, 0.18753186614086864, 0.1529365553540644, 10,10, 10
0.8783343311381627, 0.35635673333652945, 0.18450820281867045, 0.15068997389801095, 6,6, 6
0.8811281846604138, 0.35263836293628964, 0.17793549691036195, 0.154374977038224, 8,8, 8
0.8813277456262888, 0.34899209098106954, 0.1803249612106309, 0.15470804703498645, 6,6, 6
0.8801969001529968, 0.35184671169379056, 0.1842778702745935, 0.15407018512097592, 7,7, 7
0.8818599082019557, 0.3488703926622165, 0.1732761083261827, 0.14952753764052695, 4,4, 4
0.8838555178607065, 0.3484314284248762, 0.17406563847070275, 0.14688291489588498, 6,6, 6
0.8825251114215393, 0.3460394233331777, 0.17775618800152868, 0.15150907778534858, 8,8, 8
0.8823255504556642, 0.34343395149776457, 0.17958411872829888, 0.15130482550704882, 5,5, 5
0.882658152065456, 0.34494400104887374, 0.17981302016837467, 0.14850805594299904, 5,5, 5
0.8798642985432049, 0.3534092391106771, 0.19267032826882613, 0.1549560005915953, 10,10, 10
0.8801969001529968, 0.35108894757932113, 0.18700478258324874, 0.1550614725387962, 7,7, 7
0.10077828776691279, 2.303736140292966, 0.8944213325400786, 0.36684194226088074, 0,0, 0
0.21865229827712365, 2.1258488440358185, 0.8372593432125639, 0.5310011611093969, 0,0, 0
0.3754406971329741, 1.904093095111762, 0.6834939731854379, 0.3516106419378308, 9,9, 9
0.4037118339652764, 1.7623381859608709, 0.6917995203553167, 0.3951324947923853, 8,8, 8
0.5038249185126056, 1.5124545038651052, 0.6152852507186731, 0.39400298649474325, 9,9, 9
0.5196567551386949, 1.440410614001746, 0.6001861880308808, 0.3568001555614784, 10,10, 10
0.5871748819264285, 1.3387622932637633, 0.5254174766992494, 0.27788138668296336, 7,7, 7
0.5676179072706712, 1.272519482204001, 0.5607704967331022, 0.3621605642856873, 11,11, 11
0.6483735781281181, 1.1034108393657762, 0.47945452143302036, 0.2697591008263256, 6,6, 6
0.6492383423135768, 1.127647358615212, 0.5244168326922538, 0.31050185134463654, 9,9, 9
0.678972926228963, 0.9919092930389471, 0.4569932082557381, 0.2600514332643345, 7,7, 7
0.7273997206146477, 0.917594455945118, 0.4148191319657022, 0.2476560981521166, 9,9, 9
0.7285970864098982, 0.9135025056803061, 0.4136815845268815, 0.23730768451422712, 5,5, 5
0.7206146477748953, 0.9260765270725946, 0.42313958420882586, 0.2526177469062178, 9,9, 9
0.7230758996873545, 0.8301662592153701, 0.404577379004537, 0.2391649741299261, 10,10, 10
0.747688418811947, 0.7913953786820982, 0.37065363714933747, 0.22098399523830417, 6,6, 6
0.759196434510743, 0.786303918713618, 0.37100904900204, 0.2159270818131313, 10,10, 10
0.7616576864232023, 0.7599341570974336, 0.35098125660984797, 0.21843366336868397, 6,6, 6
0.7727665801902481, 0.7193557886123009, 0.3414884214287334, 0.21544986010631623, 7,7, 7
0.7822789862302933, 0.7090347414483673, 0.32665746432172954, 0.20975851062989367, 6,6, 6
0.7709040111754141, 0.7093555163353585, 0.361166727408123, 0.23009005394435508, 5,5, 5
0.7623228896427858, 0.697940657422991, 0.36627951517986707, 0.22654842053963023, 6,6, 6
0.7730326614780816, 0.6681117333718862, 0.35827890204309937, 0.22823243444440044, 7,7, 7
0.7994412292955498, 0.6406369532829843, 0.32865307226844187, 0.21657208998573388, 8,8, 8
0.7830107097718353, 0.6630659608419568, 0.3171546831618239, 0.2117696784874158, 10,10, 10
0.7993081886516331, 0.627895847653971, 0.3044183778408327, 0.21519623279036323, 7,7, 7
0.819530366526974, 0.6008575566740475, 0.2802060187177565, 0.20677974885626454, 3,3, 3
0.8126122530433048, 0.6091633125447902, 0.303452458222152, 0.21188628205526436, 8,8, 8
0.8185325616975986, 0.5909724910841999, 0.275335144338868, 0.2031019747148704, 8,8, 8
0.8136100578726801, 0.5992082102962163, 0.29292273727213375, 0.20878996650442472, 7,7, 7
0.821193374575933, 0.5759617677495023, 0.27489458324869576, 0.20008342774879484, 7,7, 7
0.8235215858444754, 0.5721166031935278, 0.27335286113490403, 0.20150863530796984, 8,8, 8
0.8233885452005588, 0.5567929361948692, 0.2713042069591535, 0.20140695479639395, 10,10, 10
0.8225237810151002, 0.5553644255280838, 0.2702420965757665, 0.20041126648251464, 6,6, 6
0.8386216989290228, 0.5365591328823254, 0.2443194588926938, 0.19376849475043223, 8,8, 8
0.836426528304397, 0.5395590642757777, 0.2706617368783919, 0.20264835015877267, 8,8, 8
0.8360939266946052, 0.5352581230345785, 0.25821774810915743, 0.19318631655919472, 9,9, 9
0.8432781214661079, 0.5156423537936417, 0.24147550742842203, 0.200786847467429, 6,6, 6
0.8436772433978581, 0.5088844888695709, 0.24180516825855253, 0.19125847258591988, 7,7, 7
0.8456728530566088, 0.4958885851693114, 0.2379485272345012, 0.19095903102854103, 6,6, 6
0.8432116011441495, 0.5004741955186298, 0.2453507034713238, 0.1874466839620431, 7,7, 7
0.8378899753874809, 0.5009781644366776, 0.25069243539099956, 0.1871386396610053, 9,9, 9
0.8452737311248586, 0.48552172622092726, 0.25281326129277204, 0.1902347978095794, 9,9, 9
0.8500631943058604, 0.4751749356136335, 0.2461741369298349, 0.19037996070901625, 6,6, 6
0.851659682032861, 0.4706823461102029, 0.24098146555029218, 0.18888366156241276, 8,8, 8
0.848666267544735, 0.4806253304720676, 0.24695935859576454, 0.18842938100099238, 4,4, 4
0.85332269008182, 0.4715965412252508, 0.21923363065305712, 0.18379937028424057, 9,9, 9
0.8512605601011108, 0.47157712835603727, 0.235819806641568, 0.18153064149510076, 6,6, 6
0.8504623162376106, 0.4659528193008648, 0.24166693081706594, 0.18409279289579164, 8,8, 8
0.8539878933014036, 0.44862839659474824, 0.23375043649615254, 0.17823519329910556, 6,6, 6
0.8573139093993215, 0.4432739649994232, 0.21882807231706233, 0.17510608419994597, 7,7, 7
0.859642120667864, 0.43571960418439454, 0.20565776276393133, 0.1740256334742577, 6,6, 6
0.8581786735847802, 0.4386808361002391, 0.2144535615159479, 0.1770588693022043, 8,8, 8
0.8593095190580723, 0.4352085555017667, 0.2125025654959936, 0.17778397934351986, 6,6, 6
0.8600412425996142, 0.43121212655805674, 0.21733761521635042, 0.17155602243992576, 8,8, 8
0.8593095190580723, 0.43253304074161014, 0.22599967137096627, 0.17830468495394605, 5,5, 5
0.8606399254972394, 0.4246674585758189, 0.20714318202904672, 0.18122682588776315, 9,9, 9
0.8627020554779485, 0.42395925420085334, 0.20422847715447007, 0.1662436519773539, 7,7, 7
0.8612386083948647, 0.42841056643695574, 0.23146283349545155, 0.17755147934076926, 12,12, 12
0.8623694538681568, 0.42223568319327004, 0.21393634409907641, 0.1688446475884043, 6,6, 6
0.8658950309319497, 0.4138279670179245, 0.20136427143653354, 0.16319256081690883, 8,8, 8
0.8682897625224506, 0.40973528649351465, 0.20613138224769462, 0.16928578507195738, 7,7, 7
0.866892835761325, 0.4091612082004496, 0.2033627484731858, 0.16689043282675786, 10,10, 10
0.8689549657420342, 0.40515594780416997, 0.20541940102086528, 0.1747480712085995, 5,5, 5
0.8695536486396594, 0.39851956888150686, 0.2040433924876414, 0.16697607608828108, 9,9, 9
0.8699527705714095, 0.398462444287961, 0.1978607353086599, 0.16706332179855068, 6,6, 6
0.8694206079957427, 0.3939984213683808, 0.1990855231904056, 0.16789078286121767, 7,7, 7
0.8698862502494512, 0.3965398666108747, 0.20480654740442666, 0.17046764455361926, 8,8, 8
0.869487128317701, 0.3916414270880706, 0.19868457072135276, 0.16463321262082609, 8,8, 8
0.8705514534690348, 0.38782030826496744, 0.19087383279793568, 0.1633019455378317, 8,8, 8
0.8706179737909931, 0.38438471254768203, 0.191273960560202, 0.16215186091128614, 10,10, 10
0.8731457460254107, 0.3819579612178093, 0.1897470535531471, 0.1600212645969169, 8,8, 8
0.872081420874077, 0.38448027898405485, 0.19285727511235545, 0.15681399471203616, 6,6, 6
0.8736113882791192, 0.3773996427264092, 0.18873427179346094, 0.16219469792089278, 7,7, 7
0.8738109492449944, 0.37243630710140907, 0.19042989566186314, 0.16263171337863688, 10,10, 10
0.8742100711767445, 0.3768489824368036, 0.18989850236126693, 0.15846527472299557, 4,4, 4
0.8747422337524113, 0.3716367351572755, 0.18792485088198604, 0.1597456862718096, 8,8, 8
0.8738109492449944, 0.37058274617505127, 0.19396240475934934, 0.16253652609829713, 8,8, 8
0.8750083150402448, 0.37408230680301297, 0.18740622649366706, 0.1529285374087764, 7,7, 7
0.8764717621233287, 0.37146685214123726, 0.17982840083866442, 0.15154687481860865, 7,7, 7
0.8742100711767445, 0.37569661095647505, 0.19460900680475413, 0.15754225235917552, 9,9, 9
0.8752078760061198, 0.3730887022686327, 0.19554395347161818, 0.15794902766296842, 6,6, 6
0.8760061198696202, 0.37185814941018047, 0.1871061023281103, 0.152832349828281, 9,9, 9
0.8766048027672454, 0.36765980311896557, 0.18489895854280827, 0.14827982984734808, 9,9, 9
0.8762056808354952, 0.3681875781202292, 0.18718646521144358, 0.15293663259367163, 11,11, 11
0.8764717621233287, 0.36818049036977096, 0.18548380554706229, 0.1531118331498733, 5,5, 5
0.8760061198696202, 0.36642285589002654, 0.1882466076660101, 0.15209259048167514, 7,7, 7
0.8753409166500365, 0.3723853366364897, 0.18962075973835626, 0.15408940558882456, 6,6, 6
0.8770704450209539, 0.36555505260152626, 0.1838241760224533, 0.15253430254875006, 7,7, 7
0.8786004124259962, 0.3598120063764188, 0.1784802814931111, 0.14918352526254233, 5,5, 5
0.8774030466307456, 0.3616760357830867, 0.1874550436659018, 0.1567746097848804, 8,8, 8
0.8743431118206613, 0.3633928848438304, 0.18840303770803932, 0.15925862375870914, 8,8, 8
0.8775360872746624, 0.3572385246062886, 0.17960467285791945, 0.1520608225777088, 6,6, 6
0.8776691279185791, 0.35798335735825654, 0.1869031273821738, 0.15450476610173344, 8,8, 8
0.879132575001663, 0.35352139459294585, 0.1749451420401969, 0.15181351676597113, 4,4, 4
0.8797977782212466, 0.35054012892137953, 0.18316535545819332, 0.15367858453311212, 5,5, 5
0.880995144016497, 0.35222191297306915, 0.1753868388872205, 0.14901198861803838, 7,7, 7
0.879132575001663, 0.3590943286035842, 0.1783848693021179, 0.15107231620195002, 8,8, 8
0.8796647375773299, 0.34793303773340695, 0.17735726460903756, 0.1500832918965448, 10,10, 10
0.8818599082019557, 0.34690947427967034, 0.17409492795351944, 0.1507201064804884, 7,7, 7
0.881926428523914, 0.3452534497331952, 0.17819548818033798, 0.14670117206164154, 5,5, 5
0.10077828776691279, 2.303736140292966, 0.8944213325400786, 0.36684194226088074, 0,0, 0
0.2179205747355817, 2.132646931012313, 0.8493782211568329, 0.5402941141505658, 0,0, 0
0.33852191844608526, 1.9180839027797345, 0.736748858995877, 0.3681397927959182, 7,7, 7
0.3805627619237677, 1.8642384125736173, 0.7079418438612882, 0.37310430412778445, 9,9, 9
0.5071509346105235, 1.5674831384443453, 0.6154591756125352, 0.3277043913889994, 7,7, 7
0.501297146278188, 1.541405944329997, 0.600880917171398, 0.3050298178702566, 8,8, 8
0.5246457792855718, 1.4091744477627257, 0.5965253590761868, 0.32604665492210033, 5,5, 5
0.6243597419011508, 1.2038698651379527, 0.49106503058527395, 0.2792296276540767, 3,3, 3
0.605467970464977, 1.209610316493935, 0.5813688706168424, 0.38365931191559577, 7,7, 7
0.6913457061132176, 1.0688574445470047, 0.4539605990876298, 0.256397973375084, 6,6, 6
0.6942726002793853, 0.9943571150118766, 0.4617136448150467, 0.26305112238833145, 6,6, 6
0.7105700791591831, 0.9757245751275677, 0.41297787393038426, 0.23940346815775843, 7,7, 7
0.7180203552185193, 0.9499445890691811, 0.41216767069261523, 0.24096963234566993, 6,6, 6
0.7132308920375174, 0.9166898758825917, 0.4201711781202044, 0.24075526612380233, 4,4, 4
0.708507949178474, 0.877542343810748, 0.4424576545884126, 0.2918390205427903, 6,6, 6
0.7469566952704051, 0.8237923351528381, 0.38294540504323005, 0.24025592316426536, 2,2, 2
0.7419676711235282, 0.7921329595988189, 0.3967617924861655, 0.23953839533783522, 9,9, 9
0.7752943524246657, 0.7563612426749117, 0.3592916660307667, 0.21593061867700164, 7,7, 7
0.7787534091665004, 0.734123827088946, 0.3479544999733035, 0.21884079272487586, 9,9, 9
0.7700392469899554, 0.75037897011812, 0.33958771569848645, 0.2065431717224906, 8,8, 8
0.8079558305062197, 0.6703665579594212, 0.32626449990783407, 0.20993401750935303, 4,4, 4
0.7983103838222577, 0.6617086679326813, 0.30596369278491337, 0.20845750049761308, 10,10, 10
0.8089536353355951, 0.6455386037610487, 0.33759921105153784, 0.21735926893490698, 4,4, 4
0.8217255371515998, 0.6228069626811518, 0.27874217883511315, 0.1955591987662136, 3,3, 3
0.8221911794053083, 0.6111185028578285, 0.2754108914622971, 0.19245867211777387, 6,6, 6
0.8266480409765183, 0.5959025531857819, 0.27384961380365186, 0.19173168428750753, 8,8, 8
0.8277788864498105, 0.578688607872348, 0.2851964254781069, 0.19712445561600744, 6,6, 6
0.825650236147143, 0.5820678432862304, 0.28849426330246397, 0.19368752576189976, 6,6, 6
0.8317701057673119, 0.5654301071338147, 0.2610962310438266, 0.18181718253974274, 8,8, 8
0.8275793254839353, 0.5563666403361588, 0.28035046675732483, 0.19941264102995834, 7,7, 7
0.8317035854453536, 0.5457396884201909, 0.2696949856739668, 0.19435626287609437, 10,10, 10
0.8380230160313976, 0.5328303600298783, 0.27348612909243447, 0.19066041701167993, 6,6, 6
0.8406838289097319, 0.5276057076017706, 0.25559376043918053, 0.18827025537135061, 7,7, 7
0.8406838289097319, 0.5229304039808456, 0.2527328494449242, 0.18600849144256185, 4,4, 4
0.8446085279052751, 0.512682500743815, 0.25397953991542976, 0.18770773521793946, 5,5, 5
0.8476019423934011, 0.4954471302613808, 0.24279102938203898, 0.18175756811832847, 5,5, 5
0.8417481540610656, 0.4982958917017719, 0.27121155690211773, 0.1861625702871866, 5,5, 5
0.8468702188518592, 0.48736405526294263, 0.23848651570424642, 0.18440731725115128, 7,7, 7
0.8510609991352358, 0.4804786733681666, 0.23878256109752893, 0.17752186011609225, 8,8, 8
0.8494645114082352, 0.4818041984584493, 0.24096576775428225, 0.18128207190023396, 5,5, 5
0.8525244462183197, 0.47939807983371263, 0.2408672233295459, 0.17570694298062964, 8,8, 8
0.8531896494379033, 0.4717426157258835, 0.24051855862283197, 0.177965407712476, 5,5, 5
0.858710836160447, 0.4573118606678466, 0.22477134286415204, 0.1754792589265139, 9,9, 9
0.8553182997405707, 0.4581662990938268, 0.23796665735226802, 0.17798869068562995, 8,8, 8
0.8578460719749884, 0.4509527125008338, 0.21886257566505127, 0.1697702425406804, 3,3, 3
0.8572473890773631, 0.44762383499336517, 0.22334665328067538, 0.16927938809410192, 5,5, 5
0.8605068848533227, 0.4367439586353362, 0.22158870832056254, 0.17218853705688664, 7,7, 7
0.8587773564824054, 0.4415345603874408, 0.21795414977184857, 0.17268686518426715, 5,5, 5
0.860373844209406, 0.4427791543908202, 0.233570235214258, 0.1745245927280802, 5,5, 5
0.860573405175281, 0.4381649790763973, 0.2205343097214159, 0.17421319077409372, 6,6, 6
0.8609060067850728, 0.4374467420542263, 0.22001159451517238, 0.1691736333914115, 3,3, 3
0.8597086409898224, 0.43882932712120387, 0.23563073158060502, 0.17331117473735133, 10,10, 10
0.8583782345506552, 0.44474672196462084, 0.23848669210815904, 0.17126677510764626, 7,7, 7
0.8629016164438236, 0.42802693962612504, 0.21726940748083348, 0.16784574822379725, 8,8, 8
0.8619703319364066, 0.4279099672163697, 0.22837973112286697, 0.1687836647118893, 4,4, 4
0.863899421273199, 0.41913812109273735, 0.21291822354355128, 0.16743053099128008, 11,11, 11
0.8676910796248254, 0.4124716787722651, 0.2025571558163969, 0.16367620314359246, 4,4, 4
0.866493713829575, 0.4143967390607343, 0.206618475503065, 0.16473277819828994, 7,7, 7
0.8680236812346172, 0.41025653289183817, 0.20905237261663884, 0.16103404473820215, 5,5, 5
0.868356282844409, 0.40556559179357093, 0.20929330032863622, 0.1593243965458872, 8,8, 8
0.8666267544734917, 0.408833782382439, 0.2125338712194593, 0.15868568008541617, 5,5, 5
0.8696866892835762, 0.4015303860179043, 0.20311542692098514, 0.16359021628633602, 7,7, 7
0.8707510144349099, 0.3943699148257196, 0.199627395718714, 0.15964524885432885, 8,8, 8
0.8717488192642853, 0.38892609637065256, 0.19838385040278333, 0.1564170099529839, 9,9, 9
0.8712831770105768, 0.3886734561549105, 0.20586271700915884, 0.15670198053139103, 8,8, 8
0.8732787866693275, 0.3810577729559739, 0.19657128747938707, 0.15576820605765737, 2,2, 2
0.8727466240936607, 0.3853165287717691, 0.20125777009389284, 0.16005003196951947, 6,6, 6
0.8730792257034524, 0.3874895154307079, 0.20989737406068604, 0.1540167909474508, 6,6, 6
0.8718153395862436, 0.3877179792696942, 0.22111548462706906, 0.16393720769174502, 6,6, 6
0.8738774695669527, 0.3786983318745012, 0.20661002502618003, 0.15608894574804213, 5,5, 5
0.8739439898889111, 0.3824540839562227, 0.2117716316606455, 0.15671440955676177, 5,5, 5
0.8732787866693275, 0.3811175779919053, 0.20290752065695308, 0.1547093125572699, 4,4, 4
0.8747422337524113, 0.3774312674643948, 0.20216871793927338, 0.1527649817273329, 6,6, 6
0.8736779086010776, 0.3779401263984639, 0.19747840966931737, 0.1505410795490188, 7,7, 7
0.8767378434111621, 0.3680356098010569, 0.18972735896967566, 0.15056586146942638, 7,7, 7
0.8760061198696202, 0.37340635517886933, 0.20075315326303905, 0.14921657408751376, 6,6, 6
0.87560699793787, 0.37522168419966645, 0.20310783783968236, 0.1510484924227716, 7,7, 7
0.8742100711767445, 0.3738584544955646, 0.19983217053111071, 0.15201139027271263, 8,8, 8
0.8784673717820795, 0.3615642465598681, 0.18629871150137273, 0.14995093056915013, 7,7, 7
0.8772034856648706, 0.36023180177881414, 0.1962001909881515, 0.1551442411513052, 8,8, 8
0.8766713230892037, 0.3629256933945997, 0.1881965409842873, 0.15012703518750187, 5,5, 5
0.8778686888844542, 0.36338067697013743, 0.18863042249800935, 0.15162392833833674, 7,7, 7
0.8797312578992882, 0.35889157049178144, 0.18467614580206287, 0.14903715163302092, 7,7, 7
0.8815938269141222, 0.3523691274109901, 0.18258109101006187, 0.14798980208858636, 6,6, 6
0.8813277456262888, 0.35189642158991796, 0.18057293451873277, 0.1474897696638803, 7,7, 7
0.8820594691678307, 0.34892265709292253, 0.17235801477012966, 0.14642931629370134, 7,7, 7
0.8821925098117475, 0.34790012619878724, 0.1764182822607296, 0.14549952026831167, 7,7, 7
0.8802634204749551, 0.350327668488908, 0.18059753389920466, 0.14754809083238457, 4,4, 4
0.8801303798310384, 0.3534940198813026, 0.18225824692542975, 0.14673659722846497, 5,5, 5
0.8815273065921639, 0.34800888520840356, 0.185336256672585, 0.14365425232992193, 10,10, 10
0.8825251114215393, 0.344728091087885, 0.1764328759152664, 0.14264753062528118, 5,5, 5
0.8825916317434976, 0.3436306540612215, 0.1772906536678918, 0.14229349962289972, 8,8, 8
0.8840550788265815, 0.33950288007860063, 0.17791989104191214, 0.14192961461038214, 7,7, 7
0.8818599082019557, 0.34294911170370884, 0.1790794859418832, 0.1445152637086452, 4,4, 4
0.8848533226900818, 0.33656289935083494, 0.17117810820945398, 0.1411148926618448, 8,8, 8
0.8844542007583317, 0.33572095857249235, 0.16766635029614602, 0.13982954025345873, 8,8, 8
0.8855850462316237, 0.33573764550026575, 0.16778421754146827, 0.139673044257196, 3,3, 3
0.8864498104170824, 0.33525789604906525, 0.16585046043364446, 0.13766684523099182, 2,2, 2
0.8860506884853323, 0.3314347641509928, 0.16494095394382086, 0.13703621714771574, 7,7, 7
0.8849863633339985, 0.3323522834345803, 0.17104824027886015, 0.14328765490283613, 7,7, 7
0.8848533226900818, 0.3362952565795074, 0.16890904178524707, 0.14109102156860232, 6,6, 6
