acuracia,loss,frr,fpr, removed, n_clf, tp_removed
0.09825051553249518, 2.3036959122288754, 0.8944041643372586, 0.40467750686587217, 0,0, 0
0.2176544934477483, 2.1038894484494013, 0.8058084426755611, 0.5300855667554264, 0,0, 0
0.6300139692676112, 38342.91206344589, 0.49181189886269555, 0.3724896988283576, 2,6, 2
0.5714095656222976, 55.79567147401604, 0.554029432542183, 0.40471796541538074, 0,11, 0
0.6105235149338123, 10.974066466844384, 0.5231065768713106, 0.3961445678195937, 2,3, 2
0.6447149604204084, 3.157647081922991, 0.4900975495957096, 0.383277176572382, 2,4, 2
0.6677975121399587, 1.6438467878279472, 0.4477721710882139, 0.3601398681482906, 5,7, 5
0.7178873145746025, 1.1257640526245325, 0.45782426760566625, 0.3540241231279307, 2,2, 2
0.6914787467571343, 1.2540016156164429, 0.4679460577702377, 0.3490175652706171, 5,8, 5
0.7323222244395663, 1.2199429016391994, 0.4613269333806448, 0.35147955652010365, 6,9, 6
0.762722011574536, 1.1548797914255957, 0.42399540651467793, 0.3295096129281315, 2,9, 2
0.7526109226368656, 1.2069063875114865, 0.4414316795659578, 0.32272517762822156, 2,6, 2
0.7499501097585313, 1.1541001233161516, 0.44711747079149894, 0.32417266883996276, 2,3, 2
0.7839419942792523, 0.8802503732372207, 0.368522657162899, 0.30796277215181217, 6,6, 6
0.775161311780749, 0.9711888425494131, 0.3982741948243768, 0.31631786650303906, 2,6, 2
0.7559369387347835, 1.0228829836743103, 0.44365478493954863, 0.3249325633690202, 4,5, 4
0.7768908401516663, 0.9828178647721798, 0.39789663864933145, 0.31673682077415755, 4,9, 4
0.7629880928623695, 1.0860836705275738, 0.43176167007744376, 0.32862474020982496, 6,8, 6
0.7647176212332868, 1.1337302661159547, 0.4297999846037659, 0.33643915258468643, 4,6, 4
0.781281181400918, 0.9274123576551476, 0.36901648691260946, 0.3075603629721528, 3,3, 3
0.782944189449877, 0.8834515352078846, 0.3668548731111803, 0.3076084647495636, 5,8, 5
0.7806159781813344, 0.8935295924030939, 0.38309053065751747, 0.31642174118148786, 4,6, 4
0.7817468236546264, 0.8646980261985856, 0.3833292616966713, 0.30754707300453143, 4,4, 4
0.7762256369320828, 0.8921933844059841, 0.4007142601062143, 0.3227277617455229, 5,7, 5
0.777023880795583, 0.897558384395572, 0.37616766556196296, 0.3113559525992882, 6,7, 6
0.7780882059469167, 1.1083829422300446, 0.38357883980679675, 0.3084586028050922, 4,8, 4
0.7762256369320828, 0.8330551055225096, 0.3857263799607378, 0.3116786506175607, 6,6, 6
0.782944189449877, 0.8236373903790036, 0.3700057917254437, 0.3074380225573082, 3,4, 3
0.766247588638329, 1.1716753017113524, 0.3826924006395601, 0.31514121191218014, 5,8, 5
0.72892968801969, 1.9369080807440995, 0.42328691131377233, 0.3292159241624969, 3,5, 3
0.7650502228430786, 1.3360051863935505, 0.3979528145733229, 0.319902086160486, 5,6, 5
0.7561364997006585, 0.8925981033548671, 0.38986407168194537, 0.3183912871231631, 5,6, 5
0.7719683363267478, 0.772288549766387, 0.3706655178684276, 0.3092795567456189, 5,6, 5
0.7218120135701457, 6.543800942501927, 0.40720501347115223, 0.3212847583674705, 5,8, 5
0.721878533892104, 22.19894826217576, 0.4250826939030622, 0.3404163772959123, 4,7, 4
0.7617242067451606, 0.9719638324961637, 0.4067208291633003, 0.3231261400736249, 5,6, 5
0.768110157653163, 0.8714308100007295, 0.3957037744313466, 0.3200724679016956, 6,7, 6
0.7801503359276258, 0.8204628728427509, 0.3697807500302, 0.3084726974033574, 5,6, 5
0.71110224173485, 2.279370074088791, 0.43031028951428046, 0.3245686325241921, 4,7, 4
0.6853588771369653, 130.90149740050163, 0.4130306207845594, 0.3381449511325399, 5,9, 5
0.6995277057140956, 1.3579056944630032, 0.4106006667890682, 0.32484429011784416, 7,9, 7
0.7113683230226834, 1.5916251273704578, 0.3901120151218349, 0.31160968825503055, 3,6, 3
0.6993281447482206, 23.328373727396734, 0.408306097689093, 0.3387953451075567, 3,7, 3
0.7765582385418746, 0.9250546723730101, 0.3867023708621983, 0.3150465855508677, 5,6, 5
0.7745626288831238, 0.9292256447829983, 0.38729351701355846, 0.3244743402045206, 6,8, 6
0.6920774296547595, 36.577954269279175, 0.3949840753744093, 0.34320662446675604, 3,9, 3
0.7728331005122064, 0.9709607844152272, 0.39452772008302317, 0.324821014931155, 5,7, 5
0.6804363733120469, 52.97991828030791, 0.39987253208221196, 0.32557604832406256, 6,12, 6
0.7523448413490321, 1.8117044067048493, 0.35780587597633984, 0.3036320098953206, 6,10, 6
0.7195503226235614, 84.98586069081466, 0.37711906718440835, 0.30718231754002323, 3,6, 3
0.7063792988758065, 71715.62561580606, 0.41226250789571267, 0.3358403844371651, 4,9, 4
0.646111887181534, 61.11274249462492, 0.45911801926226303, 0.370291687455539, 0,5, 0
0.6909465841814675, 3.7482079426092967, 0.44522375158882993, 0.3448605655461154, 3,3, 3
0.6920774296547595, 1.5068756284199256, 0.42924404725910315, 0.33914770489905044, 3,3, 3
0.6987959821725537, 1.4528182244969658, 0.40894914004972877, 0.32527605829937917, 3,4, 3
0.7069114614514734, 1.1712896400550883, 0.40423320006016483, 0.32478233062864414, 4,5, 4
0.6952038847868024, 1.6889271655195308, 0.4220061484003401, 0.34125650180885136, 5,7, 5
0.6032062795183929, 498.7379164886875, 0.477066615808939, 0.3814695358852356, 6,9, 6
0.7252710703119803, 30.384109490463974, 0.37833880450863544, 0.3238855711260857, 2,8, 2
0.6855584381028405, 1.0959357240146288, 0.4210483869942231, 0.34504877614617535, 5,6, 5
0.765515865096787, 1.0280501365266725, 0.3507320807086139, 0.30906763537619775, 6,7, 6
0.7228763387214794, 8.914284892860719, 0.36955626302233135, 0.32249839270744735, 6,9, 6
0.7613916051353689, 3.616919152619851, 0.343667666536393, 0.3029802178587327, 2,4, 2
0.753608727466241, 8.3183537246873, 0.3631678287888438, 0.3148822449044011, 5,6, 5
0.7419011508015699, 12.350729724747701, 0.3505345216377037, 0.3085671610811013, 5,8, 5
0.7254706312778554, 19.03908326211311, 0.3620941281483014, 0.3162898949907647, 6,7, 6
0.7417015898356948, 21.57669662942513, 0.3889946046606886, 0.3187160630549163, 5,5, 5
0.7548726135834497, 29.155382493578777, 0.37854896299822627, 0.31931929571868073, 3,7, 3
0.7036519656755139, 1.2929271922415537, 0.41485134654737726, 0.32727986371793505, 6,8, 6
0.7597951174083682, 0.7586688422633264, 0.3580725507136642, 0.3088613055496274, 3,5, 3
0.7570677842080755, 1.6888623687397792, 0.3668337409003234, 0.31508185644352393, 5,8, 5
0.7562695403445753, 2.413494355644084, 0.3544594118450004, 0.30716101213544605, 4,9, 4
0.7257367125656888, 6.015132761372175, 0.3819051100452681, 0.3263004867847175, 2,3, 2
0.7579325483935342, 0.873288193121457, 0.3667817598621022, 0.3187839578602394, 5,7, 5
0.7748287101709572, 1.339369976411164, 0.34817969560524, 0.29704115762022854, 5,8, 5
0.7265349564291891, 0.8238852466261571, 0.38406204486105067, 0.3141671642994141, 4,4, 4
0.7630546131843278, 1.28157433834414, 0.3695315946663604, 0.3136392381324515, 5,7, 5
0.7436971994944456, 1.626602232860888, 0.37579667401905037, 0.31758923976184733, 6,7, 6
0.7554047761591166, 1.0094256102771246, 0.36299892145175733, 0.3058525735367311, 5,6, 5
0.7138295749351427, 247.89736323859705, 0.3984854627149613, 0.3375752452035253, 3,6, 3
0.31943058604403646, 3.33428078068906e+19, 0.6735107720444826, 0.4636199868987352, 3,3, 3
0, 0, 0, 0, 0, 0, 0
0, 0, 0, 0, 0, 0, 0
0, 0, 0, 0, 0, 0, 0
0, 0, 0, 0, 0, 0, 0
0, 0, 0, 0, 0, 0, 0
0, 0, 0, 0, 0, 0, 0
0, 0, 0, 0, 0, 0, 0
0, 0, 0, 0, 0, 0, 0
0, 0, 0, 0, 0, 0, 0
0, 0, 0, 0, 0, 0, 0
0, 0, 0, 0, 0, 0, 0
0, 0, 0, 0, 0, 0, 0
0, 0, 0, 0, 0, 0, 0
0, 0, 0, 0, 0, 0, 0
0, 0, 0, 0, 0, 0, 0
0, 0, 0, 0, 0, 0, 0
0, 0, 0, 0, 0, 0, 0
0, 0, 0, 0, 0, 0, 0
0, 0, 0, 0, 0, 0, 0
0, 0, 0, 0, 0, 0, 0
0.09672054812745294, 2.304368129582539, 0.8981376868551821, 0.40760601664084994, 0,0, 0
0.19749883589436573, 2.1673593672062674, 0.8347189644905528, 0.5331415950831108, 0,0, 0
0.584647109692011, 33992.63833882253, 0.5081999196073077, 0.3826330100716911, 8,10, 8
0.5233818931683629, 26.167413152943098, 0.5703708386367171, 0.41961806888776015, 0,7, 0
0.6350695137364465, 12.644624489261032, 0.4971760414592616, 0.36131956093662, 3,6, 3
0.6719217721013769, 4.86129050219029, 0.45082079261506947, 0.3464815356551009, 3,5, 3
0.7083083882125989, 5.3179200778334845, 0.4459794821479687, 0.34088383731524025, 4,10, 4
0.7248054280582718, 3.9299612559468833, 0.41223696883270755, 0.3256317017230461, 3,7, 3
0.7426993946650702, 3.142473741294554, 0.39874827278184344, 0.32538475259286115, 7,10, 7
0.7371116876205681, 1.7854424041932075, 0.41597297683284035, 0.3305841868707005, 7,9, 7
0.73784341116211, 1.5197715172687618, 0.42467914398216683, 0.3317661820092721, 3,8, 3
0.74230027273332, 1.361079583651267, 0.4421791470244997, 0.3248786914088355, 3,7, 3
0.7677775560433713, 0.9663938426834906, 0.3994954884151473, 0.31146554760692735, 4,6, 4
0.7694405640923302, 0.8187392328404056, 0.3875344265840494, 0.3014978617434872, 2,7, 2
0.7609259628816604, 0.8058771162146035, 0.41769917360773157, 0.32118380790396095, 3,6, 3
0.7902614248652964, 0.7579541898822327, 0.34634696567509243, 0.2887378473628706, 4,9, 4
0.7886649371382958, 0.7382793441945884, 0.34736987446610873, 0.28995335601535155, 7,8, 7
0.7801503359276258, 0.798760292397559, 0.38619252756126143, 0.3002342143142971, 5,8, 5
0.7872680103771702, 0.7298475875381559, 0.3546951976274207, 0.29052584647863755, 5,7, 5
0.7695736047362469, 0.8353296423503811, 0.41802932271945237, 0.32090596681340405, 3,5, 3
0.7836759129914189, 0.7602583375665689, 0.35476829072256016, 0.2912355403523643, 5,8, 5
0.7881327745626289, 0.8162402886336847, 0.35761167923063275, 0.29141236041756685, 4,6, 4
0.7846737178207942, 0.8083773368849795, 0.36627405058295104, 0.2970035678477376, 5,8, 5
0.7872680103771702, 0.7567559762578252, 0.3616786395830313, 0.2893328473100794, 4,7, 4
0.7848732787866693, 0.77165846247093, 0.3632231207471524, 0.29596855709562964, 3,4, 3
0.7929222377436307, 0.7201644131501238, 0.334266744741757, 0.28403288632675283, 6,7, 6
0.7883323355285039, 0.7768295840112901, 0.3678596744682945, 0.2989668738157527, 4,7, 4
0.783343311381627, 0.7214837248182979, 0.3545866305362527, 0.2929332136024046, 5,6, 5
0.7875340916650037, 0.6994625075565771, 0.3409993285766596, 0.2879691687435287, 5,6, 5
0.7151599813743098, 3.842970170619175, 0.41224515098728914, 0.3417857294477444, 2,4, 2
0.6865562429322158, 5.224847073610875, 0.41392275453966554, 0.3328430074838235, 5,9, 5
0.7681766779751213, 1.0386930295563757, 0.374936243956139, 0.2934705738358971, 4,6, 4
0.70664538016364, 5.576371066586502, 0.41156300018619085, 0.32513475526463304, 6,10, 6
0.7817468236546264, 0.8603635233571681, 0.3610136411411156, 0.2995139077229604, 3,5, 3
0.6893500964544669, 69.1371996413272, 0.4209460259249946, 0.34262255992777824, 5,9, 5
0.769773165702122, 1.3320237396560701, 0.35233893251662546, 0.2974897518268825, 3,6, 3
0.761790727067119, 1.343056384521088, 0.3624268627653154, 0.28627840321745834, 4,8, 4
0.6952038847868024, 134.88112308669534, 0.41964927350128955, 0.3460502729886797, 4,5, 4
0.650036586177077, 22.406428825871707, 0.39361778681841936, 0.3375723814724648, 2,7, 2
0.6996607463580123, 3.760984304609629, 0.383945127690176, 0.3234334478123521, 5,8, 5
0.6981307789529702, 7.118821873107374, 0.4080820072820024, 0.32605689080053607, 6,9, 6
0.6969334131577197, 3.079719224387797, 0.4378534566924042, 0.3449226083967647, 4,6, 4
0.7043836892170559, 18.033234656052056, 0.4130161967291622, 0.33923673500496426, 6,10, 6
0.7800838156056675, 0.8801240901716222, 0.3495700763923738, 0.3003474801846287, 6,9, 6
0.7933213596753809, 0.7184546076495023, 0.31223039604370156, 0.2771097918009256, 5,7, 5
0.7399055411428191, 1.5480088470136049, 0.3996873957456672, 0.3232441425321835, 4,8, 4
0.6877536087274663, 1243.7035921947381, 0.42609014700931813, 0.3509907797522642, 3,5, 3
0.7616576864232023, 1.1409066228736633, 0.38824325247576147, 0.31510350945148263, 5,5, 5
0.6069979378700193, 5253649.653700211, 0.4960442873806952, 0.38811523030724004, 3,11, 3
0.5030266746491053, 2.0091014609582363, 0.5971818961995897, 0.4191156802137027, 4,6, 4
0.5467305261757467, 1.9023401604071115, 0.5728959922185233, 0.4046824286736655, 2,7, 2
0.5745360207543404, 13040.729013102724, 0.5433542494795343, 0.3970121868042043, 3,5, 3
0.652431317767578, 7506.367655606618, 0.47102510921017154, 0.35596974176888374, 6,7, 6
0.682498503292756, 15900.858073447887, 0.41360427024521484, 0.3301715439892353, 4,7, 4
0.6894166167764252, 22276.124055763663, 0.4221415836632058, 0.3373830243667312, 6,7, 6
0.7001929089336792, 33314.84855364589, 0.4170190495689374, 0.33820708287318646, 4,8, 4
0.7085744695004323, 256974.11528511773, 0.4166831085244798, 0.33597932620499726, 6,10, 6
0.7220780948579791, 1.4781446394848268, 0.39051081268280285, 0.3293139110390576, 4,8, 4
0.7206811680968536, 1.4611507376516792, 0.3990389512109413, 0.325011784864687, 5,8, 5
0.7367125656888179, 1.4120473644436535, 0.386705753240498, 0.3202615038227916, 8,11, 8
0.7398390208208607, 1.3720876802231574, 0.36085828955631594, 0.31916033255862175, 5,7, 5
0.7202820461651034, 1.3543494627172212, 0.4034311591074615, 0.3346294341841034, 3,6, 3
0.7340517528104836, 1.3169395911125004, 0.36138183710888483, 0.3127714119741764, 7,9, 7
0.41834630479611523, 3.70423311393818, 0.6214460853472397, 0.45581686267935884, 3,6, 3
0.2900286037384421, 44.96887247466617, 0.6958227668690202, 0.49205913540502794, 3,6, 3
0.33160380496241604, 497.94250213306776, 0.6688046946927854, 0.4848341737268683, 5,8, 5
0.4772167897292623, 5919.508091800527, 0.5505185639174974, 0.4390221832266522, 4,7, 4
0.6845606332734651, 9727.898235337185, 0.4609842900502676, 0.3671009859766642, 4,6, 4
0.32269008181999603, 2904.0163676654247, 0.7132694383268837, 0.49460834791330344, 6,8, 6
0.36300139692676114, 34651.523891744175, 0.6539071247938146, 0.4656561934982556, 4,8, 4
0.5213862835096121, 8162.422385902763, 0.517598501320906, 0.3929197624758036, 3,6, 3
0.6858245193906739, 603.3987705831385, 0.4294156841655379, 0.35357366743646773, 8,8, 8
0.7276658019024812, 629.4874511703422, 0.3829048178773389, 0.327135790581207, 3,3, 3
0.700325949577596, 1424.6126741608657, 0.3717534120213925, 0.3280219371387929, 4,6, 4
0.7600611986962017, 71.02900907746464, 0.37584404466456356, 0.33120928996350374, 3,4, 3
0.6699261624426263, 4964.566048523883, 0.3958974697595674, 0.3333015847795336, 6,10, 6
0.10111088937670458, nan, 0.9116167084157132, 0.5840154379130886, 2,4, 2
0, 0, 0, 0, 0, 0, 0
0, 0, 0, 0, 0, 0, 0
0, 0, 0, 0, 0, 0, 0
0, 0, 0, 0, 0, 0, 0
0, 0, 0, 0, 0, 0, 0
0, 0, 0, 0, 0, 0, 0
0, 0, 0, 0, 0, 0, 0
0, 0, 0, 0, 0, 0, 0
0, 0, 0, 0, 0, 0, 0
0, 0, 0, 0, 0, 0, 0
0, 0, 0, 0, 0, 0, 0
0, 0, 0, 0, 0, 0, 0
0, 0, 0, 0, 0, 0, 0
0, 0, 0, 0, 0, 0, 0
0, 0, 0, 0, 0, 0, 0
0, 0, 0, 0, 0, 0, 0
0, 0, 0, 0, 0, 0, 0
0, 0, 0, 0, 0, 0, 0
0, 0, 0, 0, 0, 0, 0
0, 0, 0, 0, 0, 0, 0
0, 0, 0, 0, 0, 0, 0
0, 0, 0, 0, 0, 0, 0
0, 0, 0, 0, 0, 0, 0
0, 0, 0, 0, 0, 0, 0
0.10876072640191578, 2.301800726131393, 0.926475494414803, 0.41323980176941555, 0,0, 0
0.22869686689283575, 2.124205563435224, 0.8281771196431381, 0.5315472836427648, 0,0, 0
0.6264218718818599, 3147.7957966827826, 0.5335272941487122, 0.3904301191414006, 4,5, 4
0.5442027539413291, 3.739406648514928, 0.6038016756400506, 0.43888397517621724, 0,4, 0
0.6133173684560633, 1.7432638873449424, 0.5328301433400918, 0.40288180548474645, 6,7, 6
0.6720548127452937, 1.80703986049171, 0.5111214556049923, 0.39205164362237244, 4,6, 4
0.7109026807689749, 1.408437279222285, 0.45878254702498744, 0.35575455620442964, 7,8, 7
0.7043171688950974, 1.4992690933134314, 0.4904491921467561, 0.37126888696769883, 2,4, 2
0.7415685491917781, 1.209390463214561, 0.4405258393438644, 0.3484019718096539, 6,9, 6
0.7591299141887847, 0.805449958561355, 0.4242864267901723, 0.32363971111228246, 4,5, 4
0.7876671323089204, 0.7692662266531096, 0.3685831516430082, 0.3042428034320919, 6,9, 6
0.7828776691279186, 0.8050117564682449, 0.37551957390456414, 0.30305625930737695, 3,5, 3
0.7731657021219983, 0.8445673539273926, 0.40846548754919104, 0.3069828045754265, 5,9, 5
0.7528104836027406, 1.2916849253029294, 0.39267131499279295, 0.3213304707412717, 2,8, 2
0.7685757999068715, 1.5545446958285996, 0.39430074750551564, 0.3149760590237706, 5,7, 5
0.7429654759529036, 5.510562891096264, 0.38095881060712167, 0.307537695003317, 2,7, 2
0.7846071974988359, 0.7683263621044116, 0.3741189978417767, 0.298521861087401, 5,5, 5
0.7727000598682897, 0.9668348472541343, 0.3882107883328444, 0.3066093628410439, 3,4, 3
0.6634071708907071, 28.647848626510584, 0.4278565303782209, 0.3457315719379028, 8,9, 8
0.6757134304530034, 257.289538428961, 0.42375002465140327, 0.33618475164995787, 10,12, 10
0.5927625889709306, 80175.09938225664, 0.4748949702252218, 0.3818274629493416, 4,8, 4
0.5979511740836826, 3317839.1464653476, 0.5189222156508176, 0.3429580274683659, 0,9, 0
0.4931816669992683, 2.05533060813104, 0.6574477704100883, 0.4549895224751836, 10,11, 10
0.634603871482738, 1.9467367619991716, 0.4713397308178739, 0.3589007116325222, 4,7, 4
0.6309452537750283, 34677.17386136329, 0.4728963593849611, 0.3564464844176428, 5,6, 5
0.6546930087141621, 9721024.271913227, 0.47955962530333646, 0.3599833069560273, 3,6, 3
0.6852258364930486, 279584.7382043678, 0.44185159525702333, 0.34068046122345885, 5,9, 5
0.699594226036054, 9252.320497810968, 0.39952272142268463, 0.32006987449680807, 3,5, 3
0.694006518991552, 1.6117424988773605, 0.417442496666671, 0.3407572762861408, 5,5, 5
0.7323887447615246, 1.5327307400744348, 0.36962045223517365, 0.3183273775065984, 4,6, 4
0.735049557639859, 1.4969422891473354, 0.37081983618455766, 0.3050645571602539, 9,9, 9
0.7369786469766514, 1.4630078882532096, 0.36548820353149636, 0.3101895881864648, 7,8, 7
0.7399720614647775, 1.428818346357493, 0.37779119815591955, 0.3111428572570126, 5,6, 5
0.7417681101576532, 1.4145887519095952, 0.3595715011862226, 0.3112954581077728, 4,8, 4
0.7398390208208607, 1.3897316703747697, 0.3796093799741013, 0.31169565341265293, 4,5, 4
0.7430985165968204, 63327.998445486046, 0.3641182192926763, 0.3210230417937672, 3,7, 3
0.7345173950641921, 233073.30093257152, 0.36425389563187366, 0.31182444665969383, 2,3, 2
0.7368456063327347, 51006.86432027211, 0.3720709641545203, 0.3185886976578052, 5,9, 5
0.7745626288831238, 70950.1296990487, 0.3499221848970576, 0.309998788419477, 5,6, 5
0.7645180602674116, 1.1996879422341986, 0.3567213322511153, 0.31054631229700524, 2,2, 2
0.7707709705314973, 49625.46300520115, 0.3404567307361671, 0.3024206051103151, 4,6, 4
0.7646511009113284, 45836.92370113483, 0.3318878303556225, 0.2939852596792625, 4,4, 4
0.7633872147941196, 109855.8296909356, 0.33991204395064595, 0.2958350563842589, 6,9, 6
0.7645845805893701, 266.53872275746454, 0.356987571573691, 0.31295623398016287, 6,10, 6
0.7683097186190381, 54810.60402482458, 0.34764439458011, 0.3108786531839316, 3,5, 3
0.7297944522051487, 1.4063573649605454, 0.3990687140634323, 0.3300027550124918, 3,7, 3
0.7082418678906406, 1.5368663682142116, 0.4143051723168686, 0.3435451581144357, 4,5, 4
0.7036519656755139, 111.83060199448416, 0.42569715954027715, 0.33544866248899063, 7,11, 7
0.6300804895895696, 34297.88448277724, 0.4850712973843556, 0.38362796478729644, 3,6, 3
0.6408567817468237, 5.525680932109547, 0.4640362004922081, 0.3628491950794489, 5,7, 5
0.6236280183596089, 10.831959375546829, 0.4667931735476724, 0.3572328637461018, 5,8, 5
0.6024080356548925, 123.80648372089546, 0.4883373996755643, 0.37693085874522886, 3,6, 3
0.7080423069247656, 833.5798757280368, 0.4391680238177258, 0.3621594615811939, 5,9, 5
0.7508813942659482, 842.6048030465736, 0.3822127658077178, 0.3134736653494303, 4,7, 4
0.7588638329009513, 1663.1271192751315, 0.388792873798606, 0.3202900788295556, 6,8, 6
0.7232089403312713, 2917.2729073415167, 0.43603700645000676, 0.33522901364655566, 8,9, 8
0.683629348766048, 8.060759553119405, 0.44611920614228173, 0.33864395233684763, 3,5, 3
0.706844941129515, 110.4460297007174, 0.3795490079238115, 0.32207781397903823, 7,12, 7
0.6516995942260361, 12389.789341081527, 0.3976782919632577, 0.32967163159668156, 4,8, 4
0.6183729129248986, 14.300930394161748, 0.5215386546651355, 0.3833520857424565, 7,9, 7
0.6544269274263288, 126671.60996595644, 0.46461358571773576, 0.36818725618911974, 2,5, 2
0.6015432714694339, 24446344482.71846, 0.5169109447649723, 0.38374427648097087, 10,10, 10
0, 0, 0, 0, 0, 0, 0
0, 0, 0, 0, 0, 0, 0
0, 0, 0, 0, 0, 0, 0
0, 0, 0, 0, 0, 0, 0
0, 0, 0, 0, 0, 0, 0
0, 0, 0, 0, 0, 0, 0
0, 0, 0, 0, 0, 0, 0
0, 0, 0, 0, 0, 0, 0
0, 0, 0, 0, 0, 0, 0
0, 0, 0, 0, 0, 0, 0
0, 0, 0, 0, 0, 0, 0
0, 0, 0, 0, 0, 0, 0
0, 0, 0, 0, 0, 0, 0
0, 0, 0, 0, 0, 0, 0
0, 0, 0, 0, 0, 0, 0
0, 0, 0, 0, 0, 0, 0
0, 0, 0, 0, 0, 0, 0
0, 0, 0, 0, 0, 0, 0
0, 0, 0, 0, 0, 0, 0
0, 0, 0, 0, 0, 0, 0
0, 0, 0, 0, 0, 0, 0
0, 0, 0, 0, 0, 0, 0
0, 0, 0, 0, 0, 0, 0
0, 0, 0, 0, 0, 0, 0
0, 0, 0, 0, 0, 0, 0
0, 0, 0, 0, 0, 0, 0
0, 0, 0, 0, 0, 0, 0
0, 0, 0, 0, 0, 0, 0
0, 0, 0, 0, 0, 0, 0
0, 0, 0, 0, 0, 0, 0
0, 0, 0, 0, 0, 0, 0
0, 0, 0, 0, 0, 0, 0
0, 0, 0, 0, 0, 0, 0
0, 0, 0, 0, 0, 0, 0
0, 0, 0, 0, 0, 0, 0
0, 0, 0, 0, 0, 0, 0
0, 0, 0, 0, 0, 0, 0
0, 0, 0, 0, 0, 0, 0
0, 0, 0, 0, 0, 0, 0
0.11581188052950177, 2.3009286632257444, 0.8825054649744777, 0.2803768227855265, 0,0, 0
0.22324220049225038, 2.0757791525068807, 0.8088806614252039, 0.5249846209345163, 0,0, 0
0.5348899088671589, 1.9747015260571827, 0.5611089967508139, 0.3982208721263688, 7,8, 7
0.6060666533626022, 77539.76926113859, 0.5396590591514119, 0.4107308070295367, 4,7, 4
0.5301004456861571, 2.2623279293471708, 0.6256729404487537, 0.4458051974417249, 0,7, 0
0.45433379897558707, 3.738022291971662, 0.7040227571350764, 0.4692307663437252, 5,8, 5
0.2718685558438103, 91.8143687819639, 0.8513110773047751, 0.5491323456877536, 3,9, 3
0.2774562628883124, 19.11263020351131, 0.8382880565477437, 0.537105965406507, 3,5, 3
0.27386416550256104, 19.07916431885785, 0.8423179072940123, 0.5410485220569643, 5,7, 5
0.2495177276658019, 39.19980452738693, 0.8579806165637669, 0.5562086549921205, 4,8, 4
0.48606399254972393, 3.1284378744410466, 0.6805171861918814, 0.4541913608077079, 4,4, 4
0.32388744761524646, 12.73412413577998, 0.8094371991968201, 0.5050847634015305, 2,5, 2
0.3657952504490122, 13.015680297097937, 0.7806713009456278, 0.49599302933369865, 3,6, 3
0.36246923435109424, 22.20415567881313, 0.7816564649227229, 0.4910874048402547, 4,7, 4
0.4020488259163174, 16.497986956441192, 0.7369424127101698, 0.46839390990933694, 4,8, 4
0.4762189848998869, 13.143406674160559, 0.7066012790287972, 0.4618643419025154, 3,6, 3
0.4752877003924699, 13.53846765498546, 0.7004788302548686, 0.47008800173182297, 4,8, 4
0.4812080090467638, 13.263350157373372, 0.6959363054118018, 0.46763774788826834, 3,6, 3
0.5247122996075301, 6.0313202438251565, 0.6326985269556306, 0.42738399908258756, 4,4, 4
0.5069513736446485, 6.551499642315754, 0.6671508118250977, 0.43848141158450893, 3,5, 3
0.575001663008049, 3.232574690743733, 0.5817423106967345, 0.4155473425138742, 4,5, 4
0.6224971728863168, 2.134256928765432, 0.5446154654631367, 0.39237569105562214, 4,4, 4
0.6548925696800373, 1.4617245980029385, 0.5257886476877407, 0.38865018873479534, 8,8, 8
0.4403645313643318, 3.634653365377611, 0.7224942266242746, 0.4651592911788209, 5,8, 5
0.47422337524113617, 3.4573761173166093, 0.6874060552777977, 0.45009845586253966, 5,6, 5
0.4788132774562629, 4.489921118374122, 0.6886352911581964, 0.4544745902674533, 4,7, 4
0.4710969201090933, 6.447065727033614, 0.7010842707500332, 0.4594980346559506, 5,8, 5
0.5584381028404177, 4.149655230518485, 0.6183720929808458, 0.4262510492741756, 5,6, 5
0.5024279917514801, 5.482664539858538, 0.6629449961617668, 0.43932964377386274, 2,5, 2
0.5771968336326748, 4.147717850772781, 0.5840182927301513, 0.4164532851513795, 5,7, 5
0.5783941994279252, 4.0891339134194915, 0.5829179967625986, 0.41312749468972776, 2,4, 2
0.5805228497305926, 4.694444738858022, 0.5975498693066839, 0.42633435330225067, 6,10, 6
0.6208341648373578, 3.0188793022164377, 0.5659959030254971, 0.4017561964153373, 5,5, 5
0.5982837756934744, 4.617959166948437, 0.5724950393552524, 0.40422250604862986, 3,8, 3
0.5954234018492649, 4.1747783594027075, 0.6103483181902436, 0.4138777837467619, 4,5, 4
0.6263553515599015, 3.1280757524998104, 0.5576249117496151, 0.40107925602603245, 10,12, 10
0.6464444887913258, 3.055924181630101, 0.5320513123910333, 0.38553452064673344, 6,9, 6
0.6483735781281181, 3.1060576699019413, 0.5144877401217506, 0.367893840714944, 5,7, 5
0.6351360340584048, 2.9641922962204768, 0.5352372780611242, 0.36259588330468523, 5,8, 5
0.6590833499634138, 2.8099850314359287, 0.499647766584227, 0.3535580649259326, 4,5, 4
0.6956695270405109, 2.4926680977172717, 0.4721063807031635, 0.35750636345671966, 4,4, 4
0.6878201290494246, 2.6882539525100273, 0.48299037206943274, 0.3487912520792314, 4,8, 4
0.6871549258298411, 2.7318065140744463, 0.48552569291817355, 0.3505124025959531, 7,9, 7
0.6690613982571676, 2.731606733348275, 0.4959897741770555, 0.3582229830129948, 2,4, 2
0.6960021286503026, 2.538521481299697, 0.4552215647299096, 0.32952907737425385, 4,5, 4
0.6961351692942194, 2.4555452323181903, 0.4584927598107372, 0.34347546861328465, 3,6, 3
0.6660679837690414, 2.5263141116879715, 0.49221699454099865, 0.3602286918187261, 2,6, 2
0.7377103705181933, 2.430797872335144, 0.4343880617304262, 0.32377087444954467, 3,7, 3
0.7407703053282778, 2.3096076717235734, 0.4311314088599448, 0.32587019402133194, 4,6, 4
0.7275327612585645, 2.4686035943906606, 0.44789623907678555, 0.34168873107035735, 4,8, 4
0.7371116876205681, 2.4861537517500985, 0.4288052099476981, 0.3345928321280875, 3,4, 3
0.7314574602541076, 2.371650296387107, 0.43146804825755225, 0.32304403847982077, 5,6, 5
0.7375773298742766, 2.3313913629488336, 0.4375750581171404, 0.34118870871882284, 6,7, 6
0.7191512006918114, 2.5673228098302094, 0.45576452350707186, 0.3280262778877355, 7,12, 7
0.6010111088937671, 7.856857553889711, 0.525754673968681, 0.32506254945712165, 4,8, 4
0.5637597285970865, 15.004644715207283, 0.5681445683557567, 0.33783944526466003, 7,12, 7
0.66207676445154, 2.603230891682355, 0.49363171951928, 0.35474677500941626, 8,8, 8
0.6155125390806891, 16.260976016764285, 0.5368405635912876, 0.3049712528903202, 4,7, 4
0.6599481141488724, 5.367567709850346, 0.4893546743121243, 0.3180997189870739, 5,6, 5
0.6681966340717089, 4.169123980910536, 0.4712896790345544, 0.28474050940088313, 4,5, 4
0.6327413024679039, 7.467696468932628, 0.4748083175292182, 0.3138465829081435, 7,8, 7
0.5556442493181667, 64.18173233163562, 0.5191877997390216, 0.3328170097128698, 4,9, 4
0.563693208275128, 23.532214213590937, 0.5055388907180205, 0.32646738544523884, 2,6, 2
0.5860440364531364, 7.546557439982712, 0.5057618097462724, 0.3190443580635832, 5,6, 5
0.666733186988625, 2.5421673536005707, 0.46211641502957723, 0.35587747288478894, 7,7, 7
0.5994146211667665, 25.32842118253653, 0.5038146537185068, 0.30307885847960375, 5,7, 5
0.6982638195968869, 3.240525971385943, 0.4469650298517287, 0.3141396545053713, 3,6, 3
0.7241402248386882, 2.7126308338098184, 0.41973379894920193, 0.3068528295944539, 4,8, 4
0.6133173684560633, 48.10540043127252, 0.5124490605769272, 0.3337620308146046, 6,10, 6
0.7116344043105168, 3.044056807212482, 0.42369813312038773, 0.30976864129767784, 3,5, 3
0.6445153994545334, 7.064405466373832, 0.4650427117010809, 0.3256055741437296, 4,5, 4
0.6624758863832901, 5.513668923283401, 0.4366259816432772, 0.3047528031811787, 7,8, 7
0.7152930220182265, 2.058510427465744, 0.4163874567297169, 0.3128295384851039, 6,7, 6
0.6406572207809486, 46.28859286755039, 0.48493813305894684, 0.3134148710460783, 2,7, 2
0.7281314441561897, 1.8481542727711666, 0.4207349589191898, 0.347295586318342, 6,7, 6
0.7319896228297745, 2.00238034341809, 0.42022847400818975, 0.3212618863545131, 6,7, 6
0.646843610723076, 5.0485805675655095, 0.44349790513802195, 0.31131920934861756, 6,10, 6
0.6992616244262623, 1.7614549912306938, 0.43731739330120756, 0.32780481044126936, 4,5, 4
0.747688418811947, 1.678604406871401, 0.39802305841923924, 0.3219191104564688, 3,5, 3
0.7437637198164039, 1.5379546504567514, 0.42204012453800566, 0.33685436602369856, 6,6, 6
0.6754473491651699, 7.363326834520377, 0.4369899868919233, 0.3021461889354785, 2,4, 2
0.7214794119603539, 2.38191345825978, 0.38490210206256475, 0.29737903244429237, 4,6, 4
0.7277988425463979, 2.1958115351367815, 0.39516268838131924, 0.29186741967190627, 4,5, 4
0.658750748353622, 16.487745345786205, 0.44724077693122927, 0.30361982666421305, 4,7, 4
0.6878201290494246, 3.07078280062163, 0.43860085086917605, 0.3212686701561411, 3,5, 3
0.6580855451340385, 7.00711702862908, 0.45698732693997, 0.3155225052632312, 4,7, 4
0.6572207809485798, 34.3657951004776, 0.4627743172781205, 0.3252881128278503, 4,7, 4
0.704051087607264, 1.951113842281591, 0.42115784286739716, 0.33622584998832117, 5,7, 5
0.7019889576265549, 1.8561037333716506, 0.45666301195394465, 0.3461183674282608, 3,3, 3
0.7065123395197233, 1.7506431847063637, 0.42368468683031874, 0.3348184103075201, 5,9, 5
0.7274662409366062, 1.7386345847827758, 0.4446235798367518, 0.3373207635405609, 8,10, 8
0.717222111355019, 2.4116075070659226, 0.4578478836319878, 0.32741969380266867, 5,8, 5
0.6650036586177077, 5.802417919911271, 0.4622676042031528, 0.32171632102234715, 6,8, 6
0.5865761990288033, 27.08475851044431, 0.5212162742542167, 0.34691929151250356, 6,8, 6
0.6433845539812413, 7.362201767359854, 0.46288288342172207, 0.3214975723676477, 4,8, 4
0.6731191378966275, 2.923272042753416, 0.4484945537323835, 0.3225236124379717, 3,5, 3
0.6415219849664072, 5.165832905689428, 0.446878292180338, 0.3258067207339507, 5,6, 5
0.685491917780882, 1.8994395924891971, 0.4526447699105487, 0.3489719839819517, 6,6, 6
0.6087274662409367, 19.928974942117566, 0.4996744595306895, 0.3370884428504696, 5,7, 5
0.6875540477615911, 1.8371040914988088, 0.47358221082072305, 0.3596683400400382, 2,3, 2
0.7121000465642253, 1.6964332266056474, 0.44858627111772875, 0.34600873492930456, 2,2, 2
0.08774030466307457, 2.3029549688840274, 0.9209431921077007, 0.3143830989955894, 0,0, 0
0.18805295017627885, 2.1617995054788604, 0.8255502046518839, 0.5123301622700267, 0,0, 0
0.6050023282112685, 62211.779339811415, 0.5007910117629993, 0.38016047620730403, 5,6, 5
0.4003858178673585, 6.376614288440449, 0.6142710456734358, 0.4808724170638541, 0,5, 0
0.21499368056941395, 246.64880494288502, 0.8059527462330071, 0.538850441426567, 2,7, 2
0.2772567019224373, 27.696825721771297, 0.7022044254464845, 0.4996430461668633, 2,4, 2
0.5763320694472162, 1.943801925869514, 0.515292682972832, 0.4023129837237835, 6,6, 6
0.3754406971329741, 10.481137179171059, 0.6747766074338095, 0.47998516797214436, 3,4, 3
0.2451939067385086, 80.58652118523148, 0.7627688442891319, 0.5277946235223283, 5,9, 5
0.4323820927293288, 7.080236439736915, 0.5848635145159619, 0.4444296297015314, 4,4, 4
0.4216723208940331, 7.839150650148655, 0.6081654159750508, 0.45176300679710635, 3,5, 3
0.38781347701722874, 16.59978109171214, 0.6573319106280602, 0.4800650913932655, 4,8, 4
0.5414754207410364, 5.480241881812964, 0.5174008392820398, 0.41497039548299136, 2,3, 2
0.5454001197365795, 3.6349178614818856, 0.5393936647279022, 0.4215816107448609, 4,6, 4
0.6874875274396328, 1.482136425053516, 0.42949611106886715, 0.3459004374827064, 3,3, 3
0.49896893500964545, 7.566713955678542, 0.611112708742896, 0.44940072342807147, 7,10, 7
0.5133373245526508, 5.338652998590413, 0.5873589719683284, 0.4305653108462629, 3,6, 3
0.5980176944056409, 4.120225817415051, 0.4911832789454407, 0.381827392752553, 6,9, 6
0.6725869753209606, 2.5794322722820393, 0.4602708290546992, 0.3633763302051453, 6,8, 6
0.6705248453402515, 1.8821895565856195, 0.4757888211272639, 0.35908978420682436, 6,6, 6
0.6667997073105834, 1.948917857829334, 0.4977792426525686, 0.3743271998383904, 2,4, 2
0.7015898356948047, 1.4993849406330626, 0.4250295164688327, 0.3521373989567007, 5,6, 5
0.7119004855983503, 1.3077988568534116, 0.4111511024496155, 0.3285968821802863, 5,8, 5
0.7519457194172819, 0.9841495140200358, 0.3706464862027381, 0.3168983959186667, 3,3, 3
0.7582651500033261, 0.8996439752521502, 0.37109230825029116, 0.31524921312630666, 2,2, 2
0.7611920441694938, 0.9393759017065098, 0.38809372252571966, 0.3218265210040802, 2,4, 2
0.774230027273332, 0.8956160801875174, 0.4087935271223772, 0.31080096863002793, 5,6, 5
0.6949378034989689, 1.7320078083400772, 0.4653521170211514, 0.3279494705741909, 3,4, 3
0.7320561431517328, 1.6108213013325994, 0.40016777283953964, 0.295176839176809, 6,9, 6
0.7277988425463979, 1.7889801016667868, 0.4488548460177349, 0.32027950286970674, 5,9, 5
0.7780882059469167, 0.80528757319072, 0.38237733582272787, 0.3077104861584611, 5,5, 5
0.6081953036652697, 5.1566871634763025, 0.5258048278159888, 0.332091320621394, 5,8, 5
0.7772899620834165, 0.8354248007450447, 0.3995277491612542, 0.3167961351205229, 5,5, 5
0.7202155258431451, 2.1372670012907804, 0.4303511888400839, 0.30299675994119996, 7,9, 7
0.748420142353489, 1.1428609500756624, 0.36346193323949066, 0.29518647688602945, 7,8, 7
0.7303931351027739, 3.5261068155819455, 0.41484271029390685, 0.2874784860573637, 2,5, 2
0.7016563560167631, 6.2636543574031265, 0.44805416240177365, 0.3186573412734734, 6,9, 6
0.7011907137630546, 2.684010775752201, 0.4501705374767267, 0.29273302970573273, 5,7, 5
0.6882192509811748, 5.284578406926152, 0.46614142293090366, 0.3273366447492765, 4,5, 4
0.6960021286503026, 2.7030186910383898, 0.4116710087390006, 0.31963204286546226, 3,6, 3
0.6913457061132176, 2.680771390529709, 0.4284995330998697, 0.3146412444394597, 6,8, 6
0.7907935874409632, 0.7187500547116747, 0.33271137637194137, 0.28848120253680926, 3,4, 3
0.7933213596753809, 0.6898842951630643, 0.3164911947509059, 0.28228309679978586, 4,4, 4
0.700325949577596, 2.991287149324822, 0.42429537111122734, 0.31311558047943583, 2,3, 2
0.7031863234218053, 15.472028000896803, 0.4063941741568148, 0.30504527422492544, 4,7, 4
0.6820993813610058, 9.630459811954161, 0.41561869721684697, 0.3265350932469014, 6,9, 6
0.7109026807689749, 1.6135698787403456, 0.3933685526749225, 0.3257924911208678, 5,6, 5
0.7756934743564159, 0.8493688029981377, 0.32871901548953, 0.2929160581118734, 4,7, 4
0.7270005986828977, 1.649580670710109, 0.4035265674719178, 0.303622843148393, 5,7, 5
0.6983303399188452, 2.8914235666646815, 0.4049042566518469, 0.31348349506946444, 6,9, 6
0.682698064258631, 3.5611537037543077, 0.3881469892709672, 0.31455482210702984, 5,8, 5
0.7842080755670857, 0.7614183295013317, 0.33107506947264953, 0.2887550151130669, 7,8, 7
0.7958491319097984, 0.7184596210052429, 0.30769015624525176, 0.2803459508792078, 3,6, 3
0.717421672320894, 14.239587779693917, 0.3846416039427472, 0.3085306695264594, 3,6, 3
0.7666467105700792, 0.8318108230472951, 0.34088626479932777, 0.29695808312832545, 4,6, 4
0.6543604071043704, 1443.1180724082112, 0.42854044676868275, 0.3455252657230819, 3,6, 3
0.6292822457260693, 64375.030553972734, 0.5017837833714031, 0.39071195696193356, 3,10, 3
0.5649570943923369, 3.4908485829854836, 0.5554796858993218, 0.4149666924810191, 11,6, 5
0.5492582984101643, 394108.3553591928, 0.5453740382086293, 0.4141842724267881, 4,7, 4
0.33446417880662543, 1.0299475755815136e+16, 0.7877748604375783, 0.4675303573667874, 0,6, 0
0, 0, 0, 0, 0, 0, 0
0, 0, 0, 0, 0, 0, 0
0, 0, 0, 0, 0, 0, 0
0, 0, 0, 0, 0, 0, 0
0, 0, 0, 0, 0, 0, 0
0, 0, 0, 0, 0, 0, 0
0, 0, 0, 0, 0, 0, 0
0, 0, 0, 0, 0, 0, 0
0, 0, 0, 0, 0, 0, 0
0, 0, 0, 0, 0, 0, 0
0, 0, 0, 0, 0, 0, 0
0, 0, 0, 0, 0, 0, 0
0, 0, 0, 0, 0, 0, 0
0, 0, 0, 0, 0, 0, 0
0, 0, 0, 0, 0, 0, 0
0, 0, 0, 0, 0, 0, 0
0, 0, 0, 0, 0, 0, 0
0, 0, 0, 0, 0, 0, 0
0, 0, 0, 0, 0, 0, 0
0, 0, 0, 0, 0, 0, 0
0, 0, 0, 0, 0, 0, 0
0, 0, 0, 0, 0, 0, 0
0, 0, 0, 0, 0, 0, 0
0, 0, 0, 0, 0, 0, 0
0, 0, 0, 0, 0, 0, 0
0, 0, 0, 0, 0, 0, 0
0, 0, 0, 0, 0, 0, 0
0, 0, 0, 0, 0, 0, 0
0, 0, 0, 0, 0, 0, 0
0, 0, 0, 0, 0, 0, 0
0, 0, 0, 0, 0, 0, 0
0, 0, 0, 0, 0, 0, 0
0, 0, 0, 0, 0, 0, 0
0, 0, 0, 0, 0, 0, 0
0, 0, 0, 0, 0, 0, 0
0, 0, 0, 0, 0, 0, 0
0, 0, 0, 0, 0, 0, 0
0, 0, 0, 0, 0, 0, 0
0, 0, 0, 0, 0, 0, 0
0, 0, 0, 0, 0, 0, 0
0, 0, 0, 0, 0, 0, 0
0.12425996141821326, 2.3021487910091096, 0.8572177814190926, 0.2894121520279924, 0,0, 0
0.23222244395662875, 2.151571879909161, 0.7956685142378026, 0.45381080381317707, 0,0, 0
0.39466507017893965, 1.9759940048219407, 0.6809065787078934, 0.31817938776432675, 6,6, 6
0.5734716956030067, 1738.933784658872, 0.525082953146514, 0.4024647694991829, 4,6, 4
0.5856449145213862, 3.1646035402934665, 0.567553751963095, 0.42335089150808763, 0,5, 0
0.625889709306193, 1.655598088468082, 0.530150621348912, 0.39933750844868754, 5,9, 5
0.6070644581919776, 1.354598374243043, 0.5509276506052313, 0.39582279288769867, 5,5, 5
0.7627885318964944, 0.7948071161893844, 0.4297920159890613, 0.33454571284267964, 4,8, 4
0.7724339785804564, 0.827243697812138, 0.4030172959318554, 0.3227782865320796, 2,6, 2
0.7848067584647109, 0.8212808146144611, 0.3774693623455775, 0.31152532736544514, 6,10, 6
0.7800172952837092, 0.6731336675296472, 0.3752803841492955, 0.3063241338743523, 4,5, 4
0.7465575733386549, 0.7415325735434526, 0.440052734293933, 0.3333348728401279, 5,7, 5
0.7527439632807823, 0.7500356485344887, 0.43321330449022677, 0.3313318195073597, 6,7, 6
0.7119670059203087, 2.10516856136141, 0.3858323792386566, 0.3254453579623759, 3,6, 3
0.7691744828044967, 1.1087308537812777, 0.33808389567301467, 0.2917946647970127, 2,3, 2
0.7885984168163374, 0.6286901435114741, 0.35019409210777125, 0.30109589970777856, 4,4, 4
0.7415020288698198, 14.084402790668387, 0.3704227946033559, 0.3164893909187476, 2,7, 2
0.78646976651367, 0.6111937770719479, 0.3569838898261812, 0.3025210300836498, 5,5, 5
0.7727665801902481, 0.6767176312842987, 0.40085350516482493, 0.3272199324750968, 6,7, 6
0.6525643584114947, 91.75338219023944, 0.4336899527731438, 0.35530350250219245, 5,8, 5
0.6193707177542739, 180135.10139345034, 0.46515353842787044, 0.38689584907811536, 3,7, 3
0.6240936606133174, 60.675792736999206, 0.4841993752632927, 0.38381019076144257, 0,6, 0
0.4055078826581521, 61.05053588616864, 0.6621323079097021, 0.48141064751360213, 4,8, 4
0.5148672919576931, 5.333681049391284, 0.5528458752717985, 0.4370536742295632, 9,9, 9
0.6490387813477018, 1.9290219085680116, 0.4536316256674835, 0.3694940610682321, 5,5, 5
0.6493713829574935, 1.414100251972195, 0.44893365980465694, 0.3682156771245215, 4,4, 4
0.6082618239872281, 1.6641911519019927, 0.4958979431711249, 0.3965504345699612, 4,5, 4
0.506685292356815, 898.61364651538, 0.5536659937768226, 0.4184789171412388, 6,9, 6
0.6905474622497173, 1.5893424516976007, 0.4151638503255851, 0.3390159133184105, 3,5, 3
0.765116743165037, 1.866888724134096, 0.3504843666768427, 0.31017803618571166, 4,7, 4
0.7741635069513736, 1.3626003736035086, 0.35082242034248956, 0.31994041008472207, 6,8, 6
0.6882857713031331, 21214.170009935362, 0.43062835992997245, 0.3343256286034184, 4,8, 4
0.5487261358344975, 2.0419315611745974, 0.6008630614737246, 0.41856062836577124, 0,11, 0
0, 0, 0, 0, 0, 0, 0
0.08820594691678307, 2.301336916130729, 0.9052391377181367, 0.4563976471901014, 0,0, 0
0.3002727333200293, 2.046983216778371, 0.7755554823229173, 0.42797454493946696, 0,0, 0
0.7152265016962682, 8.802528641305852, 0.43095195179422485, 0.33794129318754473, 3,5, 3
0.6280848799308189, 4817.253235182093, 0.5177180429913649, 0.38819947967094115, 6,9, 6
0.7149604204084348, 4.900018180097405, 0.4354130643165764, 0.3497047285911263, 0,6, 0
0.6757134304530034, 1.6987999992271259, 0.45450111126251513, 0.34697341595978526, 5,6, 5
0.7629880928623695, 1.3587359456647887, 0.40343784453503423, 0.3241812804211844, 5,6, 5
0.7745626288831238, 1.2503867288616743, 0.3832725931197828, 0.3172793063720708, 5,7, 5
0.7509479145879066, 1.242962561195126, 0.4162417035488018, 0.3255002907700984, 6,9, 6
0.7484866626754474, 1.200780572240835, 0.43083973129408, 0.34392486646784914, 5,7, 5
0.7734983037317901, 0.9549913261025531, 0.3823492689824308, 0.31170971467247194, 2,2, 2
0.761790727067119, 0.9243716167314908, 0.4114065304591964, 0.3210499648284217, 4,8, 4
0.7554047761591166, 0.8778523509055493, 0.43513515519106144, 0.3255320466179381, 4,6, 4
0.779618173351959, 0.7522713718291548, 0.38444669487294436, 0.3137006409062126, 6,6, 6
0.7774895230492915, 0.7374588237266718, 0.39224164744769907, 0.30907430111008877, 4,6, 4
0.7507483536220315, 0.7514406033436122, 0.4448525484406754, 0.3310480956755313, 4,6, 4
0.7254706312778554, 0.7770891297717774, 0.4482738642372177, 0.3461232170879506, 5,7, 5
0.73784341116211, 0.8089676215870013, 0.431287860058019, 0.3393217599157737, 3,5, 3
0.7333865495909, 0.8156251757973982, 0.46095087623212555, 0.3361695174045151, 4,9, 4
0.7733652630878733, 0.7642762201347475, 0.4138655071209789, 0.3134309443272883, 7,7, 7
0.7719018160047895, 0.7775569534635356, 0.41733208345340883, 0.31980982952856263, 4,7, 4
0.7464910530166966, 0.8754344069667996, 0.459800480270853, 0.3517430417641586, 4,7, 4
0.7565356216324087, 0.807641249100848, 0.44990964376408527, 0.32704000523040105, 3,4, 3
0.7695736047362469, 0.7599677357947552, 0.4192988341250128, 0.3363374211250287, 3,5, 3
0.7496175081487394, 0.8169450226368038, 0.46625616931583935, 0.34548795117892594, 3,5, 3
0.7588638329009513, 0.7902815120991896, 0.43368940477946333, 0.3380004232676283, 8,11, 8
0.7595290361205348, 0.9593515988610433, 0.41632927884588783, 0.3416328159963254, 3,7, 3
0.7196168429455199, 1.1238706093433561, 0.5100010978241979, 0.35914038994246217, 5,8, 5
0.7505487926561565, 1.0595701279925953, 0.4275227879502782, 0.3203495696110052, 5,7, 5
0.7478214594558638, 1.5317720410024116, 0.4260238986567739, 0.32685747284734595, 6,9, 6
0.6949378034989689, 2.1526429899653046, 0.4517886536035106, 0.3379507626114109, 6,7, 6
0.6774429588239207, 1.4668827151111092, 0.4588537524641748, 0.3368523705016346, 5,7, 5
0.6443823588106167, 24411.326550541136, 0.5016885866743346, 0.3833477010538311, 3,6, 3
0.5502561032395397, 54333733343169.82, 0.5647731384101606, 0.39041032010174226, 7,8, 7
0, 0, 0, 0, 0, 0, 0
0, 0, 0, 0, 0, 0, 0
0, 0, 0, 0, 0, 0, 0
0, 0, 0, 0, 0, 0, 0
0, 0, 0, 0, 0, 0, 0
0, 0, 0, 0, 0, 0, 0
0, 0, 0, 0, 0, 0, 0
0, 0, 0, 0, 0, 0, 0
0, 0, 0, 0, 0, 0, 0
0, 0, 0, 0, 0, 0, 0
0, 0, 0, 0, 0, 0, 0
0, 0, 0, 0, 0, 0, 0
0, 0, 0, 0, 0, 0, 0
0, 0, 0, 0, 0, 0, 0
0, 0, 0, 0, 0, 0, 0
0, 0, 0, 0, 0, 0, 0
0, 0, 0, 0, 0, 0, 0
0, 0, 0, 0, 0, 0, 0
0, 0, 0, 0, 0, 0, 0
0, 0, 0, 0, 0, 0, 0
0, 0, 0, 0, 0, 0, 0
0, 0, 0, 0, 0, 0, 0
0, 0, 0, 0, 0, 0, 0
0, 0, 0, 0, 0, 0, 0
0, 0, 0, 0, 0, 0, 0
0, 0, 0, 0, 0, 0, 0
0, 0, 0, 0, 0, 0, 0
0, 0, 0, 0, 0, 0, 0
0, 0, 0, 0, 0, 0, 0
0, 0, 0, 0, 0, 0, 0
0, 0, 0, 0, 0, 0, 0
0, 0, 0, 0, 0, 0, 0
0, 0, 0, 0, 0, 0, 0
0.09971396261557906, 2.3053329769488, 0.93776547554531, 0.4176635572033455, 0,0, 0
0.20548127452936873, 2.1589633751013064, 0.8326571653413241, 0.5322650776592309, 0,0, 0
0.7488192642852392, 1.8265975008785889, 0.3844823132911532, 0.3226575805868952, 5,6, 5
0.6222310915984833, 3704.3388171770694, 0.5117026972097923, 0.3914715156700076, 5,7, 5
0.5072839752544402, 4.7757263658457365, 0.6055134508977076, 0.44102412400699753, 0,5, 0
0.5422736646045366, 2.206817712693314, 0.5673616860341142, 0.41710757592893577, 5,5, 5
0.5511208674249983, 1.5076482292427293, 0.5640233998865432, 0.4237206869814568, 8,8, 8
0.6144482139293554, 1.3639475827167977, 0.5378028209290554, 0.4001298671329889, 4,5, 4
0.6395928956296149, 1.5542152889228953, 0.5175989519665685, 0.37995907467771944, 4,9, 4
0.6793720481607131, 1.6241027332342026, 0.4888771901620994, 0.3735050923082702, 3,6, 3
0.6630080489589569, 1.373784054629517, 0.49081980386538454, 0.37573741558689683, 5,6, 5
0.6630080489589569, 1.3037474587878009, 0.5122084691998945, 0.3718280374514829, 4,6, 4
0.7391738176012772, 1.148699508638554, 0.4534454605397529, 0.3441318780538159, 4,7, 4
0.7113018027007251, 1.29656893873829, 0.49498410522105274, 0.3552756676940039, 4,6, 4
0.7375108095523182, 1.1478643754471398, 0.443431439771641, 0.330203555148666, 7,8, 7
0.72892968801969, 1.1219042742838365, 0.4887570000804108, 0.336337833885056, 6,9, 6
0.7653828244528703, 0.9386725720163157, 0.4184666763562626, 0.32055302825593673, 4,5, 4
0.7727665801902481, 0.971466409134662, 0.39519807755877023, 0.31118911829434637, 4,4, 4
0.7837424333133772, 0.6998916348911844, 0.35647083970380045, 0.30320917186584806, 5,12, 5
0.7907935874409632, 0.7793388977044208, 0.3554589541931374, 0.2961536840195173, 5,6, 5
0.7900618638994212, 0.8284355381802352, 0.3598153878859883, 0.29698996711915926, 3,4, 3
0.7223441761458126, 2.7365256750032327, 0.42644675612900046, 0.3185161532881359, 5,8, 5
0.7913922703385884, 0.7912905085199545, 0.3540207924943981, 0.29442344008670596, 4,5, 4
0.7932548393534224, 0.7269645227571158, 0.3507488498459553, 0.29455678862918644, 9,9, 9
0.7642519789795783, 2.4040356481003244, 0.40057082658376153, 0.31815275278810695, 6,7, 6
0.7199494445553116, 1.9179080251112615, 0.3927438426051066, 0.3192411236480859, 4,7, 4
0.7113683230226834, 250.68471576823308, 0.4350659058330501, 0.34584632060192483, 2,6, 2
0.7618572473890773, 1.0250941135455331, 0.40524214728720637, 0.3242407314800522, 5,5, 5
0.7721678972926229, 0.9182178970435941, 0.3928693995407416, 0.30850902442745887, 5,6, 5
0.766247588638329, 0.9261138748205273, 0.4203862748894656, 0.32547717441193613, 3,5, 3
0.7821459455863766, 0.8114135812029661, 0.37533868196283415, 0.3000124485213049, 4,7, 4
0.670258764052418, 1052.2552306348016, 0.4216144527220079, 0.3396200914069027, 6,11, 6
0.6063992549723941, 2270.7992715328587, 0.49386474076092457, 0.4002026047344712, 7,10, 7
0.6030067185525178, 205991.51621782046, 0.47954288624744845, 0.38164279647477994, 5,8, 5
0.6954034457526774, 65.00168359397699, 0.430058939366873, 0.35614845120620814, 0,4, 0
0.6629415286369986, 30.028328582473353, 0.44989266764831387, 0.36157470228974575, 5,8, 5
0.7206811680968536, 3.9706247732997664, 0.4015110241315898, 0.33239941885579777, 7,9, 7
0.727266679970731, 2.4209210407552635, 0.3699114823662085, 0.3135683391364681, 3,7, 3
0.736912126654693, 1.9549073689324885, 0.3632770680351255, 0.3208157117727839, 4,5, 4
0.7381760127719018, 1.5507484380691197, 0.37554123099880404, 0.3148648186590678, 5,5, 5
0.7399055411428191, 1.4967118150588559, 0.36345094293384783, 0.3079465789195559, 5,7, 5
0.7364464844009845, 1.5643789179414596, 0.3570085609795109, 0.29872811357391416, 6,7, 6
0.7471562562362802, 1.456055794846028, 0.36055599897095164, 0.29921606477366136, 8,8, 8
0.7484866626754474, 1.2627875495421028, 0.3375176235331987, 0.3006671623805156, 4,8, 4
0.7475553781680303, 1.3403359924757785, 0.33854679980093166, 0.299812902248145, 3,6, 3
0.7488857846071975, 1.226590994198528, 0.3370963935390759, 0.30353968218802596, 5,8, 5
0.736180403113151, 2.333250713301984, 0.3493725562036057, 0.3093369661863495, 6,11, 6
0.7405707443624027, 1.0649364432613886, 0.35930845891866475, 0.313654690870897, 4,8, 4
0.7479545000997805, 1.0223190062991396, 0.3422848058799741, 0.3098884542928923, 8,8, 8
0.7506818333000732, 0.9985383216268525, 0.3474078156401372, 0.30831494783482927, 4,6, 4
0.7491518658950309, 0.9047067478674162, 0.32803999270430756, 0.29813468435043805, 3,5, 3
0.7526109226368656, 0.8720306998498529, 0.3306381087872712, 0.29744725163411007, 5,7, 5
0.7498170691146145, 1.8904348031863458, 0.32667956822559835, 0.2986789926953188, 5,7, 5
0.7673784341116211, 1.2560076116724355, 0.3304706611304571, 0.29453185618340105, 5,6, 5
0.7637198164039114, 0.6703187019839426, 0.34145088104339666, 0.2982666073163848, 4,6, 4
0.7875340916650037, 2.547079652205027, 0.3288008584693516, 0.2873454312361612, 4,8, 4
0.7873345306991286, 1.4822681455956248, 0.3189881541479735, 0.2984641076003574, 4,4, 4
0.7455597685092796, 30.526999800604788, 0.34785611058180904, 0.3075649013926979, 5,7, 5
0.7070445020953902, 6.121200928191748, 0.439344514881736, 0.3449430165175723, 5,5, 5
0.7478214594558638, 1.3653679422058191, 0.4190260047133589, 0.33120850245323186, 4,9, 4
0.7619237677110358, 0.8574668035236336, 0.37938469585173856, 0.32913072252175707, 3,6, 3
0.7414355085478613, 8.179975382493291, 0.382541628225365, 0.3209261674666402, 3,7, 3
0.7597951174083682, 1.8869605009382224, 0.3512831181104927, 0.3020473284689756, 5,8, 5
0.7687753608727467, 0.699922639973143, 0.3326981521750784, 0.29240828737889674, 4,5, 4
0.7928557174216723, 0.5930958244278981, 0.314318713810459, 0.2898514618712155, 3,6, 3
0.7610590035255771, 1.5436074382992535, 0.35015673055814145, 0.30291015455198106, 5,7, 5
0.7638528570478281, 0.920929391242836, 0.36385079798602715, 0.31449955988411, 3,7, 3
0.771635734716956, 0.7264262218706458, 0.3503817390473072, 0.29757286504932673, 4,5, 4
0.7593959954766181, 4.551443939581457, 0.3561550114829561, 0.3159710465661594, 7,9, 7
0.588372247721679, 974072.3819615637, 0.48360655194661284, 0.3731340913513368, 4,8, 4
0.44894565289696003, 2.043725163416576, 0.6614607668255608, 0.4445781538707025, 5,7, 5
0.36439832368788666, 7890.297529033166, 0.7141273045288223, 0.5144629441116002, 3,8, 3
0.42100711767444954, 14.013735484707905, 0.6854328213775983, 0.483272742873841, 6,10, 6
0.47914587906605466, 21.070191348779954, 0.6261408309444895, 0.4600963258738286, 7,9, 7
0.44282578327679106, 15.249718867803185, 0.6671714772593924, 0.4674610128994855, 4,7, 4
0.5357546730526176, 9.99259355802861, 0.5565617594765873, 0.42829038067213326, 8,9, 8
0.6253575467305261, 1.8872431921045745, 0.48804927794388286, 0.38898111690302345, 2,3, 2
0.7329209073371915, 1.015941062271549, 0.39165307920849396, 0.34495202947082393, 3,4, 3
0.5310982505155325, 13.484963189330498, 0.5531946854493514, 0.40970414933002003, 4,8, 4
0.6735182598283775, 4.060122441273433, 0.4435827145377103, 0.36302668828052204, 7,9, 7
0.5851127519457194, 1605.6592559407597, 0.5057750115006016, 0.39392961962007583, 4,7, 4
0.6858245193906739, 4.862622194856784, 0.4292803724360374, 0.34862240842943165, 5,7, 5
0.7215459322823122, 3.0398082207354107, 0.3677443080597215, 0.31430339778477534, 2,4, 2
0.7244063061265217, 3.0489705171228962, 0.34340742005044494, 0.2949687404944265, 2,6, 2
0.712765249783809, 4.116084716165257, 0.3465985359038234, 0.3021945094296268, 5,8, 5
0.7159582252378102, 134.54702560646732, 0.35492786937063164, 0.3027699348707847, 3,7, 3
0.7202820461651034, 3.9015227408001065, 0.3534497463453514, 0.30617140804064946, 6,7, 6
0.7327878666932748, 5.702612771181379, 0.3445239054981099, 0.29329460690979636, 4,5, 4
0.7368456063327347, 7.541007752402933, 0.33977786350199746, 0.2877687719603112, 5,6, 5
0.7429654759529036, 6.446454349534738, 0.33387356730929585, 0.2832379372890483, 2,2, 2
0.7074436240271403, 6015.694194524671, 0.3653974477592218, 0.3120102346275896, 5,10, 5
0.626621432847735, 16.552219457614072, 0.49988826681799897, 0.3760749731890688, 5,5, 5
0.6592829109292889, 6.959061575423017, 0.45682291158926913, 0.359401334337331, 5,7, 5
0.6717222111355019, 1.807127230722316, 0.46726562130119886, 0.3486781790114961, 3,4, 3
0.7089735914321825, 1.5946562717386181, 0.40005872574408824, 0.3285432061825832, 7,9, 7
0.7687753608727467, 0.8911983599870019, 0.3449753185744166, 0.2925475853859489, 4,7, 4
0.7752943524246657, 0.8865958660191325, 0.34434948407639454, 0.30226526913773344, 4,7, 4
0.7796846936739174, 10.173537991503474, 0.3399468704101253, 0.2965879347755325, 5,8, 5
0.7621233286769108, 1.5172111751514779, 0.35909728144552877, 0.30268298439660934, 2,7, 2
0.7626554912525777, 6.7298524400232145, 0.34311983296309667, 0.30535154455792346, 6,8, 6
0.745825849797113, 1344.1853525915485, 0.3768250198882943, 0.31014188809075216, 5,8, 5
0.08468036985299009, 2.3039734607477795, 0.9111259731645887, 0.3226672251399219, 0,0, 0
0.23874143550854787, 2.1775647789499586, 0.787096930424958, 0.376256761073019, 0,0, 0
0.6054014501430187, 22143.109575795286, 0.5119680802327783, 0.40140854755963334, 5,7, 5
0.5550455664205415, 19.895647160738243, 0.5173842925411009, 0.4217491267365675, 0,6, 0
0.6380629282245726, 15.81601019902069, 0.43196859718103325, 0.3533663772460382, 3,10, 3
0.682897625224506, 4.166580689036339, 0.4197231827602445, 0.3316944547683635, 3,7, 3
0.7425663540211535, 2.4295397523515145, 0.36850962374565377, 0.30859802112684703, 5,8, 5
0.7806159781813344, 0.9251512591023294, 0.33920804362171375, 0.2957724070628794, 5,8, 5
0.7879332135967538, 0.8391233957515206, 0.3467617410634672, 0.29748409606219145, 6,7, 6
0.7851393600745028, 0.8912578809140419, 0.35675808886604654, 0.29731894408987897, 9,10, 9
0.7699062063460387, 0.9025546131738146, 0.4034007648241418, 0.31749884656056276, 5,7, 5
0.7840085146012107, 0.8029481125749475, 0.3573932796080714, 0.29642375423372536, 2,6, 2
0.7818133439765849, 0.7936400628028938, 0.3864982925818062, 0.31429907620303743, 5,8, 5
0.7650502228430786, 0.7939629496215755, 0.4204313097790836, 0.3215265913743551, 3,5, 3
0.7816803033326681, 0.6927558336656244, 0.37258422777744793, 0.30555913016772007, 3,6, 3
0.7858710836160447, 0.7635242229602783, 0.3730325866416855, 0.30353499986389854, 4,7, 4
0.7891305793920043, 0.691625086414771, 0.35575343684822014, 0.30099584478545927, 6,7, 6
0.7891970997139626, 0.6866363000563991, 0.35168743914705997, 0.2936803449191293, 5,7, 5
0.7912592296946718, 0.6463671665887708, 0.3382959550194017, 0.2875207922117128, 4,6, 4
0.7870019290893367, 0.6797917469174665, 0.3603342590761012, 0.2987570288467964, 7,8, 7
0.7886649371382958, 0.713560669037719, 0.3655643881567523, 0.304416760250749, 5,6, 5
0.7828111488059603, 0.787707875707786, 0.3828855040175004, 0.3103848364108979, 3,6, 3
0.7860041242599615, 0.7445952455029706, 0.38058553343939466, 0.3048020480540346, 6,8, 6
0.7887979777822125, 0.7281180298935027, 0.3755481034784045, 0.30415467315909583, 6,7, 6
0.7872014900552119, 0.7215643659530107, 0.39205136101272425, 0.30660113080369356, 2,3, 2
0.7900618638994212, 0.6899460180277326, 0.35382547796089253, 0.2948181500837456, 6,7, 6
0.7864032461917115, 0.7543621486236138, 0.3696023213364039, 0.29849304794894554, 3,5, 3
0.762522450608661, 1.4072750498219615, 0.3918676422739381, 0.29652064079312607, 6,9, 6
0.7011241934410962, 8.03837602794562, 0.42625635146415036, 0.3363513132406963, 7,9, 7
0.7810151001130845, 0.8030532423116549, 0.3705839426586246, 0.2930981159142856, 3,7, 3
0.7273332002926894, 2.819566673482599, 0.4179876678639344, 0.32420761733717407, 9,12, 9
0.6937404377037185, 5.543636455151847, 0.43384717965905273, 0.3359644398767616, 6,9, 6
0.7202155258431451, 1.848140172269542, 0.3960137058303199, 0.30746099708453123, 8,10, 8
0.7702388079558306, 0.7916428430391601, 0.36362085339175265, 0.3088866548260838, 5,6, 5
0.726867558038981, 2.636473526329336, 0.3813521207442248, 0.3023592358398461, 4,7, 4
0.6586177077097053, 18.808065908998923, 0.41507009773423575, 0.3382218088463291, 2,6, 2
0.67990421073638, 3.2888628392711015, 0.414707019959186, 0.3171235933041215, 2,4, 2
0.6461784075034923, 5672.901036603721, 0.437390675483112, 0.35095194866720086, 2,5, 2
0.6792390075167963, 2.7985609491487233, 0.4688092415923193, 0.37063519692219304, 4,5, 4
0.695137364464844, 17.262805991207067, 0.45026799336258294, 0.34465384346660904, 5,8, 5
0.670458325018293, 17.591018163147893, 0.4644878875975385, 0.31587048016520036, 3,4, 3
0.6288831237943192, 99188.37837450643, 0.4655358760506093, 0.3548469125890884, 6,10, 6
0.6255571076964013, 1011.1628305624706, 0.504888683725199, 0.3980061272504849, 0,6, 0
0.584114947116344, 6.264522912108275, 0.49447356931387987, 0.38717617959674017, 3,6, 3
0.6508348300405774, 577.0933082326653, 0.4567193362717685, 0.3578669401474478, 6,9, 6
0.6389942127319896, 27998.542700780752, 0.44554336714003917, 0.35034825617808757, 2,5, 2
0.6635402115346238, 9452.536075185204, 0.44188468963678956, 0.3450059130255607, 8,11, 8
0.6673318698862503, 7091.038821258781, 0.4283489190657438, 0.34400117104386324, 4,7, 4
0.7285970864098982, 12292.844560699994, 0.38975916388151766, 0.3177897092097864, 6,7, 6
0.712033526242267, 1828.4677970989244, 0.3881912856912064, 0.32332450222354225, 4,5, 3
0.7164238674915187, 1.0994013826478708, 0.4255960771749748, 0.33057957970934565, 5,8, 5
0.7065788598416817, 11.257116831923064, 0.43021496863472947, 0.3440526641225036, 3,4, 3
0.6076631410896028, 3399.2517435775076, 0.4796074980299785, 0.3609127166655287, 6,8, 6
0.5121399587574004, 2.238158946842804, 0.5576749850969189, 0.41268234616119187, 6,8, 6
0.5668861837291292, 4679.022917012727, 0.5395333520659962, 0.3879987094354721, 7,8, 7
0.5861770770970531, 80959.6876256544, 0.507942724555176, 0.3846169744715652, 7,8, 7
0.23920707776225636, 1.9816120911451789, 0.8765374315895328, 0.5521124501354749, 4,7, 4
0.2946850262755272, 1.9118624166469964, 0.8222790510811524, 0.5203910258747536, 3,3, 3
0.3880130379831038, 1.8307939499293482, 0.7603785270784148, 0.48428278446305995, 5,5, 5
0.48140757001263884, 1.760314633209041, 0.6678799882419376, 0.440775572508343, 4,5, 4
0.4910530166966008, 1.7246775593028005, 0.6604490227604813, 0.43931289855735967, 3,5, 3
0.5060200891372314, 169426.5877415906, 0.6457810421177984, 0.4392950415468821, 4,6, 4
0.522650169626821, 1.6151882115386484, 0.620884039604626, 0.4265453482567259, 3,6, 3
0, 0, 0, 0, 0, 0, 0
0, 0, 0, 0, 0, 0, 0
0, 0, 0, 0, 0, 0, 0
0, 0, 0, 0, 0, 0, 0
0, 0, 0, 0, 0, 0, 0
0, 0, 0, 0, 0, 0, 0
0, 0, 0, 0, 0, 0, 0
0, 0, 0, 0, 0, 0, 0
0, 0, 0, 0, 0, 0, 0
0, 0, 0, 0, 0, 0, 0
0, 0, 0, 0, 0, 0, 0
0, 0, 0, 0, 0, 0, 0
0, 0, 0, 0, 0, 0, 0
0, 0, 0, 0, 0, 0, 0
0, 0, 0, 0, 0, 0, 0
0, 0, 0, 0, 0, 0, 0
0, 0, 0, 0, 0, 0, 0
0, 0, 0, 0, 0, 0, 0
0, 0, 0, 0, 0, 0, 0
0, 0, 0, 0, 0, 0, 0
0, 0, 0, 0, 0, 0, 0
0, 0, 0, 0, 0, 0, 0
0, 0, 0, 0, 0, 0, 0
0, 0, 0, 0, 0, 0, 0
0, 0, 0, 0, 0, 0, 0
0, 0, 0, 0, 0, 0, 0
0, 0, 0, 0, 0, 0, 0
0, 0, 0, 0, 0, 0, 0
0, 0, 0, 0, 0, 0, 0
0, 0, 0, 0, 0, 0, 0
0, 0, 0, 0, 0, 0, 0
0, 0, 0, 0, 0, 0, 0
0, 0, 0, 0, 0, 0, 0
0, 0, 0, 0, 0, 0, 0
0, 0, 0, 0, 0, 0, 0
0, 0, 0, 0, 0, 0, 0
0, 0, 0, 0, 0, 0, 0
0, 0, 0, 0, 0, 0, 0
0.09924832036187055, 2.3036737281992425, 0.8972204711019474, 0.4428275245811734, 0,0, 0
0.162642187188186, 2.225670070136084, 0.8248450544807727, 0.543154944798501, 0,0, 0
0.6779751213995876, 23560.181502415067, 0.4911693117538691, 0.36682723797913863, 5,7, 5
0.6290826847601942, 25.511810011013278, 0.5176510573535275, 0.38564362174634426, 0,5, 0
0.5108095523182332, 13.544918154535624, 0.590874962345425, 0.4244007366029493, 3,6, 3
0.5399454533359942, 4.784832699673124, 0.539667316544698, 0.40280505249837717, 6,8, 6
0.6173085877735648, 2.4480660401192984, 0.4737140927219227, 0.35257280816855285, 4,4, 4
0.7293288099514401, 1.587099322011575, 0.43079984053681775, 0.32946995358411785, 8,8, 8
0.752877003924699, 1.3738367544494676, 0.39360902584598045, 0.31153492001478034, 4,4, 4
0.7641189383356616, 1.20091463636855, 0.3906505114891355, 0.3087806858463475, 4,4, 4
0.7642519789795783, 1.0713484716521566, 0.36686331013016626, 0.29781794514298704, 4,5, 4
0.7661145479944123, 0.9894618918155391, 0.3585595232091227, 0.3005873638126162, 8,8, 8
0.7673784341116211, 0.9283807008408086, 0.3649364790202666, 0.3084599666788921, 5,6, 5
0.7792190514202089, 0.8947594320775708, 0.35882872336146887, 0.29702503583112455, 4,6, 4
0.7773564824053748, 0.8471285531790622, 0.3548960851778667, 0.2969469760782162, 5,6, 5
0.7633206944721612, 0.8702773488679976, 0.3935241423183473, 0.31814771428640143, 5,6, 5
0.7694405640923302, 0.8346955905063742, 0.3812757909907244, 0.30189714388261313, 3,5, 3
0.7767577995077496, 0.803556102201307, 0.3625405091322318, 0.30509087102209786, 9,10, 9
0.7689084015166633, 0.8003420265624517, 0.38179531418537344, 0.2963715851536745, 6,8, 6
0.7701057673119138, 0.8214864230460855, 0.3993601752877421, 0.3179291028519351, 5,7, 5
0.7656489057407038, 0.7876243325053789, 0.3889824287712607, 0.3087920433524831, 6,9, 6
0.7727665801902481, 0.7346036074158504, 0.37248289413568486, 0.3028330869489367, 6,7, 6
0.7736313443757068, 0.6970038661300312, 0.3565474239887609, 0.29525250833175853, 4,5, 4
0.7897957826115879, 0.7146516435124401, 0.3578042712645601, 0.2962723933661028, 4,6, 4
0.7844741568549192, 0.776699577045757, 0.3868636354731248, 0.31361247749038307, 8,10, 8
0.7613916051353689, 0.8752801431564526, 0.4383230112447862, 0.32998632872576755, 3,6, 3
0.7774895230492915, 0.8184200378735866, 0.39327654469002105, 0.30611472225139424, 3,4, 3
0.7825450675181268, 0.751940573088992, 0.3779578214228742, 0.29922125914934666, 4,6, 4
0.7839419942792523, 0.6994657185442882, 0.35728647905331556, 0.2924020802125695, 3,5, 3
0.7903279451872547, 0.667810161062427, 0.3354901193623761, 0.2982153245695197, 3,3, 3
0.7715692143949977, 0.7665580387572706, 0.4101272911154505, 0.3141615587255444, 2,4, 2
0.7814807423667931, 0.7065862824736678, 0.3640378597996225, 0.30436179592723744, 3,4, 3
0.7908601077629216, 0.646840214267692, 0.3394338261756683, 0.29551353593402285, 2,4, 2
0.7815472626887514, 0.742778579803933, 0.38679952925073346, 0.3011830154263059, 5,9, 5
0.7780882059469167, 0.6921220772537091, 0.38949689368554397, 0.31302501503997743, 6,8, 6
0.7869354087673784, 0.6573673506603745, 0.37799912745874836, 0.3123607729273557, 7,10, 7
0.7864032461917115, 0.6921155784142616, 0.37569724555276773, 0.3077937273484508, 6,10, 6
0.7796846936739174, 0.69573816716871, 0.39305855241200194, 0.3108751174115654, 3,6, 3
0.7874675713430453, 0.6983438387713384, 0.36771894244935505, 0.29911177719504417, 2,2, 2
0.7881992948845873, 0.713729881397087, 0.3599378134164977, 0.29621465901342814, 5,5, 5
0.7848067584647109, 0.6618822557545252, 0.36391339628695696, 0.29755998995899957, 3,8, 3
0.7836093926694605, 0.7446832076149476, 0.3706029668405486, 0.3047517094794829, 4,7, 4
0.780349896893501, 0.9110474158349504, 0.3673710288709887, 0.29916773193376484, 6,10, 6
0.6808354952437969, 4.6524751796126385, 0.40713370474949206, 0.3179104108055525, 4,9, 4
0.717953834896561, 7.156221762842062, 0.4083971065944303, 0.33088175946249004, 4,6, 4
0.7487527439632807, 2.349782826074026, 0.36825216321288495, 0.2967162018362694, 2,5, 2
0.7308587773564824, 6.968909585193849, 0.40195130736113627, 0.31326261604608063, 5,9, 5
0.7568017029202422, 1.0805441744234066, 0.3875683751727484, 0.29823307380555164, 2,5, 2
0.7866028071575867, 0.6825534025761507, 0.3247115448932169, 0.28885096539027677, 4,4, 4
0.7210137697066454, 17.57802898247934, 0.38259455999460734, 0.3238227681841596, 5,9, 5
0.7280649238342314, 7.782069385974337, 0.3900734086802055, 0.32178227610896215, 3,5, 3
0.7846071974988359, 0.6923274567013975, 0.34208330144415666, 0.29098230402112774, 3,3, 3
0.7800838156056675, 0.9411075090642841, 0.35350244018571986, 0.28784499383804407, 5,7, 5
0.789263620035921, 0.701603787356325, 0.3392900787765894, 0.2833304257878197, 5,5, 5
0.6865562429322158, 18.566814637242285, 0.38500676589062793, 0.3223296187154557, 6,7, 6
0.7458923701190714, 11.304410255851419, 0.3697038408641519, 0.309081718595911, 8,10, 8
0.7666467105700792, 1.0733645261410445, 0.343888549000425, 0.2933005974016542, 4,5, 4
0.7568682232422005, 1.438691518770264, 0.36342325877136494, 0.2925646372096074, 5,10, 5
0.7519457194172819, 1.551489511305159, 0.362774217699731, 0.29735792672157607, 7,9, 7
0.6743830240138362, 209.9649204675428, 0.435896002066264, 0.3492616970639689, 5,10, 5
0.6998603073238875, 27.40550615774513, 0.41670774355360857, 0.3535772881808159, 5,8, 5
0.7159582252378102, 16.45020700840742, 0.3770590415462835, 0.31914187659903015, 5,8, 5
0.771635734716956, 0.8948915667932321, 0.34937130486741025, 0.2960026175142553, 7,7, 7
0.6349364730925298, 476347.96286745515, 0.48440935371554744, 0.38110242355214224, 6,9, 6
0.38348965608993546, 94.25296404531345, 0.7020121291879482, 0.4809034415955656, 0,7, 0
0.4237344508747422, 123.75998392156171, 0.686332209659624, 0.47349357870135506, 7,8, 7
0.4786137164903878, 92.25388710550195, 0.6424625659277315, 0.46266279087128503, 4,6, 4
0.4883922038182665, 502.9239627552032, 0.6291346438498092, 0.4427871493256063, 5,7, 5
0.5629614847335861, 1607.0140064101458, 0.5776276482862575, 0.42769713523167063, 3,4, 3
0.6068648972261026, 1.6373509863159943, 0.5347523739942743, 0.40054653269364116, 3,4, 3
0.6501031064990355, 1.5812081115873307, 0.5099417034299717, 0.37916877078838257, 6,7, 6
0.6816337391072973, 1.5268049750972443, 0.4825777707081629, 0.3736501995791565, 3,5, 3
0.6842280316636733, 1.4855180896691265, 0.4699446921228605, 0.36259690245118925, 8,12, 8
0.7110357214128916, 111.22670538523984, 0.4291515467312978, 0.34041527148894046, 4,7, 4
0.39180469633473025, 19275.084350413472, 0.6396457321282497, 0.46994434156071335, 5,7, 5
0.5467305261757467, 13.708618632540336, 0.5595651023848893, 0.4106190256700159, 4,6, 4
0.613250848134105, 2.5042391369466928, 0.49972134301920157, 0.35471510982301263, 3,4, 3
0.5291026408567817, 13.337483891948448, 0.5812808819853157, 0.4156289965458189, 5,7, 5
0.5257101044369055, 15048.648027434565, 0.5813875693496258, 0.4438127265437855, 4,7, 4
0.6618772034856649, 18867.55502179391, 0.5076758267320192, 0.37578737845184584, 4,6, 4
0.7367125656888179, 6.65156259385031, 0.38286542839416887, 0.32954920717328895, 4,4, 4
0.6794385684826715, 158.80495523410437, 0.4343549292906845, 0.35323172992277463, 3,7, 3
0.6075966207676445, 49582.40322640455, 0.5222198653737854, 0.400411228036073, 5,8, 5
0.6299474489456529, 88.57928420970997, 0.4852419623817118, 0.3489885943655031, 6,8, 6
0.6323421805361538, 3967.924657305765, 0.44167599477361924, 0.34969602629443797, 2,5, 2
0.6790394465509213, 75.09722631742342, 0.42560096399461517, 0.33866387733872755, 5,7, 5
0.6371316437171556, 444135.170948533, 0.4212180612766712, 0.34174294885917333, 4,6, 4
0.3909399321492716, 1.8599597541231885, 0.7259387302464685, 0.4909512158830637, 10,10, 10
0.4601875873079226, 1.7378382807070802, 0.6572984188380837, 0.4566619211752837, 2,2, 2
0.19217721013769706, 1478730333.4598937, 0.8166479828894717, 0.47796543729176383, 4,9, 4
0.5782611587840085, 1.6305325325658493, 0.5762627822762264, 0.41416777294247475, 7,7, 7
0.587440963214262, 1.5974543919288842, 0.5686378657333995, 0.41456632194923043, 5,6, 5
0.638329009512406, 1.534498997857098, 0.4898889445246394, 0.38460173584993157, 4,8, 4
0.6404576598150735, 1.4963485708687327, 0.49774993966804126, 0.384299599681921, 5,6, 5
0.6998603073238875, 1.4639945181062746, 0.4567216393402688, 0.3651713775660613, 4,5, 4
0.7180203552185193, 1.4442620044237742, 0.39675491830703363, 0.33980532448673656, 5,7, 5
0.7145612984766846, 1.416838063686533, 0.400025358558606, 0.3442533304336412, 3,5, 3
0.7180203552185193, 1.3901077343955976, 0.39675491830703363, 0.3405074095297618, 4,6, 4
0.6830306658684228, 38873696.207877934, 0.4496922125455697, 0.331569635879206, 4,6, 4
0.7307257367125657, 1.3127379378890323, 0.3660846061630374, 0.314592755376228, 5,6, 5
0.7536752477881993, 1.2873439219262535, 0.3674491368610653, 0.317524072179196, 3,4, 3
