acuracia,loss,frr,fpr, removed, n_clf, tp_removed
0.09825051553249518, 2.3036959122288754, 0.8944041643372586, 0.40467750686587217, 0,10, 0
0.6157121000465642, 6272.475442948142, 0.4522377159446503, 0.3560787875471447, 0,10, 0
0.5183263486995277, 4.743182541658442, 0.5978394643851618, 0.44896117742278774, 0,10, 0
0.43637331204683033, 7.921542915857381, 0.6619635304910005, 0.46651891787223654, 0,10, 0
0.5118738774695669, 5.290337800883558, 0.6204198901558509, 0.45704644059808675, 0,10, 0
0.5890374509412626, 2.636913313332385, 0.5373380929604213, 0.4013518962917778, 0,10, 0
0.682698064258631, 1.489707101738928, 0.4645110782705863, 0.353048474875593, 0,10, 0
0.6763121133506286, 1.4285648405424414, 0.4976291286803046, 0.369741974604462, 0,10, 0
0.7381094924499435, 0.9468704110497563, 0.4071884391778623, 0.3283587674966585, 0,10, 0
0.7360473624692343, 0.9289610277063293, 0.41640509630005723, 0.3351332183149322, 0,10, 0
0.7703053282777889, 0.8117201588527513, 0.3856387983577227, 0.3174379949534456, 0,10, 0
0.780349896893501, 0.7732969487818148, 0.36278956457861644, 0.3048329839887524, 0,10, 0
0.7729661411561232, 0.8298266269951639, 0.38827457279420324, 0.31385256535361233, 0,10, 0
0.780549457859376, 0.7784849951964996, 0.3740086921151835, 0.3021255167267127, 0,10, 0
0.7876671323089204, 0.7067133938473437, 0.3493838921557555, 0.29895485252948023, 0,10, 0
0.7846071974988359, 0.7270904329143448, 0.36749261198134336, 0.3012891339475002, 0,10, 0
0.7747621898489989, 0.8558096833191204, 0.39438319632194707, 0.3100612707635506, 0,10, 0
0.7776225636932083, 0.9040057783379386, 0.3982293501681009, 0.3125515194802512, 0,10, 0
0.7783542872347502, 0.8037896950762968, 0.39117740211615293, 0.30908917525530144, 0,10, 0
0.7635867757599947, 0.7934660998086738, 0.4200021122774341, 0.32383555586790835, 0,10, 0
0.7845406771768776, 0.7769116400890602, 0.37151329531794447, 0.3009470362071168, 0,10, 0
0.7761591166101244, 0.7810625548721771, 0.3967613647438427, 0.3064220481427794, 0,10, 0
0.7827446284840018, 0.7907768302891529, 0.38357818737740323, 0.3086049391152429, 0,10, 0
0.7925231158118805, 0.6581645927597108, 0.3420904770475566, 0.2974396119468265, 0,10, 0
0.7863367258697532, 0.713048278948725, 0.3626609562895002, 0.29751438709569944, 0,10, 0
0.7827446284840018, 0.7894311662035794, 0.38357818737740323, 0.30756192747846195, 0,10, 0
0.7669793121798709, 0.7926893012640012, 0.4300674075735319, 0.3347099536092994, 0,10, 0
0.7837424333133772, 0.7118162770486114, 0.38010331831899363, 0.3130834239137071, 0,10, 0
0.7822789862302933, 0.7423587937053125, 0.3830058962168293, 0.30407575769256623, 0,10, 0
0.7854719616842946, 0.8936543734272601, 0.37346609714899637, 0.2922690002464082, 0,10, 0
0.7699727266679971, 1.327272607863706, 0.38026822443724734, 0.30344867017206517, 0,10, 0
0.759928158052285, 1.539459201797759, 0.3822565821470487, 0.295089733132904, 0,10, 0
0.6638062928224573, 18.212081814144636, 0.4447113276213054, 0.35930154757981486, 0,10, 0
0.7089735914321825, 1.001564561130938, 0.40937572643226233, 0.32439911112095415, 0,10, 0
0.7661145479944123, 1.179279158748447, 0.3831759503057067, 0.3055623601119893, 0,10, 0
0.7192842413357281, 6.668061668717804, 0.42122010198004384, 0.32495421625746856, 0,10, 0
0.7311248586443159, 4.440839533788468, 0.4044556250149546, 0.3220324708681524, 0,10, 0
0.7842080755670857, 0.7178124252773562, 0.35627953726137357, 0.3044616044677076, 0,10, 0
0.6771768775360872, 2.9026920342862863, 0.4125855850109999, 0.32221033564933216, 0,10, 0
0.7374442892303599, 41.82215005256106, 0.37536259436937447, 0.3184614143912973, 0,10, 0
0.7896627419676712, 0.6953449181413739, 0.3473447061465898, 0.2975392985346412, 0,10, 0
0.7937870019290894, 0.679935098049635, 0.34550637326532146, 0.29565003952267305, 0,10, 0
0.7862702055477948, 0.8296380407972913, 0.3587532950635486, 0.2978169106874574, 0,10, 0
0.7877336526308787, 0.8406975218678685, 0.3316225528004515, 0.2892565633348571, 0,10, 0
0.7417681101576532, 2.10807380277175, 0.3777977777691363, 0.30552223363341996, 0,10, 0
0.744894565289696, 7.365609434070595, 0.3719213136950553, 0.304768260575989, 0,10, 0
0.7850063194305861, 0.6989513582512753, 0.36416230070282696, 0.31315343271816565, 0,10, 0
0.7756269540344575, 0.9329045975673185, 0.3595248400800963, 0.3020960470241827, 0,10, 0
0.7801503359276258, 0.8424244595795986, 0.3439293112278405, 0.28647792697238184, 0,10, 0
0.7717022550389144, 1.111851152998232, 0.3561308502569187, 0.29070329556036617, 0,10, 0
0.6845606332734651, 628.2966299925948, 0.4173423449160005, 0.3455256750553763, 0,10, 0
0.7277323222244396, 1.245015031526703, 0.4040146320917271, 0.327893111396922, 0,10, 0
0.6234949777156922, 1316313.8643209883, 0.472380180429325, 0.38167371049513205, 0,10, 0
0.3834231357679771, 2.13835566151541, 0.7317659817121277, 0.48349978958325196, 0,10, 0
0.4553316038049624, 2.0115359799595307, 0.6862207166438643, 0.463579720780724, 0,10, 0
0.6069314175480609, 1.8625738086485064, 0.5421165002681779, 0.40229344552051904, 0,10, 0
0.6583516264218718, 1.7185591210356603, 0.49522047033066413, 0.36890951482636664, 0,10, 0
0.6908135435375508, 1.651190754615213, 0.48172092674343425, 0.36096721957180483, 0,10, 0
0.7315905008980244, 1.60867576275425, 0.43479111211506877, 0.3428530316315422, 0,10, 0
0.7361138827911927, 1.5304158932631549, 0.41300315899695733, 0.33505146086792226, 0,10, 0
0.7402381427526109, 1.4750273288394578, 0.42140251706129517, 0.3384891429174345, 0,10, 0
0.7703718485997473, 1.4027622318419282, 0.3841924930919135, 0.31819378488870864, 0,10, 0
0.6358677575999467, 2.25404297920428, 0.4700220526884527, 0.38537243329366094, 0,10, 0
0.7248054280582718, 1.4156220687454246, 0.3966840701107439, 0.34612553769021853, 0,10, 0
0.534357746291492, 10.373212526612713, 0.5329540310085833, 0.4102222607072822, 0,10, 0
0.4164172154593228, 53.8476457956864, 0.5619798728286233, 0.43543519986899026, 0,10, 0
0.5279717953834897, 150.01197075087455, 0.48827037111007315, 0.38631501683488767, 0,10, 0
0.5310317301935742, 609.4337548816742, 0.495632648475833, 0.3862543262804767, 0,10, 0
0.6028071575866427, 8.12909846625985, 0.39503284506302655, 0.33493605513305297, 0,10, 0
0.6347369121266547, 30.643192693672713, 0.4151044129917652, 0.3521987120215711, 0,10, 0
0.5831836626089271, 19.204251370450642, 0.4329066621797044, 0.36060272652650016, 0,10, 0
0.5799241668329674, 343.0253763122251, 0.4669796500490544, 0.35396208428662995, 0,10, 0
0.6477083749085346, 8.300736189693035, 0.3998440266419239, 0.3413426316637138, 0,10, 0
0.6685957560034591, 11.034713062498621, 0.38029045486096985, 0.3241454940368211, 0,10, 0
0.7028537218120136, 3.647458377829727, 0.34114129973861074, 0.31390981200357554, 0,10, 0
0.6649371382957493, 46.828821763483276, 0.37557208057818114, 0.3267231592333657, 0,10, 0
0.6896826980642586, 1.5670506048843489, 0.3685109560693466, 0.32761983919598586, 0,10, 0
0.6509013503625357, 44.66560753274492, 0.3907125503738838, 0.3409371877324461, 0,10, 0
0.6606798376904144, 32.16181865811373, 0.3825109274975299, 0.3311617594682839, 0,10, 0
0.71555910330606, 3.4211069169840074, 0.38451535518636176, 0.3234629385012014, 0,10, 0
0.7731657021219983, 3.9059600338717497, 0.33172405746519645, 0.29219013294556784, 0,10, 0
0.7347834763520256, 24.84333469394921, 0.3559973370673155, 0.3087724774519627, 0,10, 0
0.2638861172088073, 70354.58265108561, 0.743539438263609, 0.46065494458055734, 0,10, 0
0.5595689483137098, 289546.81454768154, 0.5548434424592987, 0.3983419342749886, 0,10, 0
0.655956894831371, 11587.31284113993, 0.428391095703319, 0.35520715561835503, 0,10, 0
0.6857579990687155, 10470.21941704952, 0.42345082651796395, 0.34314503940695834, 0,10, 0
0.6223641322424001, 18899490.758379824, 0.48674450958257454, 0.38809453853712306, 0,10, 0
0.5934943125124725, 1.9365834837734426, 0.6067347203922183, 0.4157520158335704, 0,10, 0
0.6272201157453602, 1.8924194300974835, 0.5402065193494514, 0.3989289173872843, 0,10, 0
0.6582185857779551, 1.8078970769137146, 0.5152658899482645, 0.3777562305460664, 0,10, 0
0.6854253974589237, 1.7104913903941636, 0.47777246956215286, 0.3645710450558645, 0,10, 0
0.727067119004856, 1.6198807168048925, 0.4418832262508809, 0.3404097705329186, 0,10, 0
0.7389742566354021, 1.5715576829108096, 0.44293000484938616, 0.33579609860658294, 0,10, 0
0.7512805161976984, 1.4829083568324413, 0.3939260681422636, 0.319049702783418, 0,10, 0
0.7642519789795783, 14155772949.803812, 0.3711791846676265, 0.31677487968717677, 0,10, 0
0.7657154260626622, 25496043308.863785, 0.35491978617138586, 0.3108605400321226, 0,10, 0
0.7764917182199161, 66387996076.37393, 0.3604387430209879, 0.3108356290223264, 0,10, 0
0.7661145479944123, 1705266010856.2048, 0.3648656736172734, 0.3152770348471245, 0,10, 0
0.7673119137896628, 1986983905706.2104, 0.3605979125621291, 0.30437939226632815, 0,10, 0
0.7657154260626622, 728113812527.2592, 0.37866380956093176, 0.31399961107386004, 0,10, 0
0.7682431982970798, 1.2716623191656502, 0.3411594485708422, 0.2947102348149717, 0,10, 0
0.0991818000399122, 2.3030115082807456, 0.9266621779739133, 0.5555851448219449, 0,10, 0
0.6258231889842347, 19887.596231296415, 0.4710894527103731, 0.37396702364547274, 0,10, 0
0.5630945253775028, 5.946916821116063, 0.5899655177306967, 0.4182872015253509, 0,10, 0
0.4104969068050289, 18.8904453632466, 0.6872927753395176, 0.4855879982902627, 0,10, 0
0.540477615911661, 4.279999883627018, 0.5891378230098655, 0.431863061721354, 0,10, 0
0.5665535821193375, 4.030451605711985, 0.5699261274444718, 0.4148462071035094, 0,10, 0
0.6373312046830306, 2.0836563348667547, 0.5189543470701764, 0.3968446302395678, 0,10, 0
0.6636067318565821, 1.3303251328334338, 0.46629757805127037, 0.37619344715067493, 0,10, 0
0.7631876538282445, 0.9415817878672517, 0.3892498819715032, 0.31898581295948103, 0,10, 0
0.7466240936606133, 0.8787529946997232, 0.4163212168129444, 0.32534234278083707, 0,10, 0
0.7571343045300339, 0.8708946654815071, 0.38682191465745414, 0.3315723221995321, 0,10, 0
0.7693740437703719, 0.8261937188978273, 0.3875509883515116, 0.3209387200643458, 0,10, 0
0.7820794252644183, 0.710523751143934, 0.3545519587819882, 0.3117776254612334, 0,10, 0
0.7736978646976651, 0.7448014140767257, 0.388295175618525, 0.31924223597452467, 0,10, 0
0.7700392469899554, 0.7400277803322509, 0.3876819170256276, 0.3186915029936843, 0,10, 0
0.7846737178207942, 0.6969930412986632, 0.356540785819294, 0.3028040317722156, 0,10, 0
0.7902614248652964, 0.7076143313941524, 0.34048013735599697, 0.3006538130373656, 0,10, 0
0.7704383689217056, 0.8420037184684094, 0.40968088895530025, 0.31255547614437273, 0,10, 0
0.7887314574602541, 0.697431073617214, 0.3504443880779772, 0.2988319601458084, 0,10, 0
0.7826781081620435, 0.6538227198457277, 0.3727788644016688, 0.3151636862498032, 0,10, 0
0.7571343045300339, 0.7179210844179738, 0.4404207988743456, 0.3283823477159322, 0,10, 0
0.7899953435774629, 0.657510580656944, 0.3464938880287505, 0.2968568765018241, 0,10, 0
0.7868023681234617, 0.6741423295858583, 0.3642771858935663, 0.3040244761097033, 0,10, 0
0.7838089536353356, 0.6933986964528036, 0.3846971738003964, 0.31046122093843914, 0,10, 0
0.7881992948845873, 0.6481025600126519, 0.36947635402642626, 0.30729011490147806, 0,10, 0
0.7733652630878733, 0.704860075537525, 0.40522295570846434, 0.3174684938245908, 0,10, 0
0.7543404510077829, 0.7217459680555155, 0.45677399265375107, 0.3349006109255399, 0,10, 0
0.7603272799840352, 0.7260497827993577, 0.44359474548285927, 0.328928032373493, 0,10, 0
0.7872680103771702, 0.6740971358588409, 0.37137342141265767, 0.30728545008020464, 0,10, 0
0.7758265150003326, 0.6939886012570494, 0.4094672447009001, 0.31991262701983514, 0,10, 0
0.7878001729528371, 0.663790554934943, 0.36067376028285913, 0.30252342468117704, 0,10, 0
0.7903944655092131, 0.6441816593892998, 0.35105479332605766, 0.29857748160508235, 0,10, 0
0.7852058803964611, 0.6747267964348485, 0.3771575834741232, 0.3059953273742899, 0,10, 0
0.7874675713430453, 0.6798287094350738, 0.35423869490146437, 0.30510517851322194, 0,10, 0
0.7850728397525444, 0.7270023001803636, 0.3523413228423849, 0.30030630254612517, 0,10, 0
0.7807490188252512, 0.8133285111527553, 0.39415169434200403, 0.3052151909087808, 0,10, 0
0.673983902082086, 4.40740913809644, 0.4513126932601809, 0.3533966964399958, 0,10, 0
0.774230027273332, 0.8602775688315575, 0.40297973840231416, 0.31326785872617907, 0,10, 0
0.7740969866294153, 1.0034443363649768, 0.3708787009427729, 0.3058228126117583, 0,10, 0
0.7278653628683562, 3.4238257096854485, 0.4131229804750337, 0.3475250726789349, 0,10, 0
0.7550721745493248, 1.2593032742289787, 0.38259953642842015, 0.3075537147740632, 0,10, 0
0.7103039978713497, 2.2019325193658794, 0.4080924261704579, 0.3307628098065357, 0,10, 0
0.7867358478015034, 0.7906941098119172, 0.339401345909882, 0.2946419119741706, 0,10, 0
0.7189516397259362, 8.801782718298986, 0.3985148457544107, 0.3400893338574988, 0,10, 0
0.7392403379232355, 5.759989915193949, 0.38364115440456503, 0.3245985111198378, 0,10, 0
0.7128982904277257, 1.969129066756275, 0.36749618671290973, 0.3125699335868461, 0,10, 0
0.7851393600745028, 0.6890084614605196, 0.3475465130045563, 0.29638083172140783, 0,10, 0
0.7904609858311714, 0.7132505926477306, 0.3359582905972769, 0.29810993024241644, 0,10, 0
0.6871549258298411, 12.32961195509071, 0.37384266280238393, 0.3228136136423299, 0,10, 0
0.7846737178207942, 0.6707611010542592, 0.3524069588930609, 0.3079771544130548, 0,10, 0
0.7325217854054413, 3.8827604854734, 0.35990356382672417, 0.3092434409105268, 0,10, 0
0.7111687620568083, 5.92231931245778, 0.3786823513363919, 0.3243020345221248, 0,10, 0
0.786669327479545, 0.7331115619615922, 0.373865772412043, 0.30700121530093794, 0,10, 0
0.7878001729528371, 0.6512651475795467, 0.36247499772627784, 0.30247701300828206, 0,10, 0
0.7907270671190049, 0.6650074887171529, 0.35239594164171306, 0.29985392132285527, 0,10, 0
0.7637863367258697, 1.4223736112916252, 0.35233485336053205, 0.30558576797904097, 0,10, 0
0.7025876405241801, 10.000452002972859, 0.3806946017496009, 0.3273316839364249, 0,10, 0
0.6961351692942194, 35.546578215418684, 0.3803006809388272, 0.32097214904573085, 0,10, 0
0.7682431982970798, 1.2015644225578466, 0.31115405637199617, 0.28844853892432815, 0,10, 0
0.6385950908002395, 958.5501308918181, 0.4530425296102865, 0.36043844719899576, 0,10, 0
0.6708574469500432, 4259319.485193248, 0.45066072101758026, 0.3558548646067382, 0,10, 0
0.41189383356615444, 2.0919282650555835, 0.7043053361279066, 0.47404634737878226, 0,10, 0
0.5011641056342713, 2.0121526986564744, 0.625388278045154, 0.4255340561465409, 0,10, 0
0.5436040710437039, 1.9433541871596896, 0.5819474394526692, 0.41115239249019475, 0,10, 0
0.6012771901816005, 1.8869601159223277, 0.4889813777393192, 0.37725345640877045, 0,10, 0
0.7009246324752212, 1.771081415049324, 0.4326029013975272, 0.3451653794581461, 0,10, 0
0.6827645845805894, 1.7252932703598907, 0.4377941805914839, 0.3476073427854848, 0,10, 0
0.7031863234218053, 1.6467165753293924, 0.4303656287346982, 0.33963244361605993, 0,10, 0
0.7145612984766846, 1.618907212221812, 0.4050642255958257, 0.32358414759724974, 0,10, 0
0.7001263886117208, 1.5596872586547548, 0.4305873779174727, 0.3377058808876261, 0,10, 0
0.717953834896561, 1.4665018542138972, 0.40239484847449947, 0.3218447458217225, 0,10, 0
0.7440963214261958, 1.4324946422634157, 0.36815216790945043, 0.3063626208596832, 0,10, 0
0.7424333133772367, 1.403457480553444, 0.39610454886183144, 0.3286211146588882, 0,10, 0
0.7452936872214462, 1.3512811631099086, 0.3687058281795286, 0.3144163627097853, 0,10, 0
0.7454267278653629, 1.3314062257696988, 0.37435517882887936, 0.30882877966486094, 0,10, 0
0.7778221246590834, 1.2804777665519829, 0.3373194493244494, 0.29422273042995833, 0,10, 0
0.7760925962881661, 1.2508257604619506, 0.35829347529847544, 0.30339486508554103, 0,10, 0
0.7752278321027074, 1.2298797965436323, 0.3616722998637406, 0.3092163018814199, 0,10, 0
0.22743298077562696, 7.350794051408652, 0.7314748057757824, 0.5107872598462714, 0,10, 0
0.5240470963879466, 9.797097938072293, 0.5236372228473586, 0.4004647916733957, 0,10, 0
0.4128251180735715, 229.63334793145742, 0.6376044330758872, 0.459572956613207, 0,10, 0
0.3067917248719484, 74.99123589355601, 0.7167387518875918, 0.5039656073803686, 0,10, 0
0.2569014834031797, 62.67520185064333, 0.7189533276433606, 0.5001832493333211, 0,10, 0
0.14514734251313777, 101.90248721243746, 0.8123401465478127, 0.5484464856618182, 0,10, 0
0.18805295017627885, 101.5619943387511, 0.8027293592131082, 0.5298453307893836, 0,10, 0
0.563493647309253, 44.48642953138406, 0.5090267182627535, 0.39348005373379386, 0,10, 0
0.14208740770305328, 302.72827802790476, 0.784103047738628, 0.5218239263220369, 0,10, 0
0.31437504157520124, 128.58851825155318, 0.7005710404485664, 0.4866516011467126, 0,10, 0
0.3556841615113417, 67.28801118390842, 0.6545842637716845, 0.46357603913958734, 0,10, 0
0.31397591964345106, 38.169189981952854, 0.7033328763148811, 0.4747382169810484, 0,10, 0
0.334198097518792, 23.500119276360035, 0.6791633180514903, 0.4670299349041464, 0,10, 0
0.338654959090002, 37.97215610536556, 0.6883409186944673, 0.4735424023729102, 0,10, 0
0.4891904476817668, 11.664738597893411, 0.5696746193899471, 0.42707069964986544, 0,10, 0
0.36100578726801036, 285.67564788328656, 0.6625933405425221, 0.45150518220144015, 0,10, 0
0.5072839752544402, 10.762182782912932, 0.5743765920103139, 0.4163114813440014, 0,10, 0
0.5075500565422737, 12.786112692715351, 0.5478346555001297, 0.4053774380421861, 0,10, 0
0.47428989556309453, 21.171331455819647, 0.550095762245064, 0.41089077819816716, 0,10, 0
0.4212066786403246, 946.4324139941915, 0.6164036885201633, 0.4464825336509879, 0,10, 0
0.4384354420275394, 93.29131023868585, 0.5882621401465584, 0.4340829248137544, 0,10, 0
0.40663872813144414, 97664.5644284872, 0.6230652175510496, 0.42271626463610723, 0,10, 0
0.5455331603804963, 8.934135286875973, 0.4979224388028395, 0.380876415004831, 0,10, 0
0.11275194571941728, 2.3039836332103825, 0.8714106520434501, 0.37671997737707513, 0,10, 0
0.6494379032794518, 445.725775212053, 0.45233154794574615, 0.36088904619664924, 0,10, 0
0.4159515732056143, 2.129970062262628, 0.6617061298025368, 0.4801113218463709, 0,10, 0
0.4593228231224639, 1.8344399556495607, 0.6537376439988268, 0.497820971478659, 0,10, 0
0.6924100312645514, 1.4145386423620907, 0.46496886671741455, 0.39631561310229313, 0,10, 0
0.6853588771369653, 1.1538128018126788, 0.49518399954621267, 0.39257161475852675, 0,10, 0
0.6936073970598018, 0.9167270971474707, 0.4779770813933311, 0.3845578937335999, 0,10, 0
0.7488192642852392, 1.316404809563767, 0.3957196841798452, 0.32877936556192516, 0,10, 0
0.622164571276525, 7496.953876601686, 0.4754554503450807, 0.3679570934419098, 0,10, 0
0.5079491784740238, 1.9514151318613768, 0.6114781663083148, 0.45159363026624016, 0,10, 0
0.43105168629016166, 3.7794051835530107, 0.646848165597022, 0.4640359424451468, 0,10, 0
0.5323621366327413, 3.328856642415142, 0.5667371346581594, 0.42701050451677264, 0,10, 0
0.6191046364664405, 2.4174047015011273, 0.5167371017695885, 0.40529968812993367, 0,10, 0
0.7104370385152664, 1.0514874146890052, 0.4366216781168221, 0.3562923844216512, 0,10, 0
0.6993946650701789, 1.0562742325407566, 0.4286427526412187, 0.34371113486363847, 0,10, 0
0.7106365994811414, 1.5609413563619245, 0.4288877542317998, 0.3561223217814233, 0,10, 0
0.7482871017095722, 0.9917955765400107, 0.37829047362208895, 0.3184102568198549, 0,10, 0
0.7475553781680303, 1.0824102538421985, 0.3784086769480302, 0.31931611141152466, 0,10, 0
0.7234085012971463, 61.260291266446224, 0.40973541139539627, 0.33679538056957503, 0,10, 0
0.6840949910197566, 3.8263969955656565, 0.4830740536301843, 0.38008271602001037, 0,10, 0
0.7256036719217721, 1.083539825947206, 0.41002462214051805, 0.3425844049116292, 0,10, 0
0.7659149870285372, 0.9127959799193197, 0.37175815586165306, 0.33162760395764523, 0,10, 0
0.7103039978713497, 24.979410587085653, 0.4222703491650212, 0.35802148824488333, 0,10, 0
0.7800838156056675, 0.843992904001962, 0.34074291122320277, 0.3130898378547298, 0,10, 0
0.7727665801902481, 0.7077702835996611, 0.34994882514684994, 0.3083238314657402, 0,10, 0
0.7695736047362469, 0.7919575008483709, 0.33883983560665465, 0.29512060804053053, 0,10, 0
0.7383090534158185, 1.3204814597345544, 0.35454298223132463, 0.3154207380826702, 0,10, 0
0.6932082751280516, 2.479175927984759, 0.3773325865872843, 0.32392696489388934, 0,10, 0
0.7234750216191046, 2.5842278549685656, 0.4033838063735951, 0.3256079777413258, 0,10, 0
0.7355151998935675, 4.300237995431966, 0.3632772349838039, 0.32165899162208844, 0,10, 0
0.7152265016962682, 30.177277670816007, 0.4053073643027396, 0.34064585203515413, 0,10, 0
0.7023215592363466, 48.76258644253215, 0.4098150622989232, 0.34218845645030915, 0,10, 0
0.6870884055078826, 20315.08577446783, 0.42926083711650487, 0.36239086890452704, 0,10, 0
0.6399254972394066, 1840.567932250888, 0.47633931407378854, 0.36120007193249004, 0,10, 0
0.6486396594159516, 2871.6069791015734, 0.47342196432006184, 0.36528447328614866, 0,10, 0
0.6591498702853722, 2.6486299422492054, 0.4621020916497723, 0.37153143364476354, 0,10, 0
0.6328078227898623, 811.2168986593509, 0.4910692323497356, 0.37290608093543015, 0,10, 0
0.6118539213729794, 120809.17797084918, 0.5085828719545418, 0.38694892006524756, 0,10, 0
0.48599747222776557, 1.9317090614449595, 0.5925364904469334, 0.4260995071099222, 0,10, 0
0.250648573139094, 4375470.447443988, 0.7055356362194203, 0.4977899483538561, 0,10, 0
0.7148939000864765, 18.59138314086402, 0.388766619220201, 0.3289176430564001, 0,10, 0
0.6893500964544669, 28742.710003921613, 0.4098877448325782, 0.34330867210845234, 0,10, 0
0.6632076099248321, 2.536616518380582, 0.4620697641716267, 0.36410548923959807, 0,10, 0
0.6748486662675447, 5327.762252873987, 0.45082606377460793, 0.36561661127373923, 0,10, 0
0.6649371382957493, 2.5414205472383995, 0.4294291128548425, 0.35119394482716265, 0,10, 0
0.6848267145612985, 1.8779652995188145, 0.42475766528769354, 0.3437265265344594, 0,10, 0
0.6523647974456196, 2.554421027806752, 0.4467260592646667, 0.3498591175665288, 0,10, 0
0.700325949577596, 3.2089791691126446, 0.4237322155908055, 0.35594410882101335, 0,10, 0
0.6824319829707975, 5.980188834474101, 0.42904879383713257, 0.35028397764468894, 0,10, 0
0.5951573205614316, 149556.41339394441, 0.4674309349932183, 0.36678302416774533, 0,10, 0
0.5533825583715826, 1.9480871867254919, 0.5131322924789177, 0.3969227264581665, 0,10, 0
0.6129182465243131, 1.8160303743475728, 0.4731989791876462, 0.3582836313108104, 0,10, 0
0.6191046364664405, 1.7518334047016266, 0.48475800087933024, 0.36602332006597893, 0,10, 0
0.6598150735049557, 1.6800487360917093, 0.46334433286996995, 0.3551273621276499, 0,10, 0
0.6991285837823455, 1.6334697432409129, 0.40761377916478914, 0.3413163743078168, 0,10, 0
0.7035854453535555, 1.5801679479685689, 0.40827520107621096, 0.33401792650056444, 0,10, 0
0.7516796381294486, 1.4780516819435545, 0.3999105511607015, 0.3322001964714896, 0,10, 0
0.751014434909865, 1.443588005760342, 0.4036565156481914, 0.33344495138780916, 0,10, 0
0.7571343045300339, 1.3765804771186982, 0.369687265674258, 0.3176621197641656, 0,10, 0
0.7581321093594093, 1.3493295966684797, 0.3726789127426224, 0.30500142821234066, 0,10, 0
0.7860706445819198, 2187101065.901564, 0.3232438640576412, 0.2936525912223395, 0,10, 0
0.7870684494112952, 1.2708511450393292, 0.32869233879879883, 0.2932416778316716, 0,10, 0
0.785937603938003, 1.2484809994699553, 0.34747155957801973, 0.2954767243725464, 0,10, 0
0.7905275061531298, 1.200591458832025, 0.3346041495352795, 0.29550500203792507, 0,10, 0
0.2593627353156389, 597549923412941.6, 0.7586455088782051, 0.4805006346235865, 0,10, 0
0.10111088937670458, nan, 0.9116167084157132, 0.585454973687047, 0,10, 0
0.10111088937670458, nan, 0.9116167084157132, 0.5862724918701319, 0,10, 0
0.10111088937670458, nan, 0.9116167084157132, 0.5775317783077754, 0,10, 0
0.10111088937670458, nan, 0.9116167084157132, 0.5807784614821122, 0,10, 0
0.10111088937670458, nan, 0.9116167084157132, 0.5854612229368711, 0,10, 0
0.10111088937670458, nan, 0.9116167084157132, 0.5878998517297374, 0,10, 0
0.10111088937670458, nan, 0.9116167084157132, 0.5786967605442266, 0,10, 0
0.10111088937670458, nan, 0.9116167084157132, 0.5791740932348466, 0,10, 0
0.10111088937670458, nan, 0.9116167084157132, 0.5852573704957276, 0,10, 0
0.10111088937670458, nan, 0.9116167084157132, 0.5795445201739313, 0,10, 0
0.10111088937670458, nan, 0.9116167084157132, 0.5817449991153312, 0,10, 0
0.10111088937670458, nan, 0.9116167084157132, 0.5799924663807018, 0,10, 0
0.10111088937670458, nan, 0.9116167084157132, 0.580851954705623, 0,10, 0
0.10111088937670458, nan, 0.9116167084157132, 0.5823790141197375, 0,10, 0
0.10111088937670458, nan, 0.9116167084157132, 0.5811533592991243, 0,10, 0
0.10111088937670458, nan, 0.9116167084157132, 0.5823705942231128, 0,10, 0
0.10111088937670458, nan, 0.9116167084157132, 0.5767880457270413, 0,10, 0
0.10111088937670458, nan, 0.9116167084157132, 0.5834406703997821, 0,10, 0
0.10111088937670458, nan, 0.9116167084157132, 0.5826696924810508, 0,10, 0
0.10111088937670458, nan, 0.9116167084157132, 0.5799498050997989, 0,10, 0
0.10111088937670458, nan, 0.9116167084157132, 0.5797916919694959, 0,10, 0
0.10111088937670458, nan, 0.9116167084157132, 0.5834031781345849, 0,10, 0
0.10111088937670458, nan, 0.9116167084157132, 0.5806703167485178, 0,10, 0
0.10111088937670458, nan, 0.9116167084157132, 0.5815539079971128, 0,10, 0
0.10111088937670458, nan, 0.9116167084157132, 0.5784573388742158, 0,10, 0
0.10111088937670458, nan, 0.9116167084157132, 0.5816614066699037, 0,10, 0
0.10111088937670458, nan, 0.9116167084157132, 0.5822565123047795, 0,10, 0
0.10111088937670458, nan, 0.9116167084157132, 0.5828458284538183, 0,10, 0
0.10111088937670458, nan, 0.9116167084157132, 0.5834870360934796, 0,10, 0
0.10111088937670458, nan, 0.9116167084157132, 0.58114986377552, 0,10, 0
0.10111088937670458, nan, 0.9116167084157132, 0.5782753320293894, 0,10, 0
0.10111088937670458, nan, 0.9116167084157132, 0.5799545986568966, 0,10, 0
0.10111088937670458, nan, 0.9116167084157132, 0.5803430278034013, 0,10, 0
0.10111088937670458, nan, 0.9116167084157132, 0.5809650048815438, 0,10, 0
0.10111088937670458, nan, 0.9116167084157132, 0.5778577734359417, 0,10, 0
0.10111088937670458, nan, 0.9116167084157132, 0.5821980596213868, 0,10, 0
0.09785139360074503, 2.3029790910142136, 0.9021010421825233, 0.3324010412131062, 0,10, 0
0.5622962815140026, 20155.833019426893, 0.47458475585740134, 0.3780889996761328, 0,10, 0
0.6250249451207344, 10.06958856977485, 0.5254059606780997, 0.4023003856044187, 0,10, 0
0.49597552052151933, 23.204950023517725, 0.6330598672129808, 0.45581082602516476, 0,10, 0
0.5659548992217123, 8.305094238975016, 0.5731978657366351, 0.4152875627486429, 0,10, 0
0.6085279052750615, 5.368641586559578, 0.5207004072861402, 0.39248739247524983, 0,10, 0
0.6841615113417149, 4.515749311226927, 0.45494056255712034, 0.353192853191149, 0,10, 0
0.7281314441561897, 2.7298131593000146, 0.42507664474645923, 0.3381320458131178, 0,10, 0
0.7481540610656555, 2.0937036775011864, 0.42392484035151534, 0.3370758409452845, 0,10, 0
0.7672453934677044, 1.327213631285858, 0.3661217850208127, 0.3105604743219069, 0,10, 0
0.7800838156056675, 1.1732658843647223, 0.36333221531357063, 0.30182721168104115, 0,10, 0
0.7778221246590834, 0.9645922144874975, 0.3750278845749715, 0.30479558429689446, 0,10, 0
0.7826115878400851, 0.8417002963059016, 0.3681171599657718, 0.3037574711818161, 0,10, 0
0.7822789862302933, 0.8939945231403468, 0.389154283298492, 0.3179201857278334, 0,10, 0
0.7821459455863766, 0.8375761456984696, 0.3707816936876436, 0.30837415799296974, 0,10, 0
0.7748287101709572, 0.9595403239643642, 0.4103700668423039, 0.319012435493847, 0,10, 0
0.7530100445686158, 4.750170194988587, 0.37909616768242704, 0.3184849126891029, 0,10, 0
0.7285305660879399, 10.9241633203382, 0.38764801657480547, 0.32678770084370706, 0,10, 0
0.7201490055211868, 13.489156212209577, 0.37316538294252105, 0.2973194177670463, 0,10, 0
0.6377303266147808, 3.099904856779341, 0.3914536317911423, 0.3322198011910118, 0,10, 0
0.6600146344708309, 175.27984053683403, 0.431025895833843, 0.35124701503951433, 0,10, 0
0.7756934743564159, 0.9453566446740628, 0.35152473204394213, 0.29988243968294453, 0,10, 0
0.5716756469101311, 197462.0762303115, 0.49763470896867046, 0.39932062110588523, 0,10, 0
0.2179205747355817, 2.1847873176951405, 0.8041473284256111, 0.5266917350249684, 0,10, 0
0.36260227499501096, 2.1029613783186183, 0.6917636450764786, 0.47636239601342445, 0,10, 0
0.47043171688950974, 3.600940573488437, 0.6267315599881388, 0.44241637059128236, 0,10, 0
0.576864232022883, 173.2657229079589, 0.5252085204577938, 0.401820038960248, 0,10, 0
0.5859775161311781, 1004.2753562083564, 0.5061634690364378, 0.38583807508089035, 0,10, 0
0.6503691877868689, 75.25635945770992, 0.4437233831917758, 0.3644618720717305, 0,10, 0
0.6850262755271735, 115.68031458999823, 0.4180054833225604, 0.33257711072378066, 0,10, 0
0.6602807157586643, 2447.2173543409685, 0.4453888268905725, 0.364330771572035, 0,10, 0
0.7295948912392736, 386.9633581725315, 0.35440268773660866, 0.3015511008357767, 0,10, 0
0.7113018027007251, 12903.500183085996, 0.3846954789228296, 0.3386221383500969, 0,10, 0
0.6776425197897957, 52.6119080141232, 0.4483106829482132, 0.3645832307334006, 0,10, 0
0.6950708441428857, 257.71706941758157, 0.43912047650934555, 0.343070258814937, 0,10, 0
0.6893500964544669, 431.54765933146507, 0.439850480283266, 0.34658162916605995, 0,10, 0
0.6889509745227167, 1669.334317751498, 0.43409380112774143, 0.34870482354557253, 0,10, 0
0.6529634803432448, 378983.4892817751, 0.4799139272792638, 0.3777086274130773, 0,10, 0
0.46271535954234017, 2.0273526660309478, 0.6140710796118292, 0.42584516308315606, 0,10, 0
0.5591033060600014, 1.9178833747916393, 0.5417601239294133, 0.39895477293221066, 0,10, 0
0.5947581986296814, 3422881502.7152004, 0.5189164651005487, 0.38755491155435884, 0,10, 0
0.6598815938269141, 110048295484.98247, 0.4900133176099045, 0.367675525816024, 0,10, 0
0.6638062928224573, 1.6952061536152239, 0.491978913246405, 0.36683141687086424, 0,10, 0
0.6759795117408368, 1.6408094726941516, 0.4740814566724778, 0.35776421879352344, 0,10, 0
0.6957360473624692, 1.549624048686389, 0.3965290377014762, 0.3283513860903369, 0,10, 0
0.7115678839885585, 1.4997495020567075, 0.37899857796513403, 0.32029899311368615, 0,10, 0
0.7192177210137697, 304817481687.13086, 0.394186148558451, 0.3215469763256145, 0,10, 0
0.7266014767511475, 1.417082397984997, 0.3630391339466357, 0.3145366980615493, 0,10, 0
0.7524113616709905, 1797700184.940383, 0.3716461438145348, 0.3167980018742114, 0,10, 0
0.7508148739439899, 1.3556732564454845, 0.3731572548103761, 0.3125073723871873, 0,10, 0
0.7584647109692011, 39936728.81766244, 0.36371074795210456, 0.30606193238393903, 0,10, 0
0.7534091665003658, 1007234830.523574, 0.38396815157185826, 0.32257618997057746, 0,10, 0
0.7641189383356616, 58675183878.396385, 0.38392110888682685, 0.31321450082569924, 0,10, 0
0.7692410031264552, 33925849414.579113, 0.37160250070790546, 0.3111084497347542, 0,10, 0
0.10111088937670458, nan, 0.9116167084157132, 0.579490334540018, 0,10, 0
0.10111088937670458, nan, 0.9116167084157132, 0.5791339250604528, 0,10, 0
0.10111088937670458, nan, 0.9116167084157132, 0.5837242569874939, 0,10, 0
0.10111088937670458, nan, 0.9116167084157132, 0.5819528633544917, 0,10, 0
0.10111088937670458, nan, 0.9116167084157132, 0.5781715552719876, 0,10, 0
0.10111088937670458, nan, 0.9116167084157132, 0.5797427403812656, 0,10, 0
0.10111088937670458, nan, 0.9116167084157132, 0.5802084719168397, 0,10, 0
0.10111088937670458, nan, 0.9116167084157132, 0.5822221727464538, 0,10, 0
0.10111088937670458, nan, 0.9116167084157132, 0.5833407024639703, 0,10, 0
0.10111088937670458, nan, 0.9116167084157132, 0.5791051150896929, 0,10, 0
0.10111088937670458, nan, 0.9116167084157132, 0.581975913945179, 0,10, 0
0.10111088937670458, nan, 0.9116167084157132, 0.5795164771162964, 0,10, 0
0.10111088937670458, nan, 0.9116167084157132, 0.5762949098660353, 0,10, 0
0.10111088937670458, nan, 0.9116167084157132, 0.5782230188128304, 0,10, 0
0.10111088937670458, nan, 0.9116167084157132, 0.5814232442554356, 0,10, 0
0.10111088937670458, nan, 0.9116167084157132, 0.5783948685257252, 0,10, 0
0.10111088937670458, nan, 0.9116167084157132, 0.5838848945787691, 0,10, 0
0.10111088937670458, nan, 0.9116167084157132, 0.5804049017825814, 0,10, 0
0.10111088937670458, nan, 0.9116167084157132, 0.578246077375448, 0,10, 0
0.10111088937670458, nan, 0.9116167084157132, 0.5835008257249545, 0,10, 0
0.10111088937670458, nan, 0.9116167084157132, 0.5805881159581759, 0,10, 0
0.10111088937670458, nan, 0.9116167084157132, 0.5823545221410005, 0,10, 0
0.10111088937670458, nan, 0.9116167084157132, 0.5798477135243637, 0,10, 0
0.10111088937670458, nan, 0.9116167084157132, 0.5823659408490554, 0,10, 0
0.10111088937670458, nan, 0.9116167084157132, 0.5780068149504118, 0,10, 0
0.10111088937670458, nan, 0.9116167084157132, 0.5770419015135129, 0,10, 0
0.10111088937670458, nan, 0.9116167084157132, 0.5792145754918555, 0,10, 0
0.10111088937670458, nan, 0.9116167084157132, 0.5829502724228278, 0,10, 0
0.10111088937670458, nan, 0.9116167084157132, 0.5798698074272625, 0,10, 0
0.10111088937670458, nan, 0.9116167084157132, 0.5823268187966227, 0,10, 0
0.10111088937670458, nan, 0.9116167084157132, 0.5780127548382247, 0,10, 0
0.10111088937670458, nan, 0.9116167084157132, 0.5784655471291232, 0,10, 0
0.10111088937670458, nan, 0.9116167084157132, 0.582753852874406, 0,10, 0
0.10111088937670458, nan, 0.9116167084157132, 0.58117527625467, 0,10, 0
0.10111088937670458, nan, 0.9116167084157132, 0.5840010496976803, 0,10, 0
0.10111088937670458, nan, 0.9116167084157132, 0.5788291373454453, 0,10, 0
0.10111088937670458, nan, 0.9116167084157132, 0.585210235683584, 0,10, 0
0.10111088937670458, nan, 0.9116167084157132, 0.5816642091334651, 0,10, 0
0.10111088937670458, nan, 0.9116167084157132, 0.5847269882874491, 0,10, 0
0.10111088937670458, nan, 0.9116167084157132, 0.5805449837963574, 0,10, 0
0.10111088937670458, nan, 0.9116167084157132, 0.5828125112434435, 0,10, 0
0.10111088937670458, nan, 0.9116167084157132, 0.5776010095080717, 0,10, 0
0.10111088937670458, nan, 0.9116167084157132, 0.5798698443711109, 0,10, 0
0.10111088937670458, nan, 0.9116167084157132, 0.5824037493349978, 0,10, 0
0.10111088937670458, nan, 0.9116167084157132, 0.5818482130183383, 0,10, 0
0.10111088937670458, nan, 0.9116167084157132, 0.5800819709130881, 0,10, 0
0.10111088937670458, nan, 0.9116167084157132, 0.5841538588159498, 0,10, 0
0.09425929621499368, 2.303963779475346, 0.8928934570882359, 0.3854372450644522, 0,10, 0
0.6264218718818599, 246.05401964944627, 0.4450943187030139, 0.35267671250168975, 0,10, 0
0.49703984567285303, 1.769663831017935, 0.5988024171842722, 0.4575592154223072, 0,10, 0
0.6729195769307523, 120193.59629170921, 0.4528123395335051, 0.36007939788430643, 0,10, 0
0.6010111088937671, 5.590809372746253, 0.5644588088656923, 0.4215323443798434, 0,10, 0
0.3402514468170026, 13.53307793369358, 0.7002094112405741, 0.49287368922034835, 0,10, 0
0.3914720947249385, 5.40896027932531, 0.6809901792555287, 0.4753096292386867, 0,10, 0
0.4432249052085412, 6.696267875695198, 0.6398565517819228, 0.4576325318833896, 0,10, 0
0.5169959422603605, 3.75172753681004, 0.6004203132560648, 0.44239594140707644, 0,10, 0
0.6177742300272734, 2.1770030342169817, 0.5309121725689915, 0.4169612690679089, 0,10, 0
0.6769773165702122, 1.4774445976875683, 0.4795188806343311, 0.386612050094418, 0,10, 0
0.6708574469500432, 1.4477438802207345, 0.5036373720880466, 0.3968055117902741, 0,10, 0
0.7367125656888179, 1.2170244786187554, 0.43755092609523966, 0.3606145611896405, 0,10, 0
0.7216124526042706, 1.2221649269361499, 0.46114544259953716, 0.3661561346694622, 0,10, 0
0.7535422071442825, 1.0803295075689374, 0.42160863331536247, 0.3430751443383877, 0,10, 0
0.7677775560433713, 0.9061747432230906, 0.3790324111803901, 0.325915316824024, 0,10, 0
0.7762921572540411, 0.7838397131130721, 0.3703266570379973, 0.32490400073965214, 0,10, 0
0.7880662542406706, 0.7219005565947318, 0.34446648663757207, 0.2998455972406174, 0,10, 0
0.7852724007184195, 0.7361647620454314, 0.35309585653176084, 0.3102264266805863, 0,10, 0
0.786669327479545, 0.7291421315931009, 0.3513902035103183, 0.31683506085641344, 0,10, 0
0.7774895230492915, 0.6961829709705197, 0.38042911630833387, 0.33203600199962485, 0,10, 0
0.78646976651367, 0.6499634041875358, 0.340407317001116, 0.2973407333396772, 0,10, 0
0.790194904543338, 0.6198233869202802, 0.3406381262507785, 0.3069796364539938, 0,10, 0
0.7921239938801303, 0.6205236927651757, 0.32580436888232245, 0.2960634181161057, 0,10, 0
0.7867358478015034, 0.634436063009185, 0.34577248807631683, 0.297947355705035, 0,10, 0
0.7851393600745028, 0.6097790799909618, 0.3654386212990272, 0.3161495929414696, 0,10, 0
0.7900618638994212, 0.5828028533565419, 0.34099526910792144, 0.3063634487523849, 0,10, 0
0.7921905142020887, 0.5824002086904851, 0.33051050022078904, 0.2994639775180642, 0,10, 0
0.792057473558172, 0.5745077778018309, 0.32487372357492766, 0.2942286495421641, 0,10, 0
0.7904609858311714, 0.5673376923072699, 0.344695979750125, 0.3003724757416881, 0,10, 0
0.7830772300937937, 0.6052856570325009, 0.35187169047829814, 0.3023289311907404, 0,10, 0
0.7942526441827978, 0.5553162348552253, 0.3135929952758039, 0.2899614965326991, 0,10, 0
0.7927226767777557, 0.5614094580799808, 0.34559049942444686, 0.2990276208002866, 0,10, 0
0.7895962216457127, 0.5747381521509933, 0.33003091225381864, 0.28449836309958676, 0,10, 0
0.790194904543338, 0.5810046960335463, 0.32856744945757504, 0.2888234949386738, 0,10, 0
0.7933213596753809, 0.6096153801057439, 0.3094847715543245, 0.2858179586247841, 0,10, 0
0.6095922304263952, 3131.7030798306146, 0.48001265771074986, 0.38094933411036885, 0,10, 0
0.6485066187720349, 326.0938373223067, 0.49294669335141983, 0.3843067417878005, 0,10, 0
0.6417880662542407, 4395.182816679656, 0.47713785562291433, 0.36141595821067796, 0,10, 0
0.6411893833566155, 174576.399303976, 0.4722999245900069, 0.37566012213700645, 0,10, 0
0.623095855783942, 3.1473665241030595, 0.5253433212207457, 0.3941560779289852, 0,10, 0
0.6677975121399587, 2.409626363274064, 0.47173355840286346, 0.3625237858331695, 0,10, 0
0.6975320960553449, 2.014237676607682, 0.425541861669434, 0.3400158656250919, 0,10, 0
0.6708574469500432, 69.79338732796668, 0.43492501731819394, 0.3477084482794476, 0,10, 0
0.6448480010643252, 29040.39127282369, 0.45378537418453285, 0.349385778919207, 0,10, 0
0.3450409099980044, 2.0429101489003068, 0.7453112303718697, 0.4868549972405995, 0,10, 0
0.5336925430719085, 1.9192253397204622, 0.6052169344230598, 0.41920149560465253, 0,10, 0
0.6219650103106499, 1.808249549067822, 0.5247133976723588, 0.3756162242244097, 0,10, 0
0.6914787467571343, 1.6622416106422115, 0.47254009262120744, 0.35056908420234445, 0,10, 0
0.7001929089336792, 1.6071859385957263, 0.5015805797478393, 0.3529279875560735, 0,10, 0
0.7319896228297745, 1.5537931184259421, 0.4383545246711784, 0.33779368464458753, 0,10, 0
0.7508148739439899, 108310415.34956376, 0.3892817719029449, 0.31210331107890094, 0,10, 0
0.7580655890374509, 2203019125.272092, 0.40025017659086237, 0.3085469323534926, 0,10, 0
0.7639858976917449, 1.3997777217189638, 0.37466662102818143, 0.30380366119661784, 0,10, 0
0.7635202554380364, 2976396.3602332002, 0.3883095412614786, 0.3125550730255418, 0,10, 0
0.765316304130912, 413607817.43440926, 0.3866125458787155, 0.3130661388194508, 0,10, 0
0.7677775560433713, 1.3002957527444627, 0.3784284948014847, 0.305977080091006, 0,10, 0
0.7689749218386217, 1.2818308683616675, 0.37958638953832685, 0.30564844541419456, 0,10, 0
0.7699062063460387, 1.252603945288323, 0.3679672401619112, 0.29454096469499585, 0,10, 0
0.7743630679172487, 1.2293120292981514, 0.36766995617654663, 0.3054765230212691, 0,10, 0
0.7808155391472095, 1.2071278396856837, 0.3365988227176423, 0.28312195535093343, 0,10, 0
0.7804164172154593, 1.1645108224902254, 0.35076548938430896, 0.29321216299706415, 0,10, 0
0.7738974256635403, 1.1406275099074619, 0.3622589456184773, 0.3021266474418756, 0,10, 0
0.7804164172154593, 1.1158796384755163, 0.35076548938430896, 0.29728502933114814, 0,10, 0
0.7885984168163374, 1.1128664714901468, 0.3275972607048539, 0.2805639875194663, 0,10, 0
0.7893966606798377, 1.0924527926020722, 0.30412950039498843, 0.28116430002326126, 0,10, 0
0.7893301403578793, 1.0759802399551226, 0.3082961670616551, 0.27813272976226605, 0,10, 0
0.7889975387480875, 1.0426562437920848, 0.31543902420451225, 0.2884075610147772, 0,10, 0
0.7893301403578793, 1.0439561782759765, 0.3082961670616551, 0.2874583079548996, 0,10, 0
0.7893301403578793, 41949287.105206616, 0.30157659373760415, 0.28628255387641266, 0,10, 0
0.7923900751679638, 1.0422889136002464, 0.29790630351389685, 0.2762243078276703, 0,10, 0
0.7925231158118805, 1.0345896561124233, 0.29123963684723014, 0.27417856028356113, 0,10, 0
0.7916583516264218, 56820418.451197445, 0.3011191389393546, 0.2771340171930151, 0,10, 0
0.7748952304929155, 1.052370223594433, 0.31226710621265735, 0.2878533618046104, 0,10, 0
0.7706379298875806, 1.0616413103331688, 0.3118689014762173, 0.2820920545885606, 0,10, 0
0.7705714095656223, 1.0603557598892284, 0.3143689014762173, 0.2875810272862933, 0,10, 0
0.770704450209539, 1.0540978642990768, 0.3077022348095506, 0.2906745672877183, 0,10, 0
0.7703718485997473, 1.047804430784577, 0.3165117586190745, 0.28531453044156746, 0,10, 0
0.7700392469899554, 1.0361409821552958, 0.30698794909526494, 0.28882550966264253, 0,10, 0
0.7728331005122064, 1.0316998186806026, 0.3041112367664978, 0.2775088554568782, 0,10, 0
0.773298742765915, 1.0334675142217271, 0.3036709851941708, 0.28645430366734764, 0,10, 0
0.788531896494379, 1.022875861621794, 0.3009673652846685, 0.29239181382402646, 0,10, 0
0.7884653761724206, 1.0041940933495992, 0.3034673652846685, 0.27466031381716294, 0,10, 0
0.7887314574602541, 0.992215932527718, 0.29180069861800184, 0.27361222898688864, 0,10, 0
0.7906605467970464, 0.9766759080565147, 0.2992742435915468, 0.27573639963058444, 0,10, 0
0.7769573604736247, 0.9868558376114589, 0.3047974994055003, 0.2770190435866775, 0,10, 0
0.7770904011175415, 0.9793115450460969, 0.2981308327388337, 0.2747580888343102, 0,10, 0
0.7940530832169228, 0.9782082867614544, 0.30477800556145107, 0.2829716563986863, 0,10, 0
0.7940530832169228, 0.9780445868264754, 0.30477800556145107, 0.27934810922760844, 0,10, 0
0.7945187254706313, 0.9747504540960394, 0.30634777300331156, 0.2771216278102892, 0,10, 0
0.794651766114548, 0.9652397473080226, 0.30134777300331156, 0.27917466549342196, 0,10, 0
0.7949843677243398, 0.9814402816494643, 0.300980125944488, 0.27648012255152177, 0,10, 0
0.25783276791059667, 359.4331895848484, 0.7157672465579092, 0.5198146542997452, 0,10, 0
0.18718818599082018, 419.2127774554416, 0.8060447772451728, 0.5495517863189943, 0,10, 0
0.21339719284241335, 2029.2913883645433, 0.797514332709402, 0.5478249338302117, 0,10, 0
0.255105434710304, 41.550293161004134, 0.7226180589782658, 0.49732963592459106, 0,10, 0
0.21246590833499635, 1989.8016149281964, 0.8119363066650241, 0.5564919490139024, 0,10, 0
0.27492849065389474, 290.5163712625707, 0.774577475582589, 0.5314805798033387, 0,10, 0
0.2960154327146943, 3519.346860702092, 0.7375969552306743, 0.502315491269919, 0,10, 0
0.22716689948779353, 6968.29081893857, 0.7690148209433972, 0.52510258492567, 0,10, 0
0.2090068515931617, 1949.4496483874798, 0.8146536719875734, 0.551385887475968, 0,10, 0
0.08860506884853322, 2.30181116754246, 0.9003798016921708, 0.3169988737051852, 0,10, 0
0.6751147475553781, 8302.893927481527, 0.42529260860610196, 0.34847277008353694, 0,10, 0
0.3579458524579259, 1.9872232387494124, 0.6819542338904242, 0.48837482752101635, 0,10, 0
0.25676844275926297, 12.556274863719509, 0.734261809107619, 0.509630049988649, 0,10, 0
0.40983170358544535, 9.705238530514746, 0.6775212651916283, 0.4631277233754403, 0,10, 0
0.39646111887181534, 7.1459792371198105, 0.6868277450339931, 0.4686097985964016, 0,10, 0
0.419610190913324, 2.9823620538479867, 0.640051236862693, 0.439835375196717, 0,10, 0
0.4299873611388279, 4.249055803223885, 0.6511022179143114, 0.44318050377392715, 0,10, 0
0.5470631277855384, 2.90845980573835, 0.5606469478993072, 0.37242670419506824, 0,10, 0
0.6021419543670591, 1.7775971299289783, 0.5033648384648439, 0.34783586739648953, 0,10, 0
0.7170225503891439, 1.4385140888527659, 0.43780191203755336, 0.3268780334825201, 0,10, 0
0.7157586642719351, 1.2179326202298106, 0.44453468947800134, 0.3218561683984059, 0,10, 0
0.7623228896427858, 1.0249629621801624, 0.39958128080566346, 0.3076269430297849, 0,10, 0
0.7802168562495843, 0.8410078195557765, 0.37757784982441933, 0.2915912781960909, 0,10, 0
0.7663806292822457, 0.9210218521221053, 0.4082720696507148, 0.3024550830761122, 0,10, 0
0.7556043371249916, 0.9640109281249809, 0.43255204249796997, 0.3132503410861227, 0,10, 0
0.7733652630878733, 0.8654617409892623, 0.4057110899684517, 0.30936892589241743, 0,10, 0
0.7693740437703719, 0.880084445093109, 0.40655616662997146, 0.303311193526553, 0,10, 0
0.785738042972128, 0.8671974165188178, 0.3602252626971206, 0.2892061329412084, 0,10, 0
0.7832102707377103, 0.7829585129811576, 0.36906469985262946, 0.2932623261142342, 0,10, 0
0.7870684494112952, 0.7488921750452678, 0.36881491039627556, 0.30060054002982073, 0,10, 0
0.7905275061531298, 0.7480262548039326, 0.35300394975371224, 0.2960359405668775, 0,10, 0
0.7810151001130845, 0.7444962553651672, 0.37313769879079134, 0.2956399780999381, 0,10, 0
0.771635734716956, 0.798141881722873, 0.4026797410030547, 0.30301839795666125, 0,10, 0
0.7689749218386217, 0.8303570290721426, 0.40152388355406116, 0.30135659569583134, 0,10, 0
0.7550056542273664, 1.212187142502374, 0.3887445378306344, 0.3004413831130791, 0,10, 0
0.7794186123860839, 1.0497573694210554, 0.37849668079874965, 0.2936755613139121, 0,10, 0
0.7250049890241469, 2.0130898862602726, 0.3968546734801652, 0.29949958495332946, 0,10, 0
0.7282644848001064, 30.22564003856719, 0.39937241688799174, 0.3272024990463763, 0,10, 0
0.771436173751081, 0.7976967992276252, 0.39652505369626595, 0.31529951798212463, 0,10, 0
0.7824120268742101, 0.7744790227319951, 0.386795178170839, 0.30528876280250866, 0,10, 0
0.6847601942393401, 21.975412672784984, 0.3918009093927351, 0.32224146976437845, 0,10, 0
0.792988758065589, 0.7746629054196857, 0.3390371220457979, 0.2873415469697629, 0,10, 0
0.7900618638994212, 0.9393781584436128, 0.36359627147756923, 0.28415610187043083, 0,10, 0
0.7619237677110358, 1.1750089731955993, 0.38113758117583474, 0.28738886417847764, 0,10, 0
0.7570677842080755, 12.510568126296642, 0.3948506842809617, 0.32019282389374026, 0,10, 0
0.7184859974722277, 8.129706335065105, 0.3751016193254337, 0.30312532356688765, 0,10, 0
0.7933878799973392, 0.6925327323281015, 0.3468980399679473, 0.28929803105846313, 0,10, 0
0.7796846936739174, 0.8116683881022865, 0.3871119034967385, 0.29850297595213454, 0,10, 0
0.5629614847335861, 164791.93553149205, 0.5147411773176733, 0.39135615449880995, 0,10, 0
0.33991884520721083, 14.947353847901953, 0.6498099930766229, 0.48389728653760655, 0,10, 0
0.35002993414488126, 1.8942331668265302, 0.6984606497793755, 0.5128245379215629, 0,10, 0
0.3067917248719484, 142.98668581047272, 0.6932772845861437, 0.4946495689568748, 0,10, 0
0.45366859575600343, 1.9730070668759496, 0.578667829154236, 0.4422275981302458, 0,10, 0
0.4612519124592563, 4.8623181710443575, 0.5740890284274137, 0.4435655745827843, 0,10, 0
0.3811614448213929, 16463.81262455027, 0.618507671577441, 0.45434709235616894, 0,10, 0
0.7174881926428524, 2.241447824946915, 0.41063174883201653, 0.333428678777422, 0,10, 0
0.5730060533492982, 162254.77512970814, 0.5158439544443691, 0.40413836449733076, 0,10, 0
0.3792988758065589, 2.0088512136702574, 0.7126471192825474, 0.4756725801192202, 0,10, 0
0.5432049491119537, 5675902.930435848, 0.5693216166231432, 0.42233136374313673, 0,10, 0
0.6065322956163108, 97015.76620295204, 0.5356436664669555, 0.40070698160947527, 0,10, 0
0.6737178207942527, 1.6650169034672062, 0.4898741902030486, 0.37653067254394296, 0,10, 0
0.6882857713031331, 3934365.2259431183, 0.4743997256503748, 0.36615660277508555, 0,10, 0
0.7030532827778887, 1112375.3583689246, 0.4635909653504754, 0.35730664435096027, 0,10, 0
0.6925430719084681, 24198486.317039933, 0.4702351026974261, 0.34863352125549285, 0,10, 0
0.7419676711235282, 1.4478171314754973, 0.3997913866622808, 0.3323929463771925, 0,10, 0
0.7063792988758065, 144969387.6129981, 0.4442787782876506, 0.31679684450928486, 0,10, 0
0.7485531829974057, 1.3664832473512911, 0.41459784697784197, 0.33527362614058104, 0,10, 0
0.7463580123727799, 3632987.345866109, 0.41654060782895574, 0.33812825194985907, 0,10, 0
0.7627885318964944, 1.3159321130406458, 0.39818341375094285, 0.32995672651365693, 0,10, 0
0.777755604337125, 1.2735896069358972, 0.3977157692298039, 0.3235209949167128, 0,10, 0
0.7673784341116211, 1.2577986145670967, 0.37578703199987923, 0.3223047061868743, 0,10, 0
0.7689084015166633, 386314.0423956096, 0.367160223618434, 0.32144632343606966, 0,10, 0
0.7659815073504955, 1.252193048539882, 0.3826034565771821, 0.3239071800637475, 0,10, 0
0.730592696068649, 1.5133271643764146, 0.410553496699847, 0.345034529591759, 0,10, 0
0.6692609592230426, 9.94682674763904, 0.4351974351615218, 0.3657271511940578, 0,10, 0
0.6947382425330939, 4.326763162130968, 0.4123539241532669, 0.3497577740388285, 0,10, 0
0.6465110091132841, 63042.25193880123, 0.4455134050105928, 0.37671536846547254, 0,10, 0
0.658750748353622, 1473862.2368019642, 0.4351606277643776, 0.3456992065095391, 0,10, 0
0.6761790727067118, 5.647682741435258, 0.38266906618810276, 0.3291805157605455, 0,10, 0
0.717953834896561, 1.1279432526211088, 0.3465011286022747, 0.30827176918855786, 0,10, 0
0.685092795849132, 21.061434181310272, 0.40287448428528366, 0.32532670611183656, 0,10, 0
0.6763121133506286, 6840.738487760196, 0.4011113192064355, 0.33749783339037603, 0,10, 0
0.7142286968668928, 24135.864632495894, 0.39429308060105633, 0.33659001789571497, 0,10, 0
0.6793720481607131, 9.916001144744918, 0.42697903487686917, 0.34643154770259954, 0,10, 0
0.6899487793520921, 20.7717663232899, 0.4164918144742187, 0.3337309743786052, 0,10, 0
0.6733852191844608, 11.82954849401496, 0.41230340576239577, 0.33797487971011975, 0,10, 0
0.5519191112884987, 397217.7870614019, 0.45653107266890813, 0.3471455651222588, 0,10, 0
0.5894365728730127, 217702.15777764897, 0.4768635971740471, 0.37253122395758687, 0,10, 0
0.56888179338788, 56.08173819520193, 0.4868801075230325, 0.3825031053238803, 0,10, 0
0.6518326348699528, 11.92856504749704, 0.4270074927430514, 0.3507190410552949, 0,10, 0
0.6397259362735316, 14.50791928780087, 0.45326599201240314, 0.3539035954296776, 0,10, 0
0.6803698529900885, 6495.0490042494175, 0.4162040723856931, 0.34158186006830576, 0,10, 0
0.647242732654826, 33.2639783414732, 0.4452321316132855, 0.3498948022552597, 0,10, 0
0.6776425197897957, 39.07993737860085, 0.4382565774891322, 0.34122629086689094, 0,10, 0
0.6423202288299076, 91.55363572608242, 0.44039867485674783, 0.3438901443950932, 0,10, 0
0.6719217721013769, 43.851492851474916, 0.4523237173259049, 0.3421637633497341, 0,10, 0
0.6093261491385619, 55.84994830559684, 0.4681610856708373, 0.3651902903698545, 0,10, 0
0.5881061664338455, 100.07425468987597, 0.46211693667987774, 0.3563465125369939, 0,10, 0
0.5653562163240871, 93.74140220241746, 0.47127307269368496, 0.35910387586711, 0,10, 0
0.5713430453003393, 956.8704962718974, 0.4868781108224462, 0.37518351279361034, 0,10, 0
0.6345373511607796, 45.41625336948552, 0.4565062186283428, 0.3589185260385452, 0,10, 0
0.5689483137098383, 42.22800951427726, 0.5049826318537796, 0.36763253963728326, 0,10, 0
0.6554247322557041, 14.27572823549607, 0.4514303128214543, 0.332148951949152, 0,10, 0
0.6689948779352092, 8.044220875779576, 0.42706942955276106, 0.3337228938571652, 0,10, 0
0.6260227499501098, 58.643452604501846, 0.49043478914024796, 0.3724284202135815, 0,10, 0
0.6434510743031996, 148.44214190823192, 0.430409264830567, 0.34644020609856435, 0,10, 0
0.5977516131178074, 41.49787892081494, 0.5206833008343144, 0.38934994167117987, 0,10, 0
0.6089270272068117, 73.25815169126156, 0.46928609998584064, 0.3618679562046266, 0,10, 0
0.6047362469234351, 65.85018426457277, 0.4516269385388968, 0.3589458796745765, 0,10, 0
0.6029401982305594, 53.758638737415424, 0.5141856958588198, 0.37319232900112953, 0,10, 0
0.1053681899820395, 2.3023860997911987, 0.8810801154136584, 0.30367335958789465, 0,10, 0
0.6090600678507284, 1018811.4753031685, 0.4554922903684547, 0.37150034959644307, 0,10, 0
0.3499634138229229, 2.158331977934892, 0.7408284885522016, 0.5078419690193295, 0,10, 0
0.45606332734650434, 4.104039066298348, 0.5614320589221881, 0.4385479482100634, 0,10, 0
0.3625357546730526, 31.83861584001794, 0.6667630214741501, 0.49753535815121125, 0,10, 0
0.39566287500831504, 69.5448629114631, 0.6513869865751843, 0.4957542251797486, 0,10, 0
0.3673252178540544, 104.6925504405905, 0.6469183898305485, 0.4869072622072792, 0,10, 0
0.41129515066852923, 21.056185028484254, 0.5775578886462174, 0.46263580701463736, 0,10, 0
0.5277057140956563, 22.143735672897375, 0.5012386735802413, 0.39828337292903304, 0,10, 0
0.6366660014634471, 12.500485945786428, 0.4148441369243831, 0.33515903000320085, 0,10, 0
0.6699261624426263, 11.717011799252107, 0.38943975970407385, 0.3269345320012246, 0,10, 0
0.650568748752744, 11.81607051329757, 0.4018891300841285, 0.33675287915431595, 0,10, 0
0.680103771702255, 12.656483812230325, 0.3703913145915449, 0.33148367001405943, 0,10, 0
0.7214128916383955, 12.88745125375114, 0.36469486032999604, 0.3129506669542431, 0,10, 0
0.7635867757599947, 16.063114154606446, 0.339072157422521, 0.3064735239814622, 0,10, 0
0.7673119137896628, 16.403769787610862, 0.33461963066317907, 0.29854208529369086, 0,10, 0
0.7428324353089869, 18.793572277275466, 0.3324963755877477, 0.30315744842159825, 0,10, 0
0.741169427260028, 1.3578982031154772, 0.35149865001731034, 0.3068013817012927, 0,10, 0
0.7764917182199161, 1.1916901175396128, 0.37621716171391817, 0.3011290104699727, 0,10, 0
0.7691079624825384, 1.173618109197304, 0.3775877350436104, 0.30684972992709675, 0,10, 0
0.7729661411561232, 1.1528147573035576, 0.344605752218628, 0.3015205717191277, 0,10, 0
0.7874010510210869, 1.0178881738648995, 0.31421327830406154, 0.2789569230212196, 0,10, 0
0.7889975387480875, 0.9803531595034851, 0.3071161848528517, 0.2788954791247299, 0,10, 0
0.7788199294884587, 0.9344504630950171, 0.3075935915210438, 0.2820556702091701, 0,10, 0
0.7838089536353356, 0.9286945291123971, 0.3018367398422287, 0.2741821423515337, 0,10, 0
0.7887314574602541, 0.886270103115012, 0.3016276354826861, 0.2869121910114076, 0,10, 0
0.7887979777822125, 0.8739961762017522, 0.29687597621011313, 0.28069610694753183, 0,10, 0
0.7841415552451274, 0.6760062894476617, 0.29884732343512294, 0.2810178814425298, 0,10, 0
0.7858045632940863, 0.7018447148704395, 0.3200075619227379, 0.28182573795239835, 0,10, 0
0.7801503359276258, 0.7341705035268051, 0.33764483296243647, 0.29631079027123736, 0,10, 0
0.7810816204350429, 0.8169828930736752, 0.36875623673571456, 0.3133531942733747, 0,10, 0
0.7860041242599615, 0.7660584802434625, 0.36344875972998375, 0.30680044513694804, 0,10, 0
0.772367458258498, 0.7727297824747174, 0.3501573668989315, 0.30183698351616833, 0,10, 0
0.7903279451872547, 0.7164142848861732, 0.3371647083899063, 0.29556921221542753, 0,10, 0
0.7816803033326681, 0.7289277360387892, 0.31826012379362373, 0.2832444991531564, 0,10, 0
0.7824785471961684, 0.7358910696370246, 0.324502685425564, 0.2841937101925954, 0,10, 0
0.7893966606798377, 0.7149182485930825, 0.3239653787329431, 0.28759211140166147, 0,10, 0
0.7889975387480875, 0.7213419220783361, 0.3272218352253776, 0.2869506363848131, 0,10, 0
0.7824785471961684, 0.7270809345415713, 0.31494562499662804, 0.2734490095248799, 0,10, 0
0.6737178207942527, 9.103948334769848, 0.408784673292714, 0.3164340833422058, 0,10, 0
0.7170890707111023, 13.705983693552174, 0.3772243228397125, 0.30488591724933733, 0,10, 0
0.6934743564158851, 5.668181496801131, 0.3943733322455756, 0.30061688050653645, 0,10, 0
0.762722011574536, 10.401383129474532, 0.33607254852884544, 0.2994470545983146, 0,10, 0
0.791857912592297, 0.7430147598127993, 0.3061740873893941, 0.2799762638768925, 0,10, 0
0.7217454932481874, 9.796978023418975, 0.3684017777690478, 0.31015669964515336, 0,10, 0
0.7025876405241801, 77.95317659247672, 0.3798203945471277, 0.31623332243800706, 0,10, 0
0.6898822590301337, 171.4279427310547, 0.4080133562126872, 0.33271732532110737, 0,10, 0
0.7860041242599615, 0.8774612996705576, 0.32833259919953983, 0.2867151713525638, 0,10, 0
0.7874010510210869, 0.7980629101520338, 0.32236600719491504, 0.29015399103653083, 0,10, 0
0.7891305793920043, 0.7897791027818873, 0.3188460751387005, 0.2869505282841077, 0,10, 0
0.6884853322690082, 25.542715217129587, 0.42664276163600445, 0.3443184521677161, 0,10, 0
0.7373777689084016, 1.2728783343780703, 0.3722735410934551, 0.2982889012784992, 0,10, 0
0.7961817335195902, 0.7349190908820264, 0.29773153382863926, 0.2715579937790546, 0,10, 0
0.7696401250582052, 1.5675601943109703, 0.3444062390576873, 0.29705594590291784, 0,10, 0
0.7062462582318898, 7.6003730322992995, 0.40840572350278526, 0.3372960893129929, 0,10, 0
0.6582851060999135, 9.444078225188356, 0.4090657057134354, 0.3243125516040134, 0,10, 0
0.7236080622630213, 4.213907907834813, 0.38461657192031196, 0.32601101295550694, 0,10, 0
0.7289962083416484, 9.0688180182345, 0.39839994136587514, 0.3300460494133275, 0,10, 0
0.7837424333133772, 0.7442046844319916, 0.3127359598075928, 0.28556336506776986, 0,10, 0
0.7514135568416151, 0.8639488820029475, 0.32478950510038423, 0.2885119415441176, 0,10, 0
0.7053149737244728, 1084.9417585834765, 0.400040063819222, 0.33623866535358793, 0,10, 0
0.5936938734783477, 105191.95393895535, 0.4578096790692712, 0.3720559535129787, 0,10, 0
0.3838222576997273, 2.015854956479968, 0.7085109981185488, 0.4928710441763369, 0,10, 0
0.2860373844209406, 4439552.399408137, 0.7066997863253058, 0.5135058716142591, 0,10, 0
0.5925630280050556, 1.6454561325777013, 0.4780622339797575, 0.38999924170546124, 0,10, 0
0.5644914521386284, 4.753821731986156, 0.5382980111420578, 0.43210173615828235, 0,10, 0
0.5994146211667665, 40.58991343738914, 0.49756686473464745, 0.3792155279058911, 0,10, 0
0.5932947515465975, 19.268448689282085, 0.49699723676256546, 0.3874201916949711, 0,10, 0
0.6643384553981241, 8.77937022241772, 0.44702866755492965, 0.3591631992292475, 0,10, 0
0.6655358211933746, 10.201181254429896, 0.4514636045255115, 0.34880449096909993, 0,10, 0
0.6503026674649105, 746.6736309170411, 0.46103787786236805, 0.3486659971001873, 0,10, 0
0.6697266014767511, 4.95644217479672, 0.4185520973778506, 0.3344132576398379, 0,10, 0
0.7152265016962682, 3.4937729126051935, 0.3984226455321113, 0.3165969607402264, 0,10, 0
0.7198164039113949, 2.349000803370539, 0.39005729410701667, 0.3237983978167488, 0,10, 0
0.6370651233951973, 39084.77054778291, 0.45270889549397636, 0.3638444427503588, 0,10, 0
0.410696467770904, 2.0473691734702717, 0.6945985662758548, 0.4633081749153643, 0,10, 0
0.6113217587973125, 1.8924631069601474, 0.5090186780754736, 0.38001244300420034, 0,10, 0
0.1454134238009712, 14.900644613129465, 0.799521035255977, 0.579283400475214, 0,10, 0
0.16889509745227166, 33.548365058198684, 0.7995481381878713, 0.5704209782316123, 0,10, 0
0.17268675580389808, 131557613.64551789, 0.7775126154479503, 0.5207769901044875, 0,10, 0
0.5889044102973459, 1.7784790657542466, 0.5244689020331748, 0.39278059386780534, 0,10, 0
0.6449145213862835, 1.6866789532066193, 0.4637614708949952, 0.3648109042554403, 0,10, 0
0.6603472360806226, 1.5856806473394025, 0.471965444862138, 0.3630019893760782, 0,10, 0
0.6846271535954234, 1.5236223963656952, 0.42112782480942956, 0.35257200418844803, 0,10, 0
0.6875540477615911, 1.4989796866955398, 0.4322407396723444, 0.34723326239899405, 0,10, 0
0.7379099314840684, 14130.969270829308, 0.42107140816424277, 0.3368096484602927, 0,10, 0
0.7272001596487727, 2462335.817796366, 0.3901313250782398, 0.32040880148897344, 0,10, 0
0.7525444023149072, 1.2489808150000898, 0.34058263646434594, 0.31284509144547246, 0,10, 0
0.6067318565821859, 18176.001266215837, 0.48433461503932507, 0.38163592723330886, 0,10, 0
0.6050023282112685, 42726.811701540326, 0.49705530989464447, 0.40113246186932805, 0,10, 0
0.6101243930020621, 8500.992987204625, 0.4680959464347567, 0.3794086621267669, 0,10, 0
0.6610789596221646, 544632.150209098, 0.41880255113664255, 0.3499316056999163, 0,10, 0
0.5434710303997872, 10522602.500661284, 0.5077934189959494, 0.38838127626528895, 0,10, 0
0.5806558903745094, 70467.46971986257, 0.49952143360349605, 0.37375551650605937, 0,10, 0
0.6668662276325418, 167878.06098209627, 0.4353490584752103, 0.3511019368662777, 0,10, 0
0.10111088937670458, nan, 0.9116167084157132, 0.5868344506783756, 0,10, 0
0.10111088937670458, nan, 0.9116167084157132, 0.5826104354834392, 0,10, 0
0.10111088937670458, nan, 0.9116167084157132, 0.5830765365136078, 0,10, 0
0.10111088937670458, nan, 0.9116167084157132, 0.5803960501593726, 0,10, 0
0.10111088937670458, nan, 0.9116167084157132, 0.5821390554578245, 0,10, 0
0.10111088937670458, nan, 0.9116167084157132, 0.5837737265876695, 0,10, 0
0.10370518193308055, 2.3040232485515713, 0.9316715375381613, 0.36909065003115843, 0,10, 0
0.6596155125390807, 3166.4539987152602, 0.47149487387983263, 0.39033792798992745, 0,10, 0
0.6829641455464645, 4.0627360527208545, 0.4494037513125019, 0.3735771159457888, 0,10, 0
0.7303266147808155, 1.9458665615281479, 0.42866270390987826, 0.35194436964269776, 0,10, 0
0.7590633938668263, 1.3458745798532044, 0.41143080926855374, 0.33127528503428194, 0,10, 0
0.7443624027140291, 1.1962567476177195, 0.4464821835366105, 0.3480416270943778, 0,10, 0
0.7583981906472428, 1.0272580506947895, 0.4203965856128189, 0.3310690868673967, 0,10, 0
0.7659149870285372, 0.8908065831344093, 0.4066799313980006, 0.3321666168194, 0,10, 0
0.7766912791857913, 0.7306985089105087, 0.3546725549394985, 0.2951744798719649, 0,10, 0
0.77755604337125, 0.7689033011968287, 0.3597396790033385, 0.30039516294466934, 0,10, 0
0.7666467105700792, 0.7760026027552842, 0.4060934652325871, 0.3219327871662106, 0,10, 0
0.7699062063460387, 0.8197253345894663, 0.38118673914208256, 0.3239997458616441, 0,10, 0
0.7756269540344575, 1.0719867600554147, 0.35175712305848816, 0.2941068636851773, 0,10, 0
0.7240071841947715, 3.7522794169545555, 0.3982826998573421, 0.3336260653496545, 0,10, 0
0.7665136699261624, 0.9056487595460323, 0.3221333821080025, 0.3039842835113612, 0,10, 0
0.7432315572407371, 1.4510472354873203, 0.3560554488107133, 0.30379317222600927, 0,10, 0
0.7034524047096388, 67.51992152487166, 0.40979384285199866, 0.34245720514764194, 0,10, 0
0.6660679837690414, 110.18946793268738, 0.4170118439951309, 0.3344357336505095, 0,10, 0
0.6041375640258099, 6291434.583747503, 0.476532027244143, 0.3684256756257697, 0,10, 0
0.22443956628750084, 2.1902726105426287, 0.7909245891612063, 0.5342740298115032, 0,10, 0
0.5205880396461119, 1.949709541024637, 0.5550702202668759, 0.41348676030739573, 0,10, 0
0.6793055278387548, 1.8602160013464248, 0.4692635514136368, 0.3604218178050545, 0,10, 0
0.7180868755404776, 1.7847643328158669, 0.4462573068929236, 0.34253143914863593, 0,10, 0
0.7189516397259362, 1.703199476638034, 0.4493171711733097, 0.34320768547980135, 0,10, 0
0.7564691013104503, 1.6387783471837631, 0.4268470574653394, 0.33755281959598776, 0,10, 0
0.7667797512139959, 1.5772714535103882, 0.3869869346713336, 0.31677826011726695, 0,10, 0
0.778686888844542, 1.563288317353816, 0.3756459635137111, 0.3157502311475994, 0,10, 0
0.7796846936739174, 1.527551024483126, 0.3749318844521398, 0.3055616780737632, 0,10, 0
0.7796846936739174, 1.4628195050688257, 0.3749318844521398, 0.31037033146698156, 0,10, 0
0.7826115878400851, 1.4158792161787095, 0.37510027823452324, 0.3073108641584981, 0,10, 0
0.7862036852258365, 1.3652106880391301, 0.3736337006944163, 0.30140528459118543, 0,10, 0
0.7869354087673784, 1.3283960769162486, 0.3641163846771003, 0.30315222089927746, 0,10, 0
0.7727000598682897, 1.2916985317075442, 0.3549763010264811, 0.30467324837654813, 0,10, 0
0.7869354087673784, 1.2681301506198406, 0.34593610103039857, 0.3008066141825871, 0,10, 0
0.7896627419676712, 1.2405166122238411, 0.3401698745880921, 0.2965638903655441, 0,10, 0
0.5952903612053483, 4.117544148594643, 0.5361068042468431, 0.4264792704044431, 0,10, 0
0.4316503691877869, 149.25804664474143, 0.6248664478846859, 0.47852779698121095, 0,10, 0
0.43883456395928955, 627.046612767896, 0.6426982984563963, 0.474108874735793, 0,10, 0
0.4756203020022617, 73.19328168955619, 0.5704385504384055, 0.43714276617426656, 0,10, 0
0.5605002328211268, 28.50066358217027, 0.511617064577103, 0.4028756522480318, 0,10, 0
0.5140025277722344, 143.09516427692876, 0.5421822593856904, 0.4197692281288015, 0,10, 0
0.5283709173152398, 28.841989601068427, 0.5257318286858637, 0.40324273980355957, 0,10, 0
0.6051353688551853, 11.489675085956984, 0.4836975011016878, 0.3741527203198117, 0,10, 0
0.6353355950242799, 8.524536896387907, 0.4190521917985891, 0.33876924452264673, 0,10, 0
0.5593693873478348, 8562.892458129707, 0.4885637217571194, 0.37653695426253797, 0,10, 0
0.6467770904011175, 9.348504732168657, 0.43341097778639953, 0.3572500022276827, 0,10, 0
0.7247389077363134, 1.6577790087321211, 0.3506106529359843, 0.3117280551895267, 0,10, 0
0.6594159515732056, 6.030094669820126, 0.41839297244391466, 0.3355898109408998, 0,10, 0
0.5106099913523582, 186168.6498995981, 0.5080462340783066, 0.3790134035045171, 0,10, 0
0.5576398589769175, 33.201381078907716, 0.47700056795435997, 0.38720287401161213, 0,10, 0
0.5543138428789995, 29.168429775208796, 0.49396438360949935, 0.39267139190123584, 0,10, 0
0.6854253974589237, 90.53132389579267, 0.42806583918098867, 0.35308230299749377, 0,10, 0
0.5338921040377835, 77476.01181800308, 0.4976279609455227, 0.37623156666990076, 0,10, 0
0.6475088139426595, 4427.313229533618, 0.4471315128379102, 0.36397268412118294, 0,10, 0
0.6888844542007583, 1781.4762368772504, 0.4016918308892349, 0.3353303265036109, 0,10, 0
0.6563560167631212, 30686.01092115854, 0.4181164273000409, 0.3550926203443064, 0,10, 0
0.4917182199161844, 1.920645292018937, 0.603015313457274, 0.4254084249380084, 0,10, 0
0.5742034191445486, 1.8622716210382566, 0.5519313648642624, 0.4018409787259756, 0,10, 0
0.641655025610324, 1.7377305385484862, 0.4685927714397867, 0.3702213815670121, 0,10, 0
0.7246058670923967, 1.6462174858705874, 0.43338918569007556, 0.3485685698963257, 0,10, 0
0.5968868489323488, 13739505365097.328, 0.5036302159764412, 0.3273959254139097, 0,10, 0
0.7301270538149405, 1.5327229580597186, 0.4266171405083665, 0.34515360472180867, 0,10, 0
0.7182199161843943, 1.4764378571714707, 0.40962776449741267, 0.3359227709118273, 0,10, 0
0.7224106964677709, 1.4398647057378093, 0.4098725197421679, 0.337187580467605, 0,10, 0
0.7685757999068715, 1.3764825399038496, 0.3699849974563941, 0.30782407654386196, 0,10, 0
0.7709040111754141, 1.36085686868202, 0.35688733018243285, 0.30452204460379895, 0,10, 0
0.7741635069513736, 1.2946085844074688, 0.3586121668855896, 0.29924224204550803, 0,10, 0
0.7778886449810417, 1.2684469721006522, 0.3556530616929819, 0.30209091405280336, 0,10, 0
0.7801503359276258, 1.2496562804591866, 0.3523203296102498, 0.30213618010404725, 0,10, 0
0.7804164172154593, 1.2195704355370036, 0.34174941368407064, 0.29790267944169885, 0,10, 0
0.7820129049424599, 1.1977619478731222e+16, 0.325414743747469, 0.2892294616492145, 0,10, 0
0.7844741568549192, 1.2739079908506975e+18, 0.31859104644522185, 0.2906762787736272, 0,10, 0
0.7885984168163374, 1.1532613315128808, 0.3098043419286274, 0.27778016131524313, 0,10, 0
0.7896627419676712, 1.1311476803031906, 0.3059486357593514, 0.2766044824409659, 0,10, 0
0.7898623029335462, 1.0632848048698306e+16, 0.3081588599398321, 0.2737873081065588, 0,10, 0
0.7916583516264218, 1.0980959711450782, 0.3173674669281826, 0.28371406217905154, 0,10, 0
0.7659149870285372, 1.0891223146432032, 0.32385366599574505, 0.29069272679556574, 0,10, 0
0.7911927093727134, 1.1068711410678844, 0.30880816722368826, 0.2851541054334673, 0,10, 0
0.791126189050755, 1.1052722980363148, 0.31005816722368823, 0.28216386438769164, 0,10, 0
0.7910596687287966, 1.1007074869843048, 0.31380816722368826, 0.28160375494086887, 0,10, 0
0.7919244329142553, 1.0960756591832512, 0.3105002685925376, 0.2890042323338469, 0,10, 0
0.7923900751679638, 1.0865565888625293, 0.3120700360343981, 0.2850078651236331, 0,10, 0
0.7880662542406706, 1.0715155620082073, 0.3119965066226334, 0.28306128037790745, 0,10, 0
0.7830107097718353, 1.0556161080804947, 0.3125892602181203, 0.2849671950509843, 0,10, 0
0.7874010510210869, 1.0550139115875883, 0.310162789629885, 0.2814053223372046, 0,10, 0
0.753608727466241, 1.1301498404794333e+18, 0.34088046593866034, 0.28042170408982864, 0,10, 0
0.7879997339187121, 1.0310365922314388, 0.3087277900450933, 0.2779063613092985, 0,10, 0
0.7902614248652964, 1.0342727768007731, 0.3079944411499797, 0.2796088536618409, 0,10, 0
0.7902614248652964, 1.0255831428212172, 0.3071611078166464, 0.2852985376886862, 0,10, 0
0.7562030200226169, 1.059485363421929, 0.32076693044079363, 0.28504962959968383, 0,10, 0
0.790194904543338, 1.0505962193830993, 0.3104944411499797, 0.28233113462495885, 0,10, 0
0.7855384820062529, 1.0498870523732091, 0.3165572753745786, 0.2805279615914851, 0,10, 0
0.7902614248652964, 1.055632050698594, 0.3071611078166464, 0.28550036540942786, 0,10, 0
0.7902614248652964, 1.0654966755655721, 0.3103973537713389, 0.2815350974132268, 0,10, 0
0.7924565954899222, 1.053159581696425, 0.30620423207821723, 0.27607075767443406, 0,10, 0
0.7881327745626289, 1.060350880804933, 0.3052973693331192, 0.28034666351331533, 0,10, 0
0.7875340916650037, 1.0523131171511884, 0.31157095423877956, 0.28070994650693426, 0,10, 0
0.7882658152065456, 1.033943469743257, 0.2977973693331192, 0.28127712373069114, 0,10, 0
0.7877336526308787, 1.023526206650006, 0.30157095423877955, 0.28988950427463755, 0,10, 0
0.788531896494379, 1.0069562943834038, 0.30303546457121444, 0.28488973775229665, 0,10, 0
0.7883323355285039, 7.0687408504445965e+25, 0.30975315164604433, 0.2958937283912665, 0,10, 0
0.10403778354287235, 2.3038583547699627, 0.8721579147249683, 0.40891054987514835, 0,10, 0
0.6510343910064524, 460.95604654889183, 0.4706386931476134, 0.3755736017849161, 0,10, 0
0.6334730260094459, 1.6872177669412454, 0.525846608477847, 0.40903688706569674, 0,10, 0
0.6679970731058338, 1.3259379555954343, 0.4871086243410495, 0.3881561022655988, 0,10, 0
0.6766447149604204, 1.1634409638232122, 0.4814029377341394, 0.3746367923982525, 0,10, 0
0.7023215592363466, 1.1253985292855933, 0.45860581697790415, 0.3745960470603646, 0,10, 0
0.7325883057273997, 0.9556292566185637, 0.40920612834988224, 0.3178348915306389, 0,10, 0
0.7117674449544336, 0.9442256330340547, 0.43415202110880563, 0.34501353279116675, 0,10, 0
0.7565356216324087, 0.7993356750852185, 0.36499878405879277, 0.3126174092508027, 0,10, 0
0.7482871017095722, 0.754606811860712, 0.3920433072166952, 0.3244651035167927, 0,10, 0
0.7685092795849132, 0.772978509422518, 0.3834938821997313, 0.31270330085225057, 0,10, 0
0.6396594159515732, 6912.37700602014, 0.46958525037010657, 0.3815558643740421, 0,10, 0
0.5429388678241203, 123000.72694891918, 0.4782880655278784, 0.38239728824259644, 0,10, 0
0.5511873877469567, 986.5161335775534, 0.512331742942342, 0.4090033193809161, 0,10, 0
0.6251579857646511, 1.5480603297515838, 0.47513317986505804, 0.3748261539001364, 0,10, 0
0.6666666666666666, 1.7808145045158246, 0.4388568994890056, 0.35200801834256873, 0,10, 0
0.6805694139559636, 1.2697479326535857, 0.44865908616919614, 0.35006247161470533, 0,10, 0
0.717953834896561, 132.83220101055468, 0.3812575333666879, 0.31187780405822124, 0,10, 0
0.7156921439499767, 246.6998449922947, 0.40597948294834735, 0.34086593703939017, 0,10, 0
0.6864897226102574, 194.85099001357415, 0.4219862971037691, 0.3519506731067806, 0,10, 0
0.6987294618505954, 1.0312575812993565, 0.41001211717631525, 0.3544843608061125, 0,10, 0
0.6947382425330939, 10467.850703091302, 0.42571940494360405, 0.35263237580762735, 0,10, 0
0.5093461052351493, 2.0532787536215595, 0.6231255161628019, 0.43347899208998725, 0,10, 0
0.6348699527705715, 1.9528038484214554, 0.5367112744070048, 0.38263374781917764, 0,10, 0
0.6757799507749618, 1.8863912182265647, 0.4362267342316916, 0.34161073777523465, 0,10, 0
0.7329209073371915, 1.7659638935871913, 0.42434180036790664, 0.3247867148648746, 0,10, 0
0.7740969866294153, 10429917621.079247, 0.3712938353607683, 0.3038867708693829, 0,10, 0
0.7577995077496175, 1.6059399686680895, 0.4150170025634427, 0.32623424668369827, 0,10, 0
0.7687753608727467, 123366233.61353905, 0.40497696447451303, 0.31731210888260875, 0,10, 0
0.7832767910596687, 279746496.7438572, 0.37322861453094625, 0.30483971455874925, 0,10, 0
0.7830772300937937, 1987929519.8295565, 0.3633780031540191, 0.30198190016596643, 0,10, 0
0.7854054413623361, 1.3495477778163172, 0.35129742291554417, 0.29999351713050504, 0,10, 0
0.785937603938003, 1.3065393047085987, 0.3349878991060202, 0.2960454604273431, 0,10, 0
0.7842080755670857, 1.2915067999220844, 0.3448258560573548, 0.2974975984267347, 0,10, 0
0.7847402381427526, 1.257648417722566, 0.3472492408486641, 0.2986148897443097, 0,10, 0
0.7862036852258365, 1.2233226589736115, 0.3284830070824304, 0.2951897095715807, 0,10, 0
0.7761591166101244, 873599712037.8688, 0.35927538650341195, 0.30303774906630204, 0,10, 0
0.7806159781813344, 1.2164916379032422, 0.35409686400136986, 0.30120923679019795, 0,10, 0
0.778686888844542, 58308592470.51765, 0.35167106856579783, 0.31241288090068897, 0,10, 0
0.7808820594691678, 99922979.71438189, 0.3502629509776593, 0.3000378551264914, 0,10, 0
0.7807490188252512, 807958006.9821005, 0.35030967179759065, 0.301057858418013, 0,10, 0
0.7863367258697532, 4856204915.0422, 0.3308356477921554, 0.2962274947101374, 0,10, 0
0.7856050023282113, 2310032691.430784, 0.33507089072536234, 0.30212352316774366, 0,10, 0
0.7891970997139626, 1.085810997924258, 0.3324887148766173, 0.29498193155914826, 0,10, 0
0.7908601077629216, 1.0689023105606168, 0.31178132641016154, 0.28006059388165194, 0,10, 0
0.7902614248652964, 1.050430325357205, 0.3264241835530186, 0.2954793970872154, 0,10, 0
0.7906605467970464, 1.0646819948063697, 0.3130908502196853, 0.2900714292899721, 0,10, 0
0.7911927093727134, 1.0846378901375036, 0.31132728432821244, 0.2921311233424352, 0,10, 0
0.779618173351959, 3803085275.1658745, 0.35295553702848315, 0.30781606933401046, 0,10, 0
0.7860706445819198, 49418095451.73752, 0.3272374839422948, 0.3004512790261533, 0,10, 0
0.7824120268742101, 16141855534.534937, 0.33632545231950567, 0.30258818606168886, 0,10, 0
0.7858045632940863, 1.0439086271584854, 0.33861274705699324, 0.29971580547916266, 0,10, 0
0.7871349697332535, 1.0541036741389633, 0.30420798515223135, 0.28580192857531556, 0,10, 0
0.7869354087673784, 3073317226.170266, 0.310865763389902, 0.28466557265729703, 0,10, 0
0.7849397991086277, 1.0053467591119876, 0.31247068613337897, 0.2890137696541775, 0,10, 0
0.7841415552451274, 200636854.17915586, 0.33216508966798863, 0.29553193460081917, 0,10, 0
0.7810151001130845, 3129331826.1487794, 0.32443840252827755, 0.2985591156513059, 0,10, 0
0.7816803033326681, 1.0084817326316486, 0.3138954173161747, 0.2856892777483885, 0,10, 0
0.7870019290893367, 0.9982295891256784, 0.3132775644402573, 0.28580041030316633, 0,10, 0
0.7851393600745028, 128428993789.21193, 0.34040221941508847, 0.30103397220018835, 0,10, 0
0.7860706445819198, 0.9943136606500002, 0.3342299453926382, 0.29335630048036715, 0,10, 0
0.7848732787866693, 0.9833250984530689, 0.314970686133379, 0.28675283878087254, 0,10, 0
0.7842080755670857, 717457167.9623213, 0.32241130995451384, 0.2940823769204935, 0,10, 0
0.7869354087673784, 2329032226.6395774, 0.304410699368395, 0.2828944156523317, 0,10, 0
0.7883323355285039, 1.0020400781370538, 0.3123926086880449, 0.28084874005239535, 0,10, 0
0.7883988558504623, 0.9928647449195112, 0.30905927535471156, 0.28023018366513147, 0,10, 0
0.7883988558504623, 0.9617936795118096, 0.3098926086880449, 0.2851518641994994, 0,10, 0
0.7882658152065456, 0.9744146963808062, 0.31248969606668564, 0.28321110150504974, 0,10, 0
0.7883323355285039, 0.9690912990794721, 0.3123926086880449, 0.2798160421399677, 0,10, 0
0.786669327479545, 0.9641340479333029, 0.3204204215831144, 0.2792330309840843, 0,10, 0
0.7870019290893367, 0.9543005939547525, 0.31087465181889806, 0.28381376346182857, 0,10, 0
0.7865362868356283, 0.9727383410203864, 0.31048157005789173, 0.28391136797830224, 0,10, 0
0.7832102707377103, 0.9574261540313455, 0.3065510648608891, 0.2800942984615902, 0,10, 0
0.7830107097718353, 0.9575192053940278, 0.31392033709808587, 0.2828138682555268, 0,10, 0
0.783343311381627, 1147114271.8487375, 0.31625673866240056, 0.28442404599367177, 0,10, 0
0.7848732787866693, 0.9382838691019579, 0.314970686133379, 0.2824444786262256, 0,10, 0
0.7850728397525444, 0.9286991252371162, 0.30497068613337897, 0.2823858672706399, 0,10, 0
0.7871349697332535, 0.9246560680659967, 0.3066108977735906, 0.2794840244361122, 0,10, 0
0.7870019290893367, 0.9236031786972262, 0.3132775644402573, 0.2825076324844836, 0,10, 0
0.7870019290893367, 0.920026757842543, 0.3132775644402573, 0.2827993298834144, 0,10, 0
0.7870019290893367, 0.9358546178579045, 0.3132775644402573, 0.28484992363081324, 0,10, 0
0.7884653761724206, 0.9346472097849831, 0.3057259420213782, 0.27875876138595035, 0,10, 0
0.7883323355285039, 0.9267513621002506, 0.30915636273335234, 0.28455309570732423, 0,10, 0
0.770704450209539, 0.947851111498212, 0.3063962685296625, 0.2843356226603982, 0,10, 0
0.7710370518193308, 0.9434211928508187, 0.31262268362400214, 0.2845306334895922, 0,10, 0
0.7735648240537484, 0.9396234484860134, 0.31645337145469, 0.28378519069024155, 0,10, 0
0.7893301403578793, 0.9511915597997009, 0.3047346000300362, 0.2804898350202919, 0,10, 0
0.7879997339187121, 0.9575579488611679, 0.30395288911558194, 0.28280694480608815, 0,10, 0
0.7874010510210869, 0.9475817199887383, 0.3092624129251058, 0.27778133557053053, 0,10, 0
0.6724539346770438, 2.674917878052299, 0.42737467844075616, 0.3434479689452838, 0,10, 0
0.7820129049424599, 0.959612153681896, 0.3116298249321448, 0.29212182325254354, 0,10, 0
0.7816803033326681, 0.9463779872347398, 0.3221522225589994, 0.28573561750508714, 0,10, 0
0.423135767977117, 35.37082864723691, 0.6329438348432666, 0.46722750412077274, 0,10, 0
0.7692410031264552, 1.051335495495375, 0.3223487981628348, 0.3006269095676053, 0,10, 0
0.4828710170957227, 348.0574288525338, 0.5914638656006305, 0.4316620351615309, 0,10, 0
0.5366859575600346, 590.8055424861531, 0.569729032682417, 0.41994931703676913, 0,10, 0
0.48945652896960024, 24.884096040180484, 0.5598385822856313, 0.40546085458834435, 0,10, 0
0.4507417015898357, 656.1885018511165, 0.6043707606301713, 0.4271808226574361, 0,10, 0
0.47668462715359544, 1385.2298890111738, 0.5703648747123293, 0.42048016085690526, 0,10, 0
0.5742034191445486, 761.7033263462507, 0.5159849762563828, 0.37843214750415294, 0,10, 0
0.47262688751413556, 2975.093077616405, 0.6619035924791775, 0.44549373937506553, 0,10, 0
0.09858311714228697, 2.3011128151003635, 0.9200777239507042, 0.36095938669335687, 0,10, 0
0.6300804895895696, 63328.374995201564, 0.44396015991676063, 0.37246689000298355, 0,10, 0
0.5368189982039513, 3.6066055268922015, 0.529087063155604, 0.42262131030423655, 0,10, 0
0.5211202022217788, 7.125593715704511, 0.5487175894695013, 0.424865554422375, 0,10, 0
0.5324951772766581, 4.570698020774206, 0.5357356888534999, 0.4225119836538246, 0,10, 0
0.44076365329608197, 14.71033988312189, 0.6299280726688643, 0.4658331144185827, 0,10, 0
0.5207876006119869, 15.763003235212796, 0.5635696097810017, 0.4240876477034572, 0,10, 0
0.5447349165169959, 8.859765998722665, 0.5395348456769345, 0.40158120942227654, 0,10, 0
0.54214062396062, 8.878490815463103, 0.554462378497648, 0.4129116177225204, 0,10, 0
0.5429388678241203, 8.361694257985791, 0.5546932105910555, 0.4037351662918216, 0,10, 0
0.5541142819131245, 5.505923664908582, 0.5208211832376041, 0.39292659544795916, 0,10, 0
0.5624958424798776, 3.939148319700399, 0.5158984703507612, 0.397195918203327, 0,10, 0
0.5552451273864165, 4.123340643066267, 0.5310273714076722, 0.39642927482134205, 0,10, 0
0.6520987161577863, 3.143963660182451, 0.49237063096763234, 0.3807530184124215, 0,10, 0
0.5677509479145879, 3.7011793873330827, 0.5276173240537182, 0.3932996296623514, 0,10, 0
0.6758464710969201, 2.2774941005014435, 0.4560182982835229, 0.3497243708363882, 0,10, 0
0.714627818798643, 1.9138616972217386, 0.43221291947387624, 0.3350537402416088, 0,10, 0
0.7440298011042373, 1.4229064945902659, 0.3898010906694776, 0.31470874780010794, 0,10, 0
0.7498170691146145, 1.2847261617126844, 0.40291497001824444, 0.31757800384391877, 0,10, 0
0.7441628417481541, 1.3358593824352243, 0.4106219628363764, 0.31230126209864717, 0,10, 0
0.7632541741502029, 1.235567308824842, 0.38545533084946315, 0.3017698996264552, 0,10, 0
0.7579325483935342, 1.1960711691443475, 0.39210257954910055, 0.3083086371454751, 0,10, 0
0.7752278321027074, 0.9783703939160261, 0.3622817592016542, 0.2958011999372696, 0,10, 0
0.7820794252644183, 1.021324790567129, 0.35973584528680275, 0.29557149483105155, 0,10, 0
0.773298742765915, 1.0787982156053726, 0.37149115025925056, 0.30135093732005175, 0,10, 0
0.7786203685225837, 1.0048017860979999, 0.36776638076267454, 0.2985775965029893, 0,10, 0
0.7638528570478281, 1.024385326610364, 0.3870116481390995, 0.30064993233655224, 0,10, 0
0.7783542872347502, 0.9968277445073235, 0.36031695010893805, 0.29655159006272414, 0,10, 0
0.786669327479545, 0.8825343354544888, 0.35411753889838116, 0.2960507909754205, 0,10, 0
0.7846071974988359, 0.8126011221959316, 0.33301966994176263, 0.28867042906493295, 0,10, 0
0.7887314574602541, 0.775722135645534, 0.33470174277089426, 0.2914468310675933, 0,10, 0
0.7838089536353356, 0.8416551559836902, 0.3526117956809472, 0.2961195591873902, 0,10, 0
0.7864032461917115, 0.8235510553933917, 0.35816954807876, 0.2952759042299993, 0,10, 0
0.7860041242599615, 0.8103851006654411, 0.3522089096019809, 0.29337503003942905, 0,10, 0
0.7810816204350429, 0.8558744480628422, 0.35911684445548286, 0.28968038704851723, 0,10, 0
0.7860706445819198, 0.8060480502855052, 0.339598831078086, 0.294217974910596, 0,10, 0
0.7692410031264552, 0.9334845992138011, 0.35600630967619495, 0.30331603087905573, 0,10, 0
0.7790860107762921, 0.821005233204704, 0.347123120193231, 0.2951874858547997, 0,10, 0
0.7668462715359542, 0.8615664442831898, 0.36559383242913673, 0.3010326363067848, 0,10, 0
0.7725670192243731, 0.8304322111451595, 0.35646120782038776, 0.29768121530436636, 0,10, 0
0.7710370518193308, 0.8072418041881284, 0.36939894874815776, 0.308408557481016, 0,10, 0
0.7691079624825384, 0.8185740632613955, 0.3562120765915931, 0.2935468778821415, 0,10, 0
0.777023880795583, 0.8741972345937957, 0.35801036302526507, 0.29695528710183955, 0,10, 0
0.7752278321027074, 0.8662176441298871, 0.35383279273792473, 0.29581374354751166, 0,10, 0
0.7799507749617508, 0.7807299874979103, 0.33622845732845535, 0.2872961626251269, 0,10, 0
0.7849397991086277, 0.8651915236638308, 0.3394018249776369, 0.2971782038309886, 0,10, 0
0.7810151001130845, 0.8446437048835103, 0.3430772707049292, 0.2962818102776805, 0,10, 0
0.7683762389409965, 0.9519022630008397, 0.35429329075179994, 0.28879389819916945, 0,10, 0
0.7721678972926229, 0.8405661471010673, 0.34781595967881535, 0.31132940870811404, 0,10, 0
0.7618572473890773, 1.0850783791096117, 0.36045986835142196, 0.3067745534266282, 0,10, 0
0.664671057007916, 69.16584682594112, 0.4159989907921431, 0.3371232087021774, 0,10, 0
0.602873677908601, 186544.3891217073, 0.4667356090586535, 0.371761879216172, 0,10, 0
0.5368855185259097, 7.9112849714447036, 0.5684529548001233, 0.43892893897783, 0,10, 0
0.587440963214262, 3.00226024243177, 0.5223740305506795, 0.4026379487973369, 0,10, 0
0.682498503292756, 1.6252176295216787, 0.4468641615230563, 0.3650247458624496, 0,10, 0
0.6842945519856316, 1.2686720516540684, 0.4477854345764504, 0.3611629443879597, 0,10, 0
0.6867558038980909, 13028.050915291013, 0.4320197721492816, 0.35519430257322016, 0,10, 0
0.4583250182930885, 6044442995105.775, 0.6398205801342182, 0.41253622098343873, 0,10, 0
0.4394997671788731, 1.9913860856911811, 0.6753535361016115, 0.4590765929394648, 0,10, 0
0.49165169959422605, 1.8895032737280948, 0.6401232437678936, 0.43934501275929655, 0,10, 0
0.5713430453003393, 1.7104991066997448, 0.5865741192378376, 0.40747423910051006, 0,10, 0
0.6100578726801038, 1911592643.906781, 0.5443035684572888, 0.39388173599317033, 0,10, 0
0.6344708308388213, 980629682.8166064, 0.5269787942246652, 0.38857391080395914, 0,10, 0
0.6775759994678374, 92994574084.39577, 0.5029676521548153, 0.36284584215188614, 0,10, 0
0.6536286835628284, 2986597036797854.0, 0.46297303523158706, 0.321570828517028, 0,10, 0
0.6858245193906739, 1.4120686919633034, 0.47292447179740854, 0.3463304372929274, 0,10, 0
0.6944721612452605, 1.3729108910550933, 0.46098639102448613, 0.34629979828710516, 0,10, 0
0.69773165702122, 1.3295618447991875, 0.466839979661478, 0.34456048375302467, 0,10, 0
0.7007250715093462, 1.2968869640831462, 0.45791842252187576, 0.34016688019757885, 0,10, 0
0.76904144216058, 1.241444558731883, 0.4047587782749867, 0.3167562328922399, 0,10, 0
0.7713696534291226, 1.2168479461879824, 0.40604595454900505, 0.31739721066501364, 0,10, 0
0.7562030200226169, 807035157843355.1, 0.4124159424538164, 0.3062102547696117, 0,10, 0
0.7806824985032927, 2972596890875.67, 0.3959189871943154, 0.3104428470812338, 0,10, 0
0.780549457859376, 33425884478037.96, 0.38261444902547764, 0.3064789516785349, 0,10, 0
0.7771569214394998, 265481570745.35303, 0.3921459098564776, 0.3114504023502894, 0,10, 0
0.689017494844675, 973043728674979.2, 0.45176430205301954, 0.31182941990319724, 0,10, 0
0.775161311780749, 140576006046.5243, 0.37204474730880976, 0.31148791219862343, 0,10, 0
0.7745626288831238, 399907436861.34656, 0.3735491014452393, 0.31093535049172766, 0,10, 0
0.7726335395463314, 21586104223901.863, 0.36601643281327384, 0.3030086545907784, 0,10, 0
0.7780216856249584, 49561084493.06039, 0.36531966421580214, 0.3038993299029572, 0,10, 0
0.7814807423667931, 2286213886253.038, 0.35993316369216855, 0.30832786585793737, 0,10, 0
0.7848067584647109, 19085659500.318672, 0.3438371878431856, 0.2917679334925921, 0,10, 0
0.7815472626887514, 546976467109.3607, 0.357246148089538, 0.3080277923213044, 0,10, 0
0.783143750415752, 38531289042.996216, 0.3585413732963104, 0.30173180989702164, 0,10, 0
0.7828776691279186, 1.0349163072178649, 0.36034856108532815, 0.30826866133327546, 0,10, 0
0.7848067584647109, 1.0102909280868544, 0.32852126557382205, 0.2904812848511816, 0,10, 0
0.7820129049424599, 64827456139.79284, 0.33645750171211297, 0.2942203416528931, 0,10, 0
0.7693075234484135, 1.029070442883045, 0.34289155214999106, 0.2945508128944627, 0,10, 0
0.7836093926694605, 1.0190508503585545, 0.34410220978684175, 0.29940105096965974, 0,10, 0
0.7854719616842946, 1.018889070732293, 0.34157252546574135, 0.2973582632286995, 0,10, 0
0.7858045632940863, 1.0138380440478731, 0.33157252546574134, 0.291784118683333, 0,10, 0
0.785937603938003, 0.9976923594373073, 0.32764589392118515, 0.29037811339470043, 0,10, 0
0.7855384820062529, 0.9892949695128774, 0.3360387510640423, 0.29143129516890004, 0,10, 0
0.783343311381627, 0.9833597427032462, 0.3419367691955631, 0.29201831911241105, 0,10, 0
0.788531896494379, 0.9834455690454269, 0.3255125206557365, 0.28481515299946175, 0,10, 0
0.7895962216457127, 0.9728289520153502, 0.32897194584593087, 0.2891896134462281, 0,10, 0
0.7896627419676712, 0.9613358854525387, 0.32272194584593095, 0.28987528097994375, 0,10, 0
0.7909931484068383, 0.9559374250771935, 0.32772984723657567, 0.2878160464512979, 0,10, 0
0.7933878799973392, 0.9673211438897178, 0.32034348360021203, 0.2836413375512396, 0,10, 0
0.7932548393534224, 0.958370018412172, 0.32909348360021207, 0.2837567952104489, 0,10, 0
0.7935209206412559, 1.0088522851686195, 0.3165934836002121, 0.28658442206857027, 0,10, 0
