acuracia,loss,frr,fpr, removed, n_clf, tp_removed
0.09825051553249518, 2.3036959122288754, 0.8944041643372586, 0.40467750686587217, 0,0, 0
0.2763919377369786, 2.12082811277133, 0.7656019641785946, 0.41343722881847983, 0,0, 0
0.6469766513669926, 88374.52276072107, 0.47297150563082646, 0.3605327620820003, 0,0, 0
0.5157320561431518, 5.357472124034085, 0.6087222770461655, 0.44394271206255526, 0,0, 0
0.25616975986163776, 228.37015365341907, 0.7561516707803793, 0.5258527407392284, 0,0, 0
0.24226701257234085, 121.83534636257944, 0.7666569422026207, 0.5192785110303401, 0,0, 0
0.3117142286968669, 29.984499737837176, 0.7218361432817895, 0.49896604062123423, 0,0, 0
0.3773032661478082, 18.882667086667535, 0.6771745321940519, 0.4541201348718426, 0,0, 0
0.4339785804563294, 21.441299039761358, 0.6555792044519086, 0.4389078383823338, 0,0, 0
0.4400984500764984, 16.61741851886337, 0.6365713540460851, 0.4367800970305501, 0,0, 0
0.4674383024013836, 10.582287092745384, 0.5941046215970153, 0.4241643969983687, 0,0, 0
0.4685026275527174, 8.589366927710255, 0.6029915322178213, 0.4177328386971736, 0,0, 0
0.49597552052151933, 6.885469464745088, 0.5893398611692696, 0.42099664163320705, 0,0, 0
0.5710104436905474, 6.271283519892159, 0.5593773066058292, 0.4025653448488745, 0,0, 0
0.5611654360407105, 5.745690549081807, 0.5665028353007157, 0.40198109276804184, 0,0, 0
0.5828510609991352, 4.327096884979106, 0.5368129474002847, 0.3842178243152685, 0,0, 0
0.6550921306459123, 3.3534754136271268, 0.4821851614228011, 0.3690862140036782, 0,0, 0
0.6501696268209938, 3.3961779096133475, 0.5011248479070732, 0.36722630078620766, 0,0, 0
0.6484400984500766, 3.085976698490625, 0.5160164882565238, 0.3812998591475843, 0,0, 0
0.641122863034657, 3.3579038493951976, 0.5381103714039575, 0.3748176602644528, 0,0, 0
0.7124991684959755, 2.760640044113763, 0.4455775935094847, 0.34322021281702186, 0,0, 0
0.6896826980642586, 2.7155723746281955, 0.492153891710327, 0.36366150188879004, 0,0, 0
0.7128317701057673, 2.3227662396847477, 0.47539994957403187, 0.3501161015190395, 0,0, 0
0.7277988425463979, 2.1719852422740615, 0.43573482084531484, 0.33845182631973025, 0,0, 0
0.6598150735049557, 50.640815896829714, 0.4908469937026772, 0.35851851476776603, 0,0, 0
0.6332734650435708, 24.49849630305092, 0.49828784135957954, 0.36061433972132917, 0,0, 0
0.6454466839619504, 104.35116310257405, 0.4977198703347325, 0.3412199058419969, 0,0, 0
0.7257367125656888, 170.63106035961184, 0.4021392404495554, 0.33799700990548354, 0,0, 0
0.7085744695004323, 28.005416904609984, 0.4012441607777375, 0.32315964399022773, 0,0, 0
0.6497039845672853, 232403.0394694386, 0.47763052704742665, 0.37966399687271946, 0,0, 0
0.37883323355285037, 26996.988458056952, 0.7025903163667493, 0.46612885732418874, 0,0, 0
0.5741368988225903, 4.032164695397746, 0.4956979032877833, 0.3759580075479078, 0,0, 0
0.6280848799308189, 807.8961012757451, 0.4928039565360838, 0.36368100954922683, 0,0, 0
0.6526973990554115, 249613.3911677573, 0.44108053644881456, 0.3478357242448014, 0,0, 0
0.5110091132841083, 1314.518073906207, 0.5246315328530881, 0.4019817717521596, 0,0, 0
0.4706977981773432, 1722.663302496803, 0.6009904411283479, 0.433769217632898, 0,0, 0
0.4287234750216191, 84.24846327087317, 0.5707426448458195, 0.4206464416581484, 0,0, 0
0.5124060400452338, 51.580454599850555, 0.5014986776989162, 0.3788091272420898, 0,0, 0
0.536752477881993, 259.8640703194451, 0.48238701115848315, 0.36461625048043733, 0,0, 0
0.5452670790926628, 66444.39182252678, 0.5106184592484313, 0.3702487484461645, 0,0, 0
0.622896294818067, 959997.2351278568, 0.45058147890807004, 0.34857960716014785, 0,0, 0
0.661544601875873, 30854.698117257627, 0.4401294141829858, 0.346945186519172, 0,0, 0
0.6026075966207677, 28.071946671606913, 0.5448858464550126, 0.39577031896068054, 0,0, 0
0.5958890441029735, 1571.9740237126414, 0.5075625912871397, 0.37065346641187097, 0,0, 0
0.6750482272334198, 4315.967682802469, 0.4737601565990681, 0.3555084911415549, 0,0, 0
0.40637264684361074, 2.006234274215504, 0.6427984640677764, 0.46396629335509837, 0,0, 0
0.6233619370717755, 1.8726266661161657, 0.5045898782523381, 0.3816420242712355, 0,0, 0
0.6767777556043372, 1.7281853150109732, 0.45594579424518406, 0.36066385400063233, 0,0, 0
0.6942726002793853, 1.6947834263865775, 0.4260266157847727, 0.3373799277661527, 0,0, 0
0.6957360473624692, 1.624458756928497, 0.42646125467529394, 0.3311778544266161, 0,0, 0
0.6971329741235948, 1.5637666871350564, 0.4245469761433683, 0.33347791389393955, 0,0, 0
0.7077097053149737, 1.536449465164919, 0.423931339141721, 0.3484497379534105, 0,0, 0
0.7135634936473092, 1.5015098835044078, 0.40120928598692274, 0.33105252161841375, 0,0, 0
0.7178207942526442, 1.4754641751805155, 0.402652584955995, 0.3258089844841298, 0,0, 0
0.7526109226368656, 1.396879171515101, 0.37282821429033525, 0.30892990178624613, 0,0, 0
0.7597951174083682, 1.3773727749371445, 0.3623602998518326, 0.30957974897461893, 0,0, 0
0.7609259628816604, 1.3367823674459067, 0.36331394384323396, 0.31632189662605686, 0,0, 0
0.7669793121798709, 1.3063207974817623, 0.34710336870408737, 0.3061129070758162, 0,0, 0
0.7669793121798709, 1.2810330529712293, 0.34710336870408737, 0.299296921768476, 0,0, 0
0.7674449544335794, 1.258576550134315, 0.3442750687624099, 0.30093965024432023, 0,0, 0
0.7699062063460387, 1.2381537590766392, 0.3335838245227785, 0.2923517158836063, 0,0, 0
0.7570012638861172, 1.2517332252109312, 0.335190135943668, 0.29530667036199265, 0,0, 0
0.7717687753608727, 1.2383804201003297, 0.33711855066620033, 0.29242768965037286, 0,0, 0
0.7722344176145812, 1.2035652282385423, 0.3227246112722609, 0.2888112643856448, 0,0, 0
0.7689084015166633, 1.1951121157749536, 0.3387028721418261, 0.29627612153783234, 0,0, 0
0.7739639459854986, 1.1781687420517006, 0.3269702033413094, 0.28928221912325724, 0,0, 0
0.7736978646976651, 1.1651354760897021, 0.33089877476988094, 0.2929342414186954, 0,0, 0
0.7744961085611655, 1.1841552064099299, 0.3275874016769544, 0.2911893934661302, 0,0, 0
0.7727665801902481, 1.1731221507869223, 0.3297800155646148, 0.29317014506116296, 0,0, 0
0.7683762389409965, 1.1653595145575928, 0.3322064861528501, 0.2977425581385317, 0,0, 0
0.7683762389409965, 1.155743961438744, 0.3322064861528501, 0.29514735560933386, 0,0, 0
0.7728331005122064, 1.149979748904828, 0.3290218702012062, 0.29240922458806806, 0,0, 0
0.7681766779751213, 1.1364956362065042, 0.33508470442580524, 0.2991466340025732, 0,0, 0
0.7691744828044967, 1.1289346307205843, 0.32808310952947345, 0.29517410219446055, 0,0, 0
0.7691744828044967, 1.1247737411906966, 0.32808310952947345, 0.2946037647647621, 0,0, 0
0.7697066453801636, 1.113784268771009, 0.32516890834604145, 0.29342946118662816, 0,0, 0
0.7713031331071643, 1.1186420373082844, 0.3252878923032608, 0.29222755128234357, 0,0, 0
0.7697066453801636, 1.112495242493687, 0.32516890834604145, 0.29853323665454357, 0,0, 0
0.7511474755537817, 1.1449710804931157, 0.33327982093537634, 0.29772166688486634, 0,0, 0
0.7740969866294153, 1.1262855323081478, 0.3227424377578062, 0.2910182890009517, 0,0, 0
0.7740969866294153, 1.1132024370650804, 0.3227424377578062, 0.2971122110581776, 0,0, 0
0.7713031331071643, 1.100385918210666, 0.3252878923032608, 0.2955439531698835, 0,0, 0
0.7713031331071643, 1.1178515441113546, 0.3252878923032608, 0.29482505547162174, 0,0, 0
0.7715026940730393, 1.0968477048615706, 0.31612122563659406, 0.29180354604719794, 0,0, 0
0.783343311381627, 1.0819868821352632, 0.3081848140722755, 0.2906645346064283, 0,0, 0
0.7852058803964611, 1.070569801786681, 0.3181583590458205, 0.28755479720988963, 0,0, 0
0.7852724007184195, 1.0670412964529103, 0.3156583590458205, 0.2885371504078813, 0,0, 0
0.7778221246590834, 1.0612531195581851, 0.31083394433010136, 0.28695104408502514, 0,0, 0
0.777955165303, 1.0513073185164261, 0.30583394433010136, 0.28308223934966675, 0,0, 0
0.7778886449810417, 1.0436958275036066, 0.30833394433010136, 0.28963829577885464, 0,0, 0
0.7868023681234617, 1.0397431684459313, 0.30874081923887386, 0.27485271475553047, 0,0, 0
0.784075034923169, 1.0371437762818523, 0.3087862737843284, 0.2817914122761158, 0,0, 0
0.7840085146012107, 1.0720858545475185, 0.3112862737843284, 0.28286979957398534, 0,0, 0
0.7842745958890441, 1.0565229458821745, 0.2996196071176617, 0.28291332215014636, 0,0, 0
0.7826781081620435, 1.058818716760275, 0.29950062316044246, 0.27827237272211247, 0,0, 0
0.7824120268742101, 1.0379527584352688, 0.3111672898271091, 0.27959741734577404, 0,0, 0
0.7818133439765849, 1.0334577368453284, 0.3004707724141738, 0.27950413051205647, 0,0, 0
0.7869354087673784, 1.0191570926488125, 0.30207415257220716, 0.2808930251885288, 0,0, 0
0.7721013769706645, 1.0323962004775853, 0.3019101254228859, 0.28764882079763665, 0,0, 0
0.7677775560433713, 1.030884565361157, 0.30532345776089725, 0.2860658929594445, 0,0, 0
0.7677775560433713, 1.008284370331959, 0.30532345776089725, 0.28085060468153616, 0,0, 0
0.08527905275061531, 2.303817075938591, 0.9037011371081701, 0.3915808812621583, 0,0, 0
0.2300937936539613, 2.1147906108109655, 0.7967780917097658, 0.5162927346501897, 0,0, 0
0.6408567817468237, 931639.8291232112, 0.4805698271493226, 0.38175145378439823, 0,0, 0
0.5098782678108162, 2.0850782309330573, 0.6538974879531648, 0.4783476983394824, 0,0, 0
0.20814208740770304, 241.9028738259056, 0.8475101866157726, 0.5438322462353683, 0,0, 0
0.25663540211534625, 100.72677028721147, 0.806593422213308, 0.5270534163379758, 0,0, 0
0.4381028404177476, 52.216071474425185, 0.6557110845168789, 0.45478957288770927, 0,0, 0
0.48526574868622363, 34.49553709466121, 0.6326965686440212, 0.4404564322771286, 0,0, 0
0.44362402714029137, 29.942691642113264, 0.6375188951250591, 0.45530789557877005, 0,0, 0
0.5108760726401915, 28.78864120861744, 0.6075389141364519, 0.447994315011796, 0,0, 0
0.5006319430586044, 20.92049357054072, 0.6090597573860618, 0.4371534450584476, 0,0, 0
0.5265083483004058, 17.756013448516264, 0.5978677516857541, 0.42894744933994866, 0,0, 0
0.5322290959888246, 14.692879552413505, 0.5934748866781084, 0.42905273071084293, 0,0, 0
0.5589702654160846, 7.7221496579918085, 0.5731285050905537, 0.42436053260336837, 0,0, 0
0.5831171422869686, 5.134221745835377, 0.5438179696061681, 0.4007953081176594, 0,0, 0
0.6816337391072973, 3.2628537414723042, 0.4472575239187423, 0.34968685929024146, 0,0, 0
0.6824319829707975, 5.593145744581371, 0.44823527565048016, 0.3441555134454848, 0,0, 0
0.5438701523315372, 3823924.8807394993, 0.5588027349074555, 0.4225631116843916, 0,0, 0
0.2884321160114415, 2.1258626209371232e+32, 0.7882369063237763, 0.5277373414523109, 0,0, 0
0.3531563892769241, 3.465185827090587e+32, 0.7117023328261389, 0.48604015477782975, 0,0, 0
0.4070378500631943, 2.369489602763995e+32, 0.6848733799332436, 0.4622231496241565, 0,0, 0
0.6363333998536553, 1.4581029998639145e+32, 0.4966764572171975, 0.36696614649339837, 0,0, 0
0.6547595290361206, 6.370861054292007e+31, 0.47619305187561367, 0.37495027168998235, 0,0, 0
0.6566220980509546, 4.576832991260152e+31, 0.49171315546863736, 0.3705494773690516, 0,0, 0
0.10111088937670458, nan, 0.9116167084157132, 0.5826055045108944, 0,0, 0
0.10111088937670458, nan, 0.9116167084157132, 0.5834584191488199, 0,0, 0
0.10111088937670458, nan, 0.9116167084157132, 0.5811131497044338, 0,0, 0
0.10111088937670458, nan, 0.9116167084157132, 0.5805724424019297, 0,0, 0
0.10111088937670458, nan, 0.9116167084157132, 0.580382992021441, 0,0, 0
0.10111088937670458, nan, 0.9116167084157132, 0.583690170090075, 0,0, 0
0.10111088937670458, nan, 0.9116167084157132, 0.5849697360395347, 0,0, 0
0.10111088937670458, nan, 0.9116167084157132, 0.5814330530061916, 0,0, 0
0.10111088937670458, nan, 0.9116167084157132, 0.5812007507607071, 0,0, 0
0.10111088937670458, nan, 0.9116167084157132, 0.5814175690385176, 0,0, 0
0.10111088937670458, nan, 0.9116167084157132, 0.5810725381192836, 0,0, 0
0.10111088937670458, nan, 0.9116167084157132, 0.577331661822574, 0,0, 0
0.10111088937670458, nan, 0.9116167084157132, 0.5838644940634069, 0,0, 0
0.10111088937670458, nan, 0.9116167084157132, 0.5780812565980673, 0,0, 0
0.10111088937670458, nan, 0.9116167084157132, 0.5769895070216338, 0,0, 0
0.10111088937670458, nan, 0.9116167084157132, 0.5771751859928937, 0,0, 0
0.10111088937670458, nan, 0.9116167084157132, 0.5818954719890017, 0,0, 0
0.10111088937670458, nan, 0.9116167084157132, 0.5827725240903121, 0,0, 0
0.10111088937670458, nan, 0.9116167084157132, 0.5815995532371503, 0,0, 0
0.10111088937670458, nan, 0.9116167084157132, 0.5877901439270073, 0,0, 0
0.10111088937670458, nan, 0.9116167084157132, 0.5863276999424406, 0,0, 0
0.10111088937670458, nan, 0.9116167084157132, 0.578817751642952, 0,0, 0
0.10111088937670458, nan, 0.9116167084157132, 0.5833591620142727, 0,0, 0
0.10111088937670458, nan, 0.9116167084157132, 0.5750907804560805, 0,0, 0
0.10111088937670458, nan, 0.9116167084157132, 0.5781044250654568, 0,0, 0
0.10111088937670458, nan, 0.9116167084157132, 0.5821225370201053, 0,0, 0
0.10111088937670458, nan, 0.9116167084157132, 0.5789702828012374, 0,0, 0
0.10111088937670458, nan, 0.9116167084157132, 0.5826440113432348, 0,0, 0
0.10111088937670458, nan, 0.9116167084157132, 0.5843602546162441, 0,0, 0
0.10111088937670458, nan, 0.9116167084157132, 0.5805934501923226, 0,0, 0
0.10111088937670458, nan, 0.9116167084157132, 0.5798067305722463, 0,0, 0
0.10111088937670458, nan, 0.9116167084157132, 0.5812661005043206, 0,0, 0
0.10111088937670458, nan, 0.9116167084157132, 0.5791126531551773, 0,0, 0
0.10111088937670458, nan, 0.9116167084157132, 0.5790363071590778, 0,0, 0
0.10111088937670458, nan, 0.9116167084157132, 0.5796836818623936, 0,0, 0
0.10111088937670458, nan, 0.9116167084157132, 0.5816581606226159, 0,0, 0
0.10111088937670458, nan, 0.9116167084157132, 0.5820895822943875, 0,0, 0
0.10111088937670458, nan, 0.9116167084157132, 0.5788969770790191, 0,0, 0
0.10111088937670458, nan, 0.9116167084157132, 0.5792170166673001, 0,0, 0
0.10111088937670458, nan, 0.9116167084157132, 0.5817935460835547, 0,0, 0
0.10111088937670458, nan, 0.9116167084157132, 0.5795735586991544, 0,0, 0
0.10111088937670458, nan, 0.9116167084157132, 0.5798391230796853, 0,0, 0
0.10111088937670458, nan, 0.9116167084157132, 0.5769383033362332, 0,0, 0
0.10111088937670458, nan, 0.9116167084157132, 0.5815998435899912, 0,0, 0
0.10111088937670458, nan, 0.9116167084157132, 0.5818256050292299, 0,0, 0
0.10111088937670458, nan, 0.9116167084157132, 0.5779333043479912, 0,0, 0
0.10111088937670458, nan, 0.9116167084157132, 0.5853630457046056, 0,0, 0
0.10111088937670458, nan, 0.9116167084157132, 0.58259033699607, 0,0, 0
0.10111088937670458, nan, 0.9116167084157132, 0.5809806903027318, 0,0, 0
0.10111088937670458, nan, 0.9116167084157132, 0.580056502349783, 0,0, 0
0.10111088937670458, nan, 0.9116167084157132, 0.579275684990379, 0,0, 0
0.10111088937670458, nan, 0.9116167084157132, 0.5819513662804087, 0,0, 0
0.10111088937670458, nan, 0.9116167084157132, 0.5822179398104644, 0,0, 0
0.10111088937670458, nan, 0.9116167084157132, 0.581688796234063, 0,0, 0
0.10111088937670458, nan, 0.9116167084157132, 0.5788527755223779, 0,0, 0
0.10111088937670458, nan, 0.9116167084157132, 0.5866225545081174, 0,0, 0
0.10111088937670458, nan, 0.9116167084157132, 0.5802582504064394, 0,0, 0
0.10111088937670458, nan, 0.9116167084157132, 0.5837111929864311, 0,0, 0
0.10111088937670458, nan, 0.9116167084157132, 0.5811760965660632, 0,0, 0
0.10111088937670458, nan, 0.9116167084157132, 0.5796742276107502, 0,0, 0
0.10111088937670458, nan, 0.9116167084157132, 0.5813376810080024, 0,0, 0
0.10111088937670458, nan, 0.9116167084157132, 0.5816271856056416, 0,0, 0
0.10111088937670458, nan, 0.9116167084157132, 0.5789982748497374, 0,0, 0
0.10111088937670458, nan, 0.9116167084157132, 0.5838855347174485, 0,0, 0
0.10111088937670458, nan, 0.9116167084157132, 0.5783919425736967, 0,0, 0
0.10111088937670458, nan, 0.9116167084157132, 0.5788466985698963, 0,0, 0
0.10111088937670458, nan, 0.9116167084157132, 0.5798348280832396, 0,0, 0
0.10111088937670458, nan, 0.9116167084157132, 0.5802434225744828, 0,0, 0
0.10111088937670458, nan, 0.9116167084157132, 0.5810916206648823, 0,0, 0
0.10111088937670458, nan, 0.9116167084157132, 0.5816339690591454, 0,0, 0
0.10111088937670458, nan, 0.9116167084157132, 0.5761669884459988, 0,0, 0
0.10111088937670458, nan, 0.9116167084157132, 0.5826834649323037, 0,0, 0
0.10111088937670458, nan, 0.9116167084157132, 0.581034823991152, 0,0, 0
0.10111088937670458, nan, 0.9116167084157132, 0.5820169559599724, 0,0, 0
0.10111088937670458, nan, 0.9116167084157132, 0.5808238365095212, 0,0, 0
0.10111088937670458, nan, 0.9116167084157132, 0.5851459632460007, 0,0, 0
0.10111088937670458, nan, 0.9116167084157132, 0.5819467508962248, 0,0, 0
0.07742965475952904, 2.30641686585677, 0.9087540216325581, 0.33480182282209825, 0,0, 0
0.24140224838688218, 2.119230687336746, 0.7612826314998584, 0.48870417198021854, 0,0, 0
0.6020754340451008, 685883.4144596228, 0.49314252531825714, 0.37719206798710997, 0,0, 0
0.5330938601742833, 3.330623635904989, 0.5786771813423742, 0.44457872199084236, 0,0, 0
0.19809751879199095, 220.42768300133784, 0.8168281784436572, 0.5391841722289542, 0,0, 0
0.213330672520455, 141.71731326735986, 0.7893428746889656, 0.5321008289237199, 0,0, 0
0.2361471429521719, 76.1580910854017, 0.7727078310443986, 0.5258320242930528, 0,0, 0
0.323421805361538, 59.34651313066213, 0.7362521821831638, 0.48738530389016355, 0,0, 0
0.3477682431982971, 48.59622348908673, 0.7319393056491377, 0.48281467842818815, 0,0, 0
0.35355551120867423, 32.55516478803077, 0.7098315740952917, 0.47638217071745875, 0,0, 0
0.34736912126654695, 161.6360201987173, 0.6819892763588519, 0.4678907036393033, 0,0, 0
0.3944655092130646, 14.841248141307963, 0.6870854855427591, 0.46353805972257733, 0,0, 0
0.3783675912991419, 29500.85501888952, 0.71022602842055, 0.4668751758136764, 0,0, 0
0.41488724805428057, 470.48033811764765, 0.6223816869381836, 0.42801432033286574, 0,0, 0
0.40191578527240074, 17.57465249784523, 0.6430866738965184, 0.42607830860504925, 0,0, 0
0.3507616576864232, 9345.745906826614, 0.6963545168631562, 0.44712712982690106, 0,0, 0
0.461384953103173, 17.568599215929993, 0.6087449547684493, 0.4235792196094054, 0,0, 0
0.4188119470498237, 42560.842238525154, 0.635098706254574, 0.4410995325794206, 0,0, 0
0.4460187587307923, 26650293407304.13, 0.6079177950852901, 0.38286362477649055, 0,0, 0
0.4685026275527174, 1.9511921121309215, 0.672841651199612, 0.4735580966698454, 0,0, 0
0.5392137297944523, 138086790.80522618, 0.5976931697913945, 0.4104925165829931, 0,0, 0
0.5328277788864498, 1301167150595.6536, 0.6071745844173685, 0.3505621992106834, 0,0, 0
0.6243597419011508, 1.6386899877346293, 0.5567052926142345, 0.3870401939111278, 0,0, 0
0.7022550389143883, 652103184.3213552, 0.42923207330789986, 0.3450651097361545, 0,0, 0
0.537883323355285, 933334407841051.4, 0.5711599219694896, 0.38614133358550823, 0,0, 0
0.7420341914454865, 1.4945281113144848, 0.3798989716130922, 0.31961377052141116, 0,0, 0
0.7681766779751213, 1.4505380624617152, 0.33820208126315465, 0.3036042068039661, 0,0, 0
0.7647841415552451, 1.4030297197615134, 0.38026909758017113, 0.31933626330016446, 0,0, 0
0.7676445153994546, 1.382610605362408, 0.3810509385462225, 0.3128098774271585, 0,0, 0
0.7666467105700792, 1.3539297555036225, 0.38819379568907975, 0.3149627357139685, 0,0, 0
0.7739639459854986, 1.3192463033518327, 0.37969239512885566, 0.3105522076370424, 0,0, 0
0.7801503359276258, 1.2850269592635797, 0.32605973831198815, 0.2993676241664303, 0,0, 0
0.7806159781813344, 1.3006900986771157, 0.3150748898271397, 0.290555410210394, 0,0, 0
0.7793520920641256, 1.2829405396645444, 0.3613662537350963, 0.3096598527280229, 0,0, 0
0.7794851327080423, 1.2759523844140848, 0.3645210156398583, 0.30123275943688926, 0,0, 0
0.7816137830107097, 1.253292485971968, 0.3447662309508629, 0.29491549606546397, 0,0, 0
0.7770904011175415, 1.2420144538533693, 0.3697065594395786, 0.30798675592667796, 0,0, 0
0.7811481407570012, 1.2379319163572484, 0.3292247912078103, 0.30223574042289114, 0,0, 0
0.7818133439765849, 1.1931499688281022, 0.3428842077499702, 0.29730031723855105, 0,0, 0
0.7804829375374177, 1.1834760987258264, 0.3437691635021826, 0.2990055633460456, 0,0, 0
0.7758265150003326, 1.1552194052273694, 0.35190991980470365, 0.2997499046644571, 0,0, 0
0.7761591166101244, 1.1643208503804425, 0.3449456340904179, 0.29992044765818787, 0,0, 0
0.7810816204350429, 1.1417711960155632, 0.33255812454114364, 0.2995706162309656, 0,0, 0
0.7823455065522518, 1.1259557104610098, 0.33115259458722657, 0.3028174352950837, 0,0, 0
0.7825450675181268, 1.1224899251277414, 0.3261525945872266, 0.29257873937713064, 0,0, 0
0.7828776691279186, 1.1503614614629256, 0.31900973744436945, 0.28249297544277857, 0,0, 0
0.7827446284840018, 2250503019835869.0, 0.3133008457980548, 0.2832248269214442, 0,0, 0
0.7855384820062529, 8.968604717579597e+17, 0.33391884711057684, 0.29037540874622525, 0,0, 0
0.7895297013237544, 1.1173083351942734, 0.312920700059504, 0.289176637580101, 0,0, 0
0.7881992948845873, 1.115968416128569, 0.31380565581171643, 0.2844701042767603, 0,0, 0
0.4148207277323222, 2.1129919754332576e+20, 0.6132070441732959, 0.450402936173195, 0,0, 0
0.7704383689217056, 1.2266500742512136, 0.3283680057612754, 0.29610516995238284, 0,0, 0
0.7771569214394998, 1.213095525073837, 0.3403581822514519, 0.3012551886838914, 0,0, 0
0.7816137830107097, 1.1815534092192006, 0.32028596875066695, 0.29143293143424626, 0,0, 0
0.7864032461917115, 1.1814628619935343, 0.3099013533660516, 0.28305577144503746, 0,0, 0
0.791857912592297, 1.1534189735363005, 0.30330728099008963, 0.27913816742387126, 0,0, 0
0.7917248719483803, 1.1467090812853407, 0.30830728099008964, 0.274095121461983, 0,0, 0
0.7949843677243398, 1.1435953882004157, 0.30130728099008963, 0.27439925616609095, 0,0, 0
0.7950508880462982, 1.135463675986243, 0.2979739476567563, 0.2779136988640724, 0,0, 0
0.7952504490121732, 1.1266684511676803, 0.289640614323423, 0.27117810981010515, 0,0, 0
0.7925896361338389, 1.129224830571663, 0.30086804974203485, 0.2770644628842521, 0,0, 0
0.7928557174216723, 1.1166385636650493, 0.3030004026832113, 0.2747075305431835, 0,0, 0
0.787600611986962, 7.623593715865934e+17, 0.311882305668976, 0.2812746960378144, 0,0, 0
0.7836093926694605, 1.097273216999585, 0.31333373601654463, 0.29149638518532006, 0,0, 0
0.7856715226501696, 1.0805166763271041, 0.31414061432342294, 0.2887486506276397, 0,0, 0
0.7873345306991286, 1.0670140639744436, 0.3107337515783249, 0.28176024131103783, 0,0, 0
0.791857912592297, 1.0628015907187784, 0.3024739476567563, 0.2833107657155486, 0,0, 0
0.7889975387480875, 2.1792883494702237e+17, 0.31001980901185194, 0.27980207636693283, 0,0, 0
0.7915253109825051, 472655028317925.94, 0.3089350127765017, 0.27970509404755695, 0,0, 0
0.7917248719483803, 1693088490434202.0, 0.29731906212743064, 0.2841269710008968, 0,0, 0
0.7915253109825051, 6579853276111792.0, 0.3076831213215053, 0.28155402324511347, 0,0, 0
0.789263620035921, 3.918243520323431e+16, 0.3130301421990129, 0.28714013262583693, 0,0, 0
0.7198164039113949, 2.2636655485415854e+19, 0.358921279059543, 0.28376698456975363, 0,0, 0
0.7860706445819198, 1.0412916700301005, 0.3039055173068451, 0.2803887813882501, 0,0, 0
0.78646976651367, 1.0359534355544453, 0.3059652657345181, 0.28456906534491433, 0,0, 0
0.785937603938003, 1.0232512395025322, 0.3105721839735118, 0.28521650774845075, 0,0, 0
0.78646976651367, 1.0297582303661712, 0.3035623531131589, 0.27993824672009104, 0,0, 0
0.7883323355285039, 1.0195932473809168, 0.2949349021327667, 0.27915067104310304, 0,0, 0
0.792257034524047, 1.0197988999051593, 0.29522255018691224, 0.2755541940039954, 0,0, 0
0.7955165303000067, 1871171571107722.2, 0.28822255018691223, 0.27046605101421195, 0,0, 0
0.7951839286902148, 2.536368578444672e+16, 0.3002314428984832, 0.273117733485961, 0,0, 0
0.795583050621965, 1.0420540886007605, 0.28812546280827145, 0.272906891275925, 0,0, 0
0.792988758065589, 1.0214789351002982, 0.280670917353726, 0.2704778557555043, 0,0, 0
0.7957826115878401, 1.009045423346449, 0.27812546280827144, 0.280738963214441, 0,0, 0
0.795583050621965, 1.004011096114992, 0.28812546280827145, 0.26800497023639963, 0,0, 0
0.7966473757732987, 1.0043080366990813, 0.29890717372272574, 0.27605306110262307, 0,0, 0
0.7465575733386549, 6.24111298675076e+17, 0.3490540248610827, 0.28136525526412376, 0,0, 0
0.7947182864365063, 7.725023600787978e+18, 0.29559673492304733, 0.2767754147168015, 0,0, 0
0.7966473757732987, 1.0008420510387173, 0.2842405070560591, 0.274491591624469, 0,0, 0
0.7964478148074237, 1.0096354575384514, 0.29424050705605903, 0.2766300437785951, 0,0, 0
0.7729661411561232, 1.0443586489455925, 0.31431220395911935, 0.2882524758570885, 0,0, 0
0.7726335395463314, 1.041450589051216, 0.32431220395911936, 0.2945827470761129, 0,0, 0
0.7963147741635069, 1.3352216866026466e+16, 0.2846081541148826, 0.27369727680412936, 0,0, 0
0.7860706445819198, 2.0042120775027704e+19, 0.31234856175954634, 0.2812867657346018, 0,0, 0
0.7961152131976319, 1.0132998258330417, 0.2946081541148826, 0.2762877347625112, 0,0, 0
0.7963147741635069, 0.9986815685705555, 0.2846081541148826, 0.2803323663917525, 0,0, 0
0.7963147741635069, 0.9941606520538395, 0.2846081541148826, 0.2747466016803211, 0,0, 0
0.7961152131976319, 0.9872788227817033, 0.2946081541148826, 0.27311293481641624, 0,0, 0
0.7931217987095057, 0.984313302292953, 0.2969397603324992, 0.2763867638193988, 0,0, 0
0.7933213596753809, 0.9865285490313579, 0.2967843199179914, 0.2770227914904253, 0,0, 0
0.7961152131976319, 0.9833559265691927, 0.2946081541148826, 0.2754982435693193, 0,0, 0
0.13111155457992416, 2.304339687766996, 0.8451692221004734, 0.3723403634201475, 0,0, 0
0.24213397192842415, 2.17344104689387, 0.8038009107217632, 0.4317627381212812, 0,0, 0
0.6016097917913923, 3296625.4586196654, 0.5349894157182465, 0.41041245141860655, 0,0, 0
0.4749550987826781, 2.144553342241731, 0.6239321902135073, 0.4515138486061911, 0,0, 0
0.1233951972327546, 560.0261305729117, 0.8469707548795217, 0.5550035650384054, 0,0, 0
0.19264285239140558, 500.434523830036, 0.7831051882922782, 0.5182381136721724, 0,0, 0
0.11614448213929356, 560.2919459399259, 0.8578771286684095, 0.5598942074017093, 0,0, 0
0.21752145280383156, 823.9523158567455, 0.792055182427566, 0.5303139895931938, 0,0, 0
0.23840883389875606, 458.03424781011836, 0.787266729443176, 0.517712671642655, 0,0, 0
0.24027140291359012, 278.65052101135365, 0.7817224941831574, 0.5225228537077345, 0,0, 0
0.285372181201357, 299.7810984839611, 0.7289380018084369, 0.5135662433002207, 0,0, 0
0.26495044236014104, 196.60280675523566, 0.72920654920081, 0.5075221231672321, 0,0, 0
0.26415219849664073, 188.86941311038984, 0.7390353136104986, 0.5131709067695134, 0,0, 0
0.2757932548393534, 81.21774366978475, 0.7310118831325368, 0.5134545684083637, 0,0, 0
0.2880995144016497, 65.34256520924401, 0.7103892311026583, 0.49960375485609004, 0,0, 0
0.2855717421672321, 51.89084175729229, 0.7128560652152642, 0.4983127618884413, 0,0, 0
0.2970132375440697, 68.71920033765424, 0.7037521343605811, 0.4956916111659727, 0,0, 0
0.34830040577396393, 45.115346972269926, 0.6662866575494892, 0.47283084605440634, 0,0, 0
0.3375906339386683, 64.8169604600325, 0.6587088106438297, 0.47164349581754295, 0,0, 0
0.4350429056076631, 1119.0749181676817, 0.5762625049979706, 0.42133255316225915, 0,0, 0
0.3579458524579259, 1428596.3358837096, 0.6190216083618904, 0.41606558793437537, 0,0, 0
0.61790727067119, 1639.399040957675, 0.46226713035665035, 0.36294326617864975, 0,0, 0
0.62682099381361, 27992.076422894752, 0.48624983361918583, 0.36158466670127337, 0,0, 0
0.5824519390673851, 1282.2920349020042, 0.5411936780156112, 0.3688640503599134, 0,0, 0
0.6034058404842679, 1667.7021532143146, 0.4993641253062804, 0.35724224671649024, 0,0, 0
0.7121000465642253, 40.25612905895562, 0.41057215628524113, 0.33184115789949653, 0,0, 0
0.6538947648506619, 31.341485740364785, 0.4335335657019661, 0.34012826506762495, 0,0, 0
0.6749817069114614, 2567.9017302355624, 0.42294641849945114, 0.33023455020197323, 0,0, 0
0.6321426195702787, 60554.97379007314, 0.4590441209527272, 0.36277652902463264, 0,0, 0
0.4732255704117608, 2.014278567377333, 0.6254564519522012, 0.4488760867191258, 0,0, 0
0.4899886915452671, 1.9562627200609923, 0.6074377495063648, 0.4325191552312094, 0,0, 0
0.5247122996075301, 1.9126741526837852, 0.568535924866643, 0.4146837586614073, 0,0, 0
0.5879731257899288, 1.8564111741805738, 0.4967127886305822, 0.38101830228450667, 0,0, 0
0.6316769773165702, 1.8067705706232744, 0.4388665555642277, 0.3531415483791465, 0,0, 0
0.6797711700924632, 1.7718400528217944, 0.44497886102600276, 0.35459875885467684, 0,0, 0
0.7043171688950974, 1.7250845501429701, 0.41571839554120565, 0.33578576400972904, 0,0, 0
0.712964810749684, 1.6508416255925742, 0.3889860533220213, 0.3213562842742777, 0,0, 0
0.7114348433446418, 1.6135573468843176, 0.3916321572181252, 0.32799700788429187, 0,0, 0
0.7126322091398922, 1.568343714296893, 0.3897139880369543, 0.33090669189219296, 0,0, 0
0.7739639459854986, 1.5467805646735102, 0.36324552526763193, 0.3089092806619562, 0,0, 0
0.7782212465908335, 1.5233441558116085, 0.35770339298131354, 0.30650693233859877, 0,0, 0
0.7780882059469167, 1.4894075918116747, 0.3667033929813136, 0.3081090830781312, 0,0, 0
0.7792855717421673, 1.4686718468025186, 0.35640257997318353, 0.3050265204378344, 0,0, 0
0.7806824985032927, 1.4628473787673146, 0.3582708595430759, 0.3022981069448116, 0,0, 0
0.7804829375374177, 1.456441651971518, 0.35649055651277295, 0.3020049151012789, 0,0, 0
0.10111088937670458, nan, 0.9116167084157132, 0.5844598647455627, 0,0, 0
0.10111088937670458, nan, 0.9116167084157132, 0.5803724339818412, 0,0, 0
0.10111088937670458, nan, 0.9116167084157132, 0.5804629019356041, 0,0, 0
0.10111088937670458, nan, 0.9116167084157132, 0.5781062788628876, 0,0, 0
0.10111088937670458, nan, 0.9116167084157132, 0.577407317373599, 0,0, 0
0.10111088937670458, nan, 0.9116167084157132, 0.5835673541726802, 0,0, 0
0.10111088937670458, nan, 0.9116167084157132, 0.5801413037341289, 0,0, 0
0.10111088937670458, nan, 0.9116167084157132, 0.5805055231063528, 0,0, 0
0.10111088937670458, nan, 0.9116167084157132, 0.582150241895174, 0,0, 0
0.10111088937670458, nan, 0.9116167084157132, 0.5799438285240881, 0,0, 0
0.10111088937670458, nan, 0.9116167084157132, 0.5826932676109701, 0,0, 0
0.10111088937670458, nan, 0.9116167084157132, 0.5807986388805328, 0,0, 0
0.10111088937670458, nan, 0.9116167084157132, 0.5804125610934056, 0,0, 0
0.10111088937670458, nan, 0.9116167084157132, 0.581718862955774, 0,0, 0
0.10111088937670458, nan, 0.9116167084157132, 0.5840332698121089, 0,0, 0
0.10111088937670458, nan, 0.9116167084157132, 0.5811990728722702, 0,0, 0
0.10111088937670458, nan, 0.9116167084157132, 0.5778889189373003, 0,0, 0
0.10111088937670458, nan, 0.9116167084157132, 0.5821743455511422, 0,0, 0
0.10111088937670458, nan, 0.9116167084157132, 0.579764575166976, 0,0, 0
0.10111088937670458, nan, 0.9116167084157132, 0.5789494232370019, 0,0, 0
0.10111088937670458, nan, 0.9116167084157132, 0.57959463171367, 0,0, 0
0.10111088937670458, nan, 0.9116167084157132, 0.5779779293193109, 0,0, 0
0.10111088937670458, nan, 0.9116167084157132, 0.5808497881311111, 0,0, 0
0.10111088937670458, nan, 0.9116167084157132, 0.5866575767547179, 0,0, 0
0.10111088937670458, nan, 0.9116167084157132, 0.5774594579384624, 0,0, 0
0.10111088937670458, nan, 0.9116167084157132, 0.5872997721304655, 0,0, 0
0.10111088937670458, nan, 0.9116167084157132, 0.577215120586982, 0,0, 0
0.10111088937670458, nan, 0.9116167084157132, 0.5819361286594499, 0,0, 0
0.10111088937670458, nan, 0.9116167084157132, 0.5804657000751524, 0,0, 0
0.10111088937670458, nan, 0.9116167084157132, 0.5820205254454675, 0,0, 0
0.10111088937670458, nan, 0.9116167084157132, 0.5783013924475606, 0,0, 0
0.10111088937670458, nan, 0.9116167084157132, 0.5805830041685933, 0,0, 0
0.10111088937670458, nan, 0.9116167084157132, 0.5790534419309565, 0,0, 0
0.10111088937670458, nan, 0.9116167084157132, 0.5787474137117603, 0,0, 0
0.10111088937670458, nan, 0.9116167084157132, 0.5759352072781482, 0,0, 0
0.10111088937670458, nan, 0.9116167084157132, 0.5802561996273361, 0,0, 0
0.10111088937670458, nan, 0.9116167084157132, 0.5823230261446605, 0,0, 0
0.10111088937670458, nan, 0.9116167084157132, 0.5780040149863503, 0,0, 0
0.10111088937670458, nan, 0.9116167084157132, 0.5791072551330615, 0,0, 0
0.10111088937670458, nan, 0.9116167084157132, 0.580840299451476, 0,0, 0
0.10111088937670458, nan, 0.9116167084157132, 0.5782649982509536, 0,0, 0
0.10111088937670458, nan, 0.9116167084157132, 0.5802707422264342, 0,0, 0
0.10111088937670458, nan, 0.9116167084157132, 0.5789254039742849, 0,0, 0
0.10111088937670458, nan, 0.9116167084157132, 0.5801729254830967, 0,0, 0
0.10111088937670458, nan, 0.9116167084157132, 0.5799823102537385, 0,0, 0
0.10111088937670458, nan, 0.9116167084157132, 0.5853883270150656, 0,0, 0
0.10111088937670458, nan, 0.9116167084157132, 0.5815488160486785, 0,0, 0
0.10111088937670458, nan, 0.9116167084157132, 0.5772017692715071, 0,0, 0
0.10111088937670458, nan, 0.9116167084157132, 0.5827988302051939, 0,0, 0
0.10111088937670458, nan, 0.9116167084157132, 0.5847221597286684, 0,0, 0
0.10111088937670458, nan, 0.9116167084157132, 0.5821868736037437, 0,0, 0
0.10111088937670458, nan, 0.9116167084157132, 0.5790587970108513, 0,0, 0
0.10111088937670458, nan, 0.9116167084157132, 0.585340243034704, 0,0, 0
0.10111088937670458, nan, 0.9116167084157132, 0.5851152976716532, 0,0, 0
0.10111088937670458, nan, 0.9116167084157132, 0.5804560870129459, 0,0, 0
0.10111088937670458, nan, 0.9116167084157132, 0.5781117041356895, 0,0, 0
0.09219716623428457, 2.3037582211395162, 0.9182289935993575, 0.5022930477301893, 0,0, 0
0.22823122463912726, 2.1642024871880032, 0.7976066081801307, 0.521445241816146, 0,0, 0
0.5952238408833899, 134310.75694591072, 0.5282658380321629, 0.395060319903746, 0,0, 0
0.6058670923967272, 45.39149003964929, 0.4895406000734046, 0.38895150028872516, 0,0, 0
0.5471296481074969, 18.781329091675968, 0.5590038124616823, 0.43351215080671646, 0,0, 0
0.6149138561830639, 6.814917018658875, 0.4761377142300791, 0.38402117423136445, 0,0, 0
0.632209139892237, 5.051269312745202, 0.4617404465501427, 0.37132753447083233, 0,0, 0
0.7077762256369321, 3.5631073989425137, 0.41760280575069664, 0.34652926951111884, 0,0, 0
0.7584647109692011, 2.0935310355003773, 0.38018835843243826, 0.3204924152344095, 0,0, 0
0.7580655890374509, 1.9536032438068986, 0.3955771167225751, 0.32516019024630066, 0,0, 0
0.777023880795583, 1.2398930814619142, 0.35858151484527595, 0.3116368073772666, 0,0, 0
0.7818798642985432, 0.9129044407842546, 0.3529106881656906, 0.30165937752063315, 0,0, 0
0.7790194904543338, 0.8968097741161727, 0.35587821418572546, 0.3144549121883008, 0,0, 0
0.7772234417614581, 0.817280388400105, 0.3466355337628635, 0.30053755730471066, 0,0, 0
0.7784208075567086, 0.8352841554301376, 0.3538665763268564, 0.2990566204823641, 0,0, 0
0.7709040111754141, 0.8397808602076029, 0.36356941575353313, 0.30744929325545467, 0,0, 0
0.7888644981041708, 0.7241611195343769, 0.33605386896687167, 0.2987813518412439, 0,0, 0
0.7753608727466241, 0.8555954046650209, 0.36028038712508687, 0.304379246633795, 0,0, 0
0.7377768908401516, 3.9409151224631533, 0.3977086483418193, 0.32403894731859995, 0,0, 0
0.6626089270272069, 178.1549221900691, 0.45925257534480407, 0.36977344911466586, 0,0, 0
0.6784407636532961, 123.0579640018613, 0.4203220910768539, 0.33833439151401173, 0,0, 0
0.6977981773431784, 36.79025620224106, 0.4084342357412401, 0.34007703111482207, 0,0, 0
0.7415020288698198, 1.1068927298957036, 0.35838541238047894, 0.31077640482610774, 0,0, 0
0.6565555777289962, 36.09278798730642, 0.4456865336893695, 0.3554669018458953, 0,0, 0
0.6053349298210603, 10586899.362877522, 0.48928261438768544, 0.3864464685626491, 0,0, 0
0.31277855384820064, 2.04058044352297, 0.8236621094841193, 0.5299340365281915, 0,0, 0
0.4425597019889576, 1.9257802894187928, 0.7132975318140972, 0.4769704350609058, 0,0, 0
0.5021619104636467, 1.841108743856428, 0.6185343907805229, 0.442613916516921, 0,0, 0
0.5251779418612386, 1.777973996060881, 0.6202819529402934, 0.4366765352378097, 0,0, 0
0.5487926561564558, 1.7166411859163433, 0.5907581434164837, 0.41208423144740836, 0,0, 0
0.7556708574469501, 1.5854971392399488, 0.4066649607700945, 0.3253589094665827, 0,0, 0
0.7784873278786669, 1.5218784956538192, 0.36066664798536796, 0.30492330019295094, 0,0, 0
0.7818798642985432, 1.4972110118758835, 0.352370876332103, 0.30530482225243494, 0,0, 0
0.7759595556442493, 1.4656260051306538, 0.37570259939846934, 0.3110098419736767, 0,0, 0
0.24532694738242533, 23.010089787035927, 0.7306454839743209, 0.5248474698147595, 0,0, 0
0.2903612053482339, 525.8561092412638, 0.7210068402877005, 0.5060450095751612, 0,0, 0
0.22789862302933547, 676.4906959549868, 0.7794553965815837, 0.5360129883161278, 0,0, 0
0.2709372713363933, 667.9845333027615, 0.7458328408816933, 0.5146047138609636, 0,0, 0
0.2847069779817734, 12046300.127352113, 0.732839263516116, 0.49956661853117396, 0,0, 0
0.51985631610457, 26.420404643167135, 0.521281906241109, 0.42128677420432536, 0,0, 0
0.5018958291758132, 79.26670528230154, 0.5518968992111983, 0.427664741720072, 0,0, 0
0.5658218585777955, 40.651474919053115, 0.48009076434698655, 0.3788730255947682, 0,0, 0
0.5847136300139693, 22.11763471095695, 0.4758462868155431, 0.37350638228209554, 0,0, 0
0.5281713563493647, 138.6674576343832, 0.5258971815984228, 0.40229739442389456, 0,0, 0
0.5592363467039181, 277.79532700869714, 0.5041868619428016, 0.40092416528104097, 0,0, 0
0.6163107829441894, 101.7024541564702, 0.47103900459590614, 0.35602059363535765, 0,0, 0
0.6366660014634471, 98.40929687021755, 0.4452562635671066, 0.36914909145324415, 0,0, 0
0.6697931217987095, 29.377553342649172, 0.46322536825153904, 0.3506994755833477, 0,0, 0
0.6515665535821193, 29.155999910682628, 0.4654124559583947, 0.3578309535312051, 0,0, 0
0.6776425197897957, 816.3511432101666, 0.4091773233160123, 0.3338938474102218, 0,0, 0
0.6839619503758398, 80.0179267769212, 0.4186770522967531, 0.32559438501869437, 0,0, 0
0.7310583383223574, 187.3277324567735, 0.3901569621303233, 0.31728910955616796, 0,0, 0
0.6603472360806226, 54.4305641868945, 0.4690046303175487, 0.35512761223135747, 0,0, 0
0.6606798376904144, 20.057396835256803, 0.4465770867944483, 0.34394404872852036, 0,0, 0
0.705913656622098, 13.272120549727342, 0.37725922480028773, 0.30286366822597893, 0,0, 0
0.6803033326681301, 84.43132984226148, 0.4152840014663207, 0.3353652658552499, 0,0, 0
0.6548925696800373, 863.3521181857798, 0.4132501435800847, 0.34662709892358323, 0,0, 0
0.6482405374842014, 124259.41518557303, 0.45178783978386955, 0.35031455125861366, 0,0, 0
0.10111088937670458, nan, 0.9116167084157132, 0.5822099610231295, 0,0, 0
0.10111088937670458, nan, 0.9116167084157132, 0.5824416179397535, 0,0, 0
0.10111088937670458, nan, 0.9116167084157132, 0.5782738877071759, 0,0, 0
0.10111088937670458, nan, 0.9116167084157132, 0.5793246660740222, 0,0, 0
0.10111088937670458, nan, 0.9116167084157132, 0.5815120421863503, 0,0, 0
0.10111088937670458, nan, 0.9116167084157132, 0.5785250298464765, 0,0, 0
0.10111088937670458, nan, 0.9116167084157132, 0.5826686058910618, 0,0, 0
0.10111088937670458, nan, 0.9116167084157132, 0.5819524654983889, 0,0, 0
0.10111088937670458, nan, 0.9116167084157132, 0.5859419843626327, 0,0, 0
0.10111088937670458, nan, 0.9116167084157132, 0.5815401093128171, 0,0, 0
0.10111088937670458, nan, 0.9116167084157132, 0.5776083938259319, 0,0, 0
0.10111088937670458, nan, 0.9116167084157132, 0.5795635367207574, 0,0, 0
0.10111088937670458, nan, 0.9116167084157132, 0.5823255530454756, 0,0, 0
0.10111088937670458, nan, 0.9116167084157132, 0.5834720115090468, 0,0, 0
0.10111088937670458, nan, 0.9116167084157132, 0.5792233027227661, 0,0, 0
0.10111088937670458, nan, 0.9116167084157132, 0.5815307707095247, 0,0, 0
0.10111088937670458, nan, 0.9116167084157132, 0.5848106712958946, 0,0, 0
0.10111088937670458, nan, 0.9116167084157132, 0.5787944124781651, 0,0, 0
0.10111088937670458, nan, 0.9116167084157132, 0.581402107414979, 0,0, 0
0.10111088937670458, nan, 0.9116167084157132, 0.5821316647621351, 0,0, 0
0.10111088937670458, nan, 0.9116167084157132, 0.5778017139284969, 0,0, 0
0.10111088937670458, nan, 0.9116167084157132, 0.5822976200968842, 0,0, 0
0.10111088937670458, nan, 0.9116167084157132, 0.5824982120996363, 0,0, 0
0.10111088937670458, nan, 0.9116167084157132, 0.5787296971494396, 0,0, 0
0.10111088937670458, nan, 0.9116167084157132, 0.5792589595046586, 0,0, 0
0.10111088937670458, nan, 0.9116167084157132, 0.5759725492857474, 0,0, 0
0.10111088937670458, nan, 0.9116167084157132, 0.5803771693954796, 0,0, 0
0.10111088937670458, nan, 0.9116167084157132, 0.5782896963631627, 0,0, 0
0.10111088937670458, nan, 0.9116167084157132, 0.5839395421408927, 0,0, 0
0.10111088937670458, nan, 0.9116167084157132, 0.5806367862567109, 0,0, 0
0.10111088937670458, nan, 0.9116167084157132, 0.5852569683848253, 0,0, 0
0.10111088937670458, nan, 0.9116167084157132, 0.5829093984309068, 0,0, 0
0.10111088937670458, nan, 0.9116167084157132, 0.5795531926943481, 0,0, 0
0.10111088937670458, nan, 0.9116167084157132, 0.5839923339131711, 0,0, 0
0.10111088937670458, nan, 0.9116167084157132, 0.582403322025472, 0,0, 0
0.10111088937670458, nan, 0.9116167084157132, 0.5808634662463004, 0,0, 0
0.10111088937670458, nan, 0.9116167084157132, 0.5790943016255412, 0,0, 0
0.10111088937670458, nan, 0.9116167084157132, 0.5789695224040837, 0,0, 0
0.10111088937670458, nan, 0.9116167084157132, 0.5787419047323589, 0,0, 0
0.10111088937670458, nan, 0.9116167084157132, 0.5779805511335685, 0,0, 0
0.10111088937670458, nan, 0.9116167084157132, 0.5795907648486994, 0,0, 0
0.10111088937670458, nan, 0.9116167084157132, 0.5787662384650027, 0,0, 0
0.10111088937670458, nan, 0.9116167084157132, 0.5806777757234994, 0,0, 0
0.11042373445087474, 2.3035687126260407, 0.8775945520990375, 0.321391763409615, 0,0, 0
0.31543936672653494, 2.072572073992447, 0.7505052371004833, 0.34354557210817144, 0,0, 0
0.5365529169161178, 38068.14165596958, 0.5477431666348752, 0.40144379588284695, 0,0, 0
0.5907004589902215, 34.92339871898534, 0.5433540291510451, 0.39474064773947487, 0,0, 0
0.6411893833566155, 13.945946281946236, 0.5032231889224925, 0.3995813462566369, 0,0, 0
0.7119004855983503, 8.071698719633293, 0.4459256216916819, 0.3569065221319078, 0,0, 0
0.718352956828311, 7.096665935871961, 0.4292732647382115, 0.34720039910113853, 0,0, 0
0.7259362735315639, 5.963974621082525, 0.41570533662217035, 0.3422770816272442, 0,0, 0
0.7268010377170225, 4.643710434555232, 0.4074579922037158, 0.3304953826560212, 0,0, 0
0.7534091665003658, 3.943878977896055, 0.37713548492687676, 0.3130314738576441, 0,0, 0
0.7486197033193641, 2.243427569669952, 0.4011911666762774, 0.323168435626776, 0,0, 0
0.7750282711368323, 1.1131524063024856, 0.386109612003282, 0.3140542524775054, 0,0, 0
0.779618173351959, 0.9960620305944982, 0.37582722054570455, 0.30550326092200053, 0,0, 0
0.759928158052285, 1.0884368731048788, 0.3945191147723886, 0.31752854254039475, 0,0, 0
0.7765582385418746, 0.9299409551255415, 0.38336839182864985, 0.3078284451914434, 0,0, 0
0.7291957693075235, 9.836986399887463, 0.4190811051655968, 0.32906785528739263, 0,0, 0
0.7423667930552784, 19.276541374036228, 0.4016334994551852, 0.3264496356697943, 0,0, 0
0.6926095922304264, 13.427767413480025, 0.4040136824098123, 0.3321527045081196, 0,0, 0
0.6166433845539813, 50116.49145293538, 0.4845589185957248, 0.3745376913771885, 0,0, 0
0.6388611720880729, 1666.2742827533111, 0.4628262779432374, 0.3551934228238367, 0,0, 0
0.5648240537484202, 4640685.137873652, 0.49618287965367047, 0.3844445373692649, 0,0, 0
0.43091864564624494, 1.9390463550286816, 0.7234244627237103, 0.4769328476548662, 0,0, 0
0.5263087873345307, 1.843446446350851, 0.6388152560819952, 0.4278922565738894, 0,0, 0
0.3578128118140092, 13.592624877454053, 0.6483571535583161, 0.4601914293755803, 0,0, 0
0.5030266746491053, 30.229285866592253, 0.5623825547603005, 0.41859880153473944, 0,0, 0
0.5854453535555112, 2661.150001746558, 0.48675733959189604, 0.3803731284821154, 0,0, 0
0.7131643717155591, 20878.080328495602, 0.3736844215220756, 0.31328130153284245, 0,0, 0
0.6838289097319231, 35233.06830672618, 0.39451394634897935, 0.3284753217477464, 0,0, 0
0.6325417415020289, 4366.352945324303, 0.42401642269513184, 0.3378207002388283, 0,0, 0
0.6646045366859575, 299284.3872276092, 0.3893845415561797, 0.3220018692482961, 0,0, 0
0.6386616111221979, 75.1351257248359, 0.45212924876910454, 0.3641158296803878, 0,0, 0
0.6640058537883323, 15.134771329715678, 0.42665380582724316, 0.3490155406235938, 0,0, 0
0.6069979378700193, 80990.63237830468, 0.44182964002775876, 0.3604895239504869, 0,0, 0
0.5009645446683962, 1291040978.9615912, 0.5998419386290142, 0.4411015708337259, 0,0, 0
0.6735182598283775, 207544654.61873093, 0.46519572695753153, 0.3667843502469968, 0,0, 0
0.6775094791458791, 1.7836800833182334, 0.47143651976588286, 0.37047704068317544, 0,0, 0
0.6902148606399255, 1.7151843275086083, 0.45712477887519465, 0.35889508002684506, 0,0, 0
0.7178207942526442, 36112.431727160096, 0.4319366993079033, 0.3455956840465916, 0,0, 0
0.7173551519989356, 31161629.54135306, 0.4242282164839262, 0.33324995931603135, 0,0, 0
0.7504822723341981, 15143405395.521389, 0.39945792039445766, 0.2933220440020116, 0,0, 0
0.7795516530300006, 1.4664711026281667, 0.3656889212523044, 0.3093444016577958, 0,0, 0
0.7792855717421673, 1.4140048995480237, 0.3681889212523044, 0.30949062474884614, 0,0, 0
0.7842745958890441, 10252684.861408856, 0.36679923098938666, 0.3084141572206397, 0,0, 0
0.7849397991086277, 1.3552026030729134, 0.34260022891857544, 0.2985000765796555, 0,0, 0
0.7797512139958758, 1607028.6277941025, 0.3472644787339302, 0.3009817429957325, 0,0, 0
0.5179937470897359, 8961976473.519579, 0.5676335927929617, 0.3966494879913129, 0,0, 0
0.6507017893966607, 42851968.73285502, 0.45253907963026163, 0.3578675148583988, 0,0, 0
0.5258431450808222, 15687341.702627102, 0.5174566936917457, 0.40013632225686385, 0,0, 0
0.6041375640258099, 3.8403702892450005, 0.464056707139024, 0.35018674129954724, 0,0, 0
0.4980376505022284, 982833.5605321688, 0.592658257906076, 0.39728897413796305, 0,0, 0
0.5797911261890507, 64911133.71190269, 0.49235881877888393, 0.36172549398517667, 0,0, 0
0.7273332002926894, 1.64409305733323e+30, 0.4086846725911719, 0.3291427586566866, 0,0, 0
0.10111088937670458, nan, 0.9116167084157132, 0.579719144260207, 0,0, 0
0.10111088937670458, nan, 0.9116167084157132, 0.5821388807107438, 0,0, 0
0.10111088937670458, nan, 0.9116167084157132, 0.5816221551125637, 0,0, 0
0.10111088937670458, nan, 0.9116167084157132, 0.5830718059484044, 0,0, 0
0.10111088937670458, nan, 0.9116167084157132, 0.5816963035527468, 0,0, 0
0.10111088937670458, nan, 0.9116167084157132, 0.5836704721601552, 0,0, 0
0.10111088937670458, nan, 0.9116167084157132, 0.5887442891261366, 0,0, 0
0.10111088937670458, nan, 0.9116167084157132, 0.5796170842690573, 0,0, 0
0.10111088937670458, nan, 0.9116167084157132, 0.5786004348805691, 0,0, 0
0.10111088937670458, nan, 0.9116167084157132, 0.5819748687496136, 0,0, 0
0.10111088937670458, nan, 0.9116167084157132, 0.5802992546972395, 0,0, 0
0.10111088937670458, nan, 0.9116167084157132, 0.5804223219025942, 0,0, 0
0.10111088937670458, nan, 0.9116167084157132, 0.5822200713777191, 0,0, 0
0.10111088937670458, nan, 0.9116167084157132, 0.5844843808565177, 0,0, 0
0.10111088937670458, nan, 0.9116167084157132, 0.5832706083205305, 0,0, 0
0.10111088937670458, nan, 0.9116167084157132, 0.5799593528661501, 0,0, 0
0.10111088937670458, nan, 0.9116167084157132, 0.5782421231951937, 0,0, 0
0.10111088937670458, nan, 0.9116167084157132, 0.5780965519415713, 0,0, 0
0.10111088937670458, nan, 0.9116167084157132, 0.5774909321949597, 0,0, 0
0.10111088937670458, nan, 0.9116167084157132, 0.5849152158090375, 0,0, 0
0.10111088937670458, nan, 0.9116167084157132, 0.58671098362944, 0,0, 0
0.10111088937670458, nan, 0.9116167084157132, 0.5789000696458482, 0,0, 0
0.10111088937670458, nan, 0.9116167084157132, 0.5810877765933867, 0,0, 0
0.10111088937670458, nan, 0.9116167084157132, 0.5775327984805345, 0,0, 0
0.10111088937670458, nan, 0.9116167084157132, 0.5776754816936172, 0,0, 0
0.10111088937670458, nan, 0.9116167084157132, 0.5823300877299771, 0,0, 0
0.10111088937670458, nan, 0.9116167084157132, 0.5820223167175773, 0,0, 0
0.10111088937670458, nan, 0.9116167084157132, 0.5778901624341177, 0,0, 0
0.10111088937670458, nan, 0.9116167084157132, 0.579639283667383, 0,0, 0
0.10111088937670458, nan, 0.9116167084157132, 0.582991148975009, 0,0, 0
0.10111088937670458, nan, 0.9116167084157132, 0.5774690081313456, 0,0, 0
0.10111088937670458, nan, 0.9116167084157132, 0.58541307835911, 0,0, 0
0.10111088937670458, nan, 0.9116167084157132, 0.5822247859476092, 0,0, 0
0.10111088937670458, nan, 0.9116167084157132, 0.5785493078891336, 0,0, 0
0.10111088937670458, nan, 0.9116167084157132, 0.5787768100794858, 0,0, 0
0.10111088937670458, nan, 0.9116167084157132, 0.5808494524276324, 0,0, 0
0.10111088937670458, nan, 0.9116167084157132, 0.5868747676799622, 0,0, 0
0.10111088937670458, nan, 0.9116167084157132, 0.5797586243017698, 0,0, 0
0.10111088937670458, nan, 0.9116167084157132, 0.5783324202355119, 0,0, 0
0.10111088937670458, nan, 0.9116167084157132, 0.5780949979993604, 0,0, 0
0.10111088937670458, nan, 0.9116167084157132, 0.5793576364712443, 0,0, 0
0.10111088937670458, nan, 0.9116167084157132, 0.5819043253127215, 0,0, 0
0.10111088937670458, nan, 0.9116167084157132, 0.5782108828119866, 0,0, 0
0.10111088937670458, nan, 0.9116167084157132, 0.5797527310833033, 0,0, 0
0.10111088937670458, nan, 0.9116167084157132, 0.5780060889538993, 0,0, 0
0.10111088937670458, nan, 0.9116167084157132, 0.5858359017028701, 0,0, 0
0.10111088937670458, nan, 0.9116167084157132, 0.5796579870273566, 0,0, 0
0.10111088937670458, nan, 0.9116167084157132, 0.5781717949313548, 0,0, 0
0.10111088937670458, nan, 0.9116167084157132, 0.5805096159517129, 0,0, 0
0.10097784873278787, 2.301951403834502, 0.9107975026006241, 0.5367046360324291, 0,0, 0
0.30672520454999, 2.101806314010737, 0.7307158554579912, 0.3815379347524863, 0,0, 0
0.599348100844808, 1537942.8728128746, 0.5173662934748675, 0.3995311326709578, 0,0, 0
0.5810550123062596, 2.174846250822323, 0.5288551585235526, 0.40721415639097924, 0,0, 0
0.17262023548193972, 93.61846242940507, 0.8347485779532804, 0.5577743881850001, 0,0, 0
0.18831903146411227, 680.9477920874732, 0.8457891110663145, 0.573864799188218, 0,0, 0
0.23667930552783875, 957.0891808319282, 0.7992720234649328, 0.5311534184219272, 0,0, 0
0.21153462382757932, 247.8079624523858, 0.8070725390435275, 0.5305570339422261, 0,0, 0
0.1917780882059469, 182.32341212895403, 0.8103201007916762, 0.5332193460813811, 0,0, 0
0.2636865562429322, 260.9629054557001, 0.747771271316299, 0.4908178863585794, 0,0, 0
0.2698729461850595, 206.7582525480173, 0.7435093125162332, 0.4894742690324591, 0,0, 0
0.2915585711434843, 170.06175411693832, 0.723898890365675, 0.48505746841479136, 0,0, 0
0.2826448480010643, 119.1158864788541, 0.7435053836215586, 0.4926743081491833, 0,0, 0
0.3025344242666135, 108.75590588230756, 0.7193278549566351, 0.48428728993305464, 0,0, 0
0.28324353089868953, 60.01272983369721, 0.7401352745258756, 0.4870307643129812, 0,0, 0
0.38974256635402116, 67.97247363774277, 0.6584149693659909, 0.45420972460371156, 0,0, 0
0.3911394931151467, 62.60281071101554, 0.6638812618018922, 0.4469037871530452, 0,0, 0
0.47794851327080423, 31.250019448192493, 0.622005815378868, 0.43101731259042353, 0,0, 0
0.47309252976784405, 47.07213871189927, 0.599524595453597, 0.4290419157089424, 0,0, 0
0.4620501563227566, 45.69994840970725, 0.6210616405834378, 0.4274797386237419, 0,0, 0
0.4963081221313111, 48.05770841787785, 0.5956476562103847, 0.43356925838480664, 0,0, 0
0.49191778088205945, 43.86245757617535, 0.6058324616253522, 0.4246706004508256, 0,0, 0
0.494245992150602, 38.42323412931644, 0.6066280399458129, 0.43184912874444015, 0,0, 0
0.4478148074236679, 39.23981917156436, 0.6156122938276797, 0.43670597855278326, 0,0, 0
0.406239606199694, 2348.936294056892, 0.6659223637675725, 0.4453499354044698, 0,0, 0
0.49291558571143484, 72.01843451043693, 0.5960737857524506, 0.38930703544655043, 0,0, 0
0.48480010643251514, 27.45736511006574, 0.5838391133513899, 0.43352306754785863, 0,0, 0
0.5481274529368723, 20.552256814995594, 0.5265467958724668, 0.4077075948078713, 0,0, 0
0.5201889177143617, 19.203656180443502, 0.556923188296763, 0.4093735445474423, 0,0, 0
0.5336260227499501, 16.556955791168566, 0.5547924625387148, 0.3999270483861526, 0,0, 0
0.5008980243464378, 12.911970212201476, 0.557035076782532, 0.41987536541472276, 0,0, 0
0.4567950508880463, 1434.7484516443503, 0.5933450773106996, 0.4239957377295771, 0,0, 0
0.49777156921439497, 30.67899519257266, 0.5944919463678615, 0.4237479247833177, 0,0, 0
0.4736912126654693, 110.08352571050968, 0.6149026307733975, 0.4394405785753249, 0,0, 0
0.3655291691611787, 117449850.95363122, 0.6805452899610449, 0.4732215760593171, 0,0, 0
0.3703851526641389, 1.8396019359938673, 0.7178807626992058, 0.4850930318514095, 0,0, 0
0.4891904476817668, 1.680775470905284, 0.6389366027397991, 0.4397300710964753, 0,0, 0
0.510210869420608, 1.6276991239362377, 0.6334347712379677, 0.43260833598334875, 0,0, 0
0.5363533559502428, 1.575675093660984, 0.5782654658560478, 0.4076496598566606, 0,0, 0
0.5601676312113351, 1.540075758271237, 0.548382473602851, 0.4018482774511635, 0,0, 0
0.5912991418878467, 1.489771144985875, 0.507016731820922, 0.37306800697381476, 0,0, 0
0.6838289097319231, 1.4472808298168347, 0.4422185874602522, 0.35358840571398953, 0,0, 0
0.7204150868090201, 1.3644247125103939, 0.4271205449114899, 0.339101147624531, 0,0, 0
0.7292622896294818, 1.3125292736969292, 0.4049442917886255, 0.3368411137188713, 0,0, 0
0.7331204683030665, 1.2935536859603745, 0.40516928486672965, 0.3303105705149918, 0,0, 0
0.37943191645047564, 6.974570718327038, 0.6030655570736774, 0.4147498113820177, 0,0, 0
0.17734317834098318, 1144446.3042616532, 0.7675715138489396, 0.5216638179875954, 0,0, 0
0.5159981374309852, 88702.74592922837, 0.5364192020721013, 0.353399534811603, 0,0, 0
0.7010576731191379, 1.3382760030118035, 0.44134672937001584, 0.335975869165657, 0,0, 0
0.7076431849930154, 1.3120409910914221, 0.4306217659563417, 0.3312341230329181, 0,0, 0
0.15213197631876538, 110.15380666574673, 0.7878294462715458, 0.5464275175244642, 0,0, 0
0.18339652763919378, 296.5166415384586, 0.8134219481515532, 0.5505557630033716, 0,0, 0
0.14215392802501164, 2655.061583452308, 0.8255052355132765, 0.5527002152163096, 0,0, 0
0.19224373045965543, 338.3089745793285, 0.7763053374158949, 0.5199666666975615, 0,0, 0
0.234683695869088, 52360.41739348658, 0.7527323740446273, 0.4890963162932871, 0,0, 0
0.38588438768043637, 1230.859536968122, 0.6175431765276834, 0.43406525803679613, 0,0, 0
0.2880995144016497, 1122.2301921491128, 0.6581221851591494, 0.4796583013867945, 0,0, 0
0.2918246524313178, 94920463.03921162, 0.6557420409159491, 0.4542264722150208, 0,0, 0
0.3401849264950442, 14551456765.111795, 0.652552150659925, 0.42004867650096195, 0,0, 0
0.5531829974057074, 1.4446935170630388, 0.627936246370268, 0.4376793738988738, 0,0, 0
0.6532960819530367, 1.3848952088852704, 0.5117454167212401, 0.3845072522957491, 0,0, 0
0.6602141954367059, 1.3493063236940928, 0.498247240569358, 0.37196713428121797, 0,0, 0
0.18333000731723542, 143.49067245629362, 0.8269007424602602, 0.5498140066412353, 0,0, 0
0.18326348699527706, 5182.465884971022, 0.8340643483644115, 0.5542784940158176, 0,0, 0
0.2575001663008049, 41869.31297040951, 0.7859026559751926, 0.5194337984425644, 0,0, 0
0.29594891239273596, 1697885.5905743307, 0.7084004400177528, 0.49898999600084903, 0,0, 0
0.35934277921905144, 205.02461377527325, 0.6975471402257564, 0.45676719387191334, 0,0, 0
0.3456395928956296, 757.8641733242393, 0.6831423488874875, 0.4515211547460573, 0,0, 0
0.21878533892104038, 1155.6765025291409, 0.7758534795757942, 0.5214141440599234, 0,0, 0
0.27605933612718686, 730.8377455499035, 0.7342154374135792, 0.48803131544569256, 0,0, 0
0.39992017561364995, 830.5708285874571, 0.6465064410813862, 0.42821613155138605, 0,0, 0
0.48972261025743363, 535.0217286651202, 0.5476463760246973, 0.38841055731717694, 0,0, 0
0.2982771236612785, 1424.0619056618546, 0.6968510378866138, 0.47076318477648565, 0,0, 0
0.22763254174150202, 333.8591748567369, 0.7425815424246087, 0.5064232045710686, 0,0, 0
0.4790793587440963, 214.24528315176292, 0.589890843948817, 0.4070592141199333, 0,0, 0
0.4759529036120535, 403.7365811977311, 0.5991957352915862, 0.40390525282623907, 0,0, 0
0.48639659415951575, 6796041.175755632, 0.5827064618940014, 0.39528818781821884, 0,0, 0
0.6182398722809819, 1.498980036010458, 0.4821345816593435, 0.3695744948175278, 0,0, 0
0.21499368056941395, 43.64392281462951, 0.7657991620808815, 0.5193293821445875, 0,0, 0
0.18599082019556976, 360.256743879262, 0.8011963763093801, 0.528452417819966, 0,0, 0
0.23361937071775427, 426733.66837941227, 0.7513643619027245, 0.5184201288516875, 0,0, 0
0.25038249185126055, 451.79495269098993, 0.7251770628767847, 0.5204320822671825, 0,0, 0
0.2622231091598483, 266.40139950591583, 0.6994705979949012, 0.496639988210182, 0,0, 0
0.281846604137564, 78.83584479375958, 0.6852040490139565, 0.4908109673679584, 0,0, 0
0.28217920574735583, 1482.3351435370528, 0.6961210679091164, 0.48914492835407164, 0,0, 0
0.26248919044768176, 288.1468232854225, 0.6956940103085861, 0.48913369348856184, 0,0, 0
0.30931949710636597, 19591.258914001723, 0.674870987824689, 0.47404255217322955, 0,0, 0
0.2361471429521719, 304612074.56269705, 0.7300652613818882, 0.497543360214272, 0,0, 0
0.10111088937670458, nan, 0.9116167084157132, 0.5790050505571832, 0,0, 0
0.10111088937670458, nan, 0.9116167084157132, 0.5785211571635303, 0,0, 0
0.10111088937670458, nan, 0.9116167084157132, 0.5877920562590853, 0,0, 0
0.10111088937670458, nan, 0.9116167084157132, 0.5805440122982131, 0,0, 0
0.10111088937670458, nan, 0.9116167084157132, 0.5824320396414131, 0,0, 0
0.10111088937670458, nan, 0.9116167084157132, 0.5801948539757268, 0,0, 0
0.10111088937670458, nan, 0.9116167084157132, 0.5804857210775998, 0,0, 0
0.10111088937670458, nan, 0.9116167084157132, 0.5796658051217867, 0,0, 0
0.10111088937670458, nan, 0.9116167084157132, 0.5791342063932333, 0,0, 0
0.10111088937670458, nan, 0.9116167084157132, 0.580983520234881, 0,0, 0
0.10111088937670458, nan, 0.9116167084157132, 0.5803800742303851, 0,0, 0
0.10111088937670458, nan, 0.9116167084157132, 0.5808913147274256, 0,0, 0
0.10111088937670458, nan, 0.9116167084157132, 0.577000091194054, 0,0, 0
0.1012439300206213, 2.303784148545431, 0.90357891935661, 0.42753823184248707, 0,0, 0
0.2794518725470631, 2.1352346071716095, 0.722767738058276, 0.34846624782498137, 0,0, 0
0.6405907004589902, 1729563.5115126248, 0.4797658658572238, 0.3594294814301858, 0,0, 0
0.6140490919976053, 106.30491877860206, 0.5011878813175192, 0.36793938956983724, 0,0, 0
0.21645712765249783, 775.6503724330058, 0.7832484665401157, 0.5271527822431519, 0,0, 0
0.3132441961019091, 495.6780937535236, 0.6865531965397952, 0.48657779397914125, 0,0, 0
0.3683895430053881, 131.29854173458088, 0.6721387237223585, 0.47284950568527984, 0,0, 0
0.4085012971462782, 93.49010278244815, 0.6455512673415167, 0.44716496532488637, 0,0, 0
0.43643983236878864, 55.05683223869722, 0.6134335396652287, 0.440639135919988, 0,0, 0
0.44023149072041506, 52.8441561283909, 0.6000839903863584, 0.44426969909515335, 0,0, 0
0.4567950508880463, 26.80471994102603, 0.5983115535944641, 0.44698075033478335, 0,0, 0
0.46025410762988095, 22.81944984593506, 0.5666269250837698, 0.4364756053027646, 0,0, 0
0.41914454865961553, 64.08522183657968, 0.6249336570826813, 0.42009733487122985, 0,0, 0
0.4449544335794585, 1286.312177097703, 0.6011752500263523, 0.43370553478122376, 0,0, 0
0.5569081354353755, 6.103787240809369, 0.5038080426687904, 0.3761741809675543, 0,0, 0
0.6501031064990355, 15.347067758340186, 0.46323576962894203, 0.3209908794610978, 0,0, 0
0.6638728131444156, 57.32386267451341, 0.4626312446128034, 0.3244201720661124, 0,0, 0
0.6107895962216457, 176.91508381743253, 0.49164271047816244, 0.35442727442553346, 0,0, 0
0.5817202155258432, 6239.17048685089, 0.5033219648016415, 0.3840749928952988, 0,0, 0
0.5682831104902548, 476039.7812244045, 0.5306508909520572, 0.4025275281407975, 0,0, 0
0.6226967338521918, 21592677.88232485, 0.4798675774660245, 0.3752338226292832, 0,0, 0
0.36360007982438636, 1.993674359274491, 0.728135555354886, 0.482834248860104, 0,0, 0
0.5221180070511541, 1.910821404585873, 0.5652828597055659, 0.42030039455878454, 0,0, 0
0.36426528304396993, 57.9758006633781, 0.5898797396335652, 0.4590233622036672, 0,0, 0
0.3876139160513537, 87.9876367422407, 0.5486427753302402, 0.42362884396933537, 0,0, 0
0.44442227100379167, 39.11486014081119, 0.5330042810862988, 0.41286417334678566, 0,0, 0
0.46497705048892435, 27.79878627353947, 0.5078712000668985, 0.41368508519763453, 0,0, 0
0.4740238142752611, 21.4431274679673, 0.5104936065678828, 0.40414339368798735, 0,0, 0
0.4774163506951374, 11.49985817430334, 0.5068941311957047, 0.40422026460594895, 0,0, 0
0.4877270005986829, 9.86679321437931, 0.4926542658750514, 0.3933079634536252, 0,0, 0
0.5445353555511209, 7.2946309693363744, 0.43548941071712965, 0.3630688721540437, 0,0, 0
0.6458458058937006, 6.61718577964023, 0.40427876516080913, 0.3407540721353282, 0,0, 0
0.6432515133373246, 3.0440346250776837, 0.402547806875744, 0.34214774393272246, 0,0, 0
0.7405042240404444, 2.3179987198116865, 0.36153689508737785, 0.3020753843576497, 0,0, 0
0.7320561431517328, 2.020838542869159, 0.35258517105971215, 0.3049375914021683, 0,0, 0
0.7376438501962349, 2.3393035907998025, 0.368466954610188, 0.312910324766519, 0,0, 0
0.5894365728730127, 5553.419091745791, 0.47483521300463566, 0.3819038679980777, 0,0, 0
0.6711235282378767, 16.190329872951725, 0.42549417422607183, 0.3390164650970432, 0,0, 0
0.14787467571343046, 14017824.810425295, 0.7936247893853392, 0.5283515394826698, 0,0, 0
0.6138495310317302, 555740.775637652, 0.43449510724024537, 0.3624574464718369, 0,0, 0
0.7017228763387214, 129.1970090636197, 0.4058172076477875, 0.33199264622566665, 0,0, 0
0.6216989290228164, 66946389.78413048, 0.49884289810282567, 0.3794525948408083, 0,0, 0
0.37171555910330606, 1759591053.753469, 0.7350273735404567, 0.469470154273666, 0,0, 0
0.5549790460985831, 1.8150950212313857, 0.5389028399776915, 0.40699558399277913, 0,0, 0
0.5708774030466307, 1.7760605454873097, 0.538847320307789, 0.3994108541008387, 0,0, 0
0.6154460187587308, 1.725875871803029, 0.4768611712024113, 0.3709464963670009, 0,0, 0
0.6942726002793853, 1.6696757250050065, 0.3766834420779457, 0.33223658773679676, 0,0, 0
0.6939399986695935, 10699712902.938486, 0.38702155467714733, 0.32156290674864074, 0,0, 0
0.7013237544069714, 109301463620427.48, 0.40179030539841326, 0.33943312122389335, 0,0, 0
0.7099713962615579, 217048224643611.78, 0.39682883111761597, 0.3419542718290309, 0,0, 0
0.7087075101443491, 1.4913777841594194, 0.40192803455477183, 0.33122024782698006, 0,0, 0
0.6544934477482871, 2.890165491008962e+30, 0.43875266658793044, 0.3225982979306845, 0,0, 0
0.10111088937670458, nan, 0.9116167084157132, 0.5819511486213718, 0,0, 0
0.10111088937670458, nan, 0.9116167084157132, 0.582848229204851, 0,0, 0
0.10111088937670458, nan, 0.9116167084157132, 0.5820499521039553, 0,0, 0
0.10111088937670458, nan, 0.9116167084157132, 0.582200604115887, 0,0, 0
0.10111088937670458, nan, 0.9116167084157132, 0.5792292575010116, 0,0, 0
0.10111088937670458, nan, 0.9116167084157132, 0.5811675666457907, 0,0, 0
0.10111088937670458, nan, 0.9116167084157132, 0.5814331918962611, 0,0, 0
0.10111088937670458, nan, 0.9116167084157132, 0.581912097838229, 0,0, 0
0.10111088937670458, nan, 0.9116167084157132, 0.5804019445388997, 0,0, 0
0.10111088937670458, nan, 0.9116167084157132, 0.581647156431146, 0,0, 0
0.10111088937670458, nan, 0.9116167084157132, 0.5773562613367009, 0,0, 0
0.10111088937670458, nan, 0.9116167084157132, 0.5798109730803717, 0,0, 0
0.10111088937670458, nan, 0.9116167084157132, 0.5807253724603797, 0,0, 0
0.10111088937670458, nan, 0.9116167084157132, 0.5836125985296325, 0,0, 0
0.10111088937670458, nan, 0.9116167084157132, 0.5768620403056329, 0,0, 0
0.10111088937670458, nan, 0.9116167084157132, 0.5818747019428909, 0,0, 0
0.10111088937670458, nan, 0.9116167084157132, 0.580168881106173, 0,0, 0
0.10111088937670458, nan, 0.9116167084157132, 0.5778089685405243, 0,0, 0
0.10111088937670458, nan, 0.9116167084157132, 0.5791997670792844, 0,0, 0
0.10111088937670458, nan, 0.9116167084157132, 0.5790306550764233, 0,0, 0
0.10111088937670458, nan, 0.9116167084157132, 0.5821786984680668, 0,0, 0
0.10111088937670458, nan, 0.9116167084157132, 0.58218484787191, 0,0, 0
0.10111088937670458, nan, 0.9116167084157132, 0.5835316278759982, 0,0, 0
0.10111088937670458, nan, 0.9116167084157132, 0.5805945923832657, 0,0, 0
0.10111088937670458, nan, 0.9116167084157132, 0.5790762342079016, 0,0, 0
0.10111088937670458, nan, 0.9116167084157132, 0.5822563187691226, 0,0, 0
0.10111088937670458, nan, 0.9116167084157132, 0.5782162467699808, 0,0, 0
0.10111088937670458, nan, 0.9116167084157132, 0.5796717464110056, 0,0, 0
0.10111088937670458, nan, 0.9116167084157132, 0.5819211594862099, 0,0, 0
0.10111088937670458, nan, 0.9116167084157132, 0.5801952466898919, 0,0, 0
0.10111088937670458, nan, 0.9116167084157132, 0.5807384903486942, 0,0, 0
0.10111088937670458, nan, 0.9116167084157132, 0.5789674685541302, 0,0, 0
0.10111088937670458, nan, 0.9116167084157132, 0.5821962435280953, 0,0, 0
0.10111088937670458, nan, 0.9116167084157132, 0.5837518094579187, 0,0, 0
0.10111088937670458, nan, 0.9116167084157132, 0.5797442613320914, 0,0, 0
0.10111088937670458, nan, 0.9116167084157132, 0.5820740379140676, 0,0, 0
0.10111088937670458, nan, 0.9116167084157132, 0.580084038140376, 0,0, 0
0.10111088937670458, nan, 0.9116167084157132, 0.5772585980531904, 0,0, 0
0.10111088937670458, nan, 0.9116167084157132, 0.5780369010822988, 0,0, 0
0.10111088937670458, nan, 0.9116167084157132, 0.589372739363619, 0,0, 0
0.10111088937670458, nan, 0.9116167084157132, 0.5849179690169053, 0,0, 0
0.10111088937670458, nan, 0.9116167084157132, 0.5802491642069564, 0,0, 0
0.10111088937670458, nan, 0.9116167084157132, 0.5832933654942621, 0,0, 0
0.10111088937670458, nan, 0.9116167084157132, 0.5767869104678649, 0,0, 0
0.10111088937670458, nan, 0.9116167084157132, 0.583572658192798, 0,0, 0
0.10111088937670458, nan, 0.9116167084157132, 0.5860765382225002, 0,0, 0
0.10111088937670458, nan, 0.9116167084157132, 0.5810707746609989, 0,0, 0
0.10111088937670458, nan, 0.9116167084157132, 0.5818369580856257, 0,0, 0
0.10111088937670458, nan, 0.9116167084157132, 0.5828617106596545, 0,0, 0
0.10237477549391338, 2.303830075357549, 0.9029770935195005, 0.31164355302461727, 0,0, 0
0.24532694738242533, 2.194890267274214, 0.7665096857773738, 0.44912489878308937, 0,0, 0
0.5938934344442227, 20571.26860501125, 0.5241068822072934, 0.41857972804650734, 0,0, 0
0.5091465442692743, 20.4861060633295, 0.5820643561171077, 0.4388773771900458, 0,0, 0
0.6534956429189117, 20.940966890301702, 0.4847696739307659, 0.3759042281484482, 0,0, 0
0.717222111355019, 11.331416296954007, 0.4262464344011789, 0.3291473630220299, 0,0, 0
0.7530765648905741, 8.027188271948033, 0.3733052999778288, 0.32238909947480093, 0,0, 0
0.7522783210270738, 1.4211029194422025, 0.3835291107690187, 0.31305339716109576, 0,0, 0
0.783143750415752, 0.9075265691628435, 0.34791764668689906, 0.2978364236156016, 0,0, 0
0.7705048892436639, 0.9512560077050367, 0.42284279694324034, 0.32196652186185865, 0,0, 0
0.7620568083549525, 0.9351433299378588, 0.44042665437078193, 0.3314484342253046, 0,0, 0
0.7821459455863766, 0.8421861611352729, 0.38480164620421453, 0.3035929622163842, 0,0, 0
0.7841415552451274, 0.8284650757973375, 0.3802905906070065, 0.31134728423016944, 0,0, 0
0.7846071974988359, 0.7944279871977963, 0.3630840816451297, 0.29877155601940203, 0,0, 0
0.7719018160047895, 0.9647740823780917, 0.42837812235924405, 0.3299521161390245, 0,0, 0
0.7820794252644183, 0.8646030297425529, 0.37415034715996826, 0.3040830975953651, 0,0, 0
0.7764917182199161, 0.8898470006031527, 0.379026460202275, 0.31550361526291054, 0,0, 0
0.7862036852258365, 0.791759628484988, 0.3585370983851487, 0.3034362352486512, 0,0, 0
0.48586443158384884, 14.458957086702663, 0.5450333654344782, 0.4098794335937736, 0,0, 0
0.37071775427393067, 759283452.6907616, 0.6482475673062915, 0.4780850928080555, 0,0, 0
0.3250182930885385, 2.116651698016188, 0.7442880533810319, 0.4918460509716707, 0,0, 0
0.40856781746823656, 2.0243585213829496, 0.6600098335546946, 0.45409938682506457, 0,0, 0
0.5132042839087341, 1.909149415445591, 0.6321183122193227, 0.4226115543019295, 0,0, 0
0.28211268542539747, 30.99688981717377, 0.7063668885874342, 0.48973021342912326, 0,0, 0
0.2495177276658019, 386.42705386604956, 0.7491041485303491, 0.5201593715886256, 0,0, 0
0.21519324153528904, 233.0504789794881, 0.7659106275234286, 0.5290481852318298, 0,0, 0
0.3122463912725338, 153.97361949373226, 0.7152912021536842, 0.4870942872796706, 0,0, 0
0.2980110423734451, 576.7686489587182, 0.7199012378572275, 0.4947641114599961, 0,0, 0
0.3276791059668729, 660.3341598892661, 0.7246673572344423, 0.4906064387290436, 0,0, 0
0.3624027140291359, 965.6808000377606, 0.687032234132659, 0.475543909920215, 0,0, 0
0.4166167764251979, 166.5835750324994, 0.6388520686020245, 0.4594134001349689, 0,0, 0
0.49151865895030933, 148.95468628673234, 0.5927543066420643, 0.42050823092446515, 0,0, 0
0.5199228364265283, 109.07124814536296, 0.5292868677572445, 0.386734278742598, 0,0, 0
0.5204549990021952, 90.19469977546376, 0.5535402317527539, 0.3914543672163406, 0,0, 0
0.5448014368389543, 98.75219730516848, 0.5598200501403479, 0.39936438244527545, 0,0, 0
0.48699527705714096, 207.73067607853963, 0.6063151419959779, 0.41000063996569547, 0,0, 0
0.4534690347901284, 187.66098207509071, 0.6254565419081516, 0.422832168415481, 0,0, 0
0.5509213064591233, 67.63276846492265, 0.5029509245149062, 0.3711767480713047, 0,0, 0
0.563693208275128, 87.05766311287918, 0.5522209133123412, 0.3898546457762525, 0,0, 0
0.5273065921639061, 2564.197767513912, 0.5758470572586127, 0.4014443656411645, 0,0, 0
0.5049557639858977, 136.3406263374037, 0.5536306027408723, 0.394562337503094, 0,0, 0
0.5746025410762988, 3513.3906649713654, 0.5272065718999612, 0.38900994908445113, 0,0, 0
0.6405907004589902, 174.8142287540113, 0.4867823451269828, 0.3574658343868557, 0,0, 0
0.6254905873744429, 130.01367208602701, 0.45804106606830003, 0.3560466136252192, 0,0, 0
0.5775294352424666, 1127.5418134454917, 0.5034134655785806, 0.3604294132948601, 0,0, 0
0.5824519390673851, 106.06920997136969, 0.4806195887685542, 0.36861538510812003, 0,0, 0
0.5654892569680037, 506.28687936015496, 0.5195530299063689, 0.3641792734464345, 0,0, 0
0.6063327346504357, 107.40430230874705, 0.4988504861399205, 0.37009920811065056, 0,0, 0
0.6758464710969201, 68.70201752565292, 0.4283550127117505, 0.33637220583580635, 0,0, 0
0.690680502893634, 24.193841488801354, 0.420492912144245, 0.3186894402422275, 0,0, 0
0.6856249584247988, 445.50600908533175, 0.4234096480492312, 0.3217427441053774, 0,0, 0
0.7170890707111023, 77.004935227447, 0.39853484748427015, 0.30746930411548257, 0,0, 0
0.6694605201889177, 8656.918190350509, 0.45491815779833394, 0.32843833113595444, 0,0, 0
0.3576132508481341, 2.0330190830964066, 0.7542105274097307, 0.4943915313829036, 0,0, 0
0.5557772899620834, 1.8698320285031984, 0.6237308991312179, 0.4272285495455214, 0,0, 0
0.5907004589902215, 754974675360.7313, 0.6028560399520939, 0.4253298995898803, 0,0, 0
0.6038714827379764, 1.6663409318783116, 0.588317159282717, 0.4171409399377976, 0,0, 0
0.6475088139426595, 1.6094673474550423, 0.4981436128324917, 0.3849524368496519, 0,0, 0
0.6723874143550855, 498968700843.41925, 0.4664031775908306, 0.37403068966452097, 0,0, 0
0.6635402115346238, 5040444036299.319, 0.4848068927015643, 0.37812270162276773, 0,0, 0
0.6709239672720015, 1.465612702075136, 0.47996082823174874, 0.374898421448508, 0,0, 0
0.7226767777556043, 6990463521110.298, 0.4074967475857272, 0.3461201794370997, 0,0, 0
0.7201490055211868, 1.4213143200532712, 0.40275419026199755, 0.33987521471220083, 0,0, 0
0.720947249384687, 1.392247609331731, 0.3970399045477119, 0.3380950585367523, 0,0, 0
0.721678972926229, 19097433542266.91, 0.39922758211798937, 0.33655172899355046, 0,0, 0
0.7221446151799374, 1.3339568731788072, 0.3986845116075207, 0.33301714970931734, 0,0, 0
0.7282644848001064, 1.3209419101070266, 0.38490024032324954, 0.3262088361501987, 0,0, 0
0.7312578992882326, 1.3082429904683752, 0.37225413642714555, 0.3264122246800067, 0,0, 0
0.7309252976784407, 1263551471868.4956, 0.38009312632156794, 0.3226484688401424, 0,0, 0
0.7290627286636068, 1.2697838215757207, 0.38311685975481874, 0.32144514897533205, 0,0, 0
0.7354486795716091, 1.2543914698003367, 0.37348766541974193, 0.3214414180367683, 0,0, 0
0.7356482405374842, 1.2500494893280711, 0.37476317562382355, 0.3185864292661786, 0,0, 0
0.735781281181401, 1.2300044700497401, 0.3689422108742874, 0.3194075171471992, 0,0, 0
0.7377768908401516, 1.2278265018011887, 0.35687812208087527, 0.31147820390456576, 0,0, 0
0.7375108095523182, 1.21306240875917, 0.3622692785434603, 0.314695240283461, 0,0, 0
0.7424998336991951, 1.1997118537491853, 0.3579373904150461, 0.3157934609683999, 0,0, 0
0.7424333133772367, 149534830148.80045, 0.35541975003854764, 0.3161872841496905, 0,0, 0
0.7393068582451939, 1.1878212820848828, 0.359600216835937, 0.31096841238003603, 0,0, 0
0.7377768908401516, 1.176202132085646, 0.3568757428908572, 0.3091902520725778, 0,0, 0
0.5042240404443558, 348797003152032.06, 0.5683248696647151, 0.41106879134938035, 0,0, 0
0.6377968469367392, 1.3214185728697032, 0.45760756082103327, 0.36090515342887836, 0,0, 0
0.6741834630479612, 1.290252252982511, 0.4124712567203496, 0.3545465982040475, 0,0, 0
0.6959356083283443, 1.2714902269914483, 0.40499233400372203, 0.34825507944883155, 0,0, 0
0.6989955431384288, 1.25074078053011, 0.39647872856154515, 0.33668440057450577, 0,0, 0
0.6973990554114282, 151635891168206.97, 0.4039754960877997, 0.3190409067637569, 0,0, 0
0.10111088937670458, nan, 0.9116167084157132, 0.5842739530398997, 0,0, 0
0.10111088937670458, nan, 0.9116167084157132, 0.5813582972520929, 0,0, 0
0.10111088937670458, nan, 0.9116167084157132, 0.5827736258643967, 0,0, 0
0.10111088937670458, nan, 0.9116167084157132, 0.5872813225687473, 0,0, 0
0.10111088937670458, nan, 0.9116167084157132, 0.5833128365676329, 0,0, 0
0.10111088937670458, nan, 0.9116167084157132, 0.5791805719699962, 0,0, 0
0.10111088937670458, nan, 0.9116167084157132, 0.5795708709500415, 0,0, 0
0.10111088937670458, nan, 0.9116167084157132, 0.5822975975803883, 0,0, 0
0.10111088937670458, nan, 0.9116167084157132, 0.5794289247994251, 0,0, 0
0.10111088937670458, nan, 0.9116167084157132, 0.5840039808926307, 0,0, 0
0.10111088937670458, nan, 0.9116167084157132, 0.5803112714328625, 0,0, 0
0.10111088937670458, nan, 0.9116167084157132, 0.5801281419942313, 0,0, 0
0.10111088937670458, nan, 0.9116167084157132, 0.5852532034148674, 0,0, 0
0.10111088937670458, nan, 0.9116167084157132, 0.5786202879702688, 0,0, 0
0.10111088937670458, nan, 0.9116167084157132, 0.5828367696098844, 0,0, 0
0.10111088937670458, nan, 0.9116167084157132, 0.5810812825271886, 0,0, 0
0.11481407570012639, 2.302877929073794, 0.8951725658148348, 0.3439733076496523, 0,0, 0
0.22683429787800172, 2.2039654527937733, 0.7624959895250693, 0.3284072025368435, 0,0, 0
0.5837158251845939, 36544.019780828916, 0.5153797455973631, 0.39719270321186867, 0,0, 0
0.5203884786802369, 25.1875611867887, 0.580691588507116, 0.4317244516086973, 0,0, 0
0.4784141555245127, 5.726709478530457, 0.6038203279569305, 0.4179198775044465, 0,0, 0
0.527838754739573, 4.233832164462667, 0.5647851059377063, 0.4045731530772775, 0,0, 0
0.6518326348699528, 2.7003571745666246, 0.5092511593859516, 0.3750738371772841, 0,0, 0
0.7294618505953568, 2.2069098307778985, 0.42893750622101295, 0.33104797486028276, 0,0, 0
0.7456928091531964, 1.9143779255821955, 0.4226924761154649, 0.3341949090546125, 0,0, 0
0.7678440763653296, 1.5381555537360239, 0.39618530345852987, 0.31353221082050564, 0,0, 0
0.7633872147941196, 1.425177285937849, 0.4164535924088295, 0.31642134085253115, 0,0, 0
0.7699727266679971, 1.3206842349428074, 0.38239713428389377, 0.3103634230485212, 0,0, 0
0.7574003858178674, 1.212786900065864, 0.4238017892901646, 0.3235907309961841, 0,0, 0
0.7579990687154926, 1.140499329242083, 0.4382277713140716, 0.3277226763578843, 0,0, 0
0.7674449544335794, 1.1727353841203305, 0.4238639593320909, 0.3090202510208047, 0,0, 0
0.7699727266679971, 1.165983842407117, 0.4075508689887964, 0.3110944489907788, 0,0, 0
0.7748952304929155, 1.0204644192965988, 0.399105756630197, 0.30623114530052037, 0,0, 0
0.7840085146012107, 0.7755737994602813, 0.34557141503385436, 0.28974176986116745, 0,0, 0
0.7763586775759995, 0.9343318331154472, 0.36725802012229963, 0.2908790555968017, 0,0, 0
0.7670458325018293, 1.1861597399138049, 0.37908219876587945, 0.3036543094164854, 0,0, 0
0.7701057673119138, 1.0620911954633634, 0.37524309430711517, 0.2952198101837917, 0,0, 0
0.7348499966739839, 1.4149635602434316, 0.37975230304408697, 0.30591579235627114, 0,0, 0
0.7508148739439899, 1.2313528074947857, 0.3939206637297712, 0.30751120506735313, 0,0, 0
0.6892835761325085, 2.182102819946671, 0.40708812852419074, 0.3201884513678425, 0,0, 0
0.7306592163906074, 3.184504292743056, 0.352343535753998, 0.3066717651145182, 0,0, 0
0.6775759994678374, 227.58707168457957, 0.4207121151517567, 0.3435267260232622, 0,0, 0
0.6270870751014435, 1773.64896192606, 0.4839469822531229, 0.36375658494225477, 0,0, 0
0.5411428191312446, 93641.02930624086, 0.5220016118561319, 0.40320953835729506, 0,0, 0
0.5897026541608461, 13.690099613493652, 0.5547246492564532, 0.391836713663161, 0,0, 0
0.42000931284507415, 8255718.451836392, 0.6420533612200643, 0.4629171921402432, 0,0, 0
0.5537816803033326, 8855.92335126481, 0.46660656976235415, 0.3592412326808453, 0,0, 0
0.4572606931417548, 12448.462408426107, 0.5936395449781905, 0.43297307824179426, 0,0, 0
0.5159316171090268, 2269.8149805773724, 0.5195724973604825, 0.3881875429119824, 0,0, 0
0.6302800505554447, 241582.94925449227, 0.42545012705264457, 0.34630102719188494, 0,0, 0
0.7026541608461385, 16.277235133018223, 0.4213184196318718, 0.33459041871574313, 0,0, 0
0.7281979644781481, 4.935420139312486, 0.37322233676387134, 0.3208216690106409, 0,0, 0
0.6842280316636733, 37423.482228623536, 0.4171166964996091, 0.3377866691948377, 0,0, 0
0.6547595290361206, 41.05374271454941, 0.4449333615902282, 0.35829553659603497, 0,0, 0
0.6186389942127319, 5.978818436055237, 0.4677864618724162, 0.34864773869367455, 0,0, 0
0.6797711700924632, 10.90776954294712, 0.4009002872038866, 0.3265689959246951, 0,0, 0
0.6071974988358944, 210932.05483616883, 0.4165058680519795, 0.3447272747963413, 0,0, 0
0.4389676046032063, 2.040623159269163, 0.711480575506119, 0.4733465117941686, 0,0, 0
0.5154659748553183, 1.8744680437904977, 0.6363807998293654, 0.44158994977593535, 0,0, 0
0.5028271136832302, 4.967156599044833, 0.608726459143686, 0.43655993209864513, 0,0, 0
0.6238940996474422, 978.7894728023015, 0.45685001799202923, 0.3655379205547438, 0,0, 0
0.544003192975454, 341797.9559606232, 0.5362309338489439, 0.4096410866002173, 0,0, 0
0.6209006851593162, 9.464635236865899, 0.48099995781497507, 0.3648410622659497, 0,0, 0
0.49258298410164303, 2631595.163521813, 0.6012989449916106, 0.4224520750330312, 0,0, 0
0.7444289230359875, 1957172.8080786855, 0.36252703738882, 0.3116706708497479, 0,0, 0
0.640723741102907, 3.3225502531875732, 0.47972131664879214, 0.3679193675418987, 0,0, 0
0.5920973857513471, 38.86338583527782, 0.5076932797772822, 0.3805783812651457, 0,0, 0
0.6003459056741834, 23.57147964106139, 0.497620042054, 0.358803638236762, 0,0, 0
0.4885252444621832, 1255334.9359052097, 0.5791425102973826, 0.4067452977231315, 0,0, 0
0.566287500831504, 36924782742.25316, 0.5696992234847233, 0.412997642602991, 0,0, 0
0.579658085545134, 1.917568373424774, 0.5638330965683501, 0.41407047179329337, 0,0, 0
0.5976850927958491, 1.772885643126666, 0.5721484152700304, 0.40653320003935933, 0,0, 0
0.6220315306326083, 1.6949621793007823, 0.4944854315421925, 0.3930533869559796, 0,0, 0
0.6501031064990355, 168970583789.33636, 0.4828831524479639, 0.3733291498125335, 0,0, 0
0.7053149737244728, 1.5525408147137965, 0.43895293014340914, 0.3379057125237648, 0,0, 0
0.7128982904277257, 1.5116809864400795, 0.42585193555360057, 0.3302631454919509, 0,0, 0
0.7146943391206013, 23116064652.208878, 0.415491609865106, 0.32720952749373927, 0,0, 0
0.738575134703652, 92682239897.47186, 0.4033805059559669, 0.31389204457309566, 0,0, 0
0.7418346304796115, 1.3762650756110992, 0.40119829116573735, 0.32289880193476456, 0,0, 0
0.7457593294751547, 1.3518842910299644, 0.40552233052516, 0.32395348118950734, 0,0, 0
0.7466906139825716, 88757049797.73428, 0.38264965937489065, 0.32108346474382565, 0,0, 0
0.7711700924632475, 1.2863050877149889, 0.36782341554935777, 0.31498146464037124, 0,0, 0
0.7754273930685824, 1.2673873708701804, 0.3648328260440541, 0.31306037112353996, 0,0, 0
0.7744961085611655, 1.2484581785437978, 0.38223542344665146, 0.3167027004646487, 0,0, 0
0.768841881194705, 10131039870.846958, 0.37105835955250455, 0.3112954931321753, 0,0, 0
0.7718352956828312, 1.221086934853665, 0.366398720841081, 0.31175128858975076, 0,0, 0
0.7790860107762921, 571328365.1072285, 0.35252238167983585, 0.3108238326994422, 0,0, 0
0.7595290361205348, 1.2107806859743269, 0.37079522256652203, 0.31502077875818846, 0,0, 0
0.7613250848134105, 1.1962877875308564, 0.36936301760906737, 0.3141936878314224, 0,0, 0
0.7570012638861172, 1228829573.8289757, 0.37116035331951186, 0.320943365449731, 0,0, 0
0.7539413290760327, 4593734476311802.0, 0.37234213546016476, 0.3235927332829155, 0,0, 0
0.7383755737377768, 1.2170273856221658, 0.3583019718592667, 0.3184785939759001, 0,0, 0
0.7808155391472095, 1.1465791769879334, 0.3217060669563294, 0.29296211549497453, 0,0, 0
0.7816137830107097, 1.1254583709544108, 0.34079905159725926, 0.31062028194891683, 0,0, 0
0.7790194904543338, 1.1145242514895488, 0.32238605565849016, 0.29062392078335436, 0,0, 0
0.783143750415752, 1.128325317060191, 0.3338293546275623, 0.3011400409272024, 0,0, 0
0.783875473957294, 1.1089546211910868, 0.31855879494737954, 0.29304232736271485, 0,0, 0
0.780549457859376, 1.0905687970357774, 0.32187781789334546, 0.2935956568697705, 0,0, 0
0.7804829375374177, 13183075592705.719, 0.31528500168376705, 0.2876308175894331, 0,0, 0
0.7800838156056675, 1.078610295133324, 0.327245464952169, 0.30157013562840396, 0,0, 0
0.761790727067119, 1.111484966509013, 0.3167908928529461, 0.2931563855950969, 0,0, 0
0.7844741568549192, 1.069104149387497, 0.31875350967537597, 0.2837493300227574, 0,0, 0
0.7812146610789596, 626198800811.6036, 0.3284338507590158, 0.2979290189149595, 0,0, 0
0.779618173351959, 1.044092666849158, 0.32082334369726473, 0.2934521764752754, 0,0, 0
0.7798177343178341, 1.0388090426179968, 0.31324758612150716, 0.2896160576768682, 0,0, 0
0.7795516530300006, 3528964986.522233, 0.3224704325634547, 0.2914542338977872, 0,0, 0
0.779618173351959, 349934453094.5191, 0.32244968926181256, 0.29101309182442997, 0,0, 0
0.7752943524246657, 82929807705.71269, 0.3182346627703485, 0.28627631031120887, 0,0, 0
0.7752278321027074, 106510517927.40585, 0.32240132943701516, 0.2913006939628309, 0,0, 0
0.7769573604736247, 2119893659698.334, 0.3230979912657525, 0.30058329025236163, 0,0, 0
0.7774230027273332, 1.0184264981224989, 0.3105373852051464, 0.28766410693826727, 0,0, 0
0.7740969866294153, 21906371575.96046, 0.3257275377406886, 0.290534094606711, 0,0, 0
0.774030466307457, 41282363358.689384, 0.3257792912306443, 0.28857310854542745, 0,0, 0
0.7554712964810749, 8286060606145.988, 0.3413354130531834, 0.2965952004558335, 0,0, 0
0.7804829375374177, 1.0282681277909536, 0.31524772724140115, 0.2859978335924012, 0,0, 0
0.7647176212332868, 1479913910585936.2, 0.3251866519815958, 0.28340442768059476, 0,0, 0
0.7823455065522518, 1.0178710332813496, 0.310518525524522, 0.284461457327895, 0,0, 0
