acuracia,loss,frr,fpr, removed, n_clf, tp_removed
0.09825051553249518, 2.3036959122288754, 0.8944041643372586, 0.40467750686587217, 0,10, 0
0.35102773897425665, 2.0069061045493464, 0.7160175640439437, 0.3534916629108378, 2,10, 2
0.5624958424798776, 1.4986500735912884, 0.5950733458443581, 0.32005167494093634, 0,10, 0
0.5923634670391805, 1.312897728200331, 0.5675950417957503, 0.30282634723874025, 2,10, 2
0.5754007849397991, 1.2445904065047986, 0.5839582955451033, 0.38158844060451663, 2,10, 2
0.6509678706844941, 1.1045082236955273, 0.5416975895853873, 0.3206275941054074, 0,10, 0
0.6910796248253842, 1.040577490603239, 0.4661418662330974, 0.2578963356334883, 1,10, 1
0.7371782079425264, 0.9063819913134001, 0.40346814681718557, 0.23780981742195717, 1,10, 1
0.7545400119736579, 0.8392104932758703, 0.3981922757538658, 0.2645197141748303, 0,10, 0
0.7478214594558638, 0.8166931789439837, 0.40479094528668486, 0.2502654512563575, 1,10, 1
0.7325217854054413, 0.8548329934956276, 0.42040977318266814, 0.24666890018433224, 3,10, 3
0.7620568083549525, 0.7739619281621327, 0.40706127382099594, 0.24963419488637803, 2,10, 2
0.7600611986962017, 0.7515826716320946, 0.38645539016961267, 0.24488041613813663, 0,10, 0
0.7631876538282445, 0.7272542109326262, 0.3915710561897853, 0.24605619035240106, 1,10, 1
0.774429588239207, 0.7086087501861249, 0.3715640321358425, 0.23436138445317745, 0,10, 0
0.789263620035921, 0.679016353818591, 0.329035335500236, 0.22129462350404588, 0,10, 0
0.8049624160180935, 0.6399593390046816, 0.31754298180921625, 0.2143576336191138, 2,10, 2
0.7959156522317568, 0.6515066882002757, 0.3133283496582005, 0.21054713938705916, 1,10, 1
0.8005720747688418, 0.6292753883481276, 0.3100520572528629, 0.21160537281805836, 1,10, 1
0.8104170824186789, 0.600193830544082, 0.2963483368665489, 0.20483091286464397, 1,10, 1
0.8136765781946385, 0.5814189839944364, 0.29392448275507865, 0.20665362636129136, 0,10, 0
0.8285771303133107, 0.5680465751186843, 0.2703825202065253, 0.20857958638953203, 1,10, 1
0.8289762522450609, 0.5528542332558034, 0.27469079887853604, 0.20628013645946147, 0,10, 0
0.8321692276990621, 0.5450653476349667, 0.2591701938047883, 0.19749910544711313, 0,10, 0
0.8223907403711834, 0.550219867494695, 0.28529517155279144, 0.20607096872362685, 0,10, 0
0.830107097718353, 0.5341397259606383, 0.25886201202896186, 0.19671921489542715, 0,10, 0
0.8315705448014369, 0.5272048034540947, 0.2655011627552022, 0.19572280186815566, 1,10, 1
0.8331005122064791, 0.5197767608590721, 0.26485511551836793, 0.19737591961497788, 1,10, 1
0.8358943657287301, 0.5054851846129065, 0.271702091387982, 0.20075874757925485, 3,10, 3
0.8416816337391073, 0.4940768106083714, 0.24814916495361775, 0.19316212356233436, 0,10, 0
0.8442094059735249, 0.48615314616553484, 0.25762293747802895, 0.19799532680550994, 2,10, 2
0.8442759262954833, 0.4786268808386836, 0.2584068576712482, 0.19326277580904552, 0,10, 0
0.8450741701589836, 0.47979698795124026, 0.26262651949464, 0.194829543322636, 1,10, 1
0.8484001862569015, 0.46192848468815656, 0.2379220685192896, 0.1862017912914373, 1,10, 1
0.8500631943058604, 0.4546181505829884, 0.2432774944062821, 0.19156359206975376, 0,10, 0
0.8504623162376106, 0.45286888624030225, 0.23995533670478228, 0.19064326474021673, 0,10, 0
0.8495975520521519, 0.45421286884544393, 0.2318699671934989, 0.18583583508720583, 1,10, 1
0.855185259096654, 0.4402489706102519, 0.22575654573981324, 0.18442401162517527, 0,10, 0
0.8547861371649039, 0.44080269513273407, 0.2332162126132275, 0.18768527624196907, 0,10, 0
0.8533892104037784, 0.4373742111678404, 0.22541033170853833, 0.18007966177219342, 0,10, 0
0.8551187387746957, 0.4359700788513968, 0.23156292205212792, 0.18359054292369603, 0,10, 0
0.857047828111488, 0.4303520244108308, 0.21902031523649754, 0.18073424334420374, 0,10, 0
0.8575134703651965, 0.42553078258583765, 0.22747439571558833, 0.18028995051435398, 0,10, 0
0.8601742832435308, 0.4230591898578333, 0.21999699803663983, 0.1826196205464434, 0,10, 0
0.8604403645313643, 0.42328931232262496, 0.21746932453850917, 0.17894552054063478, 0,10, 0
0.8599747222776558, 0.4121245488007607, 0.21975531097314183, 0.1806407521785363, 1,10, 1
0.8615712100046564, 0.4131455811179194, 0.20856986449007675, 0.174169549627688, 2,10, 2
0.8618372912924899, 0.41351522517587774, 0.21496623615615704, 0.17761083464383567, 1,10, 1
0.8623029335461984, 0.4081439823754309, 0.2178818390906825, 0.1774487019788921, 1,10, 1
0.8623029335461984, 0.40401575865830364, 0.20919860893830858, 0.1733909127213329, 2,10, 2
0.8624359741901151, 0.404499844783301, 0.20927806176188668, 0.17272380929104322, 0,10, 0
0.8626355351559901, 0.39698243691729873, 0.21095461358309223, 0.17519619991255767, 0,10, 0
0.8637663806292822, 0.40208013461416314, 0.2117423815500726, 0.17139154605635468, 0,10, 0
0.8648307057806159, 0.3951745921713969, 0.20224112020987556, 0.16754084380851608, 0,10, 0
0.8659615512539081, 0.39112323922121883, 0.20253399780199247, 0.16914189468242602, 0,10, 0
0.8658950309319497, 0.3895464202015441, 0.20547282487071147, 0.17110924247055612, 0,10, 0
0.8674915186589504, 0.3828563628783674, 0.19991677008202832, 0.17098824601649448, 0,10, 0
0.8663606731856582, 0.384638880538506, 0.20322289120076728, 0.16923850963898623, 0,10, 0
0.8688884454200758, 0.3832418275944859, 0.19871278549035193, 0.16604759567191302, 0,10, 0
0.8682232422004923, 0.3808677169676564, 0.19830797668166666, 0.16509179632008963, 0,10, 0
0.8699527705714095, 0.37905964035772927, 0.1971741800634868, 0.16482939955390857, 0,10, 0
0.8688219250981175, 0.37727222288934686, 0.20138808254909674, 0.1657845897859913, 0,10, 0
0.8699527705714095, 0.37458045088798086, 0.19361406883049626, 0.16282775447635772, 0,10, 0
0.8723475021619105, 0.37239459678458015, 0.19551310363790148, 0.1624383187038052, 1,10, 1
0.8697532096055345, 0.37246411963365234, 0.19770320010152675, 0.16632299632807457, 0,10, 0
0.872081420874077, 0.3688298219629215, 0.19904089153199966, 0.16211833277394105, 0,10, 0
0.8696201689616178, 0.3705476260515386, 0.19918884131856218, 0.16463153175485243, 1,10, 1
0.8714162176544934, 0.36811276605375864, 0.19108127900262706, 0.15877980045830362, 0,10, 0
0.8744096321426196, 0.36396311082610944, 0.19015572564716812, 0.16068656391966848, 0,10, 0
0.8741435508547861, 0.36407983561660523, 0.19584342170502025, 0.15941005469546193, 0,10, 0
0.8757400385817867, 0.35807342599867775, 0.1895145289858046, 0.1581660713471779, 0,10, 0
0.8762722011574536, 0.35593616334709877, 0.18678103220484085, 0.15639992415880252, 0,10, 0
0.8756735182598284, 0.35497055945077327, 0.18749601873448374, 0.16089492834779556, 0,10, 0
0.8750083150402448, 0.35821824649595446, 0.18968038468575654, 0.15526373456824108, 0,10, 0
0.8764717621233287, 0.35449001322372514, 0.18235593063418612, 0.15894734216446454, 0,10, 0
0.8784673717820795, 0.35159309597056393, 0.18205753104264638, 0.15613026157201937, 0,10, 0
0.878001729528371, 0.3527929250664112, 0.18485539991522348, 0.15135137760141723, 0,10, 0
0.8764052418013704, 0.35077748650739027, 0.18710133859633518, 0.15857114938755448, 0,10, 0
0.8791990953236214, 0.3501222628157208, 0.18323478770054705, 0.15187704703249053, 0,10, 0
0.8773365263087873, 0.3493157134688288, 0.19041449524865986, 0.15631998265869795, 1,10, 1
0.8780682498503293, 0.3517749535770268, 0.18312225989326023, 0.15273684117573244, 0,10, 0
0.8785338921040378, 0.3500871744126989, 0.17582307050718365, 0.1498056095733313, 0,10, 0
0.878201290494246, 0.3518001375587039, 0.18054375094014, 0.14888373372903393, 1,10, 1
0.8786669327479545, 0.34993255632587283, 0.18045646086556238, 0.15231534780133021, 1,10, 1
0.8775360872746624, 0.3484291074527501, 0.18446652920883863, 0.15094110467497324, 0,10, 0
0.880795583050622, 0.344135995818721, 0.17617430773699844, 0.14910416805303225, 1,10, 1
0.8813277456262888, 0.3425249374178797, 0.173843862515875, 0.15069059753167374, 1,10, 1
0.8811281846604138, 0.3442079210005782, 0.17872686662500903, 0.1504400936886134, 0,10, 0
0.878400851460121, 0.3435100825771116, 0.1872451106382867, 0.15553872034655944, 0,10, 0
0.8801969001529968, 0.3400199878698282, 0.18098501816580423, 0.151228023685179, 1,10, 1
0.8807290627286636, 0.34084033753322085, 0.1867684163222245, 0.15208196006090927, 0,10, 0
0.8811947049823721, 0.3411595538230503, 0.17461191361238726, 0.1484471739906608, 0,10, 0
0.8816603472360807, 0.33905166027329237, 0.17745163657635946, 0.15278944731380975, 0,10, 0
0.8813942659482472, 0.3386894641192883, 0.1777259284264769, 0.14880116296519388, 0,10, 0
0.8820594691678307, 0.3373118238378518, 0.17253496692824322, 0.1471933465798066, 0,10, 0
0.8831903146411229, 0.3359528296650254, 0.1761180282430733, 0.1466709291611658, 0,10, 0
0.8831903146411229, 0.3360221532704921, 0.1782689079356907, 0.14806827815315343, 1,10, 1
0.881726867558039, 0.3421161961029256, 0.18053514903441328, 0.14768240758242343, 0,10, 0
0.8833233552850396, 0.3346900243644847, 0.17813155578618234, 0.14828689557023864, 0,10, 0
0.8829907536752478, 0.3320564782110425, 0.16757732339245154, 0.14487728669299965, 0,10, 0
0.8829907536752478, 0.3346941530155131, 0.17259480058881954, 0.14750322339260172, 0,10, 0
0.10077828776691279, 2.303736140292966, 0.8944213325400786, 0.36684194226088074, 0,10, 0
0.24891904476817667, 2.0430888526395896, 0.775820294977303, 0.5064176354564404, 3,10, 3
0.40823521585844474, 1.7461986260833453, 0.6910908940331627, 0.4112479300643416, 1,10, 1
0.510210869420608, 1.5784233950583333, 0.5969186790507578, 0.2937444293607304, 1,10, 1
0.5381494046431184, 1.5568690091433302, 0.5569675977027334, 0.28670064554673896, 4,10, 4
0.625690148340318, 1.3607434173429034, 0.48563558959057035, 0.2507223963698648, 1,10, 1
0.6514335129382026, 1.1233120734579052, 0.5046800111072942, 0.2931792440599959, 1,10, 1
0.6805694139559636, 1.0417099323028969, 0.464382346438655, 0.2664146228456786, 3,10, 3
0.7052484534025145, 0.9708612266120601, 0.4463273951071274, 0.27022648279256267, 1,10, 1
0.71555910330606, 0.9414897013761029, 0.45339089722520465, 0.3140651792508101, 1,10, 1
0.7256036719217721, 0.8910213551038584, 0.41537255918730337, 0.25903980031406415, 2,10, 2
0.7395729395330274, 0.8186731538254042, 0.4132250507517169, 0.2750930093577328, 0,10, 0
0.7826781081620435, 0.7216119898176588, 0.3559515763566965, 0.24104552422098544, 2,10, 2
0.7792855717421673, 0.7105019903040916, 0.3360532186846158, 0.23195812969019422, 1,10, 1
0.7748952304929155, 0.7054252548602781, 0.36363612364609366, 0.24881252837064072, 0,10, 0
0.7945852457925896, 0.6634078080866761, 0.34812367310393255, 0.24899381205523644, 1,10, 1
0.8050289363400519, 0.6518653244196948, 0.317220001912921, 0.22991562849464078, 2,10, 2
0.7996407902614249, 0.6446372467528119, 0.3287451737277036, 0.22737642931465146, 1,10, 1
0.8139426594824719, 0.6091783386412765, 0.3041467700708624, 0.22115186919607616, 0,10, 0
0.8088205946916783, 0.6046879481072476, 0.30538725373813486, 0.2264866849604226, 0,10, 0
0.8125457327213463, 0.602534934545869, 0.31972734107987166, 0.2356019993708456, 0,10, 0
0.8201955697465576, 0.5780130575132564, 0.29186219101588146, 0.21378001822126055, 1,10, 1
0.8184660413756403, 0.5750703591675145, 0.30836408089400263, 0.22016338141467984, 1,10, 1
0.8216590168296415, 0.5538057937335648, 0.2897831845317836, 0.21637318259291058, 2,10, 2
0.8267810816204351, 0.5488500301064401, 0.28114823645883164, 0.2091147147777082, 2,10, 2
0.8229894232688086, 0.5397217364701781, 0.3001633750621843, 0.21671356695215485, 2,10, 2
0.8275793254839353, 0.5352214975034394, 0.28035957791623656, 0.20505999114072168, 0,10, 0
0.8334331138162708, 0.5284811584321775, 0.2658115384091845, 0.20684514203323257, 0,10, 0
0.828444089669394, 0.5244060517912503, 0.2761440876827023, 0.2117398589402938, 0,10, 0
0.8324353089868956, 0.5145552579066698, 0.27094469407779764, 0.20249267633571832, 1,10, 1
0.8341648373578128, 0.4997693784721387, 0.27766441940590786, 0.20780918805952794, 1,10, 1
0.8339652763919377, 0.49321633864301606, 0.2717631826909811, 0.20329241023703812, 0,10, 0
0.842945519856316, 0.48212134151440866, 0.2501042851692188, 0.19200655919295095, 1,10, 1
0.8439433246856914, 0.47397027044455536, 0.24364436492831237, 0.1935197824066234, 0,10, 0
0.8440763653296082, 0.47260037049408027, 0.2441510957684954, 0.1920049402510216, 0,10, 0
0.8476019423934011, 0.46244036230829927, 0.23172846273645098, 0.1896093615549254, 0,10, 0
0.8492649504423602, 0.460236935974112, 0.2325091594259101, 0.1900386663925418, 0,10, 0
0.8492649504423602, 0.45667251395860625, 0.23999784047487943, 0.18891009938177653, 0,10, 0
0.8471363001396927, 0.45735737743200516, 0.2518648119709849, 0.1874348840072882, 0,10, 0
0.845340251446817, 0.4509938517992648, 0.2510519628304466, 0.19070447625673864, 0,10, 0
0.8513936007450276, 0.4479752519452854, 0.23405620658636433, 0.1867485020685576, 1,10, 1
0.8482006252910264, 0.445329749183858, 0.24337541091774173, 0.1898205375275565, 0,10, 0
0.8558504623162376, 0.43955603447458796, 0.23551544584117823, 0.18661306447549067, 1,10, 1
0.8554513403844874, 0.4287281573393065, 0.22808594356602896, 0.18595066293661666, 0,10, 0
0.8562495842479878, 0.4272950793482593, 0.22709653830060123, 0.18081515341580004, 2,10, 2
0.8555843810284042, 0.43322080701850524, 0.23010048442360057, 0.18672423072680197, 0,10, 0
0.8598416816337391, 0.4199178362407828, 0.2100029450476603, 0.17967332587247228, 1,10, 1
0.8599082019556975, 0.42351246097772005, 0.22488030529366504, 0.17512227023095392, 1,10, 1
0.8607064458191978, 0.41752289998929054, 0.21464028997348872, 0.17892380894522236, 0,10, 0
0.8610390474289895, 0.4127517143029531, 0.2129202314186824, 0.1780550536645668, 0,10, 0
0.8629016164438236, 0.4077261298783901, 0.2193150388730893, 0.17790357771892368, 0,10, 0
0.8644981041708242, 0.4084318774579336, 0.21039352014674265, 0.17889042181900666, 1,10, 1
0.8627685757999068, 0.407639141834384, 0.22526026223155896, 0.17732005586665914, 1,10, 1
0.8636998603073239, 0.39909802030779196, 0.21647817650508172, 0.17812706000198944, 0,10, 0
0.8656954699660746, 0.39723249792833926, 0.20582457212867347, 0.17389821871577044, 0,10, 0
0.8665602341515333, 0.395159943330248, 0.20410673651395442, 0.1718048050227461, 0,10, 0
0.8656289496441163, 0.39863349800435616, 0.20673225127862982, 0.16939164473697743, 1,10, 1
0.8654959090001996, 0.39488070995618973, 0.21231538289840635, 0.17208341791890855, 0,10, 0
0.8678906405907004, 0.38708203947634096, 0.20149475149568585, 0.17069633334072778, 0,10, 0
0.8656954699660746, 0.3884981741604302, 0.20868718553497104, 0.1712246268830458, 0,10, 0
0.8652963480343245, 0.38998389489533014, 0.20558539708280008, 0.16951150562190523, 0,10, 0
0.8665602341515333, 0.3831965449450111, 0.2092086326079564, 0.16969510252431866, 0,10, 0
0.8702853721812014, 0.3837921640619038, 0.19717083513189937, 0.1659410529066161, 0,10, 0
0.869487128317701, 0.377866621556083, 0.1946929031401843, 0.17162920243563115, 0,10, 0
0.8690214860639925, 0.379236050600215, 0.19465567121521615, 0.16384801548810407, 0,10, 0
0.8698862502494512, 0.3784248337401926, 0.18953689370540097, 0.16511181344425768, 0,10, 0
0.8696201689616178, 0.3770044074761206, 0.19089815654344083, 0.17038112889285073, 0,10, 0
0.8698862502494512, 0.377490849847473, 0.1974276746979942, 0.1705657296965891, 0,10, 0
0.8699527705714095, 0.3768395776654127, 0.19164645625515317, 0.16422037850976795, 0,10, 0
0.872081420874077, 0.3710110327629632, 0.19145426972971757, 0.16787497270847773, 0,10, 0
0.8713496973325351, 0.36927270558206415, 0.1906880004995784, 0.1646287206366619, 0,10, 0
0.8735448679571609, 0.3661833181807085, 0.186825689221571, 0.1627383726768063, 0,10, 0
0.872813144415619, 0.37185257062455596, 0.19195464926913897, 0.16306249717285948, 0,10, 0
0.8734783476352026, 0.3724569485827484, 0.1899005630984721, 0.16146992715610256, 1,10, 1
0.8740105102108694, 0.36692123594825204, 0.1919606864825763, 0.16065759013758094, 0,10, 0
0.8734118273132442, 0.36447604298766473, 0.19468877997935508, 0.16359172246092943, 0,10, 0
0.8734783476352026, 0.3621622858919909, 0.18686031786935584, 0.1623782455826853, 0,10, 0
0.8744096321426196, 0.3619725326913932, 0.18856014445114447, 0.15838873035691642, 1,10, 1
0.8750748353622032, 0.3614061566955562, 0.17880663237405262, 0.1573450609457138, 2,10, 2
0.8756735182598284, 0.3565250748619661, 0.1823926575875995, 0.15797751053971706, 0,10, 0
0.8766713230892037, 0.35783433378165247, 0.18209391014128326, 0.1544586725309004, 0,10, 0
0.8777356482405375, 0.3553223228122546, 0.1777206235197591, 0.15220631812059612, 0,10, 0
0.8763387214794119, 0.35831959107263817, 0.18352586618007005, 0.15344600499767483, 0,10, 0
0.8765382824452871, 0.35426739057319095, 0.1746518446658606, 0.15425069010900805, 1,10, 1
0.8786004124259962, 0.3530155822991352, 0.17715188253877365, 0.15645010774799126, 0,10, 0
0.8786004124259962, 0.35307200788959503, 0.17725471810347104, 0.14917238107277478, 1,10, 1
0.8766713230892037, 0.35427213204922825, 0.18466322137234312, 0.15715437744124247, 0,10, 0
0.8785338921040378, 0.3497348124069855, 0.1808873681762358, 0.15209599166555735, 1,10, 1
0.8782678108162043, 0.34854848951234796, 0.1807221604423061, 0.15374602934840026, 1,10, 1
0.8783343311381627, 0.3465566152776514, 0.1712672084886487, 0.15537096074894627, 1,10, 1
0.8792656156455797, 0.3452902450195134, 0.17249357857743128, 0.15189422263063818, 0,10, 0
0.8787334530699129, 0.34965246310827713, 0.1770302692027459, 0.1512627719002325, 0,10, 0
0.8814607862702055, 0.3458258017668713, 0.1724715078821312, 0.1517190537693628, 0,10, 0
0.8797977782212466, 0.34329901394489254, 0.17402581456783106, 0.15532720353738091, 0,10, 0
0.8805295017627885, 0.3428050405378857, 0.17514642485535206, 0.15439131165573394, 0,10, 0
0.8820594691678307, 0.3386317455928423, 0.17807415863182322, 0.15220072129674422, 0,10, 0
0.8795982172553715, 0.33941529327061054, 0.17445867490216024, 0.15385237576082156, 0,10, 0
0.8821259894897892, 0.3358700818493762, 0.17763762932725352, 0.15440867181702378, 0,10, 0
0.8821925098117475, 0.3359463638894357, 0.1790797993598685, 0.15055742457942378, 0,10, 0
0.8821925098117475, 0.3383827334928418, 0.17982166571817415, 0.14391339709653417, 0,10, 0
0.8834563959289563, 0.3375848976094893, 0.17010746373836821, 0.14436530455216295, 0,10, 0
0.10077828776691279, 2.303736140292966, 0.8944213325400786, 0.36684194226088074, 0,10, 0
0.3018027007250715, 2.0151102724787733, 0.7607055623492563, 0.4973931041788572, 4,10, 4
0.44282578327679106, 1.735571415499046, 0.6082289631700536, 0.3426985669204048, 2,10, 2
0.4617840750349232, 1.5270075144071888, 0.6240594474802856, 0.39667039671806653, 0,10, 0
0.5008315040244795, 1.4581050218374076, 0.6092963810961337, 0.3201231805008751, 3,10, 3
0.5535155990154992, 1.3025605231736008, 0.5683924811276719, 0.37063287831009256, 2,10, 2
0.5829841016430519, 1.2264978073890846, 0.5332879883322305, 0.320036619181434, 0,10, 0
0.6809020155657554, 1.0527467260534065, 0.4557421803024556, 0.25959947838248226, 0,10, 0
0.7031863234218053, 0.9794705968614025, 0.45095388462870434, 0.27065136321341166, 2,10, 2
0.7133639326814342, 0.9185963674232652, 0.4279726585676233, 0.2505056762430316, 1,10, 1
0.729860972527107, 0.8930076404913465, 0.4018953248844069, 0.23809869273775205, 2,10, 2
0.7407037850063194, 0.8311330996463319, 0.3795529698951603, 0.2319771755777203, 1,10, 1
0.7441628417481541, 0.7743853153612203, 0.38579827114984944, 0.24468265053136015, 2,10, 2
0.7514135568416151, 0.7809230255580937, 0.3642638485625266, 0.22079137287425576, 0,10, 0
0.7884653761724206, 0.7211833339774743, 0.3649944001549714, 0.22681920023986943, 2,10, 2
0.8022350828178009, 0.6667251330043806, 0.32945418594320186, 0.220475620430558, 0,10, 0
0.8037650502228431, 0.6679339484425485, 0.3304908612195368, 0.21941268137731684, 1,10, 1
0.8086875540477616, 0.632220439076093, 0.33761953460257293, 0.22361845541304315, 0,10, 0
0.8116809685358877, 0.6214642236409547, 0.32044992897323715, 0.2157545043311501, 2,10, 2
0.8110822856382625, 0.6145144138278205, 0.30710701980352006, 0.20916205213357852, 2,10, 2
0.8178673584780151, 0.6064155529539704, 0.29753458930563276, 0.2037071048480951, 0,10, 0
0.8154061065655558, 0.6144494824446293, 0.296586632663635, 0.20590099880039658, 0,10, 0
0.8209938136100579, 0.598841085860115, 0.29094573780245037, 0.19455546229448878, 1,10, 1
0.8304396993281448, 0.5666343898347093, 0.2617086325219407, 0.19124994660354677, 0,10, 0
0.8297744961085611, 0.5514280176282517, 0.2866632358791691, 0.19913468660071132, 1,10, 1
0.8273132441961019, 0.5473990991605946, 0.2765815543416919, 0.19987656982004126, 0,10, 0
0.8348300405773964, 0.5323745381935053, 0.26606109800433214, 0.19471943248253354, 1,10, 1
0.8335661544601876, 0.521218848813995, 0.2639293161781323, 0.19865795528985994, 1,10, 1
0.8350296015432714, 0.5241741350828907, 0.26025273345149297, 0.19156452193274645, 1,10, 1
0.8321027073771037, 0.5201731879272816, 0.2712557942272868, 0.19732437330781313, 1,10, 1
0.8393534224705648, 0.511149239242926, 0.25534265031249553, 0.18971597024462547, 0,10, 0
0.8385551786070644, 0.48485731892579487, 0.25795957263630187, 0.1977653586807628, 0,10, 0
0.8432116011441495, 0.4763910870249063, 0.24588532142967412, 0.1901383329268399, 0,10, 0
0.8430120401782745, 0.4741347174397128, 0.2577806761393498, 0.18665293840943925, 0,10, 0
0.847934544003193, 0.4637595680840061, 0.23732187020212328, 0.18095771993511314, 0,10, 0
0.8474689017494844, 0.4604281334875062, 0.23264992658328576, 0.1825691443519549, 0,10, 0
0.8521253242865695, 0.45359212035311997, 0.2495190468481866, 0.18667271140611752, 0,10, 0
0.8512605601011108, 0.4521948976745778, 0.2389838990565928, 0.17708849645919283, 0,10, 0
0.8517927226767777, 0.448507122535585, 0.24401734526236424, 0.1798547845110108, 0,10, 0
0.8525244462183197, 0.444317985830369, 0.23614806273595232, 0.18014929803956561, 1,10, 1
0.8571808687554048, 0.4353332653728203, 0.2224415961097559, 0.17510455426402616, 1,10, 1
0.8555178607064459, 0.4313140369508667, 0.24345977073510336, 0.18167775335701752, 0,10, 0
0.8580456329408634, 0.42389673975569697, 0.21889426997467887, 0.17227950646772908, 1,10, 1
0.8594425597019889, 0.420819759742778, 0.21854298878743567, 0.17127929931604233, 1,10, 1
0.8589769174482804, 0.4180580996418479, 0.21347077656507693, 0.17012346923485996, 1,10, 1
0.8607064458191978, 0.4146820014111714, 0.2185872158633391, 0.1678924174814978, 0,10, 0
0.8618372912924899, 0.4156393299373207, 0.22128942134245833, 0.16878343536647705, 0,10, 0
0.8612386083948647, 0.4062163974387197, 0.22493687906727913, 0.17122494841764485, 1,10, 1
0.8654293886782412, 0.4033232963669399, 0.2115952879533575, 0.16567807112009234, 1,10, 1
0.8639659415951573, 0.40256772755749337, 0.21225854431613836, 0.16765028634625312, 0,10, 0
0.8646976651366992, 0.4005054647852387, 0.20899212229770533, 0.1634597856573989, 0,10, 0
0.8654293886782412, 0.39446811778533736, 0.213957252065344, 0.16795731696703556, 0,10, 0
0.8666267544734917, 0.39181149238043617, 0.20400612687099484, 0.16336766206473094, 1,10, 1
0.8680902015565756, 0.3851011970810225, 0.19945716414366482, 0.16834325867462258, 0,10, 0
0.8678906405907004, 0.3869213615155448, 0.2048872488312148, 0.16481177284051, 0,10, 0
0.8688884454200758, 0.3854820741681076, 0.2052544983131607, 0.15895095525939731, 0,10, 0
0.8672254373711169, 0.38623354577622393, 0.2096296254012266, 0.16610763496249767, 0,10, 0
0.868356282844409, 0.3826721022954108, 0.20972925599711104, 0.1643239404502369, 0,10, 0
0.8710170957227433, 0.3797968079545379, 0.19797086587787227, 0.15703478714263608, 0,10, 0
0.8696866892835762, 0.3797627072556991, 0.21105031351138914, 0.1623320504683576, 0,10, 0
0.8699527705714095, 0.3704354036971247, 0.19498992780277466, 0.1662741266367106, 0,10, 0
0.8712831770105768, 0.3721072654696237, 0.19976473068932482, 0.16403205771811066, 0,10, 0
0.8731457460254107, 0.36554426612285373, 0.19523894939862313, 0.16061464460300506, 0,10, 0
0.8730792257034524, 0.3657135969077596, 0.19132577151573638, 0.1601919276666056, 0,10, 0
0.8736779086010776, 0.3643596105608405, 0.19095230189241935, 0.1609901745780899, 0,10, 0
0.8755404776159117, 0.3634607088675317, 0.18019018109678442, 0.1549975540811891, 0,10, 0
0.8731457460254107, 0.3636483006397117, 0.19506539205110884, 0.15924663269641331, 0,10, 0
0.8761391605135369, 0.3619239594515469, 0.18573309067732166, 0.15329754933216339, 0,10, 0
0.8747422337524113, 0.35969038634996636, 0.18617254675322242, 0.15434830931047816, 0,10, 0
0.8741435508547861, 0.36066827906186194, 0.18677939367875168, 0.1530248597997597, 0,10, 0
0.8763387214794119, 0.3570985012473887, 0.1896294665675856, 0.15510372554904087, 0,10, 0
0.8770704450209539, 0.3533643868238237, 0.18950902567120168, 0.15834929384879157, 0,10, 0
0.8778686888844542, 0.35276936662224223, 0.18115426621129538, 0.15188014069150488, 0,10, 0
0.875407436971995, 0.3540325558363579, 0.19454701368933633, 0.15500065058773888, 0,10, 0
0.8762722011574536, 0.35656092366565323, 0.18931174587852873, 0.1538699685548602, 0,10, 0
0.8766713230892037, 0.3545273285300742, 0.18864507441211678, 0.15205276668069737, 2,10, 2
0.8782678108162043, 0.3514239190148435, 0.18555857571934953, 0.15287329397826344, 2,10, 2
0.8766048027672454, 0.35180978805376584, 0.19477047085364746, 0.15694969775815612, 1,10, 1
0.8778686888844542, 0.34737114890892784, 0.18879061643290776, 0.156009137872846, 0,10, 0
0.878001729528371, 0.34764939628783537, 0.19019422548965134, 0.1539953682110372, 0,10, 0
0.8783343311381627, 0.34683594029674547, 0.18074246936200122, 0.1509388714860875, 0,10, 0
0.8797977782212466, 0.3435321384017698, 0.18111868727302544, 0.15162961157839605, 1,10, 1
0.8795982172553715, 0.3434661031622982, 0.18272188530113895, 0.15277594764381683, 1,10, 1
0.8811281846604138, 0.3455545936636323, 0.17571368818677424, 0.14684310310590065, 0,10, 0
0.8806625424067053, 0.3440075714909618, 0.17478601208862854, 0.1479355827010397, 0,10, 0
0.8802634204749551, 0.342832913280311, 0.17346367955519304, 0.1448792144244341, 0,10, 0
0.881726867558039, 0.34115385620028094, 0.1703220693301882, 0.14586957696296296, 0,10, 0
0.8805960220847469, 0.339206885194517, 0.1742734170339163, 0.14769079205259816, 0,10, 0
0.880995144016497, 0.3371229206769393, 0.17897738906668675, 0.15054380412319682, 1,10, 1
0.8817933878799974, 0.336460612370851, 0.17345718596047255, 0.1466742726845679, 0,10, 0
0.8825916317434976, 0.33317828588969217, 0.1689324450909242, 0.1430578953064766, 0,10, 0
0.8821259894897892, 0.33372675189706313, 0.1823641590752757, 0.14922706380297032, 0,10, 0
0.8831903146411229, 0.3324582859267741, 0.18226828605987513, 0.15051227787262594, 0,10, 0
0.8821925098117475, 0.33072931444090503, 0.1797145830823478, 0.1499451133361345, 0,10, 0
0.8831903146411229, 0.3313824360925217, 0.1746663831214156, 0.1480594236606519, 0,10, 0
0.8838555178607065, 0.32919509981261147, 0.17118098278403093, 0.14771915374786782, 0,10, 0
0.8827911927093727, 0.32938699085018697, 0.16946969685334903, 0.1450186676465261, 0,10, 0
0.8847202820461652, 0.32739652650527734, 0.1739462215414013, 0.1464351137464996, 0,10, 0
0.8831237943191645, 0.32833100762994305, 0.17055381346729453, 0.14824572199383582, 0,10, 0
0.8831237943191645, 0.3309577054029809, 0.17868772700086835, 0.14405250005261214, 0,10, 0
0.8850528836559569, 0.3287670225836427, 0.17021327503714181, 0.14253926198184, 0,10, 0
0.10077828776691279, 2.303736140292966, 0.8944213325400786, 0.36684194226088074, 0,10, 0
0.28038315705448014, 1.9970593737789093, 0.7609038169604794, 0.5045273843973382, 3,10, 3
0.3445087474223375, 1.8367876218988584, 0.7686332753837805, 0.4949210871814007, 4,10, 4
0.473824253309386, 1.497359654943506, 0.6249158435958102, 0.43631106599127034, 2,10, 2
0.5640258098849198, 1.3094362455197108, 0.5427212050011505, 0.3513563987435917, 0,10, 0
0.6397259362735316, 1.1813190666482776, 0.5045578126246144, 0.2813370261222271, 1,10, 1
0.6330073837557374, 1.1388498238428775, 0.518071564246876, 0.32048792515928204, 2,10, 2
0.7165569081354354, 1.0002215450630458, 0.41824165778524824, 0.2688403688750318, 2,10, 2
0.7446284840018625, 0.9066210306212822, 0.3871305386166482, 0.24756091916225326, 0,10, 0
0.7971130180270073, 0.762596247536374, 0.3540673660926354, 0.2374200566266121, 0,10, 0
0.7881992948845873, 0.7732727725196575, 0.37470193704931093, 0.25145495848565785, 1,10, 1
0.7903944655092131, 0.7397091960276919, 0.37359385913230114, 0.2556585819587496, 4,10, 4
0.7980443025344243, 0.6973683111758854, 0.3660244446561443, 0.24434071212598912, 1,10, 1
0.792257034524047, 0.6844181084953997, 0.38601280474665, 0.2725836985780266, 2,10, 2
0.7944522051486729, 0.6853818466380049, 0.3796147864686013, 0.25649206465104263, 0,10, 0
0.8139426594824719, 0.6312822447249109, 0.31623342578619484, 0.22278673086691947, 0,10, 0
0.8195968868489324, 0.6049587517794127, 0.31049486160119255, 0.20855161168123612, 1,10, 1
0.8217920574735582, 0.5998373967691424, 0.2883342285390367, 0.2081596845029627, 2,10, 2
0.8221911794053083, 0.5731674424580586, 0.2891572326811315, 0.20859492281111636, 0,10, 0
0.8228563826248919, 0.5644429792427373, 0.29856194841778166, 0.2145988810756155, 0,10, 0
0.8265150003326016, 0.5530169298040183, 0.28232220739195496, 0.2053116644270964, 1,10, 1
0.828244528703519, 0.5402898254007782, 0.2834633091143281, 0.21129572574685365, 2,10, 2
0.8278454067717688, 0.5296148567755353, 0.28283326832432576, 0.21028581184834516, 2,10, 2
0.8317035854453536, 0.5294162552379567, 0.26948361883121896, 0.2041081925494187, 0,10, 0
0.834031796713896, 0.5164602375100511, 0.26171628169065647, 0.19569900266775642, 0,10, 0
0.8354952437969799, 0.516534142223203, 0.2745441667901099, 0.2014716313905732, 1,10, 1
0.8382890973192311, 0.4987945615022487, 0.2597427722655849, 0.1963250902249035, 1,10, 1
0.8389543005388146, 0.49245688502084695, 0.26348141777642753, 0.19990657856231833, 1,10, 1
0.836626089270272, 0.49205412027645673, 0.2688435040846625, 0.1979131833390335, 1,10, 1
0.8405507882658152, 0.47964948504662347, 0.24418336618347683, 0.1922742959382914, 0,10, 0
0.8441428856515666, 0.4687728449617019, 0.2404397592869563, 0.1905984355086563, 0,10, 0
0.8442094059735249, 0.46886915856645056, 0.24590851810051823, 0.1871655881519496, 1,10, 1
0.8476019423934011, 0.46359982537427374, 0.24442590541941508, 0.19204050003800563, 0,10, 0
0.8485332269008182, 0.45974272734474964, 0.2519371753093671, 0.19495821459114476, 0,10, 0
0.8515266413889443, 0.4555348128808645, 0.23934423750812656, 0.19020914692156868, 1,10, 1
0.8527905275061531, 0.4492488023849587, 0.23305978451873968, 0.18669796590768567, 0,10, 0
0.8539213729794453, 0.44073902688526556, 0.22882945719414047, 0.18708121229368113, 0,10, 0
0.8530566087939866, 0.4408949261445954, 0.23789090988540768, 0.18731654558558186, 0,10, 0
0.8558504623162376, 0.4336088351623724, 0.22436827271137255, 0.18236115829768348, 0,10, 0
0.8571808687554048, 0.4300211564943116, 0.22318376739785653, 0.1782946709102222, 3,10, 3
0.8557174216723209, 0.43093639362062525, 0.22277817100155325, 0.1764441076895383, 0,10, 0
0.8562495842479878, 0.4306840609765574, 0.23188584189380804, 0.17707302140600822, 0,10, 0
0.8579125922969467, 0.42742001295325444, 0.22559546198167943, 0.1772159753439541, 0,10, 0
0.8576465110091133, 0.4258519726399974, 0.2356983368204414, 0.1752360122008109, 1,10, 1
0.8607064458191978, 0.4218452981604039, 0.2240830427542087, 0.17756326994862237, 1,10, 1
0.8607729661411562, 0.4144909504414529, 0.21861174606414324, 0.1741100885251136, 0,10, 0
0.860573405175281, 0.4110960158731155, 0.22121204034338718, 0.1745033537795512, 0,10, 0
0.8619703319364066, 0.40852392486089056, 0.22050431647710173, 0.17542819291646833, 1,10, 1
0.8617707709705315, 0.4041438822944935, 0.22069268521506483, 0.172639821573352, 0,10, 0
0.8644981041708242, 0.39914863597891903, 0.21115002624078386, 0.17361552554641568, 1,10, 1
0.8648307057806159, 0.3981644695956911, 0.21478097792012743, 0.17308266010786408, 0,10, 0
0.8656954699660746, 0.4001427245529225, 0.21111717095041466, 0.17178741687589322, 1,10, 1
0.8652298277123661, 0.3953280698455582, 0.21903398296512594, 0.1762574443095939, 0,10, 0
0.8650967870684494, 0.39571755444604223, 0.2187905696958774, 0.16937463637837008, 1,10, 1
0.8661611122197831, 0.3899012075625448, 0.2027346308030397, 0.17074124856096456, 0,10, 0
0.8673584780150336, 0.3885924741176573, 0.2038602500870629, 0.16573974408286085, 0,10, 0
0.8655624293221579, 0.38555559961390207, 0.21221885757120998, 0.17322558062486398, 0,10, 0
0.8661611122197831, 0.38598439879445073, 0.21481092922213804, 0.17079034136540677, 0,10, 0
0.8682897625224506, 0.3823439253653072, 0.2122941728373906, 0.1644629714544405, 0,10, 0
0.8699527705714095, 0.37982332720950657, 0.20887981941702932, 0.1664686948527442, 0,10, 0
0.8710836160447016, 0.378252566392603, 0.2053229702047471, 0.1658764727744274, 0,10, 0
0.8686223641322424, 0.3766444221326578, 0.19930957484457132, 0.16827381348844184, 0,10, 0
0.8714162176544934, 0.37545970103078063, 0.20750276233894366, 0.16757085682032608, 0,10, 0
0.8712831770105768, 0.3774806685502874, 0.1989707506946111, 0.1612462792458606, 0,10, 0
0.8712831770105768, 0.3695193303652438, 0.19742689699408925, 0.16664833965882234, 0,10, 0
0.8710170957227433, 0.36751918501251657, 0.20045980398605276, 0.16734975152689327, 0,10, 0
0.8722809818399521, 0.3667197177458235, 0.19754722013171377, 0.16196251874076775, 0,10, 0
0.8740770305328278, 0.36557668279737704, 0.19592721151477868, 0.1631688648271257, 0,10, 0
0.8748752743963281, 0.3611344503092048, 0.1975833450174386, 0.16301086057378864, 0,10, 0
0.8747422337524113, 0.36268416096136885, 0.18931828640536894, 0.15897687494826654, 0,10, 0
0.8744096321426196, 0.36212796755113796, 0.1915648018655505, 0.15850517606175762, 0,10, 0
0.8750083150402448, 0.3600381724984023, 0.19581225689011864, 0.16231960293766046, 0,10, 0
0.8762722011574536, 0.3567230390311595, 0.18887535732435723, 0.15610362214726692, 1,10, 1
0.874675713430453, 0.3587515112430157, 0.19380725820933795, 0.1590770675891069, 1,10, 1
0.8758065589037451, 0.3581286977225776, 0.19608988911594502, 0.16085876956138004, 0,10, 0
0.8758730792257035, 0.35736814192775895, 0.19484569665182186, 0.1546812763365958, 0,10, 0
0.8755404776159117, 0.3542665947313721, 0.18734931392463747, 0.15500244533297033, 0,10, 0
0.8769374043770372, 0.35153258635135376, 0.19414483510810807, 0.15808016222032736, 1,10, 1
0.877270005986829, 0.35400974864402107, 0.19436659484371993, 0.15593765851666785, 1,10, 1
0.8791990953236214, 0.3507388073454385, 0.1855659598097291, 0.15434912459912997, 0,10, 0
0.8771369653429123, 0.3478085184723156, 0.1854376538469842, 0.15569235118747468, 1,10, 1
0.8758730792257035, 0.3528616273194272, 0.19148914474007078, 0.16176735005490303, 0,10, 0
0.8782678108162043, 0.3501964232763606, 0.18279718429820074, 0.15092588374378826, 1,10, 1
0.8781347701722876, 0.34454061815208453, 0.1920569765085899, 0.1566453062843616, 1,10, 1
0.8793321359675381, 0.34349956170274176, 0.18527724618444297, 0.15171287780193465, 0,10, 0
0.8787334530699129, 0.34268612048775543, 0.1813474563297394, 0.15204286300681363, 0,10, 0
0.8802634204749551, 0.3371679460020146, 0.17750464045879, 0.14869596726336712, 0,10, 0
0.8785338921040378, 0.3403894523323708, 0.194464920606292, 0.15706151330400822, 0,10, 0
0.8817933878799974, 0.33962839133416, 0.17893077245059763, 0.15438024100191175, 0,10, 0
0.8788664937138295, 0.3401799300104294, 0.18753433182696835, 0.15247571036387553, 0,10, 0
0.8799973391871216, 0.3354537661240057, 0.18529128078624604, 0.15385239020744898, 0,10, 0
0.8802634204749551, 0.3358916907740051, 0.19039351278971256, 0.152422111958266, 0,10, 0
0.8825251114215393, 0.33424868919781414, 0.17493087523892478, 0.14854488249953218, 2,10, 2
0.8823255504556642, 0.3355733072187563, 0.17871758363910786, 0.14979725293735013, 0,10, 0
0.8822590301337059, 0.3355969249005204, 0.1804156797672391, 0.14532881800223646, 0,10, 0
0.8830572739972061, 0.336826345846592, 0.1733471449213594, 0.14451850034034788, 0,10, 0
0.8821925098117475, 0.33414764576042205, 0.1763232192517474, 0.14762061593856915, 0,10, 0
0.8828577130313311, 0.331325268966934, 0.17462913826562082, 0.14660086338319903, 0,10, 0
0.8823920707776226, 0.3362316945545355, 0.17920371183006728, 0.15163366333842918, 0,10, 0
0.8821259894897892, 0.3344410345332803, 0.18082034358635948, 0.1507513997361346, 0,10, 0
0.8829907536752478, 0.33310430753552384, 0.17651220311185736, 0.14561242128797672, 0,10, 0
0.10077828776691279, 2.303736140292966, 0.8944213325400786, 0.36684194226088074, 0,10, 0
0.3210935940929954, 1.9270869799913353, 0.785103294798077, 0.4608042155406863, 3,10, 3
0.46131843278121465, 1.6328724404208539, 0.6716468151159595, 0.37617575159435873, 1,10, 1
0.5273065921639061, 1.4048258512543899, 0.6266647183457037, 0.4248375879732422, 1,10, 1
0.5884387680436374, 1.3118741933074032, 0.5709912930317271, 0.32184542387910875, 2,10, 2
0.5856449145213862, 1.2789743474895772, 0.5695497244871346, 0.3362535307985748, 2,10, 2
0.6441827978447415, 1.1338997891871336, 0.5030353551215481, 0.29300963988435824, 4,10, 4
0.6770438368921705, 1.0571569953016715, 0.4709967695225823, 0.28701828648549677, 0,10, 0
0.6319430586044037, 1.0653435867205194, 0.5258357254637184, 0.3226209192896187, 2,10, 2
0.7194838023016031, 0.9268787556579962, 0.439989088446461, 0.2820673935068484, 1,10, 1
0.7387081753475687, 0.8456169147626489, 0.42081542784518633, 0.26758483249108006, 3,10, 3
0.7651832634869953, 0.7786606289262898, 0.39346189605072324, 0.24080626147971296, 2,10, 2
0.7788864498104171, 0.7670373950413601, 0.36531623082522857, 0.22882891371063682, 1,10, 1
0.7624559302867026, 0.7386909349466865, 0.39608227473638224, 0.2696269507033461, 2,10, 2
0.7830772300937937, 0.6852953070569924, 0.3618771306478994, 0.23211781015439123, 1,10, 1
0.7824120268742101, 0.6823340985708847, 0.341946768783464, 0.22101821334862062, 1,10, 1
0.7923235548460055, 0.646010036760591, 0.33208037654610856, 0.22292324616163492, 1,10, 1
0.7806159781813344, 0.6497318727789153, 0.36334814306430574, 0.23950613671840298, 1,10, 1
0.7882658152065456, 0.6365730860978476, 0.3478903480728134, 0.23537093718443103, 0,10, 0
0.7956495709439234, 0.6239400390451036, 0.34843868624372143, 0.23173012134000562, 0,10, 0
0.7953169693341315, 0.6172717969382637, 0.330720474716232, 0.22556138248828167, 1,10, 1
0.8093527572673451, 0.5900897594071061, 0.3096516349217646, 0.2142166011654455, 1,10, 1
0.8172021552584314, 0.5781637431716353, 0.2986555061200086, 0.20938109016713674, 2,10, 2
0.8131444156189715, 0.5717695221169924, 0.2874290309280138, 0.20223014176932705, 0,10, 0
0.8166034723608062, 0.5653601011661181, 0.3136263592803713, 0.22749437017596502, 1,10, 1
0.8138761391605135, 0.5680685175173202, 0.2919813617400575, 0.20763332963112524, 4,10, 4
0.8212598948978913, 0.5568091158462978, 0.28461255309723404, 0.20772748376100383, 1,10, 1
0.8231224639127254, 0.5455977426862659, 0.2701335568787772, 0.20187669071854317, 0,10, 0
0.8321027073771037, 0.5247359169020085, 0.25592798851587106, 0.19714789587906195, 0,10, 0
0.8352291625091466, 0.5134224877237558, 0.2547488337000106, 0.19879567359085354, 0,10, 0
0.8358278454067718, 0.5142594233655257, 0.2600531399815946, 0.1985331371485817, 1,10, 1
0.8390873411827313, 0.5063829567432723, 0.2510410627088917, 0.19527881858230248, 0,10, 0
0.8384221379631478, 0.5060850780370685, 0.2537748635859328, 0.194665937000016, 0,10, 0
0.8416816337391073, 0.4967346746013484, 0.2394257614803443, 0.1905358884042639, 0,10, 0
0.843477682431983, 0.4870493152219739, 0.24303842816537732, 0.1913111782511103, 0,10, 0
0.8432781214661079, 0.48350064853906416, 0.2420907266831662, 0.19125774410500557, 1,10, 1
0.8474023814275261, 0.47011485988318097, 0.22794941307442396, 0.18584504981485217, 0,10, 0
0.8457393733785672, 0.471939767906948, 0.23452584538792695, 0.18482450987323212, 0,10, 0
0.8498636333399854, 0.46022592642040944, 0.23249240451765232, 0.18839928425187558, 0,10, 0
0.8541209339453203, 0.45627971360982517, 0.22863256691212544, 0.18642466550052617, 2,10, 2
0.855185259096654, 0.4561351478066875, 0.22234811700130583, 0.1823633670471024, 1,10, 1
0.8558504623162376, 0.4453043540618877, 0.2232528409609035, 0.18399105520379752, 0,10, 0
0.8561830639260294, 0.4384391177217643, 0.22087968273419004, 0.17996283749475273, 1,10, 1
0.8578460719749884, 0.4390490711667815, 0.2245467446811679, 0.18001039776871808, 3,10, 3
0.8594425597019889, 0.43250067328098846, 0.2156555634479782, 0.17558266712661247, 1,10, 1
0.8597751613117808, 0.4274372039905598, 0.2199147177274467, 0.18085293771053298, 0,10, 0
0.8613716490387814, 0.42097484104589683, 0.2154095596317983, 0.17841872107143822, 0,10, 0
0.8615046896826981, 0.4185839147260368, 0.2153845956216344, 0.17913150006619724, 0,10, 0
0.8625024945120734, 0.41382421969092265, 0.21218660629994296, 0.1746194756641142, 0,10, 0
0.8645646244927826, 0.41347726747519903, 0.21098006212600962, 0.17873304077287253, 0,10, 0
0.8636333399853655, 0.41013911416275745, 0.2101427479814553, 0.17461625235727574, 0,10, 0
0.8648307057806159, 0.40357044273945514, 0.2092939364724904, 0.1756732192364375, 0,10, 0
0.8660280715758665, 0.40098443206914147, 0.1984067368074073, 0.17264951101058057, 1,10, 1
0.8656289496441163, 0.39961537661569285, 0.20489248897977927, 0.1762153940876201, 1,10, 1
0.8644315838488659, 0.40439708123628265, 0.21224999844801748, 0.1735508825191353, 0,10, 0
0.8662276325417415, 0.3990159706703411, 0.20916570092230777, 0.17332306122845054, 0,10, 0
0.8676910796248254, 0.393901453673448, 0.19509024307061393, 0.16760560208880637, 0,10, 0
0.869088006385951, 0.3945576873145714, 0.19986792112948062, 0.16889609944228529, 0,10, 0
0.8675580389809087, 0.3926228830583604, 0.19572374466876916, 0.1660955836872901, 0,10, 0
0.8700192908933679, 0.3865707422037478, 0.1933698777787277, 0.16658339659328836, 0,10, 0
0.8701523315372847, 0.384757542937219, 0.19925617813898625, 0.1662395030471897, 0,10, 0
0.8693540876737843, 0.3826821585056363, 0.1928861930014056, 0.1631784322408552, 0,10, 0
0.869088006385951, 0.38453792461392144, 0.18992096624030363, 0.16404258625581938, 0,10, 0
0.872081420874077, 0.3769187100806359, 0.19296013226198988, 0.16507224106605511, 0,10, 0
0.8714827379764518, 0.3760278803771992, 0.20154694100129472, 0.1641298618156715, 0,10, 0
0.872813144415619, 0.3714799399678048, 0.18922853643431137, 0.16165389661394028, 0,10, 0
0.8731457460254107, 0.3713642187609224, 0.1882317167331493, 0.16601432231374846, 0,10, 0
0.8727466240936607, 0.37421800230058316, 0.1927755886578151, 0.15966379242528334, 0,10, 0
0.8731457460254107, 0.3717089414970054, 0.19452772789892175, 0.16028825945252556, 0,10, 0
0.8741435508547861, 0.36705212695967965, 0.1897747757385163, 0.16287137064655835, 0,10, 0
0.8744096321426196, 0.365504065536006, 0.18954585684841171, 0.16216397346983125, 0,10, 0
0.8746091931084946, 0.3667204393583171, 0.1934218628557283, 0.16277242713164827, 0,10, 0
0.8750748353622032, 0.3666517890722893, 0.18552634721997943, 0.1567901118557021, 1,10, 1
0.8770039246989956, 0.3604083222048904, 0.18584518902303424, 0.15833425870725673, 0,10, 0
0.8778686888844542, 0.3587903736078606, 0.1846149146406309, 0.1560263069161169, 1,10, 1
0.877270005986829, 0.3580943616177724, 0.18845732171960278, 0.15909092659811974, 2,10, 2
0.8761391605135369, 0.3564928972166855, 0.18634979139068364, 0.16189028946886064, 1,10, 1
0.8751413556841615, 0.35526902618198064, 0.18528626346518162, 0.16114354355708682, 1,10, 1
0.8776691279185791, 0.35284741976303946, 0.18727435679854512, 0.1609358516129288, 0,10, 0
0.8797977782212466, 0.35291455530625976, 0.1811676206496242, 0.15353783163960802, 0,10, 0
0.8778686888844542, 0.35619420826684955, 0.1802009730866848, 0.15535846736355582, 0,10, 0
0.8777356482405375, 0.3549112062629862, 0.17656329594256526, 0.15464394630533485, 1,10, 1
0.8796647375773299, 0.3520076922226921, 0.17847107437120843, 0.15652392555978925, 0,10, 0
0.8805960220847469, 0.3506875486427625, 0.18208397575473892, 0.1516449470895242, 1,10, 1
0.8797977782212466, 0.3504844818067453, 0.17697571578501184, 0.15657180440774424, 0,10, 0
0.8817933878799974, 0.3453307944852199, 0.17047395616820238, 0.15291882929881845, 1,10, 1
0.8821925098117475, 0.34855900795750216, 0.1738149053023793, 0.1486299409798989, 0,10, 0
0.8817933878799974, 0.344567575889472, 0.17096475932081445, 0.15189720795255593, 0,10, 0
0.8815273065921639, 0.3463551689190646, 0.17733938167518595, 0.1486915128986253, 0,10, 0
0.8802634204749551, 0.34424152590568496, 0.17791018148431748, 0.15154229696825125, 0,10, 0
0.8811281846604138, 0.34075489833451067, 0.17670944578424616, 0.15262674210109217, 0,10, 0
0.8804629814408301, 0.33805339556736635, 0.17657055315440837, 0.15063307881675422, 1,10, 1
0.882658152065456, 0.3355574743697669, 0.17636667984252213, 0.15320874550100042, 0,10, 0
0.8831237943191645, 0.3387735726949533, 0.1715624322741761, 0.15364286884304984, 0,10, 0
0.8841881194704982, 0.3357994756828145, 0.17056841881622656, 0.14835425192913462, 0,10, 0
0.8839220381826648, 0.3365383851524339, 0.17307716238161125, 0.15177326751129314, 0,10, 0
0.8836559568948313, 0.33481376761297116, 0.17075609789825172, 0.15184732726153016, 0,10, 0
0.8849863633339985, 0.33164526826500407, 0.17224577761856577, 0.14760400374713112, 0,10, 0
0.8841215991485398, 0.33141808750916346, 0.1742290301951108, 0.1484109607835841, 0,10, 0
0.8845872414022484, 0.3281778016839169, 0.16798205040607034, 0.15138283624555526, 0,10, 0
0.8849198430120402, 0.33170249959764736, 0.17406745775972976, 0.1521177864598735, 0,10, 0
0.10077828776691279, 2.303736140292966, 0.8944213325400786, 0.36684194226088074, 0,10, 0
0.31384287899953434, 1.9920166866401707, 0.7425159036378477, 0.43273640518597584, 2,10, 2
0.4536020754340451, 1.6888887139969875, 0.6359900013010649, 0.3921422442883592, 3,10, 3
0.5990820195569747, 1.264686772626146, 0.5815594831403977, 0.3830210491230166, 0,10, 0
0.6290161644382359, 1.1774718762725256, 0.5615041318711913, 0.33960173546925065, 1,10, 1
0.7093061930419743, 1.0047982077891842, 0.43582140191364455, 0.2770842026930219, 3,10, 3
0.7077097053149737, 0.9720869413154818, 0.4599768075485569, 0.2601534391160587, 1,10, 1
0.7147608594425597, 0.8922336945997406, 0.45683929315973215, 0.29821906632073814, 0,10, 0
0.7157586642719351, 0.8765755125528537, 0.4485938045324198, 0.30040206598447816, 2,10, 2
0.7846737178207942, 0.7610890287004222, 0.34875746701742666, 0.2300820932693901, 1,10, 1
0.7666467105700792, 0.7655231526317823, 0.3856554249151318, 0.2355186339144918, 2,10, 2
0.7807490188252512, 0.7379210213443844, 0.370329543941192, 0.23600744651398686, 1,10, 1
0.7850063194305861, 0.7276881446700469, 0.34807753999739965, 0.23181783527571467, 2,10, 2
0.8077562695403446, 0.6663488734141639, 0.30598826625406655, 0.21447106852094625, 1,10, 1
0.8034324486130513, 0.6666199819601567, 0.3184501428163207, 0.22189483908600086, 1,10, 1
0.8018359608860507, 0.6592057388817624, 0.33487484396987294, 0.22288445366073234, 2,10, 2
0.8108827246723874, 0.6131642684422796, 0.3036878292932909, 0.21065476856847806, 1,10, 1
0.8174017162243066, 0.5765102838705229, 0.2834904747656053, 0.20338751828026375, 0,10, 0
0.8249850329275593, 0.5561843560791935, 0.2849807143651359, 0.2079678789913488, 1,10, 1
0.8267810816204351, 0.5501398107977246, 0.2842197166184341, 0.20537823486029946, 1,10, 1
0.8243198297079758, 0.5556472292004258, 0.2829700296867895, 0.19994486145106083, 1,10, 1
0.8241202687421008, 0.5411871164698537, 0.29317876924600145, 0.2082623854439703, 2,10, 2
0.8222576997272667, 0.540717808204586, 0.2909190702423777, 0.20741694188372478, 0,10, 0
0.8299740570744363, 0.5160064046742597, 0.26219194915507993, 0.20073943852768353, 0,10, 0
0.8305062196501031, 0.5134887933062539, 0.26127274196285016, 0.19794987423539837, 1,10, 1
0.8338987560699794, 0.5162546787169717, 0.2597175314981514, 0.19923255119162445, 3,10, 3
0.8337657154260627, 0.49305731844548945, 0.2508118548477936, 0.19253312365512934, 0,10, 0
0.8348965608993547, 0.4931274710290181, 0.2454513993873587, 0.192212363398658, 0,10, 0
0.8349630812213131, 0.4897598746262791, 0.25528842212564457, 0.19436073258325628, 1,10, 1
0.837357812811814, 0.4809237351566976, 0.25120663549995753, 0.19423846252645605, 0,10, 0
0.8395529834364398, 0.4721578339507334, 0.24906386741802614, 0.19384266053613197, 0,10, 0
0.8419477150269408, 0.4685638152944093, 0.24956120336834245, 0.19328130542508432, 0,10, 0
0.8412159914853988, 0.4630736602415239, 0.2383306590502254, 0.18810087507352993, 1,10, 1
0.8434111621100246, 0.4557159978612997, 0.2444000373167641, 0.1874417554717179, 0,10, 0
0.8441428856515666, 0.4532176260522752, 0.23710226350376787, 0.18755248369339975, 1,10, 1
0.8520588039646112, 0.43638310026230054, 0.23194533419297403, 0.18946231504346034, 1,10, 1
0.8495310317301936, 0.4423381006697734, 0.24712568521020423, 0.1881817173569056, 0,10, 0
0.8525909665402781, 0.43628337886429125, 0.2300172627480308, 0.18072450914279345, 0,10, 0
0.8563161045699461, 0.42963083107008904, 0.226496816674596, 0.18033719050509034, 0,10, 0
0.8553182997405707, 0.4319885788600766, 0.22333797087796253, 0.1763259941266065, 1,10, 1
0.8586443158384887, 0.4230611490983305, 0.21755788337371068, 0.18060484161291193, 0,10, 0
0.8574469500432382, 0.42110044568180516, 0.21515294263970497, 0.17849778829515695, 0,10, 0
0.8586443158384887, 0.4149578530709854, 0.22414331787644726, 0.18101332290506802, 2,10, 2
0.860573405175281, 0.41320794325169463, 0.2167646190695441, 0.17575946777097917, 0,10, 0
0.8626355351559901, 0.409920436068259, 0.20854051592937276, 0.16741290582249985, 0,10, 0
0.8632342180536153, 0.40346106704519186, 0.21999742990994264, 0.1762806490479709, 1,10, 1
0.864098982239074, 0.402917817746862, 0.20944577685804217, 0.1712526333573382, 1,10, 1
0.8638329009512407, 0.39467423788917416, 0.2052408103473888, 0.17094054843007178, 0,10, 0
0.8650302667464911, 0.39345411092251625, 0.2049543653785801, 0.17156586707129928, 0,10, 0
0.8642985432049491, 0.3931126790195185, 0.2071459091700825, 0.16938568145137067, 0,10, 0
0.8668263154393667, 0.390958218256552, 0.2051081797150074, 0.1701521384871369, 0,10, 0
0.865761990288033, 0.39107011770408817, 0.20320114554796814, 0.16634899023424055, 1,10, 1
0.8650302667464911, 0.3905029264262634, 0.2097075003361524, 0.16868846591174652, 0,10, 0
0.8660280715758665, 0.3915632452102055, 0.2054492423283023, 0.16371636493338637, 1,10, 1
0.8679571609126588, 0.38532271673992696, 0.19940048161243926, 0.16223682413069543, 1,10, 1
0.8700858112153262, 0.3826711000281164, 0.20122918794496505, 0.16216975185280227, 0,10, 0
0.8708840550788266, 0.37709319228914356, 0.18649299169870545, 0.16159289593818002, 1,10, 1
0.8705514534690348, 0.3776763819976132, 0.19360424185109573, 0.15982111767655177, 0,10, 0
0.8716157786203685, 0.38045268307255864, 0.19985479369665382, 0.15844867989606126, 0,10, 0
0.8716822989423268, 0.3733824114760409, 0.19556950049349187, 0.15836969914813795, 0,10, 0
0.8714162176544934, 0.3709222342870961, 0.19142374862380707, 0.15807836577866224, 0,10, 0
0.8715492582984101, 0.3710362525763453, 0.21080018329721437, 0.16529723170151087, 0,10, 0
0.8742100711767445, 0.36934864976056375, 0.19303294239167695, 0.15554397257420036, 0,10, 0
0.872081420874077, 0.36811875500773106, 0.20159642141589784, 0.1602822909179191, 0,10, 0
0.8734118273132442, 0.36598556630878853, 0.1986412383648881, 0.15933148894312918, 0,10, 0
0.8732122663473691, 0.3659441128953741, 0.20380082903290903, 0.1604576132543009, 0,10, 0
0.8713496973325351, 0.3686397828742024, 0.20204003243603944, 0.15691861844794616, 0,10, 0
0.8732787866693275, 0.36597632714087314, 0.20085941298526258, 0.16015988848113843, 0,10, 0
0.8735448679571609, 0.36540835891452317, 0.20205423036207434, 0.1583992331922267, 0,10, 0
0.875407436971995, 0.36242453877533454, 0.1891608918405951, 0.1561369473712117, 0,10, 0
0.8766713230892037, 0.35655380010246024, 0.1893429437155431, 0.1519093024528801, 0,10, 0
0.877270005986829, 0.355948187940652, 0.18457798207288037, 0.15206130632877227, 0,10, 0
0.878001729528371, 0.3538053938731969, 0.18690120711631641, 0.15300454705788327, 0,10, 0
0.8767378434111621, 0.3559259226671002, 0.18632758057497034, 0.15478622018645258, 0,10, 0
0.8779352092064125, 0.35318183369162415, 0.18837210428187187, 0.15355184834987004, 0,10, 0
0.8767378434111621, 0.35299619383710107, 0.18377219043385004, 0.15369025933983718, 2,10, 2
0.8786669327479545, 0.35280021617234697, 0.17733172604960565, 0.14652097304083408, 1,10, 1
0.879132575001663, 0.349116223549856, 0.17977230866008262, 0.1481435920259999, 0,10, 0
0.8784673717820795, 0.3501561672416841, 0.17543625270012542, 0.14420492588735445, 0,10, 0
0.8792656156455797, 0.35168820801586204, 0.18080794161299477, 0.14604222961980856, 1,10, 1
0.878400851460121, 0.35002403398556764, 0.17965321935753928, 0.1469322864468269, 0,10, 0
0.879132575001663, 0.34847719732921417, 0.18019234755147986, 0.14657191706259257, 1,10, 1
0.879132575001663, 0.34558461348989294, 0.1720537545200479, 0.1466373117122, 0,10, 0
0.8794651766114548, 0.3454661978138628, 0.1820939323662532, 0.1491196597043653, 0,10, 0
0.879132575001663, 0.34614025514925434, 0.17896080301820508, 0.1512052446466352, 1,10, 1
0.8792656156455797, 0.34454289445612957, 0.182057675755789, 0.15019250166794593, 0,10, 0
0.8788664937138295, 0.34028483930104086, 0.17617834339941063, 0.14952211436094698, 0,10, 0
0.8797312578992882, 0.3424928335077986, 0.17990626021540007, 0.14817008895351125, 1,10, 1
0.8812612253043305, 0.3402029364848202, 0.1729085283680336, 0.14392990900687772, 0,10, 0
0.8809286236945387, 0.34182972888704094, 0.18068080881549237, 0.1441799583962109, 1,10, 1
0.8815273065921639, 0.33702490499539944, 0.17570774250226406, 0.1442035937312491, 1,10, 1
0.8819929488458724, 0.33748178804843804, 0.1754445423665759, 0.14395353767587116, 0,10, 0
0.8831237943191645, 0.33563842301582797, 0.17673527759205584, 0.14193804419125963, 0,10, 0
0.8821259894897892, 0.33840680569695886, 0.17234349908527535, 0.14366446197302973, 0,10, 0
0.8823920707776226, 0.3344381215667421, 0.17210398763554427, 0.1430243903057313, 0,10, 0
0.8833898756069979, 0.3350442933474034, 0.1670284491248667, 0.1433953000666965, 0,10, 0
0.8823920707776226, 0.3350411893249323, 0.16638023058456788, 0.1406052608087046, 0,10, 0
0.8824585910995809, 0.33536536468526984, 0.16661327009767166, 0.1421043135117586, 0,10, 0
0.8821259894897892, 0.33662690428035447, 0.17770701887334336, 0.14519877857017555, 0,10, 0
0.8839220381826648, 0.3316417956194178, 0.16381070784160545, 0.14142611368588726, 0,10, 0
0.8827246723874144, 0.3326049476105, 0.17458223668429554, 0.14480124539169817, 0,10, 0
0.10077828776691279, 2.303736140292966, 0.8944213325400786, 0.36684194226088074, 0,10, 0
0.2575001663008049, 2.0515541704180142, 0.7551568828506755, 0.4849387082185167, 3,10, 3
0.39499767178873146, 1.8212177355883463, 0.6755635407537522, 0.44628082837597616, 1,10, 1
0.486263553515599, 1.6127514075883105, 0.5539957653548645, 0.29845452146550877, 1,10, 1
0.5439366726534957, 1.4066239837673546, 0.5219076430126783, 0.2886406610990157, 1,10, 1
0.6219650103106499, 1.2814707686399278, 0.48954777114939885, 0.26698632548240303, 1,10, 1
0.6304130911993614, 1.1888544970845887, 0.49029020785490884, 0.27333975575378017, 4,10, 4
0.7354486795716091, 1.015234667464759, 0.4233828050718793, 0.25850207147324417, 4,10, 4
0.7164903878134771, 0.9879058369597203, 0.40546258621641507, 0.2456731075047769, 0,10, 0
0.7540743697199495, 0.8877670831564769, 0.3943055570232243, 0.24846558228175789, 0,10, 0
0.753808288432116, 0.8710024232232267, 0.36266470580921994, 0.23327068271205312, 3,10, 3
0.7419676711235282, 0.8683127784987356, 0.35789654057064896, 0.23464066320477162, 1,10, 1
0.7513470365196567, 0.8340680370137022, 0.37617832889426933, 0.25134573543275246, 2,10, 2
0.7411029069380696, 0.8318148051576438, 0.37043035921272094, 0.23329109992648836, 1,10, 1
0.759196434510743, 0.8023285856639439, 0.36312657000347043, 0.23625559626196002, 0,10, 0
0.7630546131843278, 0.7441573963532511, 0.35657131257926183, 0.23746186844052825, 1,10, 1
0.7787534091665004, 0.7271346162704185, 0.3367832972680126, 0.226514264390822, 2,10, 2
0.7934544003192976, 0.693151935209924, 0.30728842243560756, 0.21322462784554053, 3,10, 3
0.7951839286902148, 0.6807080900631337, 0.30066844809387944, 0.21105165968670062, 1,10, 1
0.8040976518326348, 0.652954275266959, 0.29759270260133575, 0.20731521718128207, 0,10, 0
0.8139426594824719, 0.6265948840420352, 0.2973591233781471, 0.2136059228368623, 2,10, 2
0.8257167564691014, 0.5894638604323594, 0.2879453364949844, 0.21069890150646206, 0,10, 0
0.8327013902747289, 0.5877574238885993, 0.26287731679251897, 0.20003577480955378, 0,10, 0
0.8296414554646444, 0.5877721148892532, 0.27434267204910123, 0.2033940600111854, 1,10, 1
0.8363600079824386, 0.5549550126382197, 0.2542115764831933, 0.19699046097680362, 0,10, 0
0.8332335528503958, 0.5588376596685938, 0.2647586359088473, 0.2009244474447223, 0,10, 0
0.8352291625091466, 0.5543217921143115, 0.2704911105529555, 0.19984629755867772, 2,10, 2
0.8406838289097319, 0.5430944389178258, 0.251207992452546, 0.19868718422012546, 2,10, 2
0.8417481540610656, 0.5277929918793293, 0.24672535656143935, 0.193416805894818, 0,10, 0
0.8456728530566088, 0.5227817659386245, 0.2412182426873496, 0.19197098438167579, 2,10, 2
0.8459389343444422, 0.5174667925773735, 0.24209539064428343, 0.194976883441936, 0,10, 0
0.8474023814275261, 0.4995473900764305, 0.2425574666345173, 0.19259831603552147, 1,10, 1
0.8515266413889443, 0.47844183997148226, 0.23448114841198375, 0.18781360072081146, 0,10, 0
0.8500631943058604, 0.48690807467185276, 0.2506917294268528, 0.1923119057745444, 1,10, 1
0.8460054546664005, 0.49219188666834546, 0.26559119378335905, 0.1965128749673115, 0,10, 0
0.8545200558770705, 0.466044439146142, 0.23134435442953613, 0.18874098393707484, 0,10, 0
0.8571808687554048, 0.45536866329675063, 0.22438902999966007, 0.18508090176483183, 0,10, 0
0.8583117142286969, 0.4612466794659182, 0.214368583506256, 0.17696530044522307, 0,10, 0
0.8585112751945719, 0.4509829528999775, 0.21579720947647535, 0.18187710612918193, 1,10, 1
0.8625024945120734, 0.45174658893646114, 0.2138701407384939, 0.18029257721428274, 0,10, 0
0.8589769174482804, 0.44780360517631346, 0.22908665270559628, 0.1832092445576539, 0,10, 0
0.8654293886782412, 0.4387380549629322, 0.20633217206721063, 0.1727320125082695, 1,10, 1
0.8631011774096987, 0.4373069917345509, 0.20975134058265257, 0.17229166114486663, 0,10, 0
0.8627685757999068, 0.42504925226286133, 0.21259637060050862, 0.17542539654299752, 0,10, 0
0.8640324619171157, 0.42388829464405037, 0.22147687005204378, 0.1743139761332439, 1,10, 1
0.8630346570877403, 0.4179040141736891, 0.2134982748174501, 0.17463933533372442, 0,10, 0
0.8655624293221579, 0.4145085657318186, 0.20934188884317076, 0.17263645376947817, 1,10, 1
0.8658285106099913, 0.4095477928616779, 0.20823627482376866, 0.16794849947154522, 2,10, 2
0.8664271935076165, 0.4028781713252457, 0.20479207463580587, 0.16929179477047065, 1,10, 1
0.8656289496441163, 0.40027495776424643, 0.21253079116776025, 0.17047479435686771, 0,10, 0
0.8700192908933679, 0.39577973352305534, 0.19486966959894444, 0.16359717417794964, 1,10, 1
0.8701523315372847, 0.39239917811903313, 0.19857904018877406, 0.1669568183212312, 1,10, 1
0.8714162176544934, 0.39118634110455586, 0.19632281216412026, 0.1625167150509727, 1,10, 1
0.8697532096055345, 0.3871493387575629, 0.20426232902076025, 0.1694507337883414, 0,10, 0
0.8714827379764518, 0.3811760463563726, 0.19518004846692802, 0.16304507882315294, 0,10, 0
0.8707510144349099, 0.3821764861480632, 0.2026771447416386, 0.1670265314141188, 0,10, 0
0.8738109492449944, 0.3776044236746447, 0.19006521879774657, 0.16142295546070357, 0,10, 0
0.8714162176544934, 0.3796847386105295, 0.19958171349853665, 0.16244667430315382, 0,10, 0
0.8729461850595357, 0.3773782183967051, 0.19951832430102218, 0.1669684222356953, 0,10, 0
0.8726135834497439, 0.37281852844999325, 0.1925156348564173, 0.1645024401045147, 0,10, 0
0.8738774695669527, 0.37509168204603477, 0.19697732171991356, 0.16015849854651137, 0,10, 0
0.8748087540743698, 0.3732160022956002, 0.1927657988374559, 0.15818262213046844, 0,10, 0
0.8748087540743698, 0.3729215827131323, 0.1960865298253281, 0.1633649372239037, 0,10, 0
0.875407436971995, 0.3655402751226563, 0.18944268399604755, 0.16265297190563402, 0,10, 0
0.8758065589037451, 0.3688683417250791, 0.18519467208312768, 0.15608655052179676, 0,10, 0
0.8752743963280782, 0.3681207063748965, 0.19793920985344016, 0.15897830310949096, 0,10, 0
0.8759395995476618, 0.3619588998783476, 0.18877316588896445, 0.16301562628299857, 0,10, 0
0.8788664937138295, 0.36255283406993594, 0.1828191151868192, 0.1583272165756141, 0,10, 0
0.8774695669527041, 0.3570513992437053, 0.18176695459301562, 0.15426464967735953, 0,10, 0
0.8773365263087873, 0.3569330013293244, 0.18418943151647924, 0.15639248733682806, 0,10, 0
0.8787334530699129, 0.3583008026926887, 0.19008491321567916, 0.1559220336192447, 0,10, 0
0.8797977782212466, 0.35328810139383066, 0.18900227299955671, 0.1573849532503241, 1,10, 1
0.8770704450209539, 0.35467078367116855, 0.19016897187343956, 0.15414787825925516, 0,10, 0
0.8793986562894964, 0.34854119264725847, 0.1756984406957368, 0.15267285505326073, 0,10, 0
0.8799308188651633, 0.34779933841033783, 0.18224023282106716, 0.1493303612223241, 0,10, 0
0.8808621033725803, 0.35025779635658755, 0.18135580193043377, 0.14702796200289353, 0,10, 0
0.8803964611188718, 0.34875352043042795, 0.1815267170374254, 0.14883020540338435, 1,10, 1
0.8804629814408301, 0.34915440070226017, 0.1845866141279662, 0.15251429388666896, 0,10, 0
0.8799973391871216, 0.3491107169284239, 0.1831153069731787, 0.15011940324132214, 1,10, 1
0.8821259894897892, 0.34165874874807894, 0.1752804920722335, 0.14674275525562208, 0,10, 0
0.8838555178607065, 0.3366827720493331, 0.17165597969651164, 0.1499872343681386, 1,10, 1
0.8823920707776226, 0.3397609570228987, 0.18092497593131568, 0.1493949362136373, 2,10, 2
0.8815938269141222, 0.3416376791860789, 0.18210638300051968, 0.1512174001397723, 0,10, 0
0.8803299407969134, 0.34384983061776275, 0.18883211315896287, 0.15758065458062684, 2,10, 2
0.8809286236945387, 0.3407432753542397, 0.18158526250022405, 0.1547311285592862, 0,10, 0
0.8829242333532894, 0.33585703927076205, 0.16795111689901895, 0.14245210175439765, 0,10, 0
0.8832568349630813, 0.3331583888479905, 0.17483276124199634, 0.1497358949157591, 1,10, 1
0.8829907536752478, 0.3335575724202719, 0.17068513836479313, 0.14491016126277956, 0,10, 0
0.8831903146411229, 0.3354028072527262, 0.179321736014839, 0.1471967603382809, 0,10, 0
0.8841881194704982, 0.33160360575983167, 0.16910355867029905, 0.1435444744168701, 0,10, 0
0.8844542007583317, 0.3324676432576222, 0.1694316972186015, 0.1450535390960257, 1,10, 1
0.8860506884853323, 0.329427394777724, 0.16521355519175093, 0.14146382223903387, 0,10, 0
0.8859841681633739, 0.3294279956496832, 0.1659642267832584, 0.14428381256181086, 0,10, 0
0.8854520055877071, 0.3314577428910868, 0.16869382993682067, 0.1491681052737496, 0,10, 0
0.8870484933147077, 0.3295301984255175, 0.16901762098125717, 0.14095664612285266, 0,10, 0
0.886183729129249, 0.3260736384023493, 0.1734050794430283, 0.1458546182182679, 0,10, 0
0.8866493713829575, 0.325904080478442, 0.17116130486901937, 0.138236823051273, 0,10, 0
0.8875806558903745, 0.3232499023504077, 0.17145746817146587, 0.1438691533339008, 0,10, 0
0.8873810949244995, 0.3254814262333269, 0.17252617494813616, 0.14012075378909997, 0,10, 0
0.8861172088072906, 0.33001084989463225, 0.17509111029032468, 0.14156012377125823, 0,10, 0
0.8868489323488326, 0.32771336394719025, 0.16984645077221205, 0.14314307058250292, 0,10, 0
0.10077828776691279, 2.303736140292966, 0.8944213325400786, 0.36684194226088074, 0,10, 0
0.23415153329342114, 2.054861341611216, 0.811168812320546, 0.5256027058450732, 3,10, 3
0.4573272134637132, 1.641030678246412, 0.6686215289533337, 0.43514076229284826, 1,10, 1
0.5174615845140691, 1.4957132506782922, 0.6285115615919297, 0.40911432659632074, 1,10, 1
0.5801902481208009, 1.3299539520658212, 0.5558240410977199, 0.2888935957769921, 4,10, 4
0.6760460320627952, 1.1549066482929886, 0.48946040786436, 0.2593399996993526, 2,10, 2
0.6503691877868689, 1.0718231781256422, 0.46651689598438767, 0.2762533162973473, 0,10, 0
0.7208142087407703, 0.911567597953184, 0.4400783373699237, 0.26309027346425246, 2,10, 2
0.7320561431517328, 0.8731967918106763, 0.4082921420985791, 0.2402867807746697, 3,10, 3
0.7523448413490321, 0.8282354923694745, 0.40293853911343275, 0.24874944018078857, 1,10, 1
0.777023880795583, 0.7845969566455961, 0.3934359231851106, 0.2472475234041533, 2,10, 2
0.780549457859376, 0.7801502366545434, 0.38583899288379714, 0.25084115849541844, 1,10, 1
0.775161311780749, 0.7725249201735298, 0.37021204790352613, 0.2518173672427194, 0,10, 0
0.7917913922703386, 0.7320959888258203, 0.3223932720654649, 0.21977749008035338, 2,10, 2
0.8056941395596354, 0.6832012932691249, 0.3166963649555259, 0.21052789654957008, 1,10, 1
0.8015033592762589, 0.6915601781940056, 0.3338119444659818, 0.22447561930881238, 1,10, 1
0.8052284973059269, 0.6618744809369501, 0.3130338673356572, 0.20874685076761165, 1,10, 1
0.7984434244661744, 0.6739001433057309, 0.32248833717527203, 0.2216452846411428, 1,10, 1
0.8092197166234285, 0.6511757459953068, 0.3079385253665856, 0.20899472367542507, 0,10, 0
0.8164704317168895, 0.6069941675446204, 0.2947856662696793, 0.20809447449942614, 0,10, 0
0.8181999600878068, 0.6035098664226862, 0.3055227718868569, 0.2149050394087736, 2,10, 2
0.8231224639127254, 0.5870697074851526, 0.27050598505089535, 0.1982881933645256, 0,10, 0
0.8232555045566421, 0.5848344109465446, 0.27579713626258057, 0.1982583665545215, 1,10, 1
0.8262489190447682, 0.5662905811192561, 0.2815023116825271, 0.20098847172085685, 0,10, 0
0.8278454067717688, 0.5592171405003585, 0.2694148394081749, 0.19338097491833828, 3,10, 3
0.8272467238741436, 0.554418671349907, 0.27229692617088846, 0.19793320126627134, 0,10, 0
0.828444089669394, 0.5481051934152049, 0.2743833559037516, 0.19485808114140343, 2,10, 2
0.8309718619038116, 0.5292492316203787, 0.27539666837837923, 0.19701051124352845, 1,10, 1
0.8316370651233952, 0.5176687655147664, 0.25976847675203285, 0.19314843825218334, 0,10, 0
0.833832235748021, 0.516272969309327, 0.269120670599567, 0.19773119654474858, 0,10, 0
0.8370252112020222, 0.510253289881971, 0.2531400476553631, 0.1895442656571116, 0,10, 0
0.8378234550655225, 0.5019820558162075, 0.2480457461026754, 0.19056617605022005, 0,10, 0
0.8389543005388146, 0.49625398893819, 0.2596448468071264, 0.19542909798547925, 0,10, 0
0.8424798776026076, 0.4803497471694399, 0.2520526591522572, 0.1907429880326947, 0,10, 0
0.8420142353488991, 0.4740463559619664, 0.25209197791747245, 0.18883675826161542, 1,10, 1
0.8444089669394, 0.4765140923774048, 0.2509843098302487, 0.18736083288844013, 0,10, 0
0.845140690480942, 0.47430645120924736, 0.2528906082107046, 0.18573328064792607, 0,10, 0
0.8458724140224839, 0.4657241737965306, 0.23646604401773, 0.18138186216810595, 1,10, 1
0.8483336659349431, 0.45973766038477754, 0.24267571378414954, 0.18047616120536325, 1,10, 1
0.84886582851061, 0.45602576291246, 0.2454382484024878, 0.18385096087775885, 0,10, 0
0.8491984301204017, 0.44883825779315933, 0.25469325054342606, 0.1902638014764821, 0,10, 0
0.8515931617109027, 0.451207949601092, 0.24021212674373174, 0.18319179021848517, 2,10, 2
0.8548526574868622, 0.44117802905668363, 0.2320827259598753, 0.18140780138938348, 0,10, 0
0.8531896494379033, 0.4430647283262474, 0.23842335584482555, 0.18316077071292866, 1,10, 1
0.8536552916916118, 0.4408665747195255, 0.23743751359294446, 0.17933217148435165, 2,10, 2
0.8584447548726136, 0.4265821100655935, 0.22027523492547726, 0.17502210587179817, 0,10, 0
0.858710836160447, 0.4230404317715047, 0.2182106762305963, 0.17181340841832626, 1,10, 1
0.8597086409898224, 0.42203278303328057, 0.22843628255514353, 0.17119835824945354, 0,10, 0
0.8589769174482804, 0.4185538510880348, 0.22215298385187487, 0.17204955766016808, 0,10, 0
0.8627685757999068, 0.409998040660732, 0.21154544031716122, 0.1712314379980528, 0,10, 0
0.8641655025610324, 0.4043648139142533, 0.2075309836701108, 0.16899690777220833, 0,10, 0
0.8636998603073239, 0.40605932319900717, 0.22000121781764048, 0.169269913714263, 0,10, 0
0.8661611122197831, 0.39562560491986243, 0.20164132630798143, 0.16648193798215943, 0,10, 0
0.8646311448147409, 0.3981057348804773, 0.21828980014193838, 0.17025534666620504, 1,10, 1
0.8670923967272002, 0.3930435955733768, 0.2038751880633418, 0.16479215074052508, 0,10, 0
0.8686888844542008, 0.3912130754728972, 0.2090269015224898, 0.17046912560003794, 0,10, 0
0.8676910796248254, 0.38660697337762157, 0.2045846290814253, 0.1658474422457653, 0,10, 0
0.869287567351826, 0.38409663141939526, 0.19385190858600143, 0.16049525839147782, 0,10, 0
0.869287567351826, 0.3817160932272898, 0.19693983361122705, 0.16499456107471747, 0,10, 0
0.8712831770105768, 0.3789394211083718, 0.19203593455375245, 0.16067622738594156, 0,10, 0
0.8703518925031597, 0.3778741969484709, 0.19342051789529088, 0.1617770690898001, 0,10, 0
0.872081420874077, 0.3762315831692179, 0.1863153037657401, 0.16213661026503032, 0,10, 0
0.8718153395862436, 0.3768693933463315, 0.19402520859331612, 0.16053537415209632, 0,10, 0
0.8712831770105768, 0.3755531094455488, 0.190386663779763, 0.1590715627897269, 0,10, 0
0.8724805428058272, 0.373494950136234, 0.18820273060487708, 0.15848286114376944, 0,10, 0
0.8736113882791192, 0.36607430438733013, 0.1918364464359994, 0.16305797484098605, 0,10, 0
0.8717488192642853, 0.36938120996823065, 0.1966809717218917, 0.15978890134530832, 0,10, 0
0.8743431118206613, 0.36850283824992736, 0.1867053217261996, 0.15856496537155218, 0,10, 0
0.8749417947182865, 0.36379091900063376, 0.1886189631589905, 0.15713171603597192, 0,10, 0
0.8749417947182865, 0.36137785366890945, 0.18664061475169383, 0.15170275162902666, 0,10, 0
0.8727466240936607, 0.3636654865940452, 0.19550019036417216, 0.15503379300878295, 1,10, 1
0.8740105102108694, 0.3650519050217388, 0.1922101257678631, 0.15136813868837984, 0,10, 0
0.8729461850595357, 0.36863725012194043, 0.18967846571743371, 0.1520506616566698, 0,10, 0
0.8749417947182865, 0.3610835292686994, 0.19203648487101835, 0.15260067044214895, 0,10, 0
0.8755404776159117, 0.3602301975791016, 0.1927510154039973, 0.15552996582876166, 2,10, 2
0.8761391605135369, 0.35897521397207127, 0.18645058872393414, 0.15506293893327433, 0,10, 0
0.8769374043770372, 0.36168085875136446, 0.19109074891945851, 0.15657815369344893, 1,10, 1
0.8789330140357879, 0.35391711224216005, 0.18057878114866083, 0.15180098945505616, 1,10, 1
0.8765382824452871, 0.3555185534223927, 0.18916384386983828, 0.15802314728425526, 1,10, 1
0.8762722011574536, 0.35690296537587346, 0.1883826780935033, 0.1513808245890272, 0,10, 0
0.878201290494246, 0.3489887095655193, 0.1749651053102404, 0.154731457465259, 1,10, 1
0.879132575001663, 0.34774821757603847, 0.172331221715213, 0.15186213264638163, 0,10, 0
0.8803299407969134, 0.34751505566841995, 0.17159711129412497, 0.14910810392086696, 0,10, 0
0.8796647375773299, 0.3477115226434641, 0.18361299519524432, 0.15465946726642832, 0,10, 0
0.8803964611188718, 0.3447751912646302, 0.18124784544700262, 0.15111100681371561, 0,10, 0
0.8791990953236214, 0.34372035828393, 0.17340604015860425, 0.1522124931158143, 0,10, 0
0.8805295017627885, 0.3433309563626459, 0.17591588157123933, 0.1496774082355356, 0,10, 0
0.8803299407969134, 0.3451225181580104, 0.16779109816033816, 0.14739843759721763, 1,10, 1
0.8809286236945387, 0.3453555677710062, 0.17530633197846057, 0.14626844804653094, 0,10, 0
0.8813277456262888, 0.33834685103163514, 0.17636127072876673, 0.15295355390184953, 0,10, 0
0.8805295017627885, 0.34049356191714075, 0.1729735983316323, 0.14669053684032163, 1,10, 1
0.8804629814408301, 0.34090241336575405, 0.17684825943649518, 0.1490285807943013, 0,10, 0
0.8806625424067053, 0.33869985978922845, 0.1751350485141046, 0.14828507642769156, 0,10, 0
0.8815938269141222, 0.34013919306868523, 0.18038109381256878, 0.14253234425003158, 0,10, 0
0.8821259894897892, 0.33617427462755395, 0.17532704062392185, 0.15015956883975037, 0,10, 0
0.881926428523914, 0.3395200974430112, 0.17686331004995068, 0.1478048017276957, 0,10, 0
0.8831237943191645, 0.33644494925618496, 0.17607062746468563, 0.15069762966592928, 0,10, 0
0.8839885585046232, 0.3370864438538083, 0.1691918376271052, 0.14800254206532618, 0,10, 0
0.8851859242998736, 0.33050032620848796, 0.1670051081456046, 0.14950015346186069, 0,10, 0
0.8834563959289563, 0.33187186032085014, 0.1681350533928283, 0.14951922213952393, 0,10, 0
0.8837889975387481, 0.33327290425722866, 0.16763478017811306, 0.14494543362420204, 0,10, 0
0.10077828776691279, 2.303736140292966, 0.8944213325400786, 0.36684194226088074, 0,10, 0
0.2598948978913058, 2.119528204307722, 0.7165365966921704, 0.35165953186275106, 2,10, 2
0.2845074170158984, 2.0670144941551474, 0.7300491466056102, 0.47114835883471834, 2,10, 2
0.36153794984367726, 1.9289634967746798, 0.6508329853646625, 0.3763254833090893, 2,10, 2
0.5068183330007318, 1.5452040700945202, 0.5438130686462312, 0.2700262319549507, 2,10, 2
0.5596354686356682, 1.3760249967454543, 0.5489530593078136, 0.30764698735770785, 2,10, 2
0.5751347036519657, 1.2749953066702595, 0.514558677895094, 0.31028952142854044, 2,10, 2
0.6167099048759396, 1.1631665481069378, 0.4792831986870636, 0.26978192246386856, 3,10, 3
0.6088605068848533, 1.1725817945474544, 0.4951144140381956, 0.2857196943575095, 0,10, 0
0.629415286369986, 1.092877909921406, 0.480296689349534, 0.2818858812556693, 0,10, 0
0.696800372513803, 0.9261994016345646, 0.41089070042533843, 0.2501466837624539, 1,10, 1
0.7401051021086942, 0.811161736584918, 0.4120018896443792, 0.2653123797207544, 1,10, 1
0.7462914920508216, 0.7998294589628225, 0.39948926753616454, 0.26319332948663837, 2,10, 2
0.7475553781680303, 0.7768535634816028, 0.38650969393480716, 0.2448021493514245, 4,10, 4
0.7746291492050822, 0.7001477838169643, 0.3478238979572207, 0.2333361356353405, 0,10, 0
0.7762256369320828, 0.696492256354801, 0.3259502163796185, 0.22143272179833695, 0,10, 0
0.7828111488059603, 0.6637019989097601, 0.33247502754392527, 0.22836117769632072, 2,10, 2
0.7941196035388811, 0.6250665108119134, 0.30392445808120383, 0.21453247012520987, 2,10, 2
0.7933878799973392, 0.6278605342184016, 0.3049558401262946, 0.21729037040124313, 0,10, 0
0.791857912592297, 0.6254878923684933, 0.29677559915135027, 0.21087625706335736, 1,10, 1
0.7959821725537152, 0.6131470149877224, 0.28807445278848315, 0.21563105551892858, 0,10, 0
0.7967804164172154, 0.6014880893034902, 0.2803430889234478, 0.20917720828709693, 2,10, 2
0.8083549524379698, 0.5866381749233472, 0.27427258773786883, 0.2079040147901229, 2,10, 2
0.8040976518326348, 0.595314841722943, 0.2905170198083488, 0.21004542799599035, 1,10, 1
0.8180669194438901, 0.5583534051865572, 0.30163556090640764, 0.21592663707714832, 0,10, 0
0.816004789463181, 0.5567335698113549, 0.2979756951855157, 0.2189687876064521, 0,10, 0
0.8219916184394332, 0.5432909157911239, 0.2889115881765159, 0.21142315623697058, 4,10, 4
0.8301736180403113, 0.5231187538078972, 0.27290771383918616, 0.20749107149485208, 0,10, 0
0.8291092928889776, 0.519781205216431, 0.25605301081261367, 0.20129577402179538, 0,10, 0
0.8321692276990621, 0.5068229954509488, 0.2636046337994929, 0.20177467880214237, 0,10, 0
0.8358943657287301, 0.49146995618103395, 0.2612184060333264, 0.19962939264306762, 1,10, 1
0.8375573737776891, 0.4907922381477228, 0.257725269360731, 0.20014379943257432, 0,10, 0
0.8382225769972727, 0.4896193331401753, 0.24580905516595133, 0.19361541032207208, 1,10, 1
0.8412159914853988, 0.4802779046757695, 0.24263748556933856, 0.19450397093917007, 0,10, 0
0.8421472759928158, 0.47889909567956385, 0.24112855998495622, 0.19394085310956286, 0,10, 0
0.842745958890441, 0.4756547905378488, 0.24349663062486826, 0.19860705635951847, 0,10, 0
0.8489323488325683, 0.46286678158388883, 0.22953499925719123, 0.18608301286298568, 0,10, 0
0.8428124792123994, 0.4645874916255397, 0.25230220914310864, 0.19707554438242958, 1,10, 1
0.8454732920907337, 0.4623910655654296, 0.24733847012188215, 0.19152015634614072, 0,10, 0
0.8477349830373179, 0.4527175741649721, 0.2368582801646651, 0.19029833945582664, 0,10, 0
0.8465376172420674, 0.4492498571309369, 0.24493162369173, 0.1912313189428564, 2,10, 2
0.8484667065788598, 0.4491269342666473, 0.24675971499755867, 0.1924699112582041, 0,10, 0
0.8519922836426528, 0.4416161222537614, 0.2288449687722808, 0.1818431942507681, 0,10, 0
0.8565821858577796, 0.4357799838768149, 0.22038140598510825, 0.1800995319620608, 3,10, 3
0.8594425597019889, 0.42783013857798285, 0.21940830636325515, 0.17989901766450106, 1,10, 1
0.8599082019556975, 0.4218280378614447, 0.21711232158600302, 0.17739270774159688, 1,10, 1
0.8585777955165304, 0.42492835909979126, 0.21787478860677317, 0.18019215294749233, 0,10, 0
0.860573405175281, 0.41733491760195457, 0.21732397202598874, 0.17634109412214635, 0,10, 0
0.8601742832435308, 0.41671822155161364, 0.22232045989044097, 0.17951174777157866, 0,10, 0
0.8597751613117808, 0.4127970655432385, 0.22550529175877113, 0.18257662407002426, 2,10, 2
0.8571143484334465, 0.41542419633346295, 0.22788018919240577, 0.18079865229394515, 0,10, 0
0.8599082019556975, 0.410391737876983, 0.21028980359230526, 0.1719617449439794, 0,10, 0
0.8632342180536153, 0.4031659576476635, 0.21287343923719465, 0.1756097146625963, 0,10, 0
0.8648307057806159, 0.3973181882140566, 0.2082593684159941, 0.17503612296058718, 0,10, 0
0.8643650635269075, 0.3948207174518562, 0.20986579288716353, 0.1715776151487233, 0,10, 0
0.8648307057806159, 0.39757223617565546, 0.2018248005936003, 0.17019614019955132, 0,10, 0
0.8670258764052418, 0.3912161522000023, 0.20734592086358108, 0.16496190706129432, 0,10, 0
0.866892835761325, 0.3907846701589328, 0.1961482001258403, 0.16640574580030681, 0,10, 0
0.8682897625224506, 0.3876220587728507, 0.19977904019228007, 0.16556212664808775, 1,10, 1
0.8670258764052418, 0.3888639064368762, 0.20148681688152015, 0.16438934142114964, 0,10, 0
0.8689549657420342, 0.38355147996213185, 0.2046266232603818, 0.16518946501983794, 0,10, 0
0.869287567351826, 0.3840537288880876, 0.19504661838751683, 0.16702728708528763, 0,10, 0
0.8697532096055345, 0.38363539206429875, 0.1932412791260926, 0.16424373022460542, 0,10, 0
0.8712166566886184, 0.3802260122797544, 0.1915863901320925, 0.16215330166196376, 0,10, 0
0.8718153395862436, 0.3778204453783144, 0.18715848613092978, 0.1630257814767654, 0,10, 0
0.8719483802301603, 0.37274045817367385, 0.20052030534022605, 0.1652132566774856, 0,10, 0
0.8720149005521187, 0.3743234507673518, 0.2007461705720229, 0.1601779892014517, 0,10, 0
0.872081420874077, 0.37025366900517886, 0.18951847418044399, 0.1609155369184917, 0,10, 0
0.873012705381494, 0.37254329270309816, 0.19398705980098768, 0.15660304343292944, 0,10, 0
0.872813144415619, 0.3701673920647046, 0.1956304395602058, 0.16326401206677346, 0,10, 0
0.8752743963280782, 0.3682326813145514, 0.1858361205262677, 0.1578972827387195, 0,10, 0
0.8741435508547861, 0.36715046908486465, 0.1881096782819958, 0.15526243434710704, 0,10, 0
0.8754739572939533, 0.3629426075839504, 0.1848494587347399, 0.15838132082578654, 0,10, 0
0.8736779086010776, 0.36430939913370486, 0.1961862753860602, 0.16115366142419657, 0,10, 0
0.8757400385817867, 0.3628362221950254, 0.1886941553112562, 0.15334035166669457, 0,10, 0
0.8762722011574536, 0.3599474677822387, 0.18583861221738704, 0.16039850821815146, 0,10, 0
0.877270005986829, 0.35874937214863717, 0.1873254041061772, 0.15658506335684225, 3,10, 3
0.8777356482405375, 0.35643032416467196, 0.18721706245208647, 0.15377883686435637, 1,10, 1
0.8775360872746624, 0.35383203926155465, 0.18911305669666742, 0.15420738087999325, 2,10, 2
0.8778021685624958, 0.3531134524587632, 0.18499910255066956, 0.15607032356771666, 1,10, 1
0.8785338921040378, 0.35369825589963677, 0.18899196432444484, 0.15584740695423613, 0,10, 0
0.8770704450209539, 0.35545869084773773, 0.18752468121012097, 0.15672243142577463, 0,10, 0
0.8789995343577462, 0.35175419472167746, 0.19055387848689698, 0.15401608356115515, 1,10, 1
0.8793986562894964, 0.35023660437105153, 0.18227309214741638, 0.1517486526352519, 1,10, 1
0.8789995343577462, 0.3507011035547082, 0.18382622755483355, 0.15310464677807675, 0,10, 0
0.8813277456262888, 0.34660884315579654, 0.17708541469467334, 0.1496549155366916, 0,10, 0
0.8813942659482472, 0.3464614140018518, 0.17404829412209227, 0.15150516282303625, 0,10, 0
0.8804629814408301, 0.3461984778818722, 0.18206047543243634, 0.15238271284018487, 0,10, 0
0.8805295017627885, 0.34180945933022505, 0.17813949365228054, 0.15256592118048024, 0,10, 0
0.8816603472360807, 0.34161075149984077, 0.17729336877055663, 0.14809914566827717, 0,10, 0
0.8815938269141222, 0.34295830389418674, 0.18303605410753285, 0.15404748292783338, 0,10, 0
0.8824585910995809, 0.3393362523972421, 0.18047277455316582, 0.14640649658481153, 0,10, 0
0.881726867558039, 0.33947407442277633, 0.17962603664460486, 0.14841801038697408, 0,10, 0
0.8811947049823721, 0.34051458196269924, 0.17673386815843106, 0.14628539485353123, 0,10, 0
0.8799973391871216, 0.3436021907697506, 0.18288696787887873, 0.14841810070326972, 0,10, 0
0.881926428523914, 0.3421817283874108, 0.1803254787306382, 0.1503822783823746, 0,10, 0
0.8822590301337059, 0.33469214003507747, 0.1733436868775459, 0.14871671830423397, 0,10, 0
0.8847868023681235, 0.3345329090764697, 0.16591324400220217, 0.14273643782013976, 0,10, 0
0.8839220381826648, 0.3388855774412497, 0.1710030141011446, 0.1431849518348545, 1,10, 1
0.8845872414022484, 0.33508931765436084, 0.1691410529707827, 0.14386892218499278, 0,10, 0
0.8842546397924566, 0.335074699651696, 0.1735197869367587, 0.14461762412037166, 0,10, 0
0.10077828776691279, 2.303736140292966, 0.8944213325400786, 0.36684194226088074, 0,10, 0
0.25962881660347237, 2.0693703309144595, 0.7808472690225993, 0.5108823867502211, 3,10, 3
0.3969932814474822, 1.7039866287563326, 0.7190505106204406, 0.473070060032565, 0,10, 0
0.6200359209738575, 1.3329143374574723, 0.5546671608163419, 0.2983143434987282, 2,10, 2
0.640723741102907, 1.2005313392255255, 0.5522357046763581, 0.3350403720484735, 3,10, 3
0.6894166167764252, 1.064407273227589, 0.49679970596520434, 0.26339656793524474, 1,10, 1
0.723741102906938, 0.9693677169239527, 0.4401728065057495, 0.2625251091262342, 2,10, 2
0.7284640457659816, 0.9236223463368717, 0.4162236182098238, 0.2650298885960066, 2,10, 2
0.7430319962748619, 0.8625760649241145, 0.41807564257877466, 0.26575793381167895, 1,10, 1
0.7682431982970798, 0.7869077170463346, 0.40510806139553357, 0.2632400388370116, 0,10, 0
0.7664471496042041, 0.7862328588522077, 0.40131234160617396, 0.2575603278393858, 3,10, 3
0.789263620035921, 0.7128362202616699, 0.36097137614847524, 0.2394524193456651, 2,10, 2
0.7841415552451274, 0.6932513682642816, 0.3542679292121889, 0.24162761676913622, 1,10, 1
0.8055610989157187, 0.6582208170404308, 0.3233958745433151, 0.23158770329782855, 3,10, 3
0.8025676844275926, 0.6476001301389581, 0.3632710472262691, 0.2433922030196602, 0,10, 0
0.798177343178341, 0.6305281003293259, 0.33358126612879535, 0.23831360223800693, 1,10, 1
0.7999068715492583, 0.6122767460820532, 0.3180179928466887, 0.22593090501300178, 2,10, 2
0.7969134570611321, 0.6136920848169458, 0.32973087523281946, 0.22936652062761698, 0,10, 0
0.7893966606798377, 0.6180316831901842, 0.3485673750284425, 0.2378204443668817, 0,10, 0
0.8092197166234285, 0.5852878917506724, 0.30308930943477047, 0.2196212152371413, 0,10, 0
0.8138761391605135, 0.5856665024480326, 0.3042651605892105, 0.22255101507539696, 1,10, 1
0.8192642852391405, 0.5738184484164219, 0.30309994708936616, 0.21655966178591057, 1,10, 1
0.8246524313177676, 0.5588529198969847, 0.2893235535188244, 0.21506343732696126, 0,10, 0
0.8307057806159782, 0.5357224190061437, 0.26876052093156116, 0.2049542514371422, 1,10, 1
0.8271802035521852, 0.5310635317295703, 0.2779118318547463, 0.20713532038198565, 0,10, 0
0.8264484800106433, 0.5290764995115734, 0.2852332309763266, 0.21839180519527188, 2,10, 2
0.8325018293088539, 0.5225834876819161, 0.268107965229011, 0.20762903266067897, 1,10, 1
0.8366926095922305, 0.5084913199393931, 0.24997961436460853, 0.20311549292684059, 1,10, 1
0.8384886582851061, 0.502680673797696, 0.2514603810544934, 0.19527857199735774, 0,10, 0
0.8405507882658152, 0.49417579495196406, 0.25806568949297415, 0.2029374819643737, 0,10, 0
0.83995210536819, 0.4883736206970479, 0.2504925340537852, 0.1968009392711687, 1,10, 1
0.8415485930951906, 0.48073709611838206, 0.2574665261349143, 0.20022041508530578, 0,10, 0
0.8428124792123994, 0.4805089616675833, 0.24687087068893854, 0.2007552223880658, 1,10, 1
0.8441428856515666, 0.4729988567976733, 0.24328231418517698, 0.19365418509384016, 0,10, 0
0.8458724140224839, 0.4704534078534946, 0.24133765354164335, 0.19137085578918658, 0,10, 0
0.8489323488325683, 0.45982848585241026, 0.23669833646427724, 0.19106438202292853, 1,10, 1
0.8467371782079425, 0.45482253023765873, 0.235165957382241, 0.19551033595188394, 0,10, 0
0.8491984301204017, 0.45407502971717467, 0.24262010733097075, 0.18953208292083176, 1,10, 1
0.8519257633206945, 0.44960121969891187, 0.23113539582800766, 0.18432158971079066, 0,10, 0
0.8557174216723209, 0.43860771366415635, 0.2297794854372829, 0.18716357593731484, 0,10, 0
0.8561830639260294, 0.43336691256632587, 0.2240763033379198, 0.1837881574792325, 0,10, 0
0.852391405574403, 0.43403139803119406, 0.23415869296752487, 0.18995768445730768, 0,10, 0
0.8574469500432382, 0.42186572714593196, 0.21837068694955752, 0.1792313743325301, 0,10, 0
0.8563161045699461, 0.42187758117938473, 0.23347960104178764, 0.18155545516887772, 2,10, 2
0.8569813077895297, 0.41690398774036963, 0.23702492114027846, 0.18625223129252344, 2,10, 2
0.8599747222776558, 0.411990268936951, 0.22148608982207535, 0.18084910326755974, 1,10, 1
0.8603073238874476, 0.4120156273291192, 0.23107869907184816, 0.17602073222265702, 0,10, 0
0.858710836160447, 0.40870395549957417, 0.22537287450444443, 0.17805459321832542, 1,10, 1
0.8630346570877403, 0.40663111124705564, 0.2305165631334384, 0.17399302642978234, 0,10, 0
0.8636333399853655, 0.4003884035920189, 0.21763691657901837, 0.17429989874907417, 0,10, 0
0.8625690148340318, 0.4070635503868167, 0.2275028885447195, 0.17769041757232557, 0,10, 0
0.8640324619171157, 0.40122885870276753, 0.2310032440431268, 0.18142885014916843, 0,10, 0
0.8656954699660746, 0.39023761470493684, 0.2102642675978506, 0.1735425046684918, 0,10, 0
0.8642985432049491, 0.3912200354304029, 0.2110720581733288, 0.1700530744394059, 1,10, 1
0.8682897625224506, 0.3842523881121682, 0.20603840094523768, 0.1695507217831471, 0,10, 0
0.867624559302867, 0.38404983689993755, 0.201191727190133, 0.1695218267465719, 1,10, 1
0.8679571609126588, 0.3833673957419548, 0.20219996587907071, 0.16893883090478784, 0,10, 0
0.8706179737909931, 0.3806368131547923, 0.1989589450925215, 0.16836839258879072, 0,10, 0
0.8696866892835762, 0.3770495967471003, 0.19598420924255283, 0.1657034493212438, 0,10, 0
0.8684893234883256, 0.3780742742999669, 0.20548945227362733, 0.1670141040727022, 0,10, 0
0.8684228031663673, 0.3779235847953664, 0.2050355617403656, 0.16489816834768461, 0,10, 0
0.8710170957227433, 0.37591693773609935, 0.20365578283258473, 0.16510188435866952, 0,10, 0
0.8710836160447016, 0.37059592820774534, 0.19477952056725056, 0.159485887922241, 0,10, 0
0.8714827379764518, 0.37004186244972387, 0.19833132854083743, 0.16200028691653898, 0,10, 0
0.8724140224838688, 0.3688685131209065, 0.19678053850292848, 0.16191354507063668, 0,10, 0
0.8718153395862436, 0.37197875054979873, 0.2025417086146807, 0.16638458294323794, 0,10, 0
0.8734783476352026, 0.3653078841291467, 0.19463586950812947, 0.1607757194575863, 0,10, 0
0.8740770305328278, 0.3606218097525001, 0.191584747835505, 0.15928960570063797, 0,10, 0
0.8742100711767445, 0.36418931340143046, 0.19693920583793428, 0.15723102598554123, 0,10, 0
0.874675713430453, 0.3600271656363956, 0.19236901267486015, 0.15700714873827212, 0,10, 0
0.8758730792257035, 0.3598363222599511, 0.1848896514697243, 0.15513731504045392, 0,10, 0
0.8758065589037451, 0.3579188878609924, 0.18724680682557998, 0.15566371511125043, 0,10, 0
0.8749417947182865, 0.3564415816906452, 0.18446319032663935, 0.1562344295827347, 0,10, 0
0.8746091931084946, 0.35861107422546495, 0.2001673744073298, 0.15697791149191048, 0,10, 0
0.8765382824452871, 0.351514293267426, 0.17637132161450783, 0.15278079390761792, 1,10, 1
0.8774695669527041, 0.34924442700220826, 0.18425925619705374, 0.15276127869964998, 0,10, 0
0.8776691279185791, 0.3509673172585377, 0.19090842440993164, 0.15214797962717075, 2,10, 2
0.8789995343577462, 0.34624178518731996, 0.1693513863314215, 0.15007839562566996, 0,10, 0
0.878400851460121, 0.3482152292331332, 0.19070976957927477, 0.15515089673132154, 2,10, 2
0.879132575001663, 0.3473701495899113, 0.17970454983262588, 0.1515023896015623, 0,10, 0
0.8786669327479545, 0.3461881995818631, 0.1827633760395795, 0.15364069658008955, 2,10, 2
0.880795583050622, 0.3442184523759162, 0.1807035816211864, 0.14948016140837228, 0,10, 0
0.8801969001529968, 0.34156809938588945, 0.17330209649375028, 0.14865892402204728, 0,10, 0
0.879132575001663, 0.3397960352724035, 0.18174650452869887, 0.1518598503872341, 0,10, 0
0.8820594691678307, 0.3391029852018313, 0.17317384280027107, 0.15093900371748106, 0,10, 0
0.8814607862702055, 0.33833080549828287, 0.16794209127666374, 0.14906676274067426, 0,10, 0
0.8816603472360807, 0.33480050324140265, 0.17364871721896932, 0.15154046805572524, 1,10, 1
0.8815938269141222, 0.33695462376831814, 0.17311078091928603, 0.14354334549568282, 0,10, 0
0.8831903146411229, 0.3363193909365314, 0.16982887626543874, 0.1453812122771342, 0,10, 0
0.8834563959289563, 0.3352883792741594, 0.17822325793390015, 0.14742261692136538, 0,10, 0
0.8824585910995809, 0.3360542321171145, 0.17461101209595534, 0.14807329758248058, 0,10, 0
0.8832568349630813, 0.33491604130821184, 0.16314150120300325, 0.1422007710467161, 0,10, 0
0.8828577130313311, 0.33400472991443164, 0.1694884010699345, 0.14296081770489588, 0,10, 0
0.881926428523914, 0.3328685138263011, 0.16822417598229084, 0.1454515748182792, 0,10, 0
0.8821925098117475, 0.33148855610862604, 0.17105943297237097, 0.1420859462318619, 0,10, 0
0.8823255504556642, 0.33286606529896473, 0.17691337647216326, 0.14686176563366923, 0,10, 0
0.8838555178607065, 0.3311784728270015, 0.17309298957081612, 0.14364587290984515, 0,10, 0
0.8837889975387481, 0.33231666564681256, 0.182166065297198, 0.14501495897942077, 0,10, 0
0.8844542007583317, 0.3306483271953375, 0.1742911817567588, 0.14043819964066118, 0,10, 0
0.8854520055877071, 0.3293659307704468, 0.1630141298402895, 0.14075732801214794, 0,10, 0
0.8839885585046232, 0.32600829862319725, 0.1639392004978891, 0.1422094666393766, 0,10, 0
