acuracia,loss,frr,fpr, removed, n_clf, tp_removed
0.09825051553249518, 2.3036959122288754, 0.8944041643372586, 0.40467750686587217, 0,10, 0
0.2544402314907204, 2.0962293647858607, 0.7652922068815096, 0.5048455222586162, 0,10, 0
0.3566154460187587, 1.8729643706238008, 0.7643451877194143, 0.5043573304995238, 0,10, 0
0.5149338122796514, 1.6346700108219612, 0.6274288353433931, 0.40916585986851783, 0,10, 0
0.5388811281846604, 1.5135075973627719, 0.5873708951891476, 0.39169514469380673, 0,10, 0
0.5922304263952638, 1.4678575909578624, 0.5431528507728056, 0.38054244976792967, 0,10, 0
0.6596820328610391, 1.3287525324829046, 0.48954134505928104, 0.36119879854543646, 0,10, 0
0.6873544867957161, 1.1952795865135497, 0.4868182121175893, 0.3416970063455223, 0,10, 0
0.6890840151666334, 1.0593800675414795, 0.5138384452289582, 0.3492429316688533, 0,10, 0
0.6757799507749618, 1.3393185641097427, 0.4974894436873012, 0.3511413454455574, 0,10, 0
0.7260027938535223, 1.1015637829931508, 0.4122539529182497, 0.31213307421945496, 0,10, 0
0.7392403379232355, 0.9775703028325795, 0.4257484928655952, 0.31555494412901863, 0,10, 0
0.7317235415419411, 1.06994212841356, 0.404204677231408, 0.29668199246499977, 0,10, 0
0.756602141954367, 1.0350815574096157, 0.4165167288390483, 0.3153456914763244, 0,10, 0
0.7422337524113617, 0.8860608888751833, 0.41586058322788316, 0.2993165637781899, 0,10, 0
0.7430985165968204, 0.9121570201510244, 0.41214874509452587, 0.30267641878758655, 0,10, 0
0.761790727067119, 0.8962609122306489, 0.38495896012065745, 0.305755720298343, 0,10, 0
0.7460919310849464, 0.8760056900586608, 0.40502669812069236, 0.2887829067955457, 0,10, 0
0.7569347435641588, 0.8712570017167695, 0.4001860373310583, 0.32206586181877833, 0,10, 0
0.7456928091531964, 0.850779115124526, 0.40630938773575354, 0.31603030290766654, 0,10, 0
0.7518791990953236, 0.8323490654042096, 0.3816069734412538, 0.31286495740757503, 0,10, 0
0.7401716224306526, 0.8202746104181587, 0.40906778579139313, 0.3226892769344735, 0,10, 0
0.7442958823920708, 0.8317370529164271, 0.4105296859560517, 0.31235218992595115, 0,10, 0
0.7452271668994878, 0.9238095192976783, 0.3831541307415356, 0.31919119557386144, 0,10, 0
0.7470897359143218, 0.8136818294199282, 0.38113141865938904, 0.30369461719115454, 0,10, 0
0.7474223375241136, 0.9106204788752734, 0.3831297920811535, 0.3179350495646005, 0,10, 0
0.7581986296813676, 0.8798357136599605, 0.37038928187445436, 0.2983425316404302, 0,10, 0
0.789064059070046, 1.0238819757811857, 0.329478607419151, 0.2771419901688929, 0,10, 0
0.7756269540344575, 0.9033333174760415, 0.34833333943175937, 0.28640149620604183, 0,10, 0
0.7438967604603206, 1.0403783428606925, 0.3866506770934919, 0.31697008819242095, 0,10, 0
0.7711035721412892, 0.8475326630331788, 0.3379740622666376, 0.28470908264417927, 0,10, 0
0.7639193773697864, 0.7506293890932749, 0.357668433342396, 0.2996464796628171, 0,10, 0
0.7613250848134105, 0.7664648763192013, 0.3549899223999891, 0.3021389187088142, 0,10, 0
0.7719018160047895, 0.8546977857672838, 0.34178941163966947, 0.2901814077499121, 0,10, 0
0.7701057673119138, 0.7496155655062614, 0.33977837202688504, 0.293216360116854, 0,10, 0
0.7676445153994546, 0.7594728448214573, 0.345505880579673, 0.29491077989533004, 0,10, 0
0.7748952304929155, 0.8365868187278954, 0.32706226707976, 0.2890747925881618, 0,10, 0
0.7827446284840018, 0.7906599566458774, 0.3142140852737809, 0.27825767341122976, 0,10, 0
0.7832102707377103, 0.7932044373837459, 0.3561549848401136, 0.2933661072958569, 0,10, 0
0.7806159781813344, 0.8308714887604062, 0.34699354762633194, 0.2971624893517452, 0,10, 0
0.7794186123860839, 0.9166788494592694, 0.33711079592603815, 0.295455570142822, 0,10, 0
0.7855384820062529, 0.8809448733180166, 0.32938312062366315, 0.2871149914929458, 0,10, 0
0.7814807423667931, 0.7043967993626511, 0.3284736391417419, 0.29087022063484425, 0,10, 0
0.7840085146012107, 0.6687960967135125, 0.33927796661445164, 0.28911789766572876, 0,10, 0
0.7958491319097984, 0.6930347110653338, 0.30421908374572376, 0.2796580198721121, 0,10, 0
0.7966473757732987, 0.6788066593074219, 0.30465788174335784, 0.2767461954995382, 0,10, 0
0.7915918313044635, 0.656130577601816, 0.31182198064585503, 0.2785599876504324, 0,10, 0
0.7921239938801303, 0.7209385760877194, 0.3162368837855969, 0.2769785993845374, 0,10, 0
0.7965143351293821, 0.655010079772039, 0.29545425841307277, 0.2643757184598769, 0,10, 0
0.7931217987095057, 0.6891590738023228, 0.30938380299178464, 0.27267668622015273, 0,10, 0
0.7975786602807158, 0.6789010601633518, 0.30686705651885987, 0.27683619569777324, 0,10, 0
0.7931883190314641, 0.7194567547799052, 0.30851742929953896, 0.2854765060822787, 0,10, 0
0.7942526441827978, 0.6717316788776686, 0.2968510326893723, 0.26908547442149383, 0,10, 0
0.7961152131976319, 0.6723558936672335, 0.30773670711195306, 0.2748543868800304, 0,10, 0
0.7932548393534224, 0.7578305545715273, 0.3180077122703805, 0.2743484239650524, 0,10, 0
0.7971130180270073, 0.6803394538887437, 0.29582510331143136, 0.2758999748792693, 0,10, 0
0.7997738309053416, 0.6968181969051505, 0.3072269898221582, 0.28193764266504606, 0,10, 0
0.8053615379498437, 0.722230921981196, 0.2960261220867648, 0.2701002652307949, 0,10, 0
0.7990421073637997, 0.656155940586789, 0.30118181467133126, 0.26733103076839543, 0,10, 0
0.8029002860373844, 0.6853532980350616, 0.29697946001285286, 0.2710213068779389, 0,10, 0
0.8020355218519257, 0.823600991812008, 0.29760733481674, 0.27027333615296206, 0,10, 0
0.800039912193175, 0.7229124553256308, 0.2807840833833363, 0.2645965432615089, 0,10, 0
0.8038315705448015, 0.6366253352858554, 0.2741380438293371, 0.2592806572714649, 0,10, 0
0.7977782212465908, 0.656844747810337, 0.29291171015628953, 0.270374824332955, 0,10, 0
0.801702920242134, 0.7466149831204086, 0.29137127776979044, 0.26780784080293524, 0,10, 0
0.7932548393534224, 0.6929725308978669, 0.30878702339705166, 0.27489796797265376, 0,10, 0
0.7965143351293821, 0.7071089563347865, 0.30505752417647275, 0.2663892630814699, 0,10, 0
0.7949178474023815, 0.8337641021658422, 0.29745838322026275, 0.2723023724427499, 0,10, 0
0.7970464977050489, 0.7506441191900793, 0.2933541369694382, 0.26570095352107914, 0,10, 0
0.7969134570611321, 0.6888924212189435, 0.3024965009894443, 0.27227042400396956, 0,10, 0
0.7958491319097984, 0.8706613388649739, 0.30352470170171947, 0.27172943771193236, 0,10, 0
0.7923900751679638, 0.7509883950278541, 0.3117650246045035, 0.27009070222389786, 0,10, 0
0.7961152131976319, 0.6410157706524225, 0.30887130033145505, 0.2744326616709957, 0,10, 0
0.797445619636799, 0.8621790657174428, 0.2923349229484653, 0.2718355381834774, 0,10, 0
0.800039912193175, 0.7890439913924399, 0.3077386285888553, 0.2715721094824772, 0,10, 0
0.798177343178341, 0.6806080414106277, 0.30245741836347895, 0.27419542525203744, 0,10, 0
0.797246058670924, 0.6337670735710906, 0.3024839605922752, 0.26384244677285457, 0,10, 0
0.7975121399587574, 0.630367405327171, 0.2927430085681865, 0.27159901412203863, 0,10, 0
0.801902481208009, 0.650764372066946, 0.2945547455672062, 0.2600653764917085, 0,10, 0
0.8048293753741768, 0.6244639799710664, 0.2926436095676827, 0.25856598662016334, 0,10, 0
0.8038980908667598, 0.9253700141465582, 0.29660431255056785, 0.26939677690795544, 0,10, 0
0.8014368389543005, 0.6940650531458527, 0.30275642530650904, 0.2719626108894706, 0,10, 0
0.8008381560566753, 0.6479474237118003, 0.29771704726516374, 0.2704856797674183, 0,10, 0
0.7989755870418412, 0.7579792670493982, 0.3008461121540188, 0.26838046369282714, 0,10, 0
0.8019690015299674, 0.6579700449630287, 0.29168889254387215, 0.2735578690506404, 0,10, 0
0.8052284973059269, 0.7043045770193598, 0.2949802877708091, 0.266673584893918, 0,10, 0
0.8008381560566753, 0.6158853602477743, 0.30117572338823423, 0.27210497814287304, 0,10, 0
0.8048958956961352, 0.5914192692885692, 0.2804939617633332, 0.2643476093553669, 0,10, 0
0.8060267411694273, 0.6959750838853936, 0.29095765587686623, 0.2580534582204118, 0,10, 0
0.8048958956961352, 0.7216555595617631, 0.2881742816700595, 0.27033448151680484, 0,10, 0
0.8049624160180935, 0.7470019518368693, 0.2975655387861656, 0.2645958182840217, 0,10, 0
0.8043637331204683, 0.6726118699055912, 0.2948684714998566, 0.27090631717756286, 0,10, 0
0.804496773764385, 0.6895453370678561, 0.2930614422007311, 0.26421541803830534, 0,10, 0
0.8041641721545932, 0.7836509491437161, 0.2914660475789537, 0.2706376438825557, 0,10, 0
0.8034989689350096, 0.716232018022853, 0.2969001088932837, 0.2668321700918058, 0,10, 0
0.8047628550522185, 0.6692101317344405, 0.28204354743597554, 0.26002506781289836, 0,10, 0
0.806159781813344, 0.6038427051017627, 0.2778400068793944, 0.25789960103434645, 0,10, 0
0.800971196700592, 0.6033072191378269, 0.2911450766448102, 0.25902776749658535, 0,10, 0
0.8031663673252178, 0.7071423116292391, 0.292565643643017, 0.2720131734725023, 0,10, 0
0.8044302534424267, 0.6628868987323665, 0.2985004932312375, 0.2673267673975698, 0,10, 0
0.8041641721545932, 0.7556213115109394, 0.29941359495259157, 0.265319926751048, 0,10, 0
0.08527905275061531, 2.303817075938591, 0.9037011371081701, 0.3915808812621583, 0,10, 0
0.1956362668795317, 2.174237527771481, 0.7912649524525477, 0.5233827206456634, 0,10, 0
0.3258830572739972, 1.9451289701579153, 0.7371372330220786, 0.48855244263719977, 0,10, 0
0.4731590500898024, 1.8299617851097878, 0.6358136858750282, 0.4291560645070323, 0,10, 0
0.5337590633938668, 1.5683886016880924, 0.5748979138024706, 0.3887192266750475, 0,10, 0
0.5640923302068782, 1.3708842307544338, 0.5603010412795367, 0.3833463064303617, 0,10, 0
0.6908800638595091, 1.2983485810568438, 0.4550617604908048, 0.28201282976397457, 0,10, 0
0.6800372513802967, 1.1325961047702833, 0.5010628770454819, 0.3368910798681755, 0,10, 0
0.6759129914188785, 1.0869814112818967, 0.5097326920010476, 0.3218881180955166, 0,10, 0
0.6762455930286703, 1.1815015774264586, 0.501848071511392, 0.3559938612614847, 0,10, 0
0.6850262755271735, 1.1129434683835888, 0.4843800125423672, 0.3451883079270596, 0,10, 0
0.7101044369054746, 1.0822955448164207, 0.4534789265650268, 0.3312853096906134, 0,10, 0
0.712033526242267, 1.1811373162510859, 0.4301680352199104, 0.331480520841548, 0,10, 0
0.7345173950641921, 0.9276177700415129, 0.40706769055076264, 0.3079876780860325, 0,10, 0
0.7478214594558638, 0.9255039731224842, 0.41450145173403596, 0.31572177790465566, 0,10, 0
0.7647841415552451, 0.9289505321800492, 0.38692084825670475, 0.2915330804760826, 0,10, 0
0.7756934743564159, 0.8357933807329667, 0.3676155732837849, 0.287276994244804, 0,10, 0
0.7835428723475022, 1.0348241279064134, 0.36349464863445247, 0.2761838255033982, 0,10, 0
0.7740969866294153, 0.8960724747391873, 0.35850401537372384, 0.28209134204411834, 0,10, 0
0.7814807423667931, 0.7887723802429494, 0.3451475023176632, 0.27116593795803784, 0,10, 0
0.7824120268742101, 1.0120870860223254, 0.3451492770156525, 0.267363215773364, 0,10, 0
0.7812146610789596, 0.875559554386696, 0.36251088894279837, 0.28571159095710263, 0,10, 0
0.7853389210403778, 0.8993179803304469, 0.33596640578173614, 0.2729458505162169, 0,10, 0
0.7898623029335462, 0.9236648759031445, 0.33099786024620576, 0.2641694041919122, 0,10, 0
0.7767577995077496, 0.7992995574859342, 0.3623930412693466, 0.28620051084157405, 0,10, 0
0.7646511009113284, 0.827277149770924, 0.3631022534898771, 0.2899012366074316, 0,10, 0
0.7765582385418746, 0.803930830625068, 0.33706867740853946, 0.2628940307562371, 0,10, 0
0.7806159781813344, 0.8109628768886638, 0.33574128172122447, 0.2718081340085901, 0,10, 0
0.7870019290893367, 0.7649642244800179, 0.3251333276490722, 0.27393710087730105, 0,10, 0
0.7856715226501696, 0.7510713342549333, 0.3317977551944701, 0.2818641434358847, 0,10, 0
0.7840085146012107, 0.7113773952696136, 0.3092044432760256, 0.26991572503616346, 0,10, 0
0.7818798642985432, 0.8185392156715738, 0.31024119336922873, 0.2661311416339308, 0,10, 0
0.7891970997139626, 0.8412403131683133, 0.3219795363494329, 0.27969237286607346, 0,10, 0
0.7966473757732987, 0.9055283556018328, 0.32950062792075857, 0.28697188793694994, 0,10, 0
0.7852724007184195, 0.7329274961728757, 0.31401380943594254, 0.2696552363849732, 0,10, 0
0.791126189050755, 0.8793754473571194, 0.28910627776087955, 0.2629824587538813, 0,10, 0
0.7858045632940863, 1.0872961845178808, 0.3193858686472178, 0.2765129009459165, 0,10, 0
0.7842745958890441, 0.8065993422924541, 0.3359772919175684, 0.2927005137521594, 0,10, 0
0.7832102707377103, 0.7282121534178333, 0.3203324513595468, 0.2736451861152081, 0,10, 0
0.7850063194305861, 0.7308710399580298, 0.3237321883880601, 0.27581502028008087, 0,10, 0
0.7855384820062529, 0.9081238912795647, 0.31895949415685926, 0.2813849617155406, 0,10, 0
0.7850063194305861, 0.7097181155574426, 0.30541153775581764, 0.2737704432509366, 0,10, 0
0.7965143351293821, 0.8030159370542677, 0.3090965721091033, 0.27423616165053394, 0,10, 0
0.7931217987095057, 0.6885256807688592, 0.2993636630952865, 0.270327853995952, 0,10, 0
0.7934544003192976, 0.8829940314231387, 0.2859346105402223, 0.2718636935483235, 0,10, 0
0.798177343178341, 0.7974336571189291, 0.2921058981846969, 0.2552456998299406, 0,10, 0
0.7925231158118805, 0.7610510801830939, 0.2916558593846757, 0.27003137720590065, 0,10, 0
0.7992416683296747, 0.8262208592899846, 0.2956542525122529, 0.2589694092193677, 0,10, 0
0.7982438635002993, 1.0770214572410095, 0.2842189395984263, 0.2684802314091239, 0,10, 0
0.7937204816071309, 1.0899548409430477, 0.29452085035890857, 0.2760155141573754, 0,10, 0
0.7867358478015034, 0.9662647571019208, 0.30115843834821343, 0.2764447839425761, 0,10, 0
0.7921905142020887, 0.9943316413887201, 0.30001165405486097, 0.275716344355744, 0,10, 0
0.7961152131976319, 0.7738457392948389, 0.31152742000474604, 0.2814397321022945, 0,10, 0
0.7950508880462982, 0.7386759460380498, 0.29027664130096725, 0.2635328337934195, 0,10, 0
0.7879332135967538, 0.7591484112923226, 0.30777416091394605, 0.27641965558408016, 0,10, 0
0.7862036852258365, 0.7745956230903459, 0.3053143958233076, 0.27531243374389464, 0,10, 0
0.7977117009246325, 0.7072409597639348, 0.2874910629921277, 0.2663791169448886, 0,10, 0
0.8030998470032595, 0.7745107773773564, 0.29247707655222643, 0.265356529183899, 0,10, 0
0.8025011641056343, 0.6944746527991437, 0.3033254479300512, 0.26658243374840296, 0,10, 0
0.8066919443890108, 0.7406401999087815, 0.29026035084924884, 0.2629257823966114, 0,10, 0
0.8066919443890108, 0.7039494191766327, 0.2893254941279269, 0.2586429664365243, 0,10, 0
0.8050289363400519, 0.793892265654656, 0.2847893684646336, 0.2606286817428659, 0,10, 0
0.8049624160180935, 0.692878661607771, 0.29240949394028676, 0.265945005436104, 0,10, 0
0.806891505354886, 0.7698864166449583, 0.28466115145964144, 0.2629725420969963, 0,10, 0
0.8088205946916783, 0.6810310519489453, 0.2880482426571099, 0.2563078493462413, 0,10, 0
0.8069580256768443, 0.7686904413089064, 0.2934391840870173, 0.26454087564216305, 0,10, 0
0.8064258631011774, 0.6566264900633435, 0.2839592290294097, 0.2541939272143202, 0,10, 0
0.8038315705448015, 0.9400638854806688, 0.2948401881154637, 0.2720116530804969, 0,10, 0
0.8078227898623029, 0.7180103283421354, 0.28718028678887725, 0.25878429254960844, 0,10, 0
0.8050954566620102, 0.6882857777038559, 0.2809183732155833, 0.256159514640979, 0,10, 0
0.8090201556575534, 0.6419814877531921, 0.2845962364715465, 0.27037392200938376, 0,10, 0
0.8074236679305528, 0.7733328660149894, 0.28247393310652263, 0.2600073638819233, 0,10, 0
0.8068249850329275, 0.7627814803193033, 0.2872972267682413, 0.26540380518779366, 0,10, 0
0.8064258631011774, 0.6902427726019345, 0.28780681041554634, 0.2628584935266875, 0,10, 0
0.8091531963014701, 0.6369421003249695, 0.28553809496272226, 0.2572952071171728, 0,10, 0
0.8091531963014701, 0.7296480268443425, 0.28691745842000443, 0.2628916548306964, 0,10, 0
0.8065589037450941, 0.6707127412638704, 0.288979875665237, 0.26389807306542096, 0,10, 0
0.8038980908667598, 0.7770024481897976, 0.29457366284901115, 0.2675959646296802, 0,10, 0
0.8048293753741768, 0.812804374811435, 0.28652436642056506, 0.261499037438541, 0,10, 0
0.8043637331204683, 0.9054432542985821, 0.29427677313813494, 0.2779411551487085, 0,10, 0
0.8066254240670525, 0.7697061590744508, 0.28609554904220713, 0.2585586848456267, 0,10, 0
0.8021685624958425, 0.6473684617242126, 0.28927269742979017, 0.2741382926475373, 0,10, 0
0.8085545134038449, 0.6638939865259315, 0.2821718428174973, 0.2602945615874845, 0,10, 0
0.8088205946916783, 0.6126072024978495, 0.28898331308726677, 0.2627221536430111, 0,10, 0
0.8080888711501364, 0.700369453324369, 0.27816647346884443, 0.25667433061318373, 0,10, 0
0.808022350828178, 0.7349679819880347, 0.2896903210832743, 0.26647460508358717, 0,10, 0
0.8079558305062197, 0.7066503528075486, 0.2866086390046976, 0.25858155160979057, 0,10, 0
0.8084214727599282, 0.6357099411271011, 0.28714018785245843, 0.266021628419606, 0,10, 0
0.8081553914720947, 0.6829820100779309, 0.28296558876669453, 0.2539505218148983, 0,10, 0
0.8111488059602209, 0.6615262224867597, 0.2714604931463465, 0.25340133658003133, 0,10, 0
0.8096188385551786, 0.603331821580538, 0.28847445267973926, 0.26253288818094783, 0,10, 0
0.8110157653163041, 0.5835240932938518, 0.2844357244926725, 0.25941952827862136, 0,10, 0
0.8111488059602209, 0.6046870427050706, 0.2813300344436748, 0.25988015512806106, 0,10, 0
0.8123461717554713, 0.5745241679040608, 0.2809386439044701, 0.2562327153655205, 0,10, 0
0.8128783343311382, 0.7368692507776882, 0.27743176888996457, 0.24746171541624054, 0,10, 0
0.813410496906805, 0.6492784728613, 0.2690833408387981, 0.2538858563719751, 0,10, 0
0.8125457327213463, 0.7302565515206519, 0.2733224824671232, 0.24992798000766447, 0,10, 0
0.8095523182332203, 0.8386399496471793, 0.2793819640145923, 0.2588670477350855, 0,10, 0
0.8098183995210537, 0.6411819490239697, 0.27651981874840625, 0.2574889064668092, 0,10, 0
0.8135435375507217, 0.5800505239511814, 0.2796752335243704, 0.2604517002896712, 0,10, 0
0.80429721279851, 0.9277507839473207, 0.29363520065308313, 0.26660958138678653, 0,10, 0
0.07742965475952904, 2.30641686585677, 0.9087540216325581, 0.33480182282209825, 0,10, 0
0.25703452404709637, 2.125474391143447, 0.7650596934987712, 0.4665667965900684, 0,10, 0
0.4070378500631943, 1.83828892231162, 0.7043453222773263, 0.39440453565426326, 0,10, 0
0.5447349165169959, 1.676070237062291, 0.6054336414353162, 0.30036469275490396, 0,10, 0
0.5452005587707045, 1.501016017848978, 0.6088797115113836, 0.42559608723461323, 0,10, 0
0.5812545732721346, 1.4367336724135624, 0.572827933816605, 0.40064720646422786, 0,10, 0
0.6149803765050222, 1.3006848788060739, 0.5583438061645194, 0.39280475225422257, 0,10, 0
0.6550921306459123, 1.2094963644706478, 0.5015899127206782, 0.35204941398003825, 0,10, 0
0.6356681966340717, 1.0957079555476943, 0.5193047484264207, 0.3575496839392198, 0,10, 0
0.6834297878001729, 1.0420025274266436, 0.46611444166228494, 0.35471265979666255, 0,10, 0
0.6900152996740504, 1.0744688211066893, 0.4396158830881105, 0.2948782610651495, 0,10, 0
0.7329874276591498, 1.09002335252374, 0.40155051378678563, 0.2741020027447151, 0,10, 0
0.7556043371249916, 0.8904741828221507, 0.4065424050004606, 0.2877061266787053, 0,10, 0
0.7667132308920375, 0.8023786837303116, 0.3890914930880237, 0.3060498856458299, 0,10, 0
0.7722344176145812, 0.8040590354470095, 0.35656472679459605, 0.27593385767269285, 0,10, 0
0.7754939133905409, 0.783201490373878, 0.36951456199017685, 0.2801973438029548, 0,10, 0
0.7677110357214129, 0.8688952835669622, 0.37011683888558616, 0.2884016859998658, 0,10, 0
0.766247588638329, 0.8721538567454017, 0.3836608199572619, 0.2982512074128143, 0,10, 0
0.7683762389409965, 0.9271435505017734, 0.3985765597961267, 0.30483032269905047, 0,10, 0
0.7770904011175415, 0.7980843025811912, 0.34798378016046594, 0.2674710736014571, 0,10, 0
0.7735648240537484, 0.7598715166218619, 0.3829763862485834, 0.30440800771997234, 0,10, 0
0.7774895230492915, 0.7118313401806581, 0.35971726729055153, 0.27393036806230886, 0,10, 0
0.7861371649038781, 0.6755120199063736, 0.36744125674653255, 0.26976604138483423, 0,10, 0
0.7875340916650037, 0.6980944137230252, 0.35753238318615826, 0.26029675936462526, 0,10, 0
0.7921905142020887, 0.676013803349776, 0.3287374855414919, 0.25698336165705205, 0,10, 0
0.7915918313044635, 0.6451987720092273, 0.3320568011146715, 0.2706199684071399, 0,10, 0
0.7936539612851726, 0.6598585417669168, 0.32246229192434195, 0.26807405455600436, 0,10, 0
0.792057473558172, 0.7166676912060413, 0.3247833260219145, 0.27896764768721705, 0,10, 0
0.78686888844542, 0.6848635337186284, 0.35459991010410474, 0.2839675671435736, 0,10, 0
0.7921905142020887, 0.6973967469616061, 0.3345651008286158, 0.26172647657850623, 0,10, 0
0.7933878799973392, 0.7185506654354646, 0.30946833486086633, 0.2604702692174101, 0,10, 0
0.7947182864365063, 0.8432187698684845, 0.310767669007779, 0.270295360767925, 0,10, 0
0.797977782212466, 0.7692819477252175, 0.2907295848154174, 0.25820280488173414, 0,10, 0
0.7939865628949644, 0.6748499080604627, 0.3080322263152537, 0.26153809647819093, 0,10, 0
0.7943856848267146, 0.6605447086915776, 0.2958481881358586, 0.25237704922776427, 0,10, 0
0.7995077496175081, 0.6484261166653696, 0.29540208032195286, 0.25267748267181916, 0,10, 0
0.7978447415685492, 0.7049081176174942, 0.3034593348416141, 0.26195639085826977, 0,10, 0
0.8038980908667598, 0.6455457240323207, 0.28764886740709267, 0.25363760222566983, 0,10, 0
0.8048958956961352, 0.6959234265147052, 0.2987038862577004, 0.26552007438312686, 0,10, 0
0.8076897492183862, 0.6747855023268735, 0.2892417308988194, 0.25299727422205953, 0,10, 0
0.8045632940863434, 0.6242550534563163, 0.2915654738072483, 0.25016642204632544, 0,10, 0
0.8032994079691346, 0.6231568406618738, 0.2967295742052955, 0.2607492400038532, 0,10, 0
0.8068249850329275, 0.6195598171083478, 0.2843279718288334, 0.24758058395093077, 0,10, 0
0.8065589037450941, 0.6579231192928694, 0.2971402478121066, 0.27007407985143395, 0,10, 0
0.806159781813344, 0.6424300351122187, 0.2881623695745235, 0.255667305257512, 0,10, 0
0.8036985299008848, 0.6352422586447367, 0.3001094332614513, 0.2653859140757763, 0,10, 0
0.8066254240670525, 0.612910819177312, 0.28109809923258716, 0.24675120391751634, 0,10, 0
0.8117474888578461, 0.583134664438812, 0.27836092563023757, 0.2511139168535082, 0,10, 0
0.81321093594093, 0.591305412519965, 0.2771248323434051, 0.24315495798748624, 0,10, 0
0.8087540743697199, 0.6523143272959581, 0.29738506410057847, 0.2541375208290161, 0,10, 0
0.807091066320761, 0.7108555099844679, 0.29614475394039397, 0.2519144592636204, 0,10, 0
0.8075567085744695, 0.714463239596681, 0.29396668882707117, 0.25414589256452835, 0,10, 0
0.8098183995210537, 0.6354988814356438, 0.2897829866558917, 0.2563131314413901, 0,10, 0
0.8122796514335129, 0.6215381457196747, 0.28028630568161594, 0.24789806680594967, 0,10, 0
0.8114148872480543, 0.629185833527117, 0.281219544985263, 0.24655438706005572, 0,10, 0
0.8117474888578461, 0.5916425054540643, 0.2799270895500163, 0.2423014264830596, 0,10, 0
0.8129448546530965, 0.6820153875569417, 0.2637838893728345, 0.24657882752027946, 0,10, 0
0.8114814075700126, 0.7229055982998854, 0.27267769359232574, 0.24796575060689124, 0,10, 0
0.8052950176278854, 0.715447711675455, 0.29746141569854656, 0.2619139666389202, 0,10, 0
0.8050954566620102, 0.6834631855946309, 0.29852628413779936, 0.2561588632903246, 0,10, 0
0.806159781813344, 0.6637790997341558, 0.29598064720466816, 0.25668568407205333, 0,10, 0
0.8079558305062197, 0.6860585337111071, 0.2908605094452216, 0.2543821936118302, 0,10, 0
0.8109492449943457, 0.5943850384693722, 0.2899970449575901, 0.25587646343576365, 0,10, 0
0.8148739439898889, 0.5855734898292491, 0.27230551854348045, 0.2468163485791733, 0,10, 0
0.8165369520388479, 0.6202819521736981, 0.2650948572726467, 0.24189151815795654, 0,10, 0
0.8145413423800971, 0.571514536088083, 0.2814000481959581, 0.24593649451413963, 0,10, 0
0.816204350429056, 0.6041569397501853, 0.2771876485891548, 0.24103343548742873, 0,10, 0
0.8155391472094725, 0.6035251876891176, 0.28695248967227244, 0.2445031587194492, 0,10, 0
0.8142752610922637, 0.593566269518865, 0.2845899327925231, 0.24514125937578068, 0,10, 0
0.8161378301070977, 0.6183094002311665, 0.27378254992575424, 0.2421075559475997, 0,10, 0
0.8160713097851393, 0.6289113447060473, 0.2770226491445708, 0.24402662186845597, 0,10, 0
0.8158717488192643, 0.6205119553733116, 0.2767550907335694, 0.24375572769910364, 0,10, 0
0.8181999600878068, 0.6420580499348553, 0.26432601213996554, 0.23694616163426344, 0,10, 0
0.8170025942925564, 0.6075972012733747, 0.27404069920156143, 0.24681336092250764, 0,10, 0
0.8135435375507217, 0.6334550541316177, 0.2791986854492297, 0.24792696557478347, 0,10, 0
0.8136100578726801, 0.6619425349944291, 0.2802338258576446, 0.2505466222901329, 0,10, 0
0.8153395862435974, 0.628916804000833, 0.27690808789907223, 0.2533230276087352, 0,10, 0
0.8144083017361804, 0.5982362900518531, 0.2792827560548988, 0.2492392246825117, 0,10, 0
0.8128118140091798, 0.5837126398021816, 0.27932565603117526, 0.24096482468873467, 0,10, 0
0.8183995210536819, 0.5573643029469318, 0.2775195621621514, 0.24025572637486017, 0,10, 0
0.8183995210536819, 0.6299978653498537, 0.2710127355644348, 0.2395912654311431, 0,10, 0
0.818798642985432, 0.5530176111385602, 0.26260466606143446, 0.23570348737553623, 0,10, 0
0.8159382691412227, 0.666276955877727, 0.2759107096348662, 0.24940055368580835, 0,10, 0
0.8163373910729728, 0.6793558986797812, 0.27316346207369696, 0.24400496717131584, 0,10, 0
0.8171356349364731, 0.5787396038491152, 0.27593707152760544, 0.24032062634499007, 0,10, 0
0.8189316836293488, 0.6394339659249328, 0.25879950604385155, 0.23850486120458889, 0,10, 0
0.8195968868489324, 0.5911560522680589, 0.2700819790288389, 0.24313996507954472, 0,10, 0
0.8232555045566421, 0.5551349500568339, 0.272273975369348, 0.24613352223149332, 0,10, 0
0.8222576997272667, 0.6378062464386214, 0.27296745656488114, 0.23640686269867842, 0,10, 0
0.8253176345373512, 0.5506853362047527, 0.24629288344447178, 0.2325529093276106, 0,10, 0
0.8236546264883922, 0.6119100069625966, 0.25515350035175577, 0.23485364330016079, 0,10, 0
0.8238541874542673, 0.5703291591912858, 0.2568311880999661, 0.23606801089976537, 0,10, 0
0.8250515532495177, 0.5375195557896423, 0.25540760971233667, 0.2292466539739441, 0,10, 0
0.8259828377569347, 0.51703558172465, 0.26993748057916545, 0.23267032714392882, 0,10, 0
0.8267145612984766, 0.5589914810687974, 0.2652953181597749, 0.2313057278975472, 0,10, 0
0.8297079757866028, 0.5175534286909882, 0.2600656468370293, 0.2361348515972699, 0,10, 0
0.8291758132109359, 0.5675081593655715, 0.2574879008132768, 0.23269005504292736, 0,10, 0
0.8285771303133107, 0.5465763451870773, 0.2592004149490832, 0.2328024553748946, 0,10, 0
0.8286436506352691, 0.5735198276007232, 0.26437861052248357, 0.23655392262622393, 0,10, 0
0.830107097718353, 0.5234021113968251, 0.2604840535357983, 0.22767105197941928, 0,10, 0
0.830306658684228, 0.5332216484224297, 0.25253841497397206, 0.22992092045407822, 0,10, 0
0.13157719683363267, 2.3028076051880655, 0.8540281820340121, 0.3469355978610065, 0,10, 0
0.2536419876272201, 2.0248108364179256, 0.7937909269651656, 0.5178510936698306, 0,10, 0
0.41934410962549057, 1.714307664798967, 0.650873645150014, 0.3935622023485075, 0,10, 0
0.4788132774562629, 1.5816786097652449, 0.6469616658884685, 0.44792572576325285, 0,10, 0
0.5881061664338455, 1.3041194006984649, 0.5864429496609502, 0.37007473777214434, 0,10, 0
0.5942260360540145, 1.3269404727531435, 0.6011366003108689, 0.40794002230093823, 0,10, 0
0.6725204549990021, 1.3273322651740012, 0.5188336197614514, 0.34732266107676346, 0,10, 0
0.6958690880063859, 1.3677391231898608, 0.5049184882423089, 0.35991155294459465, 0,10, 0
0.7029867624559303, 1.1367873200170484, 0.4724155193878083, 0.3263307448571747, 0,10, 0
0.727067119004856, 1.0346863853072303, 0.4425386291746532, 0.3375927039536116, 0,10, 0
0.7389742566354021, 0.96508743132425, 0.44103680461669115, 0.32957653559674505, 0,10, 0
0.7542074103638662, 1.0885444104191724, 0.4249001658926852, 0.29799281638708763, 0,10, 0
0.7431650369187787, 1.0134011598237378, 0.4346209580014227, 0.34590666799404735, 0,10, 0
0.7377768908401516, 0.8883031474133728, 0.45512310898883224, 0.35277697327516144, 0,10, 0
0.7577329874276592, 0.8736474793587719, 0.39025691272952295, 0.2921232372999627, 0,10, 0
0.7593294751546598, 0.9309981741672293, 0.42834947202115087, 0.3389915285617367, 0,10, 0
0.7663141089602874, 0.80842825581476, 0.3991445779544843, 0.28822949023435634, 0,10, 0
0.764385019623495, 0.7905602381388624, 0.38128563307352714, 0.306271393536144, 0,10, 0
0.7493514268609061, 0.8047294948187608, 0.39033857484577433, 0.30630368858578255, 0,10, 0
0.7809485797911262, 0.7723224995073781, 0.36533478602172154, 0.29277182169953947, 0,10, 0
0.7623894099647442, 0.7526792940711317, 0.35919543473691773, 0.2742820702561223, 0,10, 0
0.7614581254573272, 0.7835333610532943, 0.36916590905046354, 0.2810735163987379, 0,10, 0
0.7762921572540411, 0.7950527264361876, 0.35931147303827854, 0.2950256024006381, 0,10, 0
0.7594625157985765, 0.792241060668913, 0.37451235864110044, 0.3053396375464872, 0,10, 0
0.7560699793787002, 0.7419298640128162, 0.37736348020939836, 0.2943329122227453, 0,10, 0
0.7917248719483803, 0.7063605236188781, 0.35070017221219163, 0.28542949927505307, 0,10, 0
0.7978447415685492, 0.6843110880222205, 0.34399983591971567, 0.2707846669764699, 0,10, 0
0.7838089536353356, 0.6919915283818915, 0.34256491795621935, 0.2804221665206934, 0,10, 0
0.791126189050755, 0.7112842114113627, 0.3314696842827017, 0.25864663476516897, 0,10, 0
0.7842745958890441, 0.6928519612473647, 0.3426945025585119, 0.27498034931049004, 0,10, 0
0.80429721279851, 0.7751226802999911, 0.31567171353174245, 0.27867372366409415, 0,10, 0
0.8037650502228431, 0.6828308670377564, 0.3090968172232856, 0.2646375399453347, 0,10, 0
0.804496773764385, 0.6522321685648471, 0.31017390625976227, 0.2687143092312716, 0,10, 0
0.8053615379498437, 0.6216681121158241, 0.31832683742524315, 0.2615387957959188, 0,10, 0
0.8075567085744695, 0.6698887941954832, 0.30174495525681033, 0.26117526763027393, 0,10, 0
0.8095523182332203, 0.6231419470605011, 0.2957049603159221, 0.26247267756837833, 0,10, 0
0.8097518791990953, 0.6878795856505242, 0.2983544673897993, 0.25911697529164357, 0,10, 0
0.8074236679305528, 0.6481113755464973, 0.3010455378559074, 0.26104217659046325, 0,10, 0
0.8130778952970132, 0.5940180508423886, 0.29060031027009475, 0.2506224819409214, 0,10, 0
0.8139426594824719, 0.5959575574797769, 0.28568880284719234, 0.24848644967131708, 0,10, 0
0.8137430985165969, 0.6278667099516873, 0.2820983483504617, 0.2479857312678736, 0,10, 0
0.8149404643118473, 0.6203423146948974, 0.27850988203929206, 0.243585869439216, 0,10, 0
0.8122796514335129, 0.6813009108063858, 0.291835477777459, 0.2534404479790953, 0,10, 0
0.8124126920774296, 0.6783760357488918, 0.2865026742531332, 0.2579564785585913, 0,10, 0
0.8152065455996808, 0.7358192830982585, 0.26909825745586663, 0.25482979834171293, 0,10, 0
0.8136765781946385, 0.7073325253403092, 0.278949105393618, 0.2504746759298628, 0,10, 0
0.8148074236679306, 0.7750319362427404, 0.2759730474099165, 0.24953198108445845, 0,10, 0
0.8104836027406372, 0.6704674942297988, 0.2849301898650634, 0.2558508487745121, 0,10, 0
0.8103505620967205, 0.6426613166077181, 0.2929126249628988, 0.2591144275329103, 0,10, 0
0.8092197166234285, 0.6270487889152325, 0.29836786369329216, 0.2718109984999301, 0,10, 0
0.8097518791990953, 0.6585485094053757, 0.2964446090465335, 0.2560518304171178, 0,10, 0
0.8056941395596354, 0.6773961226164678, 0.29850915536205175, 0.25861644049156984, 0,10, 0
0.8098183995210537, 0.6446479050564575, 0.2897074782707924, 0.26042934190196837, 0,10, 0
0.8097518791990953, 0.7886610181912604, 0.29373703422879555, 0.2564625753643455, 0,10, 0
0.8110822856382625, 0.6077388466226697, 0.2990067989957159, 0.25868932858000426, 0,10, 0
0.8122796514335129, 0.6598429573848098, 0.28693078629428803, 0.25230486299974697, 0,10, 0
0.8099514401649704, 0.6912637046638779, 0.2879506773350309, 0.2532123692089196, 0,10, 0
0.8092862369453868, 0.6457622291650863, 0.28313471137357377, 0.2512557633501917, 0,10, 0
0.8089536353355951, 0.6549670631661709, 0.2865481171710733, 0.2536937813349315, 0,10, 0
0.8110822856382625, 0.6121456605465403, 0.2914058954169765, 0.2563570781286695, 0,10, 0
0.8164704317168895, 0.5821231643184421, 0.2671483623535887, 0.24746460119839386, 0,10, 0
0.8160713097851393, 0.631165896264942, 0.27937649623472105, 0.2563716302807471, 0,10, 0
0.8128118140091798, 0.6101042838355547, 0.28032849193305087, 0.25498342027910653, 0,10, 0
0.8128783343311382, 0.6922203573157423, 0.2667443331174181, 0.24685190890448555, 0,10, 0
0.8115479278919709, 0.6312350364896615, 0.2809925394211377, 0.24867224507517474, 0,10, 0
0.8102840417747622, 0.7123573895038039, 0.28452357488762337, 0.25629572820902397, 0,10, 0
0.8122796514335129, 0.6237219778893488, 0.2783777442890288, 0.2509748394293984, 0,10, 0
0.8147409033459722, 0.6911460010410803, 0.27180338641289464, 0.25110888048811236, 0,10, 0
0.8124126920774296, 0.6193588227634703, 0.28392588934098056, 0.2548727809811843, 0,10, 0
0.8165369520388479, 0.5784159155187819, 0.2732210561258926, 0.24687963116185085, 0,10, 0
0.815073504955764, 0.6120845574170136, 0.2846096114290616, 0.2555245420196639, 0,10, 0
0.815805228497306, 0.6791114739317775, 0.27290899039215977, 0.24723640269974836, 0,10, 0
0.815073504955764, 0.7439442557881945, 0.27168491790637495, 0.25941515712583885, 0,10, 0
0.8130778952970132, 0.6067558856016044, 0.28144888076099006, 0.25863346803324644, 0,10, 0
0.8160713097851393, 0.5987584874403851, 0.2624639446684022, 0.24932421503392319, 0,10, 0
0.8148074236679306, 0.6936108374266629, 0.2782964747414269, 0.2526298372607109, 0,10, 0
0.8163373910729728, 0.6502972274068249, 0.2685538268131603, 0.2517000264840407, 0,10, 0
0.8168695536486397, 0.604372564496483, 0.2746529722272441, 0.24970200723393415, 0,10, 0
0.8148739439898889, 0.6249205914111248, 0.2799484037549396, 0.2530710613836986, 0,10, 0
0.8141422204483469, 0.6141879517387091, 0.28206548427928263, 0.2495333841775675, 0,10, 0
0.8127452936872215, 0.6187665284989958, 0.2826367054731602, 0.26307375551671164, 0,10, 0
0.8150069846338056, 0.5776692556419296, 0.2811869244645378, 0.25462310522798703, 0,10, 0
0.8126122530433048, 0.5720590589894304, 0.2949257936972484, 0.25751672758473537, 0,10, 0
0.8140757001263886, 0.6880861097061595, 0.2874555319836457, 0.2558714517769661, 0,10, 0
0.8147409033459722, 0.6429527494448837, 0.28274545802357787, 0.2640547768419978, 0,10, 0
0.8140091798044302, 0.6099953903601075, 0.2767421608533538, 0.24788310067417413, 0,10, 0
0.8142752610922637, 0.5820933311228866, 0.28258032158792834, 0.26110621238382226, 0,10, 0
0.8136100578726801, 0.5652966441830413, 0.27270264785244086, 0.25764010742428245, 0,10, 0
0.8199960087806825, 0.6457142002373435, 0.26888450799318897, 0.24436947645230034, 0,10, 0
0.8194638462050157, 0.5619718463731612, 0.2646546232702127, 0.24629296177392326, 0,10, 0
0.8178673584780151, 0.5965928679809037, 0.2676138493777091, 0.25062549638586723, 0,10, 0
0.8199960087806825, 0.5744423381758796, 0.26819350273502685, 0.24492574823211086, 0,10, 0
0.8209272932880995, 0.5587313475447028, 0.26422258495152096, 0.23866447675758892, 0,10, 0
0.8208607729661411, 0.6103799064104649, 0.27191428186593614, 0.2477488779587764, 0,10, 0
0.8229229029468502, 0.5402762843166725, 0.2578236733901605, 0.2446662613915358, 0,10, 0
0.8232555045566421, 0.5400341559602571, 0.270580006863573, 0.24758682532295495, 0,10, 0
0.8229229029468502, 0.5816461152355212, 0.25491221613980203, 0.23943752478085856, 0,10, 0
0.82212465908335, 0.5809191078218378, 0.25941702103840936, 0.23744160242261547, 0,10, 0
0.8215259761857248, 0.7216688628536891, 0.259387126860115, 0.23710543614409263, 0,10, 0
0.8179338787999734, 0.7604866030711245, 0.2719302846800963, 0.251978440930412, 0,10, 0
0.8171356349364731, 0.5968419235683735, 0.26670013684237126, 0.24771702337640072, 0,10, 0
0.11434843344641787, 2.3032234700577927, 0.8806243029821288, 0.33765287626054596, 0,10, 0
0.25630280050555443, 2.121215064812823, 0.7569002199912489, 0.43973232162002485, 0,10, 0
0.3647974456196368, 1.9066159450697786, 0.709418799176299, 0.4820023512388824, 0,10, 0
0.5420741036386616, 1.5101187967169387, 0.5864764665352289, 0.3079888814964681, 0,10, 0
0.5563759728597086, 1.586516388015881, 0.5972228442776809, 0.4059201361184315, 0,10, 0
0.5830506219650103, 1.3431017619710017, 0.5710850826447508, 0.39546254688713245, 0,10, 0
0.6683296747156257, 1.2594540146429969, 0.49748712854651145, 0.35544478929419104, 0,10, 0
0.7150269407303932, 1.1990044402621594, 0.4688403216271261, 0.3454508878871966, 0,10, 0
0.7241402248386882, 1.1093895193314525, 0.45219162438452776, 0.3366080339638269, 0,10, 0
0.7091731523980576, 1.0560151322486508, 0.47955525098935625, 0.3491560898633198, 0,10, 0
0.76864232022883, 1.0570504715325315, 0.3843924882106253, 0.2876758747960958, 0,10, 0
0.7594625157985765, 0.9154184964763754, 0.3763315411650174, 0.27719858571849754, 0,10, 0
0.777955165303, 0.8161691962899525, 0.36760861519274834, 0.27555867419351865, 0,10, 0
0.7852724007184195, 0.9444921593965666, 0.3516455274382675, 0.27186352892922655, 0,10, 0
0.7719683363267478, 0.7778030637894486, 0.36419791921820016, 0.2729412124277259, 0,10, 0
0.7597285970864099, 0.7640250186338622, 0.37193558074627087, 0.2997342064352378, 0,10, 0
0.7610590035255771, 0.7290490643941785, 0.3741831761009333, 0.2982411672591603, 0,10, 0
0.7536752477881993, 0.7157452371268377, 0.3803198272167232, 0.3063671676312996, 0,10, 0
0.7610590035255771, 0.7501381932247807, 0.3562146887282501, 0.2815441327139843, 0,10, 0
0.7935209206412559, 0.7749708227310567, 0.31851629099402373, 0.2633722920968041, 0,10, 0
0.7828111488059603, 0.7804419492354777, 0.3273130219706649, 0.26761969353810544, 0,10, 0
0.7844076365329609, 0.7757248237734277, 0.3396254762358179, 0.2796958002179416, 0,10, 0
0.7913922703385884, 0.7154487072842848, 0.3260025068012965, 0.27882472830632876, 0,10, 0
0.7886649371382958, 0.8306633302807979, 0.3376778486853544, 0.28858103443315913, 0,10, 0
0.7819463846205016, 0.8760986516009867, 0.34110070336654547, 0.2913290003967667, 0,10, 0
0.7921905142020887, 0.885479766636619, 0.30673843702546244, 0.27460219611970976, 0,10, 0
0.7866028071575867, 0.8384903899576053, 0.32436374904180426, 0.27125369750749945, 0,10, 0
0.7903944655092131, 0.7139264159287493, 0.31972769587860006, 0.2727433354647823, 0,10, 0
0.783875473957294, 0.7606693187132919, 0.3380764931721428, 0.283753415322449, 0,10, 0
0.7903279451872547, 0.7092756261566443, 0.31959617206031565, 0.2766033242231945, 0,10, 0
0.7969134570611321, 0.6501947247803583, 0.3217438978220968, 0.2642412972827, 0,10, 0
0.8028337657154261, 0.7184867676420164, 0.31134347986809624, 0.27294920649944476, 0,10, 0
0.7957160912658817, 0.7139913208802435, 0.3261503771312476, 0.2732620657927952, 0,10, 0
0.7959156522317568, 0.6939848718105445, 0.31396125458981383, 0.26778221738509234, 0,10, 0
0.800771635734717, 0.6412563317287504, 0.30815016217601504, 0.27057040904532903, 0,10, 0
0.8033659282910929, 0.6385900544569535, 0.30971786539636753, 0.2680789415294117, 0,10, 0
0.807290627286636, 0.6456121924905911, 0.28467993456221236, 0.25757628099502367, 0,10, 0
0.8030333266813011, 0.6503576735522271, 0.3091844742746698, 0.27403887678144284, 0,10, 0
0.8063593427792191, 0.6327578789589566, 0.2964286540895405, 0.2625438475570044, 0,10, 0
0.8151400252777223, 0.6127042608028301, 0.27486409965901865, 0.2518162334195293, 0,10, 0
0.8122131311115546, 0.6847966144302418, 0.27568624772891837, 0.26105930540610417, 0,10, 0
0.8092862369453868, 0.708867954652962, 0.29636108820598206, 0.25960740913140584, 0,10, 0
0.8047628550522185, 0.6525104146432776, 0.30370803174879213, 0.2663148588841263, 0,10, 0
0.8077562695403446, 0.644186392179748, 0.2953873182706672, 0.25854739359423257, 0,10, 0
0.8062263021353023, 0.7052540845381834, 0.29886936949273957, 0.2548263416231786, 0,10, 0
0.807091066320761, 0.8047656696669543, 0.2964808556329168, 0.2677144301260037, 0,10, 0
0.8048293753741768, 0.6790589146958617, 0.29631851852127505, 0.2655332714886018, 0,10, 0
0.8080888711501364, 0.7727564993064593, 0.29833501109831667, 0.2651919640874784, 0,10, 0
0.8053615379498437, 0.7006015278984002, 0.3046305630623488, 0.2706777912284552, 0,10, 0
0.8039646111887182, 0.6488539983512048, 0.3061351193746153, 0.2686285647964818, 0,10, 0
0.8076232288964279, 0.6282425272310884, 0.27295978865643794, 0.2591469280096071, 0,10, 0
0.812479212399388, 0.6298170032114933, 0.27097287725432273, 0.24899381910595297, 0,10, 0
0.809685358877137, 0.6180968753627348, 0.2952242729388943, 0.25411572006453176, 0,10, 0
0.8120135701456795, 0.6226912998188451, 0.2723470637263084, 0.2534910525270601, 0,10, 0
0.810616643384554, 0.6644272515732975, 0.2952876289424033, 0.25769152904459036, 0,10, 0
0.8108827246723874, 0.5850717809423474, 0.2778451340205287, 0.2577667122152904, 0,10, 0
0.81321093594093, 0.6126414996684382, 0.2742790069576161, 0.2541602197815992, 0,10, 0
0.8093527572673451, 0.6452427771723152, 0.2969708309551245, 0.26815510737389514, 0,10, 0
0.81321093594093, 0.6509570403858217, 0.27255694039725564, 0.2500273545146248, 0,10, 0
0.816936073970598, 0.5862072755240019, 0.2719438623308432, 0.24468669785799016, 0,10, 0
0.8179338787999734, 0.5671609979322493, 0.282228379634831, 0.25488935494157866, 0,10, 0
0.816936073970598, 0.5771154309517896, 0.2837313516999314, 0.25580130489036995, 0,10, 0
0.8164704317168895, 0.5747497281975743, 0.2631363026323258, 0.2426491270749217, 0,10, 0
0.8188651633073905, 0.6167420746162928, 0.2625431051680867, 0.2378259412851448, 0,10, 0
0.8184660413756403, 0.7383405340503297, 0.28727624314256167, 0.25125111064679645, 0,10, 0
0.8148074236679306, 0.6089989986747503, 0.2669267834369346, 0.2416671076211773, 0,10, 0
0.8171356349364731, 0.5845864645538805, 0.25822051887124564, 0.241250326624949, 0,10, 0
0.8142752610922637, 0.6336459737615221, 0.28918887412470706, 0.2573736044456306, 0,10, 0
0.8134770172287634, 0.5668954468613389, 0.2787190119482624, 0.2544898620050952, 0,10, 0
0.8172021552584314, 0.5672430081331719, 0.2840252694103903, 0.2528321793682484, 0,10, 0
0.818599082019557, 0.5974156819285661, 0.27316889602828853, 0.24879354561335132, 0,10, 0
0.8183995210536819, 0.6270248613221037, 0.26203647941673336, 0.2428886643408898, 0,10, 0
0.815073504955764, 0.7364085857789084, 0.2858102392292556, 0.2606418891763619, 0,10, 0
0.8152730659216391, 0.676957211489253, 0.2773964916072346, 0.25556396856169294, 0,10, 0
0.8154061065655558, 0.6553254143059023, 0.2753384215198374, 0.2545560874759934, 0,10, 0
0.8137430985165969, 0.5841221786948905, 0.2804327028988227, 0.25349379728541593, 0,10, 0
0.8151400252777223, 0.608491122324038, 0.2712721690103437, 0.2534134325556119, 0,10, 0
0.8136765781946385, 0.6671513390627847, 0.27007661763776236, 0.2512232283753525, 0,10, 0
0.8149404643118473, 0.6414725996340876, 0.26161559385565103, 0.24345838047415608, 0,10, 0
0.8154061065655558, 0.624434266031684, 0.26525871039443466, 0.247522882691173, 0,10, 0
0.8177343178340983, 0.578288350810554, 0.25904984855106794, 0.2423814319993277, 0,10, 0
0.8158717488192643, 0.6091905667268368, 0.25155137613736733, 0.24550759103000863, 0,10, 0
0.8142752610922637, 0.5860553447028177, 0.26955952081647, 0.25014856966860843, 0,10, 0
0.8185325616975986, 0.590167223269202, 0.2528971903745827, 0.246279807761418, 0,10, 0
0.8174682365462649, 0.5704526090754888, 0.2570382866391242, 0.2471668357420405, 0,10, 0
0.8208607729661411, 0.5603998026272098, 0.2544341909212309, 0.23759953221750496, 0,10, 0
0.8200625291026409, 0.5815227701105651, 0.2587187946304107, 0.23747093368027491, 0,10, 0
0.8180003991219318, 0.6475439033360727, 0.25926316770936053, 0.24992208164306945, 0,10, 0
0.8190647242732655, 0.5459874904847506, 0.2573071268315247, 0.246462553751332, 0,10, 0
0.8214594558637663, 0.5334925130682777, 0.26268291181379133, 0.23765662320735012, 0,10, 0
0.8213264152198496, 0.5642367807931591, 0.2556604496804864, 0.23811808815257426, 0,10, 0
0.8205281713563494, 0.6285813969968594, 0.26655124683110076, 0.24912117781810536, 0,10, 0
0.8201290494245992, 0.5442936533826142, 0.26624404789911127, 0.25159786395984457, 0,10, 0
0.8209272932880995, 0.5675754671557854, 0.26202848625380143, 0.24356126943450213, 0,10, 0
0.82212465908335, 0.5560892257740878, 0.256211766602766, 0.2388961563449595, 0,10, 0
0.8210603339320163, 0.5576906648504161, 0.25407622205818614, 0.24346976997626416, 0,10, 0
0.8184660413756403, 0.7211833570252202, 0.26298243801854837, 0.2423769965749053, 0,10, 0
0.8181999600878068, 0.6124170659740283, 0.271123236913832, 0.24967819610898911, 0,10, 0
0.8181999600878068, 0.5874055743536176, 0.2587557912710884, 0.2456122457494076, 0,10, 0
0.8179338787999734, 0.660029520214696, 0.26647501884165, 0.2500855918229811, 0,10, 0
0.8168030333266812, 0.5998701083365198, 0.2713523535676065, 0.24757152619921857, 0,10, 0
