acuracia,loss,frr,fpr, removed, n_clf, tp_removed
0.09825051553249518, 0.0, 0.8944041643372586, 0.40467750686587217, 0,10, 0
0.31543936672653494, 0.0, 0.7266627959281883, 0.4171312131403998, 0,10, 0
0.39220381826648043, 0.0, 0.7157511933764116, 0.36151318662941456, 0,10, 0
0.6480409765183264, 0.0, 0.4615789626345778, 0.36498655005328673, 0,10, 0
0.5008315040244795, 0.0, 0.642028446755775, 0.4444406187278399, 0,10, 0
0.11434843344641787, 0.0, 0.9351050618878431, 0.5873415729469295, 0,10, 0
0.49863633339985364, 0.0, 0.6647007215986562, 0.45985735647822024, 0,10, 0
0.12186522982771236, 0.0, 0.9108145255819966, 0.5695146757743832, 0,10, 0
0.11461451473425131, 0.0, 0.9225933905526424, 0.5684861084481525, 0,10, 0
0.15293022018226568, 0.0, 0.9196219928916851, 0.5743060983278282, 0,10, 0
0.15964877270005987, 0.0, 0.9129919562616486, 0.5697283305502209, 0,10, 0
0.17195503226235614, 0.0, 0.8945318722280349, 0.5518977442637287, 0,10, 0
0.21978314375041574, 0.0, 0.8605910058777343, 0.5428223077981514, 0,10, 0
0.2173218918379565, 0.0, 0.8686406936683545, 0.5522819437631583, 0,10, 0
0.20953901416882859, 0.0, 0.870479813250837, 0.5464438159240772, 0,10, 0
0.2308920375174616, 0.0, 0.8478943723110277, 0.5349553435025275, 0,10, 0
0.25151333732455267, 0.0, 0.8258052065748029, 0.5318649176684074, 0,10, 0
0.2423335328942992, 0.0, 0.8297571241752069, 0.5301337062826916, 0,10, 0
0.21665668861837292, 0.0, 0.845748426875844, 0.5438149717386179, 0,10, 0
0.23687886649371384, 0.0, 0.8396503201632793, 0.534473017621805, 0,10, 0
0.2215791924432914, 0.0, 0.8353466973858751, 0.5329596841706133, 0,10, 0
0.259562296281514, 0.0, 0.8163562269829663, 0.5322521035728205, 0,10, 0
0.2104702986762456, 0.0, 0.82759655366428, 0.532065824304063, 0,10, 0
0.24532694738242533, 0.0, 0.8177996110814739, 0.5268962559737772, 0,10, 0
0.2487194838023016, 0.0, 0.8169038950636149, 0.5288402959169857, 0,10, 0
0.23222244395662875, 0.0, 0.8229447350085405, 0.5368476665370365, 0,10, 0
0.24559302867025876, 0.0, 0.809356357123518, 0.5248654977282556, 0,10, 0
0.20594691678307722, 0.0, 0.8272625987061878, 0.5329595144108784, 0,10, 0
0.25849797113018025, 0.0, 0.8015829090346053, 0.5226328067423553, 0,10, 0
0.5769307523448414, 0.0, 0.5754914102939485, 0.4126001876906742, 0,10, 0
0.2743963280782279, 0.0, 0.7804714343562381, 0.5189801475041105, 0,10, 0
0.32794518725470634, 0.0, 0.7501281674165317, 0.5064635533155026, 0,10, 0
0.32634869952770573, 0.0, 0.760431197719562, 0.5136314703174031, 0,10, 0
0.3205614315173285, 0.0, 0.7677503965198268, 0.5100429622387987, 0,10, 0
0.3394532029535023, 0.0, 0.7449666139941088, 0.5029137139760192, 0,10, 0
0.34417614581254574, 0.0, 0.7336454569987945, 0.5031144045075584, 0,10, 0
0.25197897957826115, 0.0, 0.8256379669326074, 0.5225514322121672, 0,10, 0
0.3373910729727932, 0.0, 0.746519923255442, 0.50613492303811, 0,10, 0
0.23415153329342114, 0.0, 0.8130996331458421, 0.5207015932904686, 0,10, 0
0.3296747156256236, 0.0, 0.7390159365614625, 0.5060196173701283, 0,10, 0
0.3106499035455332, 0.0, 0.7475487893296093, 0.5040849726714333, 0,10, 0
0.4048426794385685, 0.0, 0.6657962901173056, 0.4751248580019073, 0,10, 0
0.4247322557041176, 0.0, 0.6689818989060433, 0.47488082394786113, 0,10, 0
0.2507816137830107, 0.0, 0.8386394691511078, 0.5243388944776617, 0,10, 0
0.29135901017760923, 0.0, 0.8034189396220568, 0.5081346176877427, 0,10, 0
0.2662808487993082, 0.0, 0.8167324958137641, 0.522219319547172, 0,10, 0
0.3359276258897093, 0.0, 0.7619973142593901, 0.49186484255293067, 0,10, 0
0.42300272733320027, 0.0, 0.678415429910465, 0.4526819839512385, 0,10, 0
0.48360274063726466, 0.0, 0.6196144871799071, 0.43125797243335434, 0,10, 0
0.49610856116543606, 0.0, 0.6474746242672874, 0.42678139856784936, 0,10, 0
0.4357081088272467, 0.0, 0.6960139321212792, 0.4600492864798872, 0,10, 0
0.3995875740038582, 0.0, 0.6916068534410504, 0.4621645486071629, 0,10, 0
0.2632209139892237, 0.0, 0.7940003000142526, 0.4618611859818654, 0,10, 0
0.566087939865629, 0.0, 0.5155574852510815, 0.40042759085877344, 0,10, 0
0.643717155591033, 0.0, 0.455903080501033, 0.3618769680651836, 0,10, 0
0.6244262622231092, 0.0, 0.49235357605249197, 0.3452394120813092, 0,10, 0
0.42034191445486596, 0.0, 0.6232541379055649, 0.4022025807931397, 0,10, 0
0.4885252444621832, 0.0, 0.5323726694220506, 0.42110467472720603, 0,10, 0
0.5747355817202155, 0.0, 0.5185067633618865, 0.39413714666720717, 0,10, 0
0.43710503558837227, 0.0, 0.6654971808395895, 0.46231009305739135, 0,10, 0
0.4691013104503426, 0.0, 0.6579415690120932, 0.4553414885917445, 0,10, 0
0.5877070445020954, 0.0, 0.5340913843705765, 0.39536989999785227, 0,10, 0
0.6458458058937006, 0.0, 0.5058913735970362, 0.37546675306990385, 0,10, 0
0.6645380163639992, 0.0, 0.4883298455267719, 0.3590368888800253, 0,10, 0
0.6750482272334198, 0.0, 0.4624669507806394, 0.3466889015161575, 0,10, 0
0.6754473491651699, 0.0, 0.4608384729646425, 0.3439823598420164, 0,10, 0
0.6508348300405774, 0.0, 0.44942588443048803, 0.352561021323912, 0,10, 0
0.7633872147941196, 0.0, 0.3603652268227151, 0.30954602926077734, 0,10, 0
0.762921572540411, 0.0, 0.369494014701503, 0.3073160408235901, 0,10, 0
0.7814142220448347, 0.0, 0.341994937743972, 0.29636297978094645, 0,10, 0
0.7806824985032927, 0.0, 0.3485945352580895, 0.2920424438232264, 0,10, 0
0.7804829375374177, 0.0, 0.34100893666261767, 0.29700253201581256, 0,10, 0
0.7810151001130845, 0.0, 0.3479689637179979, 0.2935357358187805, 0,10, 0
0.7814142220448347, 0.0, 0.341994937743972, 0.29475328362183734, 0,10, 0
0.7797512139958758, 0.0, 0.3438331730380896, 0.2982977856920019, 0,10, 0
0.7786203685225837, 0.0, 0.3196789204279547, 0.2969586135246672, 0,10, 0
0.7828776691279186, 0.0, 0.3347010688221961, 0.2919185453272618, 0,10, 0
0.7832102707377103, 0.0, 0.32755821167933896, 0.294253397407647, 0,10, 0
0.7875340916650037, 0.0, 0.3278110344579349, 0.29475148082686115, 0,10, 0
0.7874010510210869, 0.0, 0.33257293921983966, 0.29290381575341323, 0,10, 0
0.7874010510210869, 0.0, 0.33257293921983966, 0.2927093830145827, 0,10, 0
0.7881992948845873, 0.0, 0.31352532017222073, 0.29557748281960505, 0,10, 0
0.7889310184261292, 0.0, 0.3160472344105528, 0.2873419500913248, 0,10, 0
0.7887979777822125, 0.0, 0.3161264961230524, 0.2857495865558857, 0,10, 0
0.7881992948845873, 0.0, 0.32342136352382356, 0.2883464991963541, 0,10, 0
0.7865362868356283, 0.0, 0.3247244830878015, 0.2883947023818867, 0,10, 0
0.78686888844542, 0.0, 0.3175816259449444, 0.2881805360202888, 0,10, 0
0.7733652630878733, 0.0, 0.32495846615266694, 0.2974775846242038, 0,10, 0
0.7889310184261292, 0.0, 0.3159453224336409, 0.2863715726404468, 0,10, 0
0.7891970997139626, 0.0, 0.3058885042518227, 0.28844875408583703, 0,10, 0
0.7889975387480875, 0.0, 0.3158885042518227, 0.2873985908423658, 0,10, 0
0.7889975387480875, 0.0, 0.3158885042518227, 0.2892670543265166, 0,10, 0
0.7846737178207942, 0.0, 0.31498164150672464, 0.29619883681732767, 0,10, 0
0.7846737178207942, 0.0, 0.31498164150672464, 0.289528882233679, 0,10, 0
0.785937603938003, 0.0, 0.31743001908784557, 0.2915264771165017, 0,10, 0
0.7738974256635403, 0.0, 0.3110921241613249, 0.29260367483001987, 0,10, 0
0.7895297013237544, 0.0, 0.30437335273667115, 0.28328901442444193, 0,10, 0
0.7866028071575867, 0.0, 0.3135854739487924, 0.29315258251560555, 0,10, 0
0.7895297013237544, 0.0, 0.30437335273667115, 0.28967749095866346, 0,10, 0
0.7893966606798377, 0.0, 0.3110400194033378, 0.2865948525541316, 0,10, 0
0.7895962216457127, 0.0, 0.3067543051176235, 0.28787934620241806, 0,10, 0
0.08295084148207277, 0.0, 0.9066111684626776, 0.34709458072829585, 0,10, 0
0.25803232887647176, 0.0, 0.7526180083723985, 0.362992752548629, 0,10, 0
0.3818266480409765, 0.0, 0.7324294725161732, 0.47077181528709644, 0,10, 0
0.6618772034856649, 0.0, 0.4577275201949547, 0.3649007398474703, 0,10, 0
0.6358012372779884, 0.0, 0.5176370971713392, 0.39896866269388503, 0,10, 0
0.22231091598483338, 0.0, 0.8269475703214502, 0.5443748942649963, 0,10, 0
0.201822656821659, 0.0, 0.8495892581933141, 0.5463843845736426, 0,10, 0
0.45686157121000465, 0.0, 0.6456099326860456, 0.46504188863909185, 0,10, 0
0.5061531297811481, 0.0, 0.6382462729001543, 0.4536757489545486, 0,10, 0
0.17687753608727466, 0.0, 0.8723962943611927, 0.555771045842262, 0,10, 0
0.2000931284507417, 0.0, 0.8600038950937933, 0.5538691999365117, 0,10, 0
0.2394731590500898, 0.0, 0.8407655833960637, 0.5493236624089275, 0,10, 0
0.25237810151001133, 0.0, 0.8148562097822638, 0.5352424041496199, 0,10, 0
0.250648573139094, 0.0, 0.8127761042153162, 0.5284177273413804, 0,10, 0
0.25437371116876206, 0.0, 0.8148538581670784, 0.5275429082310314, 0,10, 0
0.2544402314907204, 0.0, 0.7945957100480799, 0.522234568564132, 0,10, 0
0.2495177276658019, 0.0, 0.8150860120494177, 0.528349316415393, 0,10, 0
0.634603871482738, 0.0, 0.5583767747086038, 0.4080689661751623, 0,10, 0
0.24512738641655027, 0.0, 0.8054258196744841, 0.535818441026512, 0,10, 0
0.2467903944655092, 0.0, 0.8009615339601984, 0.532612795135908, 0,10, 0
0.2504490121732189, 0.0, 0.7981696557876097, 0.5410884375432075, 0,10, 0
0.25457327213463715, 0.0, 0.7986422387601927, 0.5286188107094589, 0,10, 0
0.24851992283642652, 0.0, 0.8080849689750836, 0.5339620040640707, 0,10, 0
0.25969533692543073, 0.0, 0.79381673720082, 0.5329288968532836, 0,10, 0
0.25231158118805297, 0.0, 0.7969484508678728, 0.5318223161297092, 0,10, 0
0.2635535155990155, 0.0, 0.7943046478632558, 0.5219388748107451, 0,10, 0
0.26614780815539146, 0.0, 0.7866575890397265, 0.5240248628412454, 0,10, 0
0.25244462183196964, 0.0, 0.799383413572864, 0.5387455826366632, 0,10, 0
0.2442626222310916, 0.0, 0.8084182439169082, 0.5317159116359742, 0,10, 0
0.2708707510144349, 0.0, 0.7823400644590438, 0.5264991131604722, 0,10, 0
0.24120268742100712, 0.0, 0.8273237463092528, 0.5406225913051852, 0,10, 0
0.24419610190913324, 0.0, 0.8096682439169082, 0.533176393523252, 0,10, 0
0.2666134504091, 0.0, 0.7916669875359669, 0.5271044817961063, 0,10, 0
0.2650169626820994, 0.0, 0.7900786437867664, 0.5330539499794914, 0,10, 0
0.2791857912592297, 0.0, 0.7645089117583058, 0.5168146186452468, 0,10, 0
0.2635535155990155, 0.0, 0.7943046478632558, 0.5263119093590086, 0,10, 0
0.2579658085545134, 0.0, 0.7910380821747922, 0.5275422300825493, 0,10, 0
0.27406372646843613, 0.0, 0.7768282590776531, 0.5203122588983765, 0,10, 0
0.2678773365263088, 0.0, 0.7809433033254406, 0.5194353850529256, 0,10, 0
0.2467903944655092, 0.0, 0.8020211850933788, 0.5292577961800994, 0,10, 0
0.24931816669992682, 0.0, 0.7924216179938118, 0.5301195368043108, 0,10, 0
0.2563693208275128, 0.0, 0.787979294091535, 0.5317801271073841, 0,10, 0
0.30632608261823985, 0.0, 0.7489810988632363, 0.4991988404561611, 0,10, 0
0.2512472560367192, 0.0, 0.8054202392611052, 0.5360479599969586, 0,10, 0
0.24652431317767579, 0.0, 0.7945977837969207, 0.5333214520618746, 0,10, 0
0.25357546730526176, 0.0, 0.7866280164340813, 0.5267822441993184, 0,10, 0
0.2335528503957959, 0.0, 0.8024403717403171, 0.5194264717980686, 0,10, 0
0.27180203552185195, 0.0, 0.8012582015240133, 0.5105311701686808, 0,10, 0
0.4204749550987827, 0.0, 0.6648242035242657, 0.3943935625456906, 0,10, 0
0.3424466174416284, 0.0, 0.7237042984223407, 0.4766640352073493, 0,10, 0
0.3473026009445886, 0.0, 0.725474469094355, 0.4801423900299113, 0,10, 0
0.39852324885252444, 0.0, 0.6870222366187064, 0.45421264645217135, 0,10, 0
0.5309652098716158, 0.0, 0.5929679817576211, 0.39512035185570454, 0,10, 0
0.3311381627087075, 0.0, 0.7381276706903548, 0.4798108129082408, 0,10, 0
0.34337790194904544, 0.0, 0.7296457218694771, 0.48463534049777607, 0,10, 0
0.5394132907603273, 0.0, 0.59176753029288, 0.39872274502383626, 0,10, 0
0.5918313044635136, 0.0, 0.5411226126087255, 0.3914202522737052, 0,10, 0
0.5019623494977715, 0.0, 0.6327400672778538, 0.40812342699962156, 0,10, 0
0.5591698263819597, 0.0, 0.584045503672887, 0.38835294140608495, 0,10, 0
0.34623827579325483, 0.0, 0.7413301638713453, 0.4750811896691926, 0,10, 0
0.5261092263686556, 0.0, 0.6100880889518318, 0.4037509138889594, 0,10, 0
0.5642253708507949, 0.0, 0.5604051494166545, 0.3884883135037294, 0,10, 0
0.4411627752278321, 0.0, 0.6541633133810094, 0.4179321258144797, 0,10, 0
0.4829375374176811, 0.0, 0.6213366988191009, 0.4049210258332561, 0,10, 0
0.613982571675647, 0.0, 0.5417889558676812, 0.3867071924571364, 0,10, 0
0.543071908468037, 0.0, 0.59620460596818, 0.3928995472784678, 0,10, 0
0.4265283043969933, 0.0, 0.6773598661388501, 0.4508396213504115, 0,10, 0
0.5877070445020954, 0.0, 0.5342440174453278, 0.3914822320858618, 0,10, 0
0.5255770637929887, 0.0, 0.5706711388556116, 0.39799739488961416, 0,10, 0
0.4871283177010577, 0.0, 0.6242264373114164, 0.41654112343595207, 0,10, 0
0.6336060666533626, 0.0, 0.5167549100124252, 0.37445116803211137, 0,10, 0
0.5318964943790327, 0.0, 0.61041399283785, 0.4026575961160574, 0,10, 0
0.22843078560500232, 0.0, 0.8093211964679946, 0.4666426061154004, 0,10, 0
0.3155058870484933, 0.0, 0.7361568088492147, 0.39421532067509135, 0,10, 0
0.33080556109891573, 0.0, 0.7539970103712399, 0.37846401777876587, 0,10, 0
0.4009845007649837, 0.0, 0.716333570244471, 0.3459502484447245, 0,10, 0
0.46983303399188453, 0.0, 0.6292967091913028, 0.4371569714449277, 0,10, 0
0.46211667664471495, 0.0, 0.6782948071210351, 0.4450636564063846, 0,10, 0
0.4603206279518393, 0.0, 0.6190645789236219, 0.4329305648861101, 0,10, 0
0.4945785937603938, 0.0, 0.6476109669185185, 0.43846192663878525, 0,10, 0
0.44828044967737646, 0.0, 0.6608975534662054, 0.45706466348603697, 0,10, 0
0.5570411760792923, 0.0, 0.56810495489817, 0.3995230264536119, 0,10, 0
0.5833832235748021, 0.0, 0.5619688162498204, 0.3937902314613121, 0,10, 0
0.49271602474555976, 0.0, 0.6389360333902586, 0.3874361462991523, 0,10, 0
0.39100645247122995, 0.0, 0.7023226554549553, 0.38013661061122306, 0,10, 0
0.4044435575068183, 0.0, 0.6703248209572383, 0.3653424437408033, 0,10, 0
0.3586110556775095, 0.0, 0.7167904588687651, 0.39507006471128847, 0,10, 0
0.5946251579857647, 0.0, 0.49858928257812507, 0.35372711731969253, 0,10, 0
0.6387946517661145, 0.0, 0.4477399770051291, 0.32774457496372184, 0,10, 0
0.604337124991685, 0.0, 0.4973878993556575, 0.3668786314180917, 0,10, 0
0.575932947515466, 0.0, 0.5257838296064496, 0.3614311967969657, 0,10, 0
0.490720415086809, 0.0, 0.5927052662274417, 0.42195281482074565, 0,10, 0
0.6031397591964345, 0.0, 0.5091059041553111, 0.3770004737829884, 0,10, 0
0.6320760992483203, 0.0, 0.4880405201562033, 0.362556202169346, 0,10, 0
0.650768309718619, 0.0, 0.47052971904324176, 0.35452714662436174, 0,10, 0
0.6440497572008248, 0.0, 0.46965100787529535, 0.3556434478460908, 0,10, 0
0.7029867624559303, 0.0, 0.43227209309946013, 0.3390322985939136, 0,10, 0
0.7304596554247322, 0.0, 0.4047596537893569, 0.32616869518514024, 0,10, 0
0.7194838023016031, 0.0, 0.3895092188317446, 0.3206382188510629, 0,10, 0
0.7196833632674782, 0.0, 0.38954709761962336, 0.32230398531095134, 0,10, 0
0.7194172819796448, 0.0, 0.3932970976196234, 0.3241544251966658, 0,10, 0
0.09958092197166234, 0.0, 0.9035944427493297, 0.3686780058649305, 0,10, 0
0.3002727333200293, 0.0, 0.7122726485880827, 0.3698878304206719, 0,10, 0
0.38209272932880994, 0.0, 0.6835359304647868, 0.29787388053720104, 0,10, 0
0.6448480010643252, 0.0, 0.4585759350603814, 0.35403215877249417, 0,10, 0
0.41588505288365596, 0.0, 0.6938764302244489, 0.4724169751261982, 0,10, 0
0.15745360207543405, 0.0, 0.8673997811451075, 0.5577072799464952, 0,10, 0
0.2090068515931617, 0.0, 0.8284938350712407, 0.5342010869456891, 0,10, 0
0.21120202221778753, 0.0, 0.8251134593766316, 0.5343322319898338, 0,10, 0
0.22111355018958292, 0.0, 0.8147343516741461, 0.5219230555591909, 0,10, 0
0.24486130512871682, 0.0, 0.8053044802820419, 0.5095247349996579, 0,10, 0
0.24978380895363533, 0.0, 0.8138107538567472, 0.5179139402866828, 0,10, 0
0.2860373844209406, 0.0, 0.7629774116748649, 0.497642887750308, 0,10, 0
0.268476019423934, 0.0, 0.7821288766885672, 0.4960189281102521, 0,10, 0
0.2771901816004789, 0.0, 0.7638084661346539, 0.48893819196895566, 0,10, 0
0.2855717421672321, 0.0, 0.7627754348384648, 0.48186493581183626, 0,10, 0
0.2906272866360673, 0.0, 0.7598308525390436, 0.4862740711900322, 0,10, 0
0.2853056608793987, 0.0, 0.7641481932294414, 0.4900013729972556, 0,10, 0
0.3657952504490122, 0.0, 0.6856928213349031, 0.4370500396893313, 0,10, 0
0.37876671323089206, 0.0, 0.667563943835178, 0.45308321557913556, 0,10, 0
0.3961950375839819, 0.0, 0.6712132642412147, 0.44646503191504444, 0,10, 0
0.3647974456196368, 0.0, 0.6702853832990411, 0.4435311796785153, 0,10, 0
0.33606066653362604, 0.0, 0.7184460036866136, 0.4707388103724157, 0,10, 0
0.39546331404243995, 0.0, 0.6539108287231454, 0.4455039855689982, 0,10, 0
0.38854520055877073, 0.0, 0.6644580781536615, 0.4540911093542085, 0,10, 0
0.4060400452338189, 0.0, 0.6480165847500927, 0.4388904021598923, 0,10, 0
0.34430918645646247, 0.0, 0.7249415905330622, 0.4632466151625932, 0,10, 0
0.3603405840484268, 0.0, 0.7178007033293425, 0.46875408339944286, 0,10, 0
0.33439765848466707, 0.0, 0.7390592212626684, 0.4767102884220988, 0,10, 0
0.39705980176944056, 0.0, 0.6783572364888273, 0.45914126133535854, 0,10, 0
0.4245992150602009, 0.0, 0.6552108706344663, 0.4472667312476604, 0,10, 0
0.45799241668329677, 0.0, 0.6329732979994975, 0.44467969510896227, 0,10, 0
0.4577263353954633, 0.0, 0.6515780424187319, 0.45099732739213766, 0,10, 0
0.4015831836626089, 0.0, 0.6672001044365227, 0.4448376773558335, 0,10, 0
0.40803565489256965, 0.0, 0.6470726535001823, 0.45266668517622266, 0,10, 0
0.3892104037783543, 0.0, 0.6985470222431147, 0.458462387147921, 0,10, 0
0.41062994744894565, 0.0, 0.6490913192465493, 0.45155765448274365, 0,10, 0
0.4202753941329076, 0.0, 0.6349069072708017, 0.45078760283728847, 0,10, 0
0.3829574935142686, 0.0, 0.6892487248877144, 0.4662474530065472, 0,10, 0
0.3608727466240937, 0.0, 0.7182454476265779, 0.46599113786696916, 0,10, 0
0.4030466307456928, 0.0, 0.6713926071045537, 0.4492327613217506, 0,10, 0
0.3811614448213929, 0.0, 0.6966140354812237, 0.4573214398331342, 0,10, 0
0.34444222710037914, 0.0, 0.7239826841864047, 0.4558130954130622, 0,10, 0
0.3153728464045766, 0.0, 0.7467001670317291, 0.46749168644827066, 0,10, 0
0.3657287301270538, 0.0, 0.6827820662904699, 0.46194286987157773, 0,10, 0
0.3703851526641389, 0.0, 0.6794516500079795, 0.4680726934746726, 0,10, 0
0.4759529036120535, 0.0, 0.6270457622107515, 0.43378768736444234, 0,10, 0
0.4141555245127386, 0.0, 0.6404410262028821, 0.4383359479911477, 0,10, 0
0.5032927559369388, 0.0, 0.6136568863808914, 0.43329872577771994, 0,10, 0
0.42340184926495045, 0.0, 0.6776449342628843, 0.4587092193060187, 0,10, 0
0.4997006585511874, 0.0, 0.6251632918670902, 0.4342042753107579, 0,10, 0
0.4289895563094525, 0.0, 0.6649166593746565, 0.45228016401747995, 0,10, 0
0.3449078693540877, 0.0, 0.7311127936870389, 0.4790825065197825, 0,10, 0
0.3600745027605934, 0.0, 0.7239205079996749, 0.4812872202936455, 0,10, 0
0.4312512472560367, 0.0, 0.6582584346788724, 0.4594366932475112, 0,10, 0
0.3977915253109825, 0.0, 0.6600034727556952, 0.4553715972115323, 0,10, 0
0.49797113018027006, 0.0, 0.6198421731087991, 0.4353132319776955, 0,10, 0
0.4425597019889576, 0.0, 0.6570598706783726, 0.4393151914437378, 0,10, 0
0.5352890307989091, 0.0, 0.5583865097115601, 0.4160610664145906, 0,10, 0
0.4899221712233087, 0.0, 0.5681952320554996, 0.4171443811492089, 0,10, 0
0.39280250116410564, 0.0, 0.661119516159409, 0.3896617262526197, 0,10, 0
0.405308321692277, 0.0, 0.6559603571951572, 0.41272291957062895, 0,10, 0
0.3767711035721413, 0.0, 0.6901585069808372, 0.44420508128414854, 0,10, 0
0.4483469699993348, 0.0, 0.6019235957521808, 0.43605128829748663, 0,10, 0
0.5836493048626356, 0.0, 0.5507335530305173, 0.39964038872352503, 0,10, 0
0.5669527040510876, 0.0, 0.5531176831512385, 0.4020386967014945, 0,10, 0
0.5614315173285439, 0.0, 0.5668790992067365, 0.4139215357658265, 0,10, 0
0.4460187587307923, 0.0, 0.638876136409946, 0.45355081083427684, 0,10, 0
0.3710503558837225, 0.0, 0.6757534456432708, 0.45719520940611474, 0,10, 0
0.43936672653495645, 0.0, 0.6131232336858405, 0.44537759398713656, 0,10, 0
0.4438901084281248, 0.0, 0.6200150766447659, 0.4510085924022693, 0,10, 0
0.5329608195303666, 0.0, 0.5541134167369929, 0.40720540991237775, 0,10, 0
0.3967937204816071, 0.0, 0.6698385892768565, 0.4266034835183597, 0,10, 0
0.27878666932747953, 0.0, 0.771423998605795, 0.5024400365217477, 0,10, 0
0.61345040909998, 0.0, 0.4817356171594405, 0.3858962789800632, 0,10, 0
0.3027339852324885, 0.0, 0.7472472372731156, 0.4880485913314543, 0,10, 0
0.47169560300671853, 0.0, 0.5947215786629548, 0.4374127501906508, 0,10, 0
0.3537550721745493, 0.0, 0.6947340839862838, 0.4862676317647736, 0,10, 0
0.36692609592230424, 0.0, 0.6809848171241139, 0.47994960840026, 0,10, 0
0.390274728929688, 0.0, 0.6354427532354122, 0.467857226965634, 0,10, 0
0.502228430785605, 0.0, 0.5814057492336694, 0.4400638289048523, 0,10, 0
0.6172420674516065, 0.0, 0.5022863357526198, 0.403983407333623, 0,10, 0
0.6283509612186523, 0.0, 0.4904078046791735, 0.40086046796557234, 0,10, 0
0.6752477881992949, 0.0, 0.47032132822812805, 0.375926520681032, 0,10, 0
0.6886183729129249, 0.0, 0.454047298729075, 0.3794185427040673, 0,10, 0
0.7228763387214794, 0.0, 0.42020207441074325, 0.3527782359439033, 0,10, 0
0.732455265083483, 0.0, 0.4051514899708594, 0.3394988199505087, 0,10, 0
0.7327878666932748, 0.0, 0.4007683730877426, 0.339338983194859, 0,10, 0
0.741368988225903, 0.0, 0.38550621461129836, 0.3329880847886442, 0,10, 0
0.7423667930552784, 0.0, 0.3872136738187575, 0.3330124569353016, 0,10, 0
0.7469566952704051, 0.0, 0.37448850136008255, 0.3306860361619725, 0,10, 0
0.7496840284706978, 0.0, 0.37404001202558285, 0.3290136014496977, 0,10, 0
0.754007849397991, 0.0, 0.36960445495728245, 0.32377059044472445, 0,10, 0
0.7552717355151999, 0.0, 0.3586953640481916, 0.3208263342263357, 0,10, 0
0.7470232155923635, 0.0, 0.37968746905905026, 0.32971308603719757, 0,10, 0
0.7545400119736579, 0.0, 0.3598701567236521, 0.32672522590189845, 0,10, 0
0.7599946783742433, 0.0, 0.37024894460244, 0.32386516746163996, 0,10, 0
0.7589303532229096, 0.0, 0.3594672336879857, 0.3192612001840414, 0,10, 0
0.7607929222377436, 0.0, 0.3526082519617473, 0.32032133499061727, 0,10, 0
0.7653828244528703, 0.0, 0.34179628614978147, 0.3127741548777523, 0,10, 0
0.768110157653163, 0.0, 0.3462248575783529, 0.3152235999683361, 0,10, 0
0.7638528570478281, 0.0, 0.34157179635386314, 0.3158596798265117, 0,10, 0
0.13111155457992416, 0.0, 0.8451692221004734, 0.3723403634201475, 0,10, 0
0.21871881859908202, 0.0, 0.7941637145062694, 0.453601535232776, 0,10, 0
0.283509612186523, 0.0, 0.7317035086140189, 0.4851452674163444, 0,10, 0
0.6434510743031996, 0.0, 0.4990579388740318, 0.3836872566415753, 0,10, 0
0.5273731124858644, 0.0, 0.5964494041849079, 0.42618109540582316, 0,10, 0
0.6448480010643252, 0.0, 0.4730361638848568, 0.375661789588812, 0,10, 0
0.656156455797246, 0.0, 0.47047797184858003, 0.357578828000445, 0,10, 0
0.16097917913922705, 0.0, 0.8442676511298596, 0.5581901923990682, 0,10, 0
0.14042439965409434, 0.0, 0.8455202049110213, 0.5627849528100098, 0,10, 0
0.19743231557240737, 0.0, 0.7888232388670217, 0.5410713503774199, 0,10, 0
0.20022616909465843, 0.0, 0.7973482427853438, 0.5425305091683521, 0,10, 0
0.16989290228164705, 0.0, 0.8103172690246637, 0.5397950829012533, 0,10, 0
0.1734849996673984, 0.0, 0.8034954068029521, 0.5370056346528574, 0,10, 0
0.17541408900419078, 0.0, 0.8141892968730174, 0.5486313483913339, 0,10, 0
0.19137896627419676, 0.0, 0.8083061733859241, 0.5433002833090694, 0,10, 0
0.1989622829774496, 0.0, 0.799504024207669, 0.5414900535989755, 0,10, 0
0.3174349763852857, 0.0, 0.7595150592656313, 0.49639827455027963, 0,10, 0
0.3375241136167099, 0.0, 0.7420257806650854, 0.49365402658271873, 0,10, 0
0.3425131377635868, 0.0, 0.727725746830864, 0.486564963914627, 0,10, 0
0.3896760460320628, 0.0, 0.6919950700204975, 0.48250281359321207, 0,10, 0
0.43517594625157985, 0.0, 0.6772837851639071, 0.4632069562836647, 0,10, 0
0.39100645247122995, 0.0, 0.6976690497283231, 0.46540173964013043, 0,10, 0
0.4150202886981973, 0.0, 0.6923070266756235, 0.46599197672227516, 0,10, 0
0.35149338122796514, 0.0, 0.759786505921446, 0.4927372369655534, 0,10, 0
0.41508680902015566, 0.0, 0.720101314772394, 0.47271359710167715, 0,10, 0
0.30047229428590433, 0.0, 0.7556376822513314, 0.48552226530600245, 0,10, 0
0.4164837357812812, 0.0, 0.7263238552140501, 0.47388075114435113, 0,10, 0
0.38927692410031267, 0.0, 0.7489717410055249, 0.4839506507263052, 0,10, 0
0.43497638528570476, 0.0, 0.6672814768268266, 0.4585219235007786, 0,10, 0
0.4099647442293621, 0.0, 0.7159323163018348, 0.47181652555830356, 0,10, 0
0.3657952504490122, 0.0, 0.7090271772910631, 0.4708909603595668, 0,10, 0
0.346637397725005, 0.0, 0.7252948874160943, 0.4857334198504297, 0,10, 0
0.35368855185259096, 0.0, 0.7219033766365328, 0.4763254943466824, 0,10, 0
0.29614847335861105, 0.0, 0.7727278992140981, 0.4925157223365079, 0,10, 0
0.335129382026209, 0.0, 0.7375515316324556, 0.4802408484624186, 0,10, 0
0.3179006186389942, 0.0, 0.7638410497701167, 0.49781819026086443, 0,10, 0
0.3329342114015832, 0.0, 0.7295903119723919, 0.4806920518947223, 0,10, 0
0.20747688418811946, 0.0, 0.839287160702685, 0.532713169022359, 0,10, 0
0.27552717355152, 0.0, 0.8010400932377044, 0.5050532252109243, 0,10, 0
0.32089403312712034, 0.0, 0.7419570343707194, 0.48463158184129873, 0,10, 0
0.3194971063659948, 0.0, 0.7793676297152987, 0.4967659612040085, 0,10, 0
0.27306592163906074, 0.0, 0.7405648293004493, 0.4826473378081383, 0,10, 0
0.6412559036785738, 0.0, 0.477567208375593, 0.3666686029347251, 0,10, 0
0.6095257101044369, 0.0, 0.4872418006570974, 0.3765384059219889, 0,10, 0
0.48220581387613914, 0.0, 0.6754819356718733, 0.42565433733919744, 0,10, 0
0.5763320694472162, 0.0, 0.5900242793761641, 0.40028792233792676, 0,10, 0
0.593560832834431, 0.0, 0.57879009488111, 0.3869712621254302, 0,10, 0
0.724273265482605, 0.0, 0.42436228575958135, 0.33633039280052346, 0,10, 0
0.7310583383223574, 0.0, 0.44097467712761174, 0.34102911285099496, 0,10, 0
0.7417015898356948, 0.0, 0.4364325525854872, 0.33296840270930944, 0,10, 0
0.7501496707244063, 0.0, 0.4135241592991869, 0.32729377821401157, 0,10, 0
0.7618572473890773, 0.0, 0.3968639172036151, 0.31484684627439435, 0,10, 0
0.7656489057407038, 0.0, 0.38525677434647215, 0.3116011705909627, 0,10, 0
0.7652497838089536, 0.0, 0.38844792904669423, 0.30819426577460524, 0,10, 0
0.7752943524246657, 0.0, 0.3609595921090065, 0.29549521322777667, 0,10, 0
0.7728996208341649, 0.0, 0.3699497568026125, 0.304219067767461, 0,10, 0
0.7754939133905409, 0.0, 0.3708093052852179, 0.29905962171367007, 0,10, 0
0.7825450675181268, 0.0, 0.3519216598438739, 0.29926410326789327, 0,10, 0
0.7882658152065456, 0.0, 0.3391029101157836, 0.28742952863478344, 0,10, 0
0.7902614248652964, 0.0, 0.33729969382498515, 0.29690829397056323, 0,10, 0
0.7891305793920043, 0.0, 0.3277435036781357, 0.29245052023804347, 0,10, 0
0.783343311381627, 0.0, 0.3395202724113405, 0.2962884618468449, 0,10, 0
0.7720348566487062, 0.0, 0.3467581934701364, 0.29419977770178446, 0,10, 0
0.7917913922703386, 0.0, 0.3314896384956991, 0.2914030179420965, 0,10, 0
0.7917913922703386, 0.0, 0.3314896384956991, 0.29309473594435514, 0,10, 0
0.7872014900552119, 0.0, 0.3417586551932872, 0.29383499206189173, 0,10, 0
0.7919244329142553, 0.0, 0.3285134480195086, 0.2958052180237155, 0,10, 0
0.7924565954899222, 0.0, 0.3277160535900387, 0.2945897097795728, 0,10, 0
0.7579990687154926, 0.0, 0.333521081895067, 0.2996723837984624, 0,10, 0
0.7578660280715759, 0.0, 0.3364926936166788, 0.29324712821156595, 0,10, 0
0.7895297013237544, 0.0, 0.3318177851917703, 0.28731536620021303, 0,10, 0
0.7893301403578793, 0.0, 0.32781568435143416, 0.28580672609335595, 0,10, 0
0.3861504689682698, 0.0, 0.6682889566242171, 0.48007322886935405, 0,10, 0
0.7349830373179006, 0.0, 0.37275411210655673, 0.3170539032747137, 0,10, 0
0.7746291492050822, 0.0, 0.3376236169766299, 0.29681101769510243, 0,10, 0
0.7875340916650037, 0.0, 0.32665320039492507, 0.2876484592378657, 0,10, 0
0.7534756868223242, 0.0, 0.33702952877667725, 0.2944307658062014, 0,10, 0
0.7758930353222909, 0.0, 0.3372640615335831, 0.29202985329717973, 0,10, 0
0.7896627419676712, 0.0, 0.3279908057196295, 0.285314132861008, 0,10, 0
0.7713031331071643, 0.0, 0.32954946764593857, 0.2901454314270761, 0,10, 0
0.7862702055477948, 0.0, 0.3154887048792935, 0.29211000694928857, 0,10, 0
0.7799507749617508, 0.0, 0.3310077196573268, 0.2913788080190782, 0,10, 0
0.7799507749617508, 0.0, 0.3310077196573268, 0.29200932270541813, 0,10, 0
0.7826781081620435, 0.0, 0.3302601252827893, 0.2921593663406991, 0,10, 0
0.7871349697332535, 0.0, 0.32640508326598267, 0.2909979068202292, 0,10, 0
0.7861371649038781, 0.0, 0.3257862389540643, 0.29609370211653674, 0,10, 0
0.7870684494112952, 0.0, 0.32889204491281143, 0.2919318794782678, 0,10, 0
0.7915918313044635, 0.0, 0.3236084314674333, 0.29369947674530633, 0,10, 0
0.7870019290893367, 0.0, 0.33304720697763734, 0.2941239366719353, 0,10, 0
0.7917913922703386, 0.0, 0.3277840107900714, 0.2891685624743825, 0,10, 0
0.7933878799973392, 0.0, 0.31831431382037445, 0.2895695389064277, 0,10, 0
0.7933213596753809, 0.0, 0.32081431382037445, 0.29024361600767945, 0,10, 0
0.7936539612851726, 0.0, 0.3098619328679935, 0.2818221088526272, 0,10, 0
0.7933878799973392, 0.0, 0.308877084383145, 0.2866854110088363, 0,10, 0
0.794651766114548, 0.0, 0.3104921286309326, 0.2819559160256838, 0,10, 0
0.7905275061531298, 0.0, 0.3111250048538287, 0.2873605035089792, 0,10, 0
0.7903279451872547, 0.0, 0.32029167152049537, 0.2836831393166923, 0,10, 0
0.323421805361538, 0.0, 0.7668107120827227, 0.512112727543323, 0,10, 0
0.3161710902680769, 0.0, 0.7604593346656223, 0.505821818504283, 0,10, 0
0.3528237876671323, 0.0, 0.7138185544685152, 0.4877607772387279, 0,10, 0
0.7140956562229761, 0.0, 0.3415647481497379, 0.30526422293634037, 0,10, 0
0.09751879199095323, 0.0, 0.8989035199150658, 0.4593697475032431, 0,10, 0
0.2935541808022351, 0.0, 0.7686702554232074, 0.507507747448055, 0,10, 0
0.4593228231224639, 0.0, 0.6651684713634008, 0.4520743255628862, 0,10, 0
0.6421206678640324, 0.0, 0.5013135498529803, 0.37729573383237563, 0,10, 0
0.5641588505288365, 0.0, 0.5966180450652514, 0.43543416385882566, 0,10, 0
0.1325084813410497, 0.0, 0.8853130753912546, 0.5710745805565238, 0,10, 0
0.22151267212133308, 0.0, 0.8222109622302581, 0.5337258925726953, 0,10, 0
0.1784075034923169, 0.0, 0.8456283569429661, 0.5481826248194573, 0,10, 0
0.17707709705314972, 0.0, 0.843510086863531, 0.5484790593755894, 0,10, 0
0.16862901616443823, 0.0, 0.8543634663607459, 0.54469348879287, 0,10, 0
0.18658950309319497, 0.0, 0.8268149346267823, 0.5394876115257938, 0,10, 0
0.17807490188252512, 0.0, 0.8364538277170855, 0.5393150435363289, 0,10, 0
0.19996008780682498, 0.0, 0.8079623338633568, 0.5269278651598195, 0,10, 0
0.21805361537949844, 0.0, 0.7951115107351865, 0.5204991670028366, 0,10, 0
0.20667864032461916, 0.0, 0.8239022526299781, 0.5420747837290287, 0,10, 0
0.22756602141954366, 0.0, 0.79896605829763, 0.5292132797857917, 0,10, 0
0.23255504556642054, 0.0, 0.7842586998725813, 0.514990195143944, 0,10, 0
0.2581653695203885, 0.0, 0.7636885490077405, 0.4970052712604698, 0,10, 0
0.5012306259562296, 0.0, 0.5722062613240689, 0.40645313110992665, 0,10, 0
0.2585644914521386, 0.0, 0.783561248673751, 0.48393061870245996, 0,10, 0
0.26701257234085013, 0.0, 0.7518349601615875, 0.47293175328895976, 0,10, 0
0.43391206013437106, 0.0, 0.6298034995510197, 0.44879049196697124, 0,10, 0
0.4111621100246125, 0.0, 0.6604858171410651, 0.4527618461829323, 0,10, 0
0.45825849797113016, 0.0, 0.6095027493029952, 0.4177910347710599, 0,10, 0
0.5153994545333599, 0.0, 0.5920318183848124, 0.4179294519275907, 0,10, 0
0.5068848533226901, 0.0, 0.608661442507116, 0.4261769377901551, 0,10, 0
0.4759529036120535, 0.0, 0.6220889737127758, 0.4254797761504039, 0,10, 0
0.5375507217454932, 0.0, 0.5567463930209542, 0.4057558821192606, 0,10, 0
0.5440697132974124, 0.0, 0.5548196867582436, 0.4011860903030355, 0,10, 0
0.4887248054280583, 0.0, 0.5840653265543918, 0.4211882319813241, 0,10, 0
0.5196567551386949, 0.0, 0.5526308994959404, 0.3986935559508992, 0,10, 0
0.5562429322157919, 0.0, 0.5421731845626828, 0.3931376610477189, 0,10, 0
0.6298809286236945, 0.0, 0.45857857963832577, 0.3718842872766443, 0,10, 0
0.6176411893833567, 0.0, 0.4673885112476626, 0.37386200049733387, 0,10, 0
0.6289496441162775, 0.0, 0.48347003856913845, 0.37430716943398035, 0,10, 0
0.6059336127186855, 0.0, 0.4848047588081849, 0.3836883287889931, 0,10, 0
0.60899354752877, 0.0, 0.49175533902970936, 0.38258689724487815, 0,10, 0
0.5692809153196301, 0.0, 0.5548047166463579, 0.40537798037997624, 0,10, 0
0.5558438102840417, 0.0, 0.5564061774394976, 0.3916141279094956, 0,10, 0
0.515599015499235, 0.0, 0.5249728650887378, 0.39946182305994177, 0,10, 0
0.5266413889443224, 0.0, 0.5665037256657139, 0.4135456648318223, 0,10, 0
0.6006785072839752, 0.0, 0.502764496781497, 0.38520743637876464, 0,10, 0
0.6107230758996873, 0.0, 0.48033830758641366, 0.3692204961422986, 0,10, 0
0.5144016497039846, 0.0, 0.591849985153688, 0.3974483660606208, 0,10, 0
0.5351559901549924, 0.0, 0.5659657207484452, 0.40627467080028346, 0,10, 0
0.5740703785006319, 0.0, 0.5063971760364375, 0.38344208042422656, 0,10, 0
0.658950309319497, 0.0, 0.45454552536480364, 0.37139979136790285, 0,10, 0
0.6406572207809486, 0.0, 0.4647317595647471, 0.3637130261698356, 0,10, 0
0.6356681966340717, 0.0, 0.464441362830711, 0.3622593551269254, 0,10, 0
0.6724539346770438, 0.0, 0.4257612193341339, 0.34157471739370576, 0,10, 0
0.6243597419011508, 0.0, 0.4780567918525824, 0.3496029753915928, 0,10, 0
0.5903013370584713, 0.0, 0.5115200811141846, 0.3617491918434436, 0,10, 0
0.5412758597751613, 0.0, 0.5451045948620203, 0.3251595456685875, 0,10, 0
0.6175081487394399, 0.0, 0.5016218426392816, 0.3632094597586082, 0,10, 0
0.6691279185791259, 0.0, 0.4443450966231748, 0.3429534810746199, 0,10, 0
0.5785937603938003, 0.0, 0.5203931459606183, 0.36295163500965444, 0,10, 0
0.536752477881993, 0.0, 0.5400670899971067, 0.4054443109855168, 0,10, 0
0.4790793587440963, 0.0, 0.5817747599359121, 0.42474412915551313, 0,10, 0
0.1623095855783942, 0.0, 0.8162843377114325, 0.5471259135674796, 0,10, 0
0.16882857713031332, 0.0, 0.812586281122261, 0.5478546434548939, 0,10, 0
0.40331271203352625, 0.0, 0.6390266082816164, 0.4536866029794285, 0,10, 0
0.3809618838555179, 0.0, 0.6533735145489714, 0.44823988014496174, 0,10, 0
0.3734450874742234, 0.0, 0.6663972737596925, 0.4544429930757996, 0,10, 0
0.38714827379764516, 0.0, 0.6418083698625614, 0.4437404488049772, 0,10, 0
0.384886582851061, 0.0, 0.662803566604661, 0.43990816511171743, 0,10, 0
0.40617308587773565, 0.0, 0.650829600040873, 0.4390243188319923, 0,10, 0
0.4551320428390873, 0.0, 0.6438083495977245, 0.4389119270885825, 0,10, 0
0.4723608062263021, 0.0, 0.6105044280612879, 0.4297980482320668, 0,10, 0
0.4531364331803366, 0.0, 0.6453723334103116, 0.4381192611756844, 0,10, 0
0.4449544335794585, 0.0, 0.6491776485655499, 0.424963187781412, 0,10, 0
0.5327612585644914, 0.0, 0.5641596228629608, 0.4221712209242709, 0,10, 0
0.5326282179205747, 0.0, 0.5487271470885106, 0.415336811984761, 0,10, 0
0.470298676245593, 0.0, 0.556885183942313, 0.3946891800194088, 0,10, 0
0.4854653096520987, 0.0, 0.5230394662642682, 0.38741484064388937, 0,10, 0
0.27572673451739504, 0.0, 0.7244798679906708, 0.506104471059482, 0,10, 0
0.5094126255571076, 0.0, 0.5458573154799897, 0.3863477709969772, 0,10, 0
0.34736912126654695, 0.0, 0.6315454188425264, 0.43411238364359844, 0,10, 0
0.2881660347236081, 0.0, 0.6920609740469679, 0.4786152514883348, 0,10, 0
0.35149338122796514, 0.0, 0.6551733633763854, 0.44535728039944134, 0,10, 0
0.30971861903811615, 0.0, 0.6579148154161399, 0.4421480210413774, 0,10, 0
0.3152398057606599, 0.0, 0.6701994938215949, 0.43757339094449677, 0,10, 0
0.3114481474090335, 0.0, 0.6752567631350641, 0.4468874401503207, 0,10, 0
0.5996807024545999, 0.0, 0.5521569873355038, 0.40162128953017645, 0,10, 0
0.6459788465376173, 0.0, 0.4914979846844439, 0.3689903908495906, 0,10, 0
0.6881527306592163, 0.0, 0.4580131961201887, 0.3442178797938248, 0,10, 0
0.5966872879664737, 0.0, 0.520312471002019, 0.32504737171386755, 0,10, 0
0.7044502095390142, 0.0, 0.4019996164695722, 0.3224550076388198, 0,10, 0
0.707576664671057, 0.0, 0.42422590468877547, 0.3367461668265605, 0,10, 0
0.7073105833832236, 0.0, 0.42595750642037716, 0.33547248689665243, 0,10, 0
0.7455597685092796, 0.0, 0.40137319005762273, 0.3254784945877454, 0,10, 0
0.7504157520122398, 0.0, 0.39612288838827253, 0.32911447621990897, 0,10, 0
0.7567351825982838, 0.0, 0.39440294236553974, 0.3220619690503915, 0,10, 0
0.7725004989024147, 0.0, 0.36031790394793894, 0.31144904579884025, 0,10, 0
0.7759595556442493, 0.0, 0.3466590666693267, 0.2974245805862367, 0,10, 0
0.7772899620834165, 0.0, 0.3509152603692729, 0.30395421674299494, 0,10, 0
0.7789529701323754, 0.0, 0.3340238489458736, 0.29150839922655747, 0,10, 0
0.7785538482006253, 0.0, 0.3339102125822373, 0.3012929326156874, 0,10, 0
0.7786203685225837, 0.0, 0.3294641005182007, 0.2949722985912435, 0,10, 0
0.7839419942792523, 0.0, 0.335441956424167, 0.2978988856709176, 0,10, 0
0.783343311381627, 0.0, 0.325983343269919, 0.29416436259137096, 0,10, 0
0.7854719616842946, 0.0, 0.32122447674937027, 0.29240017416860165, 0,10, 0
0.12366127852058804, 0.0, 0.8841668164690843, 0.3916534965978851, 0,10, 0
0.3471030399787135, 0.0, 0.6796154973823824, 0.39386026565380194, 0,10, 0
0.4258631011774097, 0.0, 0.7009289080409995, 0.4529871238167682, 0,10, 0
0.7452936872214462, 0.0, 0.46511002702084026, 0.322169249090872, 0,10, 0
0.6104569946118539, 0.0, 0.4786524174820294, 0.3677664469269575, 0,10, 0
0.5241136167099049, 0.0, 0.5693500340572694, 0.4210847453234097, 0,10, 0
0.6049358078893102, 0.0, 0.5565812372589498, 0.4079049721879597, 0,10, 0
0.6695270405108761, 0.0, 0.5318774517286965, 0.39394939558006015, 0,10, 0
0.5856449145213862, 0.0, 0.6005977797550023, 0.4272837405943749, 0,10, 0
0.24100312645513206, 0.0, 0.8305797295623324, 0.5454439831140555, 0,10, 0
0.6430519523714495, 0.0, 0.5159904212996039, 0.3853914007498798, 0,10, 0
0.1859242998736114, 0.0, 0.8076567356287739, 0.5444625952461007, 0,10, 0
0.3432448613051287, 0.0, 0.7022799424930797, 0.476790989384888, 0,10, 0
0.6314774163506951, 0.0, 0.5098300655739575, 0.38339230269993274, 0,10, 0
0.6548260493580789, 0.0, 0.4845745240824305, 0.3716428544893343, 0,10, 0
0.7081088272467239, 0.0, 0.4280611995109633, 0.35483872580639625, 0,10, 0
0.18712166566886185, 0.0, 0.8433786919731767, 0.5562848280585022, 0,10, 0
0.1784075034923169, 0.0, 0.8192496764160434, 0.561047584007232, 0,10, 0
0.3305394798110823, 0.0, 0.7579764005204207, 0.5013192171357281, 0,10, 0
0.18745426727865364, 0.0, 0.8336511683465979, 0.5553724208095374, 0,10, 0
0.16936073970598017, 0.0, 0.8327174381391756, 0.546825125600821, 0,10, 0
0.24366393933346636, 0.0, 0.7663051339068947, 0.5243947795876011, 0,10, 0
0.3197631876538282, 0.0, 0.7668268667806558, 0.5148646111684092, 0,10, 0
0.3793653961285173, 0.0, 0.7228761048855009, 0.48906323843647526, 0,10, 0
0.33220248786004125, 0.0, 0.7217906071355794, 0.4982518066975946, 0,10, 0
0.4139559635468636, 0.0, 0.6747549108677172, 0.4912618283381937, 0,10, 0
0.35002993414488126, 0.0, 0.7032083964746453, 0.49554040356189005, 0,10, 0
0.41082950841482074, 0.0, 0.6643200086080674, 0.4723349138275749, 0,10, 0
0.39952105368189983, 0.0, 0.671963311776513, 0.4769116523803076, 0,10, 0
0.42293620701124196, 0.0, 0.6398545150732147, 0.46396847568313787, 0,10, 0
0.40537484201423535, 0.0, 0.67730514397185, 0.47185973933004755, 0,10, 0
0.5054214062396062, 0.0, 0.5800102066282277, 0.41400863713036984, 0,10, 0
0.5777289962083416, 0.0, 0.5306843938870467, 0.3994109370147863, 0,10, 0
0.5077496175081487, 0.0, 0.5861642421434676, 0.4164655326490877, 0,10, 0
0.3864830705780616, 0.0, 0.6958012517265171, 0.4764511762054105, 0,10, 0
0.4024479478480676, 0.0, 0.6692025863416069, 0.4702639303100875, 0,10, 0
0.401782744628484, 0.0, 0.6723240998240598, 0.47016153421248924, 0,10, 0
0.4704982372114681, 0.0, 0.6067449699543523, 0.4261531907574872, 0,10, 0
0.5742034191445486, 0.0, 0.5329057726848202, 0.3836826432228309, 0,10, 0
0.4840683828909732, 0.0, 0.6079213235477687, 0.4305760865465447, 0,10, 0
0.521718885119404, 0.0, 0.5695988801461106, 0.40932178214521214, 0,10, 0
0.3631344375706778, 0.0, 0.7073371932851384, 0.4794037413140623, 0,10, 0
0.43537550721745494, 0.0, 0.6436751496310461, 0.45353216569663934, 0,10, 0
0.5321625756668662, 0.0, 0.5614069635251093, 0.4069475394724453, 0,10, 0
0.5199893567484867, 0.0, 0.5774075783099899, 0.41587523958108463, 0,10, 0
0.5171955032262356, 0.0, 0.5772456608298618, 0.4151661124652351, 0,10, 0
0.5459322823122464, 0.0, 0.5449481146230237, 0.3982456587896237, 0,10, 0
0.42932215791924433, 0.0, 0.6449892522206325, 0.45052653548669463, 0,10, 0
0.39320162309585577, 0.0, 0.6871885676284876, 0.47033551481420327, 0,10, 0
0.43298077562695403, 0.0, 0.6513328103057955, 0.4433258246015023, 0,10, 0
0.5032262356149804, 0.0, 0.592577363271008, 0.41795917308505937, 0,10, 0
0.3995875740038582, 0.0, 0.6519624899811877, 0.44959852202087086, 0,10, 0
0.4840683828909732, 0.0, 0.6108090401542985, 0.42623878581454777, 0,10, 0
0.5333599414621166, 0.0, 0.5434589496291911, 0.39802476543661247, 0,10, 0
0.5595689483137098, 0.0, 0.5194439175302102, 0.39291559873174803, 0,10, 0
0.5889044102973459, 0.0, 0.5128270998086744, 0.3847054481656757, 0,10, 0
0.5954234018492649, 0.0, 0.5015501260922299, 0.38466328267577155, 0,10, 0
0.6163773032661478, 0.0, 0.5042159620373351, 0.37801401022413395, 0,10, 0
0.45260427060466973, 0.0, 0.642589831205908, 0.44041404732043365, 0,10, 0
0.4293886782412027, 0.0, 0.6424587707132686, 0.4409310902036508, 0,10, 0
0.4911860573405175, 0.0, 0.5893668766534454, 0.4196833795529266, 0,10, 0
0.49637464245326945, 0.0, 0.612333476039079, 0.41785034486484973, 0,10, 0
0.4881926428523914, 0.0, 0.589755972443005, 0.4253728310845906, 0,10, 0
0.5182598283775693, 0.0, 0.5769361178140804, 0.4168938278230063, 0,10, 0
0.5682831104902548, 0.0, 0.5282161814501491, 0.3988965412127856, 0,10, 0
0.6296148473358611, 0.0, 0.49088138007904947, 0.38405122551081, 0,10, 0
0.5411428191312446, 0.0, 0.583712637926042, 0.4137348246527764, 0,10, 0
0.5858444754872614, 0.0, 0.5699450502053007, 0.40095757958613987, 0,10, 0
0.605068848533227, 0.0, 0.5116368503667341, 0.38830583760088666, 0,10, 0
0.6126521652364797, 0.0, 0.5247778013704282, 0.3919226714087138, 0,10, 0
0.620302002261691, 0.0, 0.5085233462484375, 0.3818401613821703, 0,10, 0
0.6628084879930819, 0.0, 0.49997586612552686, 0.37729128104987125, 0,10, 0
0.6369986030732389, 0.0, 0.5392737138182035, 0.38070863033424224, 0,10, 0
0.6576864232022883, 0.0, 0.5126961107950726, 0.36567668857976954, 0,10, 0
0.610856116543604, 0.0, 0.4972996981963124, 0.36457329421356555, 0,10, 0
0.5827845406771769, 0.0, 0.5328254396714911, 0.3612095637434869, 0,10, 0
0.6987959821725537, 0.0, 0.435724883422116, 0.3416363046296552, 0,10, 0
0.6354021153462382, 0.0, 0.4981530489473389, 0.37104827385114786, 0,10, 0
0.6814341781414222, 0.0, 0.4650954124751667, 0.34068578971878305, 0,10, 0
0.6685957560034591, 0.0, 0.42580924795928937, 0.3373325191684616, 0,10, 0
0.7001929089336792, 0.0, 0.4288638895786434, 0.3272629065937581, 0,10, 0
0.7234085012971463, 0.0, 0.3871823386789854, 0.31858344557982593, 0,10, 0
0.6449145213862835, 0.0, 0.45383020362494436, 0.35225161802318167, 0,10, 0
0.6538947648506619, 0.0, 0.43627826651491647, 0.3430001428004493, 0,10, 0
0.3992549723940664, 0.0, 0.6451639965052949, 0.40524349439182217, 0,10, 0
0.6596155125390807, 0.0, 0.440253382980677, 0.34573250634176067, 0,10, 0
0.6652032195835827, 0.0, 0.4488358025964734, 0.3455606923880734, 0,10, 0
0.7104370385152664, 0.0, 0.406167561022647, 0.31772689586557434, 0,10, 0
0.705913656622098, 0.0, 0.40123973008921376, 0.32070381356179956, 0,10, 0
0.6896826980642586, 0.0, 0.4286792147125527, 0.33342033085415756, 0,10, 0
0.7130978513936007, 0.0, 0.40117960776270883, 0.32288656349757233, 0,10, 0
0.6903479012838423, 0.0, 0.42430536736593566, 0.3347401783800358, 0,10, 0
0.6147808155391472, 0.0, 0.44448935481210766, 0.34863487780219626, 0,10, 0
0.6638728131444156, 0.0, 0.46113794963999694, 0.3472637454431349, 0,10, 0
0.6510343910064524, 0.0, 0.4730338126751598, 0.3598052280546331, 0,10, 0
0.6654027805494579, 0.0, 0.4410687365064905, 0.3395573406060047, 0,10, 0
0.5683496308122131, 0.0, 0.5529028796158991, 0.33639905491370775, 0,10, 0
0.5808554513403845, 0.0, 0.536551011190207, 0.36853460734963506, 0,10, 0
0.6120534823388545, 0.0, 0.5119007180182941, 0.3651160127057521, 0,10, 0
0.6572207809485798, 0.0, 0.4481226474256195, 0.3414143896868485, 0,10, 0
0.5936938734783477, 0.0, 0.5052583376064093, 0.33909600219131397, 0,10, 0
