acuracia,loss,frr,fpr, removed, n_clf, tp_removed
0.09825051553249518, 0.0, 0.8944041643372586, 0.40467750686587217, 0,10, 0
0.18539213729794451, 0.0, 0.854761768059489, 0.5480621994448603, 0,10, 0
0.3139093993214927, 0.0, 0.7393473865939955, 0.49639705799632045, 0,10, 0
0.4776159116610124, 0.0, 0.6026493647763893, 0.33658047539968305, 1,10, 1
0.49963413822922903, 0.0, 0.5772861681045387, 0.3556128458392356, 2,10, 2
0.5424067052484534, 0.0, 0.5285411434501414, 0.30783098220422495, 3,10, 3
0.5746025410762988, 0.0, 0.4991424954731618, 0.29001599297773095, 5,10, 5
0.6325417415020289, 0.0, 0.45101011198744395, 0.2717706609467485, 4,10, 4
0.6703252843743763, 0.0, 0.4245643923859567, 0.27344400266604096, 4,10, 4
0.6735182598283775, 0.0, 0.4249793635533203, 0.26172745263305813, 3,10, 3
0.7568017029202422, 0.0, 0.348144992733412, 0.2272119556032963, 0,10, 0
0.7360473624692343, 0.0, 0.3549412609219371, 0.2310447614802186, 1,10, 1
0.7587973125789929, 0.0, 0.3418974325749009, 0.22945770155133835, 5,10, 5
0.7619237677110358, 0.0, 0.3623051179450296, 0.2310228158200606, 3,10, 3
0.7810816204350429, 0.0, 0.3393968531297572, 0.23216678415676664, 1,10, 1
0.8116809685358877, 0.0, 0.3130806189646906, 0.22074946178772398, 2,10, 2
0.821193374575933, 0.0, 0.30973884740846186, 0.2158861969810949, 2,10, 2
0.8207942526441828, 0.0, 0.30529556599835367, 0.21234223650335038, 1,10, 1
0.8190647242732655, 0.0, 0.31804150211959736, 0.21528003039900168, 3,10, 3
0.8150069846338056, 0.0, 0.3183933682218909, 0.21013605224783397, 3,10, 3
0.8172686755803898, 0.0, 0.30453453414140247, 0.20727105190239706, 1,10, 1
0.8272467238741436, 0.0, 0.29042885951998243, 0.20814750908734436, 1,10, 1
0.8307057806159782, 0.0, 0.26735211712360746, 0.1981085014528928, 4,10, 4
0.8392869021486064, 0.0, 0.25142415304825766, 0.20543924865609328, 3,10, 3
0.840151666334065, 0.0, 0.2664374927884055, 0.20794858085522283, 3,10, 3
0.8404842679438569, 0.0, 0.2646433414893957, 0.19831756200068354, 3,10, 3
0.8416816337391073, 0.0, 0.24888867023491523, 0.19266676324781126, 3,10, 3
0.8423468369586908, 0.0, 0.2583720051339013, 0.19417732242284344, 2,10, 2
0.8478680236812346, 0.0, 0.24329574707296986, 0.18639081358938403, 3,10, 3
0.8447415685491918, 0.0, 0.2605162425492529, 0.1922022610326048, 2,10, 2
0.8468036985299009, 0.0, 0.24902416654973047, 0.18943361359922956, 4,10, 4
0.8487327878666933, 0.0, 0.23752785339886906, 0.18361010552637932, 3,10, 3
0.849797113018027, 0.0, 0.2388676094931879, 0.18609121152394742, 3,10, 3
0.8531896494379033, 0.0, 0.23203564546873562, 0.186514978899486, 2,10, 2
0.8535887713696534, 0.0, 0.22579237678439923, 0.17915151714864005, 6,10, 6
0.8521918446085279, 0.0, 0.23559949192938834, 0.18294077359807218, 2,10, 2
0.8554513403844874, 0.0, 0.23024983248569333, 0.17496260176992628, 2,10, 2
0.8567152265016963, 0.0, 0.22393470177023508, 0.17542530397654837, 3,10, 3
0.857047828111488, 0.0, 0.23404139090594675, 0.18410562887367063, 4,10, 4
0.85777955165303, 0.0, 0.2282174507042828, 0.17865117329275512, 3,10, 3
0.8578460719749884, 0.0, 0.21999044306405946, 0.17365306669071173, 5,10, 5
0.8579125922969467, 0.0, 0.22261670123776306, 0.17578673946704382, 5,10, 5
0.8591099580921971, 0.0, 0.22184494410617062, 0.1768826765262043, 0,10, 0
0.8598416816337391, 0.0, 0.21665917392843848, 0.17301006135238722, 2,10, 2
0.8621033725803233, 0.0, 0.22220135300219718, 0.1748198973464655, 3,10, 3
0.8612386083948647, 0.0, 0.2233453846673373, 0.17674952640155275, 4,10, 4
0.8627020554779485, 0.0, 0.20420169659299436, 0.17008419514104373, 0,10, 0
0.86223641322424, 0.0, 0.2135620162386979, 0.17269069259764408, 2,10, 2
0.8623029335461984, 0.0, 0.21371922302566515, 0.16993473165306155, 2,10, 2
0.8632342180536153, 0.0, 0.22179523201352688, 0.1715764523518301, 3,10, 3
0.8627685757999068, 0.0, 0.22496772254887604, 0.16910410648327331, 1,10, 1
0.8654959090001996, 0.0, 0.20452006726019975, 0.16865604271115814, 3,10, 3
0.8647641854586576, 0.0, 0.21527245605822348, 0.16973396735712248, 1,10, 1
0.8639659415951573, 0.0, 0.21579553918843744, 0.16921739550142448, 5,10, 5
0.866892835761325, 0.0, 0.2015692918897015, 0.1630729941690204, 5,10, 5
0.8668263154393667, 0.0, 0.20835554784135585, 0.1678548123672869, 4,10, 4
0.8682897625224506, 0.0, 0.20273501998658788, 0.16370792587159932, 3,10, 3
0.8684893234883256, 0.0, 0.2051241084150911, 0.167342244069429, 0,10, 0
0.8687554047761591, 0.0, 0.19838748858574384, 0.16402143577299735, 4,10, 4
0.8700858112153262, 0.0, 0.19986113707718833, 0.16336042242876117, 2,10, 2
0.8686888844542008, 0.0, 0.20635046691731546, 0.16150820420350165, 3,10, 3
0.8713496973325351, 0.0, 0.2057843018574688, 0.15998440890984794, 2,10, 2
0.8708840550788266, 0.0, 0.2084318486213471, 0.16495743225505943, 2,10, 2
0.872081420874077, 0.0, 0.20046406505915004, 0.1643102301986884, 3,10, 3
0.8721479411960353, 0.0, 0.20369203992096263, 0.16173088528576454, 3,10, 3
0.8732787866693275, 0.0, 0.1950938301599536, 0.15738626400398295, 2,10, 2
0.8732122663473691, 0.0, 0.19592729594063613, 0.16114604449257486, 2,10, 2
0.873012705381494, 0.0, 0.19877059022289212, 0.15816528069272456, 1,10, 1
0.8723475021619105, 0.0, 0.20304493874814786, 0.15838889810051573, 3,10, 3
0.8747422337524113, 0.0, 0.20234339052027417, 0.16334686748784857, 2,10, 2
0.8734783476352026, 0.0, 0.20660580127914766, 0.1580161158790195, 5,10, 5
0.8736113882791192, 0.0, 0.19601341477593132, 0.1566048743454027, 5,10, 5
0.8739439898889111, 0.0, 0.19703668589815862, 0.15958588062845316, 3,10, 3
0.8745426727865363, 0.0, 0.1891030577869551, 0.154689421730046, 2,10, 2
0.8750083150402448, 0.0, 0.18443882440811826, 0.15171523651794142, 4,10, 4
0.8770704450209539, 0.0, 0.18455581775376537, 0.15256463559786412, 1,10, 1
0.8769374043770372, 0.0, 0.1830346404526386, 0.15482364827208622, 3,10, 3
0.8778021685624958, 0.0, 0.1865301679602072, 0.1536829044619482, 2,10, 2
0.87560699793787, 0.0, 0.19614226723748618, 0.15661642086398406, 2,10, 2
0.8762056808354952, 0.0, 0.19402409584360883, 0.154342387072636, 2,10, 2
0.878201290494246, 0.0, 0.1918132539392293, 0.15188734788703523, 2,10, 2
0.8773365263087873, 0.0, 0.18559962854380083, 0.14897248744685326, 3,10, 3
0.8770039246989956, 0.0, 0.19417520996909363, 0.15264393250976663, 3,10, 3
0.8770039246989956, 0.0, 0.19339273280555994, 0.15276777938943556, 2,10, 2
0.8795316969334132, 0.0, 0.17680760582680324, 0.14735716397051687, 1,10, 1
0.8798642985432049, 0.0, 0.18012807701107417, 0.14957217916605448, 1,10, 1
0.8797977782212466, 0.0, 0.17782874058085416, 0.14771204732800972, 4,10, 4
0.8802634204749551, 0.0, 0.17609884967149492, 0.147295667309449, 3,10, 3
0.8803964611188718, 0.0, 0.18210158465565932, 0.14579292424571763, 1,10, 1
0.8801303798310384, 0.0, 0.17747520314872894, 0.14779267251422717, 3,10, 3
0.8811947049823721, 0.0, 0.1818240334661622, 0.14777707691915576, 2,10, 2
0.8805295017627885, 0.0, 0.17965879865788234, 0.14598918416923448, 5,10, 5
0.8802634204749551, 0.0, 0.19409172659119683, 0.1499758565694859, 2,10, 2
0.8809286236945387, 0.0, 0.1809178188926808, 0.14935183217641368, 5,10, 5
0.8813942659482472, 0.0, 0.18582509150975013, 0.15125273304168677, 4,10, 4
0.8811281846604138, 0.0, 0.18132380267588005, 0.14930309395084584, 4,10, 4
0.8825251114215393, 0.0, 0.17497718678605836, 0.14553540164535578, 2,10, 2
0.8817933878799974, 0.0, 0.18590365841807688, 0.1491024380783513, 4,10, 4
0.8831237943191645, 0.0, 0.17748399146154972, 0.14448185981416622, 4,10, 4
0.8829907536752478, 0.0, 0.17645864490731467, 0.14540029881347852, 5,10, 5
0.8811947049823721, 0.0, 0.17767635614786478, 0.144233547761991, 5,10, 5
0.10077828776691279, 0.0, 0.8944213325400786, 0.36684194226088074, 0,10, 0
0.25537151599813745, 0.0, 0.7696826028229188, 0.5161431036571049, 0,10, 0
0.42466573538215924, 0.0, 0.6885196912697806, 0.4343818235074458, 0,10, 0
0.5391472094724938, 0.0, 0.6284123259646018, 0.37913941057159406, 3,10, 3
0.5528503957959157, 0.0, 0.6146073317367698, 0.33659154592458107, 4,10, 4
0.6276192376771104, 0.0, 0.5383544788854531, 0.30862609188556733, 3,10, 3
0.6717887314574602, 0.0, 0.5029400796974621, 0.2886595946620215, 5,10, 5
0.7097053149737245, 0.0, 0.45160436912535096, 0.30055101760358877, 1,10, 1
0.7028537218120136, 0.0, 0.4674289423528425, 0.30583227070005436, 7,10, 7
0.7433645978846538, 0.0, 0.4091615905822332, 0.23785618952385776, 1,10, 1
0.7720348566487062, 0.0, 0.3775897244301442, 0.24127090488106862, 4,10, 4
0.7631211335062862, 0.0, 0.38780568879011, 0.26233534057694713, 5,10, 5
0.7689084015166633, 0.0, 0.36111170055105224, 0.236472148897308, 2,10, 2
0.7647841415552451, 0.0, 0.3936969008226305, 0.25980290353813146, 3,10, 3
0.7744961085611655, 0.0, 0.34802833436600195, 0.22449810355368668, 2,10, 2
0.7858710836160447, 0.0, 0.33126486846773084, 0.21731350830545793, 2,10, 2
0.8065589037450941, 0.0, 0.3488759461135922, 0.2368716440007291, 2,10, 2
0.8080888711501364, 0.0, 0.3209084006818628, 0.22354597530645942, 3,10, 3
0.8110157653163041, 0.0, 0.32530978096565005, 0.2181720302524166, 5,10, 5
0.8116144482139294, 0.0, 0.32601934461470305, 0.2154761304030181, 5,10, 5
0.809884919843012, 0.0, 0.30559410388723734, 0.21835780286226522, 3,10, 3
0.8153395862435974, 0.0, 0.30318466718842496, 0.21021728681846588, 5,10, 5
0.8110157653163041, 0.0, 0.3185434883760127, 0.2205548479941218, 2,10, 2
0.8174682365462649, 0.0, 0.30284848207582105, 0.2142515491891906, 3,10, 3
0.8244528703518925, 0.0, 0.2843049965099526, 0.20705752092539448, 2,10, 2
0.8243198297079758, 0.0, 0.29316949461370695, 0.20865907862675548, 3,10, 3
0.8263154393667266, 0.0, 0.2792213850843913, 0.204024183766906, 6,10, 6
0.8314375041575202, 0.0, 0.25597199869911064, 0.20678605261020214, 4,10, 4
0.8326348699527706, 0.0, 0.2707295418131632, 0.2082960025140105, 4,10, 4
0.8369586908800638, 0.0, 0.25288556610569757, 0.20050946460338964, 4,10, 4
0.8341648373578128, 0.0, 0.2626804577107148, 0.19931817812321817, 2,10, 2
0.8380230160313976, 0.0, 0.24929067026124285, 0.1925995864125203, 1,10, 1
0.8409499101975654, 0.0, 0.24159929707238043, 0.19670258782969344, 2,10, 2
0.8435442027539414, 0.0, 0.249165674437288, 0.1976660020133269, 5,10, 5
0.845140690480942, 0.0, 0.2465732944028787, 0.18836896553328109, 1,10, 1
0.8468036985299009, 0.0, 0.23526462510238108, 0.18920022564722128, 2,10, 2
0.8510609991352358, 0.0, 0.22992469810335145, 0.18776390629328088, 3,10, 3
0.8532561697598616, 0.0, 0.22368258917579772, 0.18541484900184393, 3,10, 3
0.8527905275061531, 0.0, 0.2360030712574183, 0.1895305502340344, 5,10, 5
0.8547196168429455, 0.0, 0.2173509593102982, 0.1844424585481072, 2,10, 2
0.8546530965209872, 0.0, 0.2314968351910917, 0.1875727079663347, 4,10, 4
0.8584447548726136, 0.0, 0.22352481235385654, 0.18098015788415484, 2,10, 2
0.8566487061797379, 0.0, 0.22525622634589126, 0.18296441126350693, 2,10, 2
0.8601077629215725, 0.0, 0.21236935868975532, 0.1777170668241318, 3,10, 3
0.8583117142286969, 0.0, 0.21686790035849082, 0.17664374819342477, 5,10, 5
0.8601742832435308, 0.0, 0.20728851536170892, 0.17289961726700287, 2,10, 2
0.8611720880729062, 0.0, 0.209513188381425, 0.17408232097912482, 3,10, 3
0.8619038116144482, 0.0, 0.20943656039972938, 0.17535424079835216, 4,10, 4
0.8619703319364066, 0.0, 0.2132251113194261, 0.17456042638359615, 3,10, 3
0.8616377303266147, 0.0, 0.20979706395188058, 0.17320814514333363, 3,10, 3
0.861305128716823, 0.0, 0.21238032874725485, 0.17414246640375652, 3,10, 3
0.8635668196634072, 0.0, 0.21332032539978346, 0.17510220262649223, 2,10, 2
0.8626355351559901, 0.0, 0.22137965395125128, 0.17248950919063172, 3,10, 3
0.8646976651366992, 0.0, 0.21210326394836354, 0.1703168712622993, 3,10, 3
0.8651633073904078, 0.0, 0.20591205074345098, 0.16879340603421675, 4,10, 4
0.8654959090001996, 0.0, 0.21440996393485445, 0.16476946541139925, 2,10, 2
0.8651633073904078, 0.0, 0.2078249479722718, 0.17272683967543878, 4,10, 4
0.8653628683562828, 0.0, 0.21937446750519687, 0.16916918375785517, 2,10, 2
0.8678906405907004, 0.0, 0.21047040255163624, 0.16700369530590925, 6,10, 6
0.8681567218785339, 0.0, 0.20474248485867366, 0.16628274862306858, 2,10, 2
0.8696201689616178, 0.0, 0.1925913477187554, 0.16310353723941415, 2,10, 2
0.8688219250981175, 0.0, 0.20726829814130748, 0.16360146138521656, 4,10, 4
0.8701523315372847, 0.0, 0.2067340104272625, 0.16310030201236836, 4,10, 4
0.869487128317701, 0.0, 0.18818389408827682, 0.16320764960977324, 3,10, 3
0.8689549657420342, 0.0, 0.1957625383493756, 0.16376327536274693, 1,10, 1
0.8710836160447016, 0.0, 0.18947093452939293, 0.160632811126267, 4,10, 4
0.873012705381494, 0.0, 0.1978820707612869, 0.16131929880122647, 5,10, 5
0.8715492582984101, 0.0, 0.19823841350695495, 0.15901800155522602, 4,10, 4
0.8701523315372847, 0.0, 0.1925036795314736, 0.16342646084747917, 1,10, 1
0.8714827379764518, 0.0, 0.19518486865434123, 0.16380635214936942, 2,10, 2
0.8717488192642853, 0.0, 0.19695646082371354, 0.1575953425892945, 3,10, 3
0.874675713430453, 0.0, 0.18985175570423476, 0.15928236318299943, 5,10, 5
0.8734783476352026, 0.0, 0.19977993759913804, 0.16400368619922273, 2,10, 2
0.8748752743963281, 0.0, 0.1983665923193142, 0.16417110188768738, 4,10, 4
0.8748087540743698, 0.0, 0.20106839413973202, 0.15665347098457882, 2,10, 2
0.8727466240936607, 0.0, 0.20372283697630256, 0.16199051407890105, 2,10, 2
0.872813144415619, 0.0, 0.19342864636494084, 0.16024765749117834, 3,10, 3
0.8762056808354952, 0.0, 0.1869544291666136, 0.15635977358414233, 2,10, 2
0.8759395995476618, 0.0, 0.19149882086140466, 0.15810998154758468, 4,10, 4
0.8758730792257035, 0.0, 0.19037511293725548, 0.15612227840389192, 3,10, 3
0.8779352092064125, 0.0, 0.1762142327067919, 0.1544314108019879, 2,10, 2
0.877270005986829, 0.0, 0.1906580112765411, 0.15750348017800847, 3,10, 3
0.8786669327479545, 0.0, 0.18164096654850087, 0.15537400399664622, 1,10, 1
0.8776691279185791, 0.0, 0.1845361810546516, 0.15057360919124624, 4,10, 4
0.878201290494246, 0.0, 0.18525828646462192, 0.1532080878785294, 1,10, 1
0.8791990953236214, 0.0, 0.18537979356852755, 0.15222808375895422, 4,10, 4
0.8778021685624958, 0.0, 0.19193348292729875, 0.15407504752435336, 4,10, 4
0.879132575001663, 0.0, 0.18346428552148575, 0.15197297116183192, 3,10, 3
0.8778686888844542, 0.0, 0.17906624631216922, 0.15386883207504948, 6,10, 6
0.8797312578992882, 0.0, 0.17344172817866732, 0.14672739621641168, 2,10, 2
0.8795982172553715, 0.0, 0.18247578031404907, 0.15264497760091605, 4,10, 4
0.8808621033725803, 0.0, 0.17953696339357259, 0.15132004178943134, 0,10, 0
0.882658152065456, 0.0, 0.17369262256766915, 0.14686950496131737, 4,10, 4
0.8833233552850396, 0.0, 0.17285517248234922, 0.1464037350461225, 2,10, 2
0.8810616643384555, 0.0, 0.17907608222861274, 0.14633090398673004, 0,10, 0
0.880995144016497, 0.0, 0.18032894986815573, 0.1416945602320252, 3,10, 3
0.8818599082019557, 0.0, 0.17696113738326932, 0.1452997767771062, 2,10, 2
0.8830572739972061, 0.0, 0.17423150835924292, 0.1503034567529224, 3,10, 3
0.8835229162509146, 0.0, 0.17058113295718233, 0.14812022771814906, 1,10, 1
0.8810616643384555, 0.0, 0.18169003099241288, 0.14797469029377397, 4,10, 4
0.8823920707776226, 0.0, 0.17928629642457308, 0.14575897025932538, 2,10, 2
0.10077828776691279, 0.0, 0.8944213325400786, 0.36684194226088074, 0,10, 0
0.25537151599813745, 0.0, 0.731602759538641, 0.3480077947991543, 0,10, 0
0.4096986629415286, 0.0, 0.5968632370750331, 0.2979647663327014, 0,10, 0
0.409765183263487, 0.0, 0.6293993777775124, 0.3311557084425858, 2,10, 2
0.4789463181001796, 0.0, 0.5753851250030977, 0.3157643920765516, 3,10, 3
0.463047961152132, 0.0, 0.603112664920076, 0.41743384738240474, 4,10, 4
0.5551120867424998, 0.0, 0.5350450235330054, 0.3072494191786272, 3,10, 3
0.6737178207942527, 0.0, 0.47838425496810444, 0.2957648516390562, 3,10, 3
0.67990421073638, 0.0, 0.4534046705583378, 0.29075590108812865, 2,10, 2
0.7375108095523182, 0.0, 0.42127132977478576, 0.2795777640258113, 1,10, 1
0.7483536220315307, 0.0, 0.43282737000865573, 0.2945269632143425, 2,10, 2
0.7588638329009513, 0.0, 0.41449903402780675, 0.2982462711121538, 0,10, 0
0.7701057673119138, 0.0, 0.3928174026256724, 0.2565477400542381, 1,10, 1
0.7678440763653296, 0.0, 0.38838001676697304, 0.24621489582119804, 1,10, 1
0.774230027273332, 0.0, 0.36477286268347847, 0.24156780275533343, 2,10, 2
0.7962482538415486, 0.0, 0.3192450522642995, 0.22209547987724368, 4,10, 4
0.787600611986962, 0.0, 0.3672975153321537, 0.24865027369956302, 4,10, 4
0.7965808554513404, 0.0, 0.3448584173522702, 0.2521113700198239, 3,10, 3
0.8120800904676378, 0.0, 0.30690077448814407, 0.21579106607605675, 3,10, 3
0.8041641721545932, 0.0, 0.32303139053483854, 0.23543219586678507, 1,10, 1
0.8098183995210537, 0.0, 0.3148037154389056, 0.22203252196040907, 6,10, 6
0.8124126920774296, 0.0, 0.29564878963433333, 0.21757542134058855, 3,10, 3
0.8109492449943457, 0.0, 0.29442007128462494, 0.2176859613194187, 3,10, 3
0.8203951307124326, 0.0, 0.28425691369075784, 0.21472054602768442, 2,10, 2
0.8203286103904743, 0.0, 0.27108079659282247, 0.20766578499200594, 2,10, 2
0.8176012771901816, 0.0, 0.29632002539427943, 0.2172809007638904, 2,10, 2
0.8190647242732655, 0.0, 0.27557029193727617, 0.20766610082747572, 0,10, 0
0.8305727399720615, 0.0, 0.25464068139004525, 0.20513626823454487, 1,10, 1
0.828244528703519, 0.0, 0.2590899311461287, 0.20463573493774082, 2,10, 2
0.8297079757866028, 0.0, 0.25413007908991964, 0.20558144570510986, 3,10, 3
0.8293753741768111, 0.0, 0.25679342632130786, 0.2073452242785076, 4,10, 4
0.8309718619038116, 0.0, 0.24958861573211788, 0.20411215575909097, 2,10, 2
0.8353622031530633, 0.0, 0.25285322303228774, 0.19939336831029472, 4,10, 4
0.833832235748021, 0.0, 0.25596013284357766, 0.20099773198991688, 2,10, 2
0.8390873411827313, 0.0, 0.24509283746503224, 0.20323915915184107, 2,10, 2
0.8456728530566088, 0.0, 0.24877846476354906, 0.20319213703366248, 4,10, 4
0.8472028204616511, 0.0, 0.24033180295034487, 0.19783929119058224, 2,10, 2
0.8495975520521519, 0.0, 0.23753328395196424, 0.1960292562230151, 2,10, 2
0.8494645114082352, 0.0, 0.23972108115204085, 0.1954127746759129, 3,10, 3
0.8508614381693608, 0.0, 0.23266503322298604, 0.19429468431762803, 2,10, 2
0.8501297146278188, 0.0, 0.23079115841036102, 0.18751225132650334, 5,10, 5
0.8500631943058604, 0.0, 0.23154466770570215, 0.1880930715264286, 1,10, 1
0.8499301536619437, 0.0, 0.23592401530917384, 0.1896740892351922, 4,10, 4
0.8545865761990288, 0.0, 0.22100588327150386, 0.18544818416409087, 3,10, 3
0.8539878933014036, 0.0, 0.2403527557755995, 0.19206378426571913, 3,10, 3
0.8597751613117808, 0.0, 0.22011548834829953, 0.18850083749874372, 0,10, 0
0.8578460719749884, 0.0, 0.228470789884355, 0.18693586509370977, 3,10, 3
0.8621033725803233, 0.0, 0.21632445627788321, 0.18400080335139335, 3,10, 3
0.8601077629215725, 0.0, 0.2115407625585677, 0.17934854617440074, 3,10, 3
0.8633007383755738, 0.0, 0.2089995712987611, 0.1825308369079993, 5,10, 5
0.8652298277123661, 0.0, 0.20035645933986324, 0.17258853083135953, 4,10, 4
0.8633007383755738, 0.0, 0.21619404790759245, 0.1785614683964335, 2,10, 2
0.8646976651366992, 0.0, 0.20334122115697362, 0.17382986214259932, 3,10, 3
0.8646976651366992, 0.0, 0.20897541791260774, 0.17514716247108963, 4,10, 4
0.8652963480343245, 0.0, 0.20917964052745533, 0.17390302744545333, 5,10, 5
0.8648972261025744, 0.0, 0.21832069154835218, 0.1795680040257547, 2,10, 2
0.8675580389809087, 0.0, 0.20295227744673308, 0.17341827980077126, 2,10, 2
0.866892835761325, 0.0, 0.21171786310549723, 0.17575200808331634, 0,10, 0
0.8643650635269075, 0.0, 0.2296303524994036, 0.17856149098737795, 3,10, 3
0.86669327479545, 0.0, 0.21938145582683252, 0.17630346056421994, 5,10, 5
0.8668263154393667, 0.0, 0.21014948993717383, 0.17330866508983336, 2,10, 2
0.8692210470298676, 0.0, 0.20707348128913883, 0.17473702340616107, 2,10, 2
0.8682897625224506, 0.0, 0.20240222283983783, 0.1701362289374161, 1,10, 1
0.8700858112153262, 0.0, 0.1934160727755402, 0.17034289530285157, 4,10, 4
0.8714162176544934, 0.0, 0.20886382594369265, 0.17017542323554802, 3,10, 3
0.8738774695669527, 0.0, 0.19771902244686262, 0.16595599664754193, 3,10, 3
0.8716157786203685, 0.0, 0.19551900389412719, 0.16702042972390316, 3,10, 3
0.8734783476352026, 0.0, 0.18667400087526734, 0.16591219336279267, 5,10, 5
0.872813144415619, 0.0, 0.18929475377262847, 0.16498171556596433, 0,10, 0
0.8734783476352026, 0.0, 0.19195167006703906, 0.1621080372490884, 3,10, 3
0.8725470631277855, 0.0, 0.19332222329083762, 0.16514009763055987, 2,10, 2
0.8723475021619105, 0.0, 0.19474677857455294, 0.16471337501679925, 3,10, 3
0.8739439898889111, 0.0, 0.1985031170711408, 0.16433308594752646, 5,10, 5
0.8723475021619105, 0.0, 0.1890255129481603, 0.16201770700756782, 6,10, 6
0.8724805428058272, 0.0, 0.19698560981629698, 0.16694609950681438, 5,10, 5
0.8750748353622032, 0.0, 0.1885453574406707, 0.1634808766526419, 3,10, 3
0.8763387214794119, 0.0, 0.19205232972567374, 0.15653166443874866, 1,10, 1
0.8764717621233287, 0.0, 0.19161269854076796, 0.16135830543028695, 2,10, 2
0.8749417947182865, 0.0, 0.19461154079125723, 0.16113800460442884, 5,10, 5
0.8760726401915785, 0.0, 0.1913128036516356, 0.16264528449305668, 3,10, 3
0.8768043637331204, 0.0, 0.18253194194108677, 0.16145578683484177, 5,10, 5
0.8780682498503293, 0.0, 0.18678157105284535, 0.16129634288361058, 3,10, 3
0.8770039246989956, 0.0, 0.19578663328820883, 0.1634477011462338, 3,10, 3
0.8770039246989956, 0.0, 0.1956318270696296, 0.16168833886024112, 2,10, 2
0.8760061198696202, 0.0, 0.19019539936003985, 0.1580464464912812, 4,10, 4
0.8782678108162043, 0.0, 0.18236565313152922, 0.1536695494024819, 2,10, 2
0.8786669327479545, 0.0, 0.19069463389153898, 0.1532477774830174, 2,10, 2
0.8796647375773299, 0.0, 0.18198180258108165, 0.15053202202954705, 3,10, 3
0.8787999733918712, 0.0, 0.18779137695069706, 0.15425025767687658, 2,10, 2
0.8778021685624958, 0.0, 0.19552069156982935, 0.15777849167218147, 1,10, 1
0.8789995343577462, 0.0, 0.1886233710180041, 0.15507571253045474, 2,10, 2
0.8803964611188718, 0.0, 0.18191468770415414, 0.15677985823254784, 3,10, 3
0.880795583050622, 0.0, 0.18770844506067605, 0.1568074903498251, 2,10, 2
0.8803964611188718, 0.0, 0.18145386099796823, 0.15238217923419994, 2,10, 2
0.881726867558039, 0.0, 0.1788998524738451, 0.15413270040867136, 3,10, 3
0.8824585910995809, 0.0, 0.17290565803413036, 0.1465733471582299, 0,10, 0
0.8832568349630813, 0.0, 0.1735204200650972, 0.14819698904975429, 3,10, 3
0.8815273065921639, 0.0, 0.18184767463032553, 0.15293697739736523, 2,10, 2
0.8821925098117475, 0.0, 0.17740828211202483, 0.15097305446916928, 2,10, 2
0.8842546397924566, 0.0, 0.1693678562234567, 0.14923185488957574, 1,10, 1
0.8827911927093727, 0.0, 0.17214217141413066, 0.15203101303848643, 2,10, 2
0.10077828776691279, 0.0, 0.8944213325400786, 0.36684194226088074, 0,10, 0
0.18951639725936273, 0.0, 0.7859811688766988, 0.498872750820686, 0,10, 0
0.4166167764251979, 0.0, 0.6691266755589169, 0.3577610062533433, 0,10, 0
0.49391339054081024, 0.0, 0.6324005951127295, 0.43882395954160813, 4,10, 4
0.5377502827113684, 0.0, 0.5985647589330558, 0.41049988570419144, 1,10, 1
0.5868422803166368, 0.0, 0.5349771381274904, 0.2952737397254824, 3,10, 3
0.6302135302334864, 0.0, 0.4823017661597501, 0.3003105830914716, 3,10, 3
0.657819463846205, 0.0, 0.4816897097190047, 0.28199602324162276, 3,10, 3
0.715359542340185, 0.0, 0.4254982748467841, 0.28003142545077514, 2,10, 2
0.724273265482605, 0.0, 0.4283978302140199, 0.2559221344338756, 2,10, 2
0.729661411561232, 0.0, 0.4158048584917377, 0.25597933771650255, 2,10, 2
0.7618572473890773, 0.0, 0.36812472786067035, 0.23997792400263457, 1,10, 1
0.770704450209539, 0.0, 0.3721899312038665, 0.23957728350961255, 2,10, 2
0.7677110357214129, 0.0, 0.36211652315713067, 0.2418156826368471, 1,10, 1
0.7930552783875474, 0.0, 0.3481278369203228, 0.23840278272624105, 5,10, 5
0.8193973258830572, 0.0, 0.30547266529555683, 0.2169813724489616, 3,10, 3
0.8116809685358877, 0.0, 0.32776683067978607, 0.2170353967478002, 3,10, 3
0.8144748220581388, 0.0, 0.3219445324763112, 0.2145254278177008, 1,10, 1
0.8161378301070977, 0.0, 0.3116143358330667, 0.20773966287035517, 2,10, 2
0.8200625291026409, 0.0, 0.305698867651818, 0.22281180684070223, 4,10, 4
0.825118073571476, 0.0, 0.2874985424917906, 0.20214934375031238, 2,10, 2
0.8266480409765183, 0.0, 0.2877287670492543, 0.20656981962587628, 4,10, 4
0.8274462848400186, 0.0, 0.27803531107311374, 0.19867821827512208, 2,10, 2
0.8267145612984766, 0.0, 0.28802633358310437, 0.20409117657906528, 1,10, 1
0.8275793254839353, 0.0, 0.2838917822845897, 0.2002594282087968, 3,10, 3
0.8313044635136034, 0.0, 0.2791915566198858, 0.20154361346215688, 2,10, 2
0.8308388212598949, 0.0, 0.2941698444792042, 0.20867254527284743, 1,10, 1
0.8368921705581055, 0.0, 0.26699164365162253, 0.1942549916229116, 2,10, 2
0.8432781214661079, 0.0, 0.24072521280167247, 0.18771053611936575, 3,10, 3
0.8454732920907337, 0.0, 0.24034032730178065, 0.18426599314861153, 2,10, 2
0.8438102840417747, 0.0, 0.24290819969877775, 0.187317407746326, 4,10, 4
0.8452072108029003, 0.0, 0.24939704472510116, 0.18792187933700752, 0,10, 0
0.8463380562761924, 0.0, 0.25658263158882044, 0.19602738953857357, 2,10, 2
0.8495310317301936, 0.0, 0.23781340696782813, 0.18430543193378743, 3,10, 3
0.8506618772034856, 0.0, 0.23267855924276218, 0.1846500492878966, 3,10, 3
0.8523248852524447, 0.0, 0.2304459024644453, 0.18129432143805851, 5,10, 5
0.8504623162376106, 0.0, 0.2470201267173092, 0.1959580158283044, 4,10, 4
0.8498636333399854, 0.0, 0.2484992949583874, 0.1884912072683517, 1,10, 1
0.8531231291159449, 0.0, 0.22708287108751016, 0.17902443136042545, 2,10, 2
0.8549191778088205, 0.0, 0.22161755739149047, 0.175949994455555, 2,10, 2
0.8527240071841947, 0.0, 0.242755938715511, 0.18262874117524963, 1,10, 1
0.8562495842479878, 0.0, 0.22674615027126407, 0.177226112384471, 4,10, 4
0.8546530965209872, 0.0, 0.23449593212063857, 0.1758190364905208, 5,10, 5
0.8567817468236546, 0.0, 0.23320707611050526, 0.17892680347843481, 2,10, 2
0.8571808687554048, 0.0, 0.2368388028234611, 0.18068660542620602, 2,10, 2
0.8611720880729062, 0.0, 0.21324143269614987, 0.17835088736234525, 2,10, 2
0.8627685757999068, 0.0, 0.21271808242686652, 0.17477687724235003, 1,10, 1
0.8627685757999068, 0.0, 0.2149638970588743, 0.17282825366258422, 0,10, 0
0.8624359741901151, 0.0, 0.2226098704627715, 0.1748923461510075, 2,10, 2
0.8641655025610324, 0.0, 0.22118392719806063, 0.1744298539032755, 2,10, 2
0.8636333399853655, 0.0, 0.2179128388716651, 0.16878263835438603, 3,10, 3
0.8643650635269075, 0.0, 0.21951394921335318, 0.16981737667942196, 6,10, 6
0.8682232422004923, 0.0, 0.2040214754424444, 0.16655531693717585, 1,10, 1
0.8660280715758665, 0.0, 0.21644004130526454, 0.1694600689109019, 3,10, 3
0.8664271935076165, 0.0, 0.21348935131133748, 0.16952405876194665, 3,10, 3
0.8673584780150336, 0.0, 0.20443940700910623, 0.16847392717788537, 2,10, 2
0.8710836160447016, 0.0, 0.19928539246835533, 0.16469082274715466, 3,10, 3
0.8696866892835762, 0.0, 0.20113439766645666, 0.16741586833865482, 3,10, 3
0.8712831770105768, 0.0, 0.1958027640309772, 0.1673462347800913, 1,10, 1
0.8703518925031597, 0.0, 0.19501343912065877, 0.16310014094676903, 4,10, 4
0.8697532096055345, 0.0, 0.20023479404348024, 0.16533387009040826, 2,10, 2
0.8724140224838688, 0.0, 0.1959994453824716, 0.16542275917946184, 4,10, 4
0.8726135834497439, 0.0, 0.18586271003985197, 0.15902034231866471, 3,10, 3
0.8729461850595357, 0.0, 0.19635095733728214, 0.16261627591686215, 3,10, 3
0.8745426727865363, 0.0, 0.19300621860257725, 0.16240801408039562, 2,10, 2
0.8738109492449944, 0.0, 0.19142066461063467, 0.16326509490416705, 4,10, 4
0.8743431118206613, 0.0, 0.19093561337125664, 0.1597549239672467, 4,10, 4
0.8737444289230359, 0.0, 0.194500605793461, 0.15827933767596458, 4,10, 4
0.8747422337524113, 0.0, 0.1958549151553952, 0.16314576715890272, 3,10, 3
0.8753409166500365, 0.0, 0.18992018480283465, 0.15743414648574736, 5,10, 5
0.8763387214794119, 0.0, 0.18726976676111737, 0.15797456904422272, 3,10, 3
0.8764052418013704, 0.0, 0.18465699268655006, 0.15718234111608104, 3,10, 3
0.8781347701722876, 0.0, 0.18136468757741653, 0.1541766612028816, 2,10, 2
0.8780682498503293, 0.0, 0.18370609995330858, 0.15705964859568086, 3,10, 3
0.8780682498503293, 0.0, 0.18633040046057409, 0.15580682618437428, 4,10, 4
0.8776026075966208, 0.0, 0.18998556215959045, 0.1540888839270963, 4,10, 4
0.8786004124259962, 0.0, 0.18366959412160724, 0.14903147097214733, 2,10, 2
0.8796647375773299, 0.0, 0.18296273946662894, 0.1463518410442545, 2,10, 2
0.8768708840550788, 0.0, 0.18998716617136716, 0.15108578484313206, 2,10, 2
0.8797977782212466, 0.0, 0.17872448861892856, 0.14990041130939288, 6,10, 6
0.8799308188651633, 0.0, 0.18290725760220186, 0.1518638389363752, 2,10, 2
0.8787999733918712, 0.0, 0.17830110872758162, 0.1506784648176883, 3,10, 3
0.8797312578992882, 0.0, 0.1760692848240218, 0.15001893158843982, 2,10, 2
0.8805295017627885, 0.0, 0.18087051022104186, 0.15311906945817222, 1,10, 1
0.8808621033725803, 0.0, 0.17873917263781294, 0.14600890650862597, 2,10, 2
0.8808621033725803, 0.0, 0.18343936682718973, 0.14845696021685006, 4,10, 4
0.8814607862702055, 0.0, 0.16884930044783433, 0.1421491220877804, 1,10, 1
0.8822590301337059, 0.0, 0.17444682431999353, 0.1453386341082346, 1,10, 1
0.8823920707776226, 0.0, 0.1705703383828391, 0.1427585751783331, 4,10, 4
0.8820594691678307, 0.0, 0.17852484205243027, 0.1473726947328374, 3,10, 3
0.8833898756069979, 0.0, 0.17224726069971086, 0.1423669399710536, 1,10, 1
0.8825916317434976, 0.0, 0.18532993978772974, 0.14571456222971876, 5,10, 5
0.8829242333532894, 0.0, 0.17439522656305104, 0.1469863497136587, 0,10, 0
0.8831903146411229, 0.0, 0.1711450201291119, 0.1455676111059047, 4,10, 4
0.8839220381826648, 0.0, 0.16607344301562635, 0.14359042124485616, 0,10, 0
0.88452072108029, 0.0, 0.16931145337827444, 0.14727698596154426, 2,10, 2
0.8829907536752478, 0.0, 0.1729316193080785, 0.1453624660704049, 3,10, 3
0.8834563959289563, 0.0, 0.17504511353399468, 0.15013134864553931, 3,10, 3
0.8835229162509146, 0.0, 0.17036321111947716, 0.1453020612407551, 2,10, 2
0.8849198430120402, 0.0, 0.17010989313463395, 0.14544875564979573, 0,10, 0
0.8855185259096654, 0.0, 0.16933303994134982, 0.14462887008366357, 1,10, 1
0.10077828776691279, 0.0, 0.8944213325400786, 0.36684194226088074, 0,10, 0
0.2565688817933879, 0.0, 0.7826241192300144, 0.5139827757786528, 0,10, 0
0.3888778021685625, 0.0, 0.7042582163739834, 0.4666367322869933, 0,10, 0
0.48825916317434975, 0.0, 0.6155912306568808, 0.3310257514201426, 2,10, 2
0.5617641189383357, 0.0, 0.5772156023772236, 0.30250727585378456, 4,10, 4
0.6839619503758398, 0.0, 0.4732409513813866, 0.2876265494978868, 5,10, 5
0.6914787467571343, 0.0, 0.45328811357380266, 0.26623733765045393, 4,10, 4
0.6269540344575267, 0.0, 0.5170185956687582, 0.30743212280884596, 6,10, 6
0.6856914787467572, 0.0, 0.43881441267677457, 0.24766048190191145, 3,10, 3
0.681766779751214, 0.0, 0.46390714957664897, 0.2701577821700387, 2,10, 2
0.7109026807689749, 0.0, 0.41465255934186274, 0.2546844030951635, 3,10, 3
0.7238076232288965, 0.0, 0.40115803796991734, 0.2489699603027541, 2,10, 2
0.7649171821991618, 0.0, 0.3484189378559577, 0.226995969918169, 3,10, 3
0.7619237677110358, 0.0, 0.3822985810143099, 0.271836014455607, 5,10, 5
0.7872014900552119, 0.0, 0.32475844448355057, 0.23135883332320287, 2,10, 2
0.7982438635002993, 0.0, 0.3471308668058588, 0.23530356974711095, 1,10, 1
0.8030998470032595, 0.0, 0.3062365578245178, 0.22149662546715335, 4,10, 4
0.8046298144083017, 0.0, 0.309003408206518, 0.21656871036784878, 4,10, 4
0.7937870019290894, 0.0, 0.34505611537124914, 0.23486260682148644, 4,10, 4
0.8017694405640924, 0.0, 0.32116986075501885, 0.22541171878169572, 2,10, 2
0.8122131311115546, 0.0, 0.2906171814355648, 0.2129261823474461, 4,10, 4
0.8161378301070977, 0.0, 0.2965951644557157, 0.21486123245229968, 2,10, 2
0.8140091798044302, 0.0, 0.29908279994216924, 0.21231502652818232, 5,10, 5
0.8207277323222244, 0.0, 0.28358578464979933, 0.21065054621637866, 2,10, 2
0.8305727399720615, 0.0, 0.2587656950184016, 0.20241137605218223, 1,10, 1
0.8323687886649371, 0.0, 0.2589324955380319, 0.20430259503810078, 4,10, 4
0.8325018293088539, 0.0, 0.24894562564821016, 0.19849857294837295, 1,10, 1
0.8320361870551454, 0.0, 0.24926681562294398, 0.1985317004766277, 3,10, 3
0.8325018293088539, 0.0, 0.26323049084741784, 0.20348198562267147, 3,10, 3
0.8374243331337724, 0.0, 0.25028968070402413, 0.19667988666397945, 2,10, 2
0.8389543005388146, 0.0, 0.2583069891884051, 0.1995174057865758, 2,10, 2
0.8404177476218985, 0.0, 0.24397156089290126, 0.1960106706936625, 3,10, 3
0.845140690480942, 0.0, 0.23867758809968406, 0.19401106203925456, 3,10, 3
0.8462050156322757, 0.0, 0.23868443993999816, 0.19149084691482293, 5,10, 5
0.848666267544735, 0.0, 0.23335436936295398, 0.18597198468263926, 3,10, 3
0.8499966739839021, 0.0, 0.22735591622226525, 0.19524632859244914, 3,10, 3
0.8509944788132775, 0.0, 0.23403019213571777, 0.18951627772630963, 2,10, 2
0.84886582851061, 0.0, 0.23609877906376806, 0.18293036327704976, 4,10, 4
0.8489323488325683, 0.0, 0.23542981708575325, 0.18482225084946943, 4,10, 4
0.846071974988359, 0.0, 0.24767612572016603, 0.19448073248861925, 3,10, 3
0.849797113018027, 0.0, 0.23916515840225835, 0.19063996291283888, 4,10, 4
0.8536552916916118, 0.0, 0.2314607112522015, 0.18015918252309465, 3,10, 3
0.8575134703651965, 0.0, 0.22074473110488946, 0.17969859741241007, 2,10, 2
0.854054413623362, 0.0, 0.21800675483139084, 0.18235443469252285, 3,10, 3
0.8580456329408634, 0.0, 0.21690620392632382, 0.18145927428085634, 4,10, 4
0.8565821858577796, 0.0, 0.22004321309595506, 0.17901900459362644, 4,10, 4
0.8605068848533227, 0.0, 0.22100603468790186, 0.17862903021474877, 3,10, 3
0.8593095190580723, 0.0, 0.22207640246280683, 0.17777937564936377, 3,10, 3
0.8607064458191978, 0.0, 0.20828563734413183, 0.17471158544354165, 5,10, 5
0.8613716490387814, 0.0, 0.2187478443296883, 0.17710798865323782, 2,10, 2
0.8636998603073239, 0.0, 0.21391039383895014, 0.1757376261085831, 3,10, 3
0.8635668196634072, 0.0, 0.2043302417578707, 0.17179933721588836, 2,10, 2
0.8623029335461984, 0.0, 0.2081973155596204, 0.1745194485606862, 5,10, 5
0.8653628683562828, 0.0, 0.20788767692067342, 0.1739618950331541, 5,10, 5
0.8643650635269075, 0.0, 0.2085916605493929, 0.17528361235498519, 1,10, 1
0.8654293886782412, 0.0, 0.21148453425840047, 0.1749579761893503, 5,10, 5
0.8665602341515333, 0.0, 0.20543472764361023, 0.1694040628001494, 6,10, 6
0.8673584780150336, 0.0, 0.20083860176205204, 0.16663618294040478, 4,10, 4
0.8680236812346172, 0.0, 0.1982978513343783, 0.16620201218115527, 4,10, 4
0.8674915186589504, 0.0, 0.20006696386642278, 0.16375744420486327, 1,10, 1
0.8680236812346172, 0.0, 0.20533189575160418, 0.17071030404993526, 4,10, 4
0.8681567218785339, 0.0, 0.20668783795404774, 0.16941200811822202, 5,10, 5
0.870218851859243, 0.0, 0.19694444842255937, 0.16587586302841933, 2,10, 2
0.8685558438102841, 0.0, 0.20118371509739294, 0.16549836211917646, 2,10, 2
0.8698197299274929, 0.0, 0.19478043699721567, 0.1623862185888244, 1,10, 1
0.87115013636666, 0.0, 0.1827228285828736, 0.15756675558445832, 4,10, 4
0.8716157786203685, 0.0, 0.18683069946443992, 0.15908571470939065, 2,10, 2
0.8723475021619105, 0.0, 0.18706437409035764, 0.159546120829545, 2,10, 2
0.8714827379764518, 0.0, 0.18929145193188412, 0.16338909401644677, 4,10, 4
0.8716157786203685, 0.0, 0.1962479984021555, 0.1674719617552803, 5,10, 5
0.8728796647375773, 0.0, 0.1901111311109116, 0.15939561473406438, 3,10, 3
0.8722144615179938, 0.0, 0.18789743956656949, 0.16044531905816728, 1,10, 1
0.8736779086010776, 0.0, 0.1825547965009935, 0.16066585521866159, 1,10, 1
0.8736113882791192, 0.0, 0.19841093180293023, 0.16142614852610163, 3,10, 3
0.8744096321426196, 0.0, 0.18815434555791863, 0.1617966181323229, 5,10, 5
0.8748752743963281, 0.0, 0.19664813079978866, 0.16331397394497058, 5,10, 5
0.8758730792257035, 0.0, 0.17843003973010066, 0.15618382835722883, 1,10, 1
0.874675713430453, 0.0, 0.18682127684079347, 0.15955254123087673, 7,10, 7
0.8743431118206613, 0.0, 0.19105446102423795, 0.1591102598113417, 2,10, 2
0.875407436971995, 0.0, 0.18910445887245264, 0.152500310371252, 1,10, 1
0.8759395995476618, 0.0, 0.19009088939113614, 0.15915102530036168, 4,10, 4
0.8774030466307456, 0.0, 0.17817725143171956, 0.15100840724761505, 4,10, 4
0.8766713230892037, 0.0, 0.1817712169219423, 0.15624305409565098, 2,10, 2
0.8777356482405375, 0.0, 0.17862265985228892, 0.15210320754577805, 2,10, 2
0.8766048027672454, 0.0, 0.18449033438615114, 0.15671901382484202, 2,10, 2
0.878201290494246, 0.0, 0.18157505856453424, 0.15305663227727007, 3,10, 3
0.8778686888844542, 0.0, 0.17698237935275174, 0.15670386341383205, 2,10, 2
0.8771369653429123, 0.0, 0.18263941528981317, 0.15597950412239764, 4,10, 4
0.8781347701722876, 0.0, 0.17634107858477555, 0.1540260619641554, 3,10, 3
0.8775360872746624, 0.0, 0.18375426258110747, 0.1559041595655733, 2,10, 2
0.8798642985432049, 0.0, 0.16818757194750378, 0.1498034671634856, 3,10, 3
0.8778686888844542, 0.0, 0.17939224862416936, 0.15439984442126178, 5,10, 5
0.8794651766114548, 0.0, 0.17293229494988302, 0.14878780025458277, 2,10, 2
0.8805960220847469, 0.0, 0.1694045789853729, 0.14634250008764774, 3,10, 3
0.8809286236945387, 0.0, 0.16955362858539927, 0.14818173419979347, 3,10, 3
0.882658152065456, 0.0, 0.17657370670733208, 0.15307560788528551, 0,10, 0
0.8809286236945387, 0.0, 0.16831163120589587, 0.14906312650716727, 4,10, 4
0.8803964611188718, 0.0, 0.17509215226644376, 0.15387000360768943, 1,10, 1
0.8811281846604138, 0.0, 0.17870429416730005, 0.1516888204940957, 2,10, 2
0.8815938269141222, 0.0, 0.18210665594745606, 0.1487378169828207, 3,10, 3
0.8816603472360807, 0.0, 0.17000631567019286, 0.14398829840488547, 4,10, 4
0.10077828776691279, 0.0, 0.8944213325400786, 0.36684194226088074, 0,10, 0
0.30752344841349033, 0.0, 0.7478127628903737, 0.39630214106489825, 0,10, 0
0.38927692410031267, 0.0, 0.7001158998408245, 0.4531280380617351, 0,10, 0
0.5187254706312778, 0.0, 0.5903271136264564, 0.30906551036521757, 3,10, 3
0.4612519124592563, 0.0, 0.6584916328319234, 0.4449061680761963, 7,10, 7
0.6012771901816005, 0.0, 0.5030590645869587, 0.27207367230023155, 1,10, 1
0.6324087008581122, 0.0, 0.4934427416821363, 0.28432100463196297, 3,10, 3
0.6595489922171224, 0.0, 0.4561853449602294, 0.282220353832969, 3,10, 3
0.6630080489589569, 0.0, 0.43563636177454834, 0.2648188126184634, 5,10, 5
0.7370451672986097, 0.0, 0.4170119848561601, 0.28114705627993597, 4,10, 4
0.7375773298742766, 0.0, 0.40644369134901803, 0.2492882398918965, 4,10, 4
0.7555378168030333, 0.0, 0.40377423622035274, 0.2436915072754554, 1,10, 1
0.747488857846072, 0.0, 0.4229271520546364, 0.27199242871505286, 1,10, 1
0.7748287101709572, 0.0, 0.3832918818559035, 0.2344998254943621, 2,10, 2
0.7846071974988359, 0.0, 0.35738960940743497, 0.22546831469752582, 5,10, 5
0.7881327745626289, 0.0, 0.34056234932732493, 0.21508533097278246, 4,10, 4
0.7985099447881328, 0.0, 0.3334958058484634, 0.21755102988611125, 6,10, 6
0.7778221246590834, 0.0, 0.3490933918223398, 0.2306492089772397, 6,10, 6
0.8118805295017628, 0.0, 0.30913413353897456, 0.2120706875777502, 2,10, 2
0.8147409033459722, 0.0, 0.30837115513434465, 0.20395479257685306, 3,10, 3
0.8048293753741768, 0.0, 0.3374267037671955, 0.23128475727816844, 3,10, 3
0.8201290494245992, 0.0, 0.2901443487244728, 0.20171905094549863, 3,10, 3
0.8081553914720947, 0.0, 0.3260317316351623, 0.22244045561421136, 3,10, 3
0.8104170824186789, 0.0, 0.30722981107102215, 0.21426870064428918, 4,10, 4
0.8115479278919709, 0.0, 0.314990746232829, 0.21373452279982671, 4,10, 4
0.8216590168296415, 0.0, 0.29157665904738894, 0.2051138277540998, 0,10, 0
0.8283110490254773, 0.0, 0.273783346827145, 0.19846146975230247, 1,10, 1
0.8296414554646444, 0.0, 0.2663935878332198, 0.1923996443060102, 4,10, 4
0.8279784474156855, 0.0, 0.2704095090395203, 0.20056328331358944, 2,10, 2
0.8360939266946052, 0.0, 0.26061525414126147, 0.19273894471797115, 2,10, 2
0.839020820860773, 0.0, 0.2430336822281441, 0.19308822645029355, 6,10, 6
0.8411494711634404, 0.0, 0.2456618830178739, 0.18670617955681357, 2,10, 2
0.8396860240803565, 0.0, 0.2607628969233482, 0.19427860380551273, 2,10, 2
0.8394199427925231, 0.0, 0.2507839102541146, 0.18733129783305674, 1,10, 1
0.8410164305195237, 0.0, 0.259588654276265, 0.1908580377411473, 3,10, 3
0.8464710969201091, 0.0, 0.2350985702684621, 0.18711801116986115, 1,10, 1
0.8465376172420674, 0.0, 0.25146306213595443, 0.19140244983035995, 2,10, 2
0.8450741701589836, 0.0, 0.2403009265991841, 0.18626403202976544, 2,10, 2
0.8424133572806493, 0.0, 0.26794825933004107, 0.1944257739629456, 5,10, 5
0.846071974988359, 0.0, 0.2541830141455356, 0.19150302889447496, 3,10, 3
0.8487327878666933, 0.0, 0.24981143322865915, 0.18850884399760345, 3,10, 3
0.8527240071841947, 0.0, 0.23202307326159397, 0.18944159986120193, 3,10, 3
0.8561165436040711, 0.0, 0.22292752180028308, 0.1805820427254573, 2,10, 2
0.8545865761990288, 0.0, 0.2323256819745256, 0.18308211729906343, 6,10, 6
0.8564491452138628, 0.0, 0.22628895383656167, 0.182441799231497, 1,10, 1
0.8563161045699461, 0.0, 0.22966954180468574, 0.18144769340640188, 3,10, 3
0.8565156655358211, 0.0, 0.23641195169553977, 0.1858674903717948, 5,10, 5
0.8569813077895297, 0.0, 0.23889470757551062, 0.18135144236783668, 6,10, 6
0.8575134703651965, 0.0, 0.23486222724472586, 0.17921562420015097, 2,10, 2
0.856848267145613, 0.0, 0.22979123039038485, 0.1728289901563018, 2,10, 2
0.8589103971263221, 0.0, 0.23311755379141114, 0.1805272586698293, 4,10, 4
0.8607729661411562, 0.0, 0.22858207871873, 0.17925093343810924, 6,10, 6
0.860573405175281, 0.0, 0.21787938086718894, 0.173329645422201, 5,10, 5
0.8628350961218653, 0.0, 0.21382762869176852, 0.16867893255816085, 4,10, 4
0.8639659415951573, 0.0, 0.22161759296738148, 0.16752978554524994, 5,10, 5
0.8637663806292822, 0.0, 0.21861601562615435, 0.17191523693012203, 1,10, 1
0.8646311448147409, 0.0, 0.22210018789249142, 0.17005935419666518, 0,10, 0
0.8644315838488659, 0.0, 0.2143493689170057, 0.16607033744560348, 0,10, 0
0.8650967870684494, 0.0, 0.20999209960715295, 0.16819772027303326, 3,10, 3
0.867624559302867, 0.0, 0.21040826159761347, 0.16894822661730224, 4,10, 4
0.8678241202687421, 0.0, 0.20668756579140038, 0.16612521959703586, 3,10, 3
0.868356282844409, 0.0, 0.21403628325705504, 0.16322609622837894, 4,10, 4
0.8663606731856582, 0.0, 0.21053390009237016, 0.1643153798063698, 2,10, 2
0.8691545267079093, 0.0, 0.21119720640335707, 0.17018486197429308, 1,10, 1
0.8678241202687421, 0.0, 0.21610080982759822, 0.16671325440375728, 3,10, 3
0.8685558438102841, 0.0, 0.20348966346494637, 0.16397204856243636, 9,10, 9
0.8685558438102841, 0.0, 0.2058934690343072, 0.16859024944684353, 7,10, 7
0.8688884454200758, 0.0, 0.2041015422610018, 0.16374684203210155, 3,10, 3
0.8705514534690348, 0.0, 0.2002229415958915, 0.1619048046815163, 3,10, 3
0.8706844941129515, 0.0, 0.1991518032496586, 0.1626642015870998, 1,10, 1
0.8720149005521187, 0.0, 0.1992528771031466, 0.16281782755978796, 1,10, 1
0.8732122663473691, 0.0, 0.20248528742165658, 0.16060952684798294, 4,10, 4
0.8736779086010776, 0.0, 0.2016744251850914, 0.16566217923450663, 4,10, 4
0.8746091931084946, 0.0, 0.197769875048113, 0.15925216402980014, 4,10, 4
0.8715492582984101, 0.0, 0.20564289550253917, 0.16340019831157981, 2,10, 2
0.874675713430453, 0.0, 0.19114666815038017, 0.15930699433305182, 4,10, 4
0.8742765914987028, 0.0, 0.20427892337008743, 0.15962432181470063, 5,10, 5
0.8738109492449944, 0.0, 0.20396275604104627, 0.16341714147086275, 3,10, 3
0.8750748353622032, 0.0, 0.19627931759730566, 0.16441302093675297, 2,10, 2
0.8744761524645779, 0.0, 0.19303444062633893, 0.15905991054812815, 1,10, 1
0.8758730792257035, 0.0, 0.19119291730702578, 0.15736941314328035, 3,10, 3
0.8763387214794119, 0.0, 0.1901246223722552, 0.15980300169957723, 0,10, 0
0.8764717621233287, 0.0, 0.1908544450890637, 0.15804314594819804, 3,10, 3
0.8760726401915785, 0.0, 0.19640826855115381, 0.16214369088661912, 2,10, 2
0.8779352092064125, 0.0, 0.19585387036816065, 0.15856357919984118, 3,10, 3
0.8775360872746624, 0.0, 0.1900226586458043, 0.16002739913187314, 1,10, 1
0.8768043637331204, 0.0, 0.20000976297347084, 0.15880769073193274, 2,10, 2
0.8766048027672454, 0.0, 0.19433138135450345, 0.15643103783584553, 2,10, 2
0.878400851460121, 0.0, 0.17808885377039446, 0.15016100657455284, 7,10, 7
0.8788664937138295, 0.0, 0.18945392235976388, 0.15444979157637445, 4,10, 4
0.8796647375773299, 0.0, 0.18894813233418944, 0.15280244526687928, 4,10, 4
0.8795982172553715, 0.0, 0.18645013597573912, 0.1546326111384569, 2,10, 2
0.8794651766114548, 0.0, 0.18572410832481498, 0.15536178098466008, 3,10, 3
0.8793321359675381, 0.0, 0.1894231213936127, 0.15206517846031606, 1,10, 1
0.8813942659482472, 0.0, 0.18035259764440587, 0.15370893543621486, 4,10, 4
0.8815273065921639, 0.0, 0.18365384836080278, 0.15625075510416286, 6,10, 6
0.8803964611188718, 0.0, 0.18239505935444114, 0.15527853218461396, 3,10, 3
0.8811947049823721, 0.0, 0.17804636793057504, 0.15207821003599542, 1,10, 1
0.8825916317434976, 0.0, 0.1717008209941258, 0.14629048218978116, 2,10, 2
0.8813277456262888, 0.0, 0.17997427449258738, 0.15136256032017706, 3,10, 3
0.881726867558039, 0.0, 0.172649965755042, 0.15184584443404098, 4,10, 4
0.10077828776691279, 0.0, 0.8944213325400786, 0.36684194226088074, 0,10, 0
0.1937071775427393, 0.0, 0.7770423149902025, 0.5198257119115212, 0,10, 0
0.40584048426794384, 0.0, 0.6507383032771946, 0.35276006997954484, 0,10, 0
0.5417415020288698, 0.0, 0.6072685503213953, 0.31451908606228524, 1,10, 1
0.41568549191778087, 0.0, 0.7406553180177282, 0.47231531988556524, 2,10, 2
0.5406106565555777, 0.0, 0.5894796656252534, 0.3976619529026166, 3,10, 3
0.5795915652231757, 0.0, 0.5367979623244266, 0.3346103417696692, 1,10, 1
0.5881061664338455, 0.0, 0.5534806837374304, 0.3810909432980648, 7,10, 7
0.6973325350894698, 0.0, 0.45780643700743673, 0.2576786517936014, 3,10, 3
0.7004589902215127, 0.0, 0.45124906844260265, 0.274076793970064, 1,10, 1
0.70664538016364, 0.0, 0.44946142715971377, 0.3010073613575092, 3,10, 3
0.7428989556309452, 0.0, 0.3941203315401309, 0.2621394766886143, 1,10, 1
0.780349896893501, 0.0, 0.34740576452573363, 0.24052532314381495, 5,10, 5
0.7679771170092463, 0.0, 0.3769921936828417, 0.25522851276616587, 3,10, 3
0.7654493447748287, 0.0, 0.3759125513711394, 0.24979770602934992, 5,10, 5
0.783875473957294, 0.0, 0.3592833473950381, 0.26342954473647334, 3,10, 3
0.794651766114548, 0.0, 0.31997081723658694, 0.23020330310067552, 2,10, 2
0.8123461717554713, 0.0, 0.30785706627077664, 0.22445992270409196, 5,10, 5
0.8118140091798044, 0.0, 0.2968959515717635, 0.2117675710758013, 4,10, 4
0.8177343178340983, 0.0, 0.2982130495592608, 0.21600396686601772, 2,10, 2
0.8190647242732655, 0.0, 0.29059350003940265, 0.21343956255049532, 3,10, 3
0.8257832767910597, 0.0, 0.27479099851357297, 0.20761247734371224, 5,10, 5
0.828244528703519, 0.0, 0.27616484732087715, 0.20812855561636737, 3,10, 3
0.8273132441961019, 0.0, 0.28500293341490157, 0.2101718125979234, 3,10, 3
0.8311714228696867, 0.0, 0.2736211899679132, 0.20462158292442312, 1,10, 1
0.8313709838355617, 0.0, 0.269177726992547, 0.20798440059720336, 3,10, 3
0.8348300405773964, 0.0, 0.2696071137792277, 0.20213540462347623, 3,10, 3
0.8379564957094392, 0.0, 0.2566426353314842, 0.19888777412726785, 4,10, 4
0.8388212598948979, 0.0, 0.250585455933182, 0.19856888666688782, 3,10, 3
0.8448746091931085, 0.0, 0.2357648694865125, 0.19247186402684308, 4,10, 4
0.8444089669394, 0.0, 0.2589725975145954, 0.20202284234191506, 1,10, 1
0.8484667065788598, 0.0, 0.24264136269597963, 0.1941229318085695, 4,10, 4
0.8474689017494844, 0.0, 0.24564469214779153, 0.1975079672601181, 1,10, 1
0.8489988691545267, 0.0, 0.2562563473294788, 0.20440651060423337, 3,10, 3
0.8507949178474024, 0.0, 0.2376038690540077, 0.19195193825500356, 3,10, 3
0.8515266413889443, 0.0, 0.2593582334802276, 0.1981557316080407, 4,10, 4
0.8558504623162376, 0.0, 0.22669913516623535, 0.19023299691783502, 4,10, 4
0.8583117142286969, 0.0, 0.22382374755666207, 0.18283809329973008, 0,10, 0
0.8571808687554048, 0.0, 0.2191056805335988, 0.182678172715709, 4,10, 4
0.8590434377702388, 0.0, 0.22092904514895984, 0.17953356337511678, 4,10, 4
0.8577130313310717, 0.0, 0.2243034076739278, 0.18074005627840514, 3,10, 3
0.8597751613117808, 0.0, 0.22407886410832475, 0.17780234523394117, 4,10, 4
0.861305128716823, 0.0, 0.2144479120885412, 0.17943790464555914, 2,10, 2
0.8615046896826981, 0.0, 0.22122239410576344, 0.18002494228470353, 6,10, 6
0.8633007383755738, 0.0, 0.2048445003998933, 0.17540695682310897, 2,10, 2
0.8647641854586576, 0.0, 0.20966900482057454, 0.17557732001198245, 1,10, 1
0.8641655025610324, 0.0, 0.21467719319669304, 0.172765331602485, 2,10, 2
0.8635002993414488, 0.0, 0.22135102986555943, 0.18219534460867468, 1,10, 1
0.864098982239074, 0.0, 0.2084672373467769, 0.17717253917955755, 2,10, 2
0.864098982239074, 0.0, 0.2153414800150579, 0.18111731969040143, 3,10, 3
0.8655624293221579, 0.0, 0.20830983779434104, 0.17085561194230323, 2,10, 2
0.8685558438102841, 0.0, 0.20527489333293872, 0.17153098431120747, 1,10, 1
0.8669593560832835, 0.0, 0.20333733093271483, 0.17382520589573044, 1,10, 1
0.8691545267079093, 0.0, 0.1998282095797985, 0.1701591910041916, 5,10, 5
0.8689549657420342, 0.0, 0.202514756819817, 0.16560264555611412, 3,10, 3
0.8698197299274929, 0.0, 0.1987908066926898, 0.17102993108498663, 4,10, 4
0.8700192908933679, 0.0, 0.2049334688684447, 0.17071985111960877, 7,10, 7
0.8698862502494512, 0.0, 0.20122417568854392, 0.17294598282020707, 3,10, 3
0.869088006385951, 0.0, 0.20524097069999594, 0.1681640031730186, 4,10, 4
0.8705514534690348, 0.0, 0.19009670424360728, 0.16634809826317468, 4,10, 4
0.8727466240936607, 0.0, 0.1889636518893149, 0.16289842328834578, 2,10, 2
0.8713496973325351, 0.0, 0.19940080199229185, 0.1674882086762263, 4,10, 4
0.8740770305328278, 0.0, 0.18723070904451816, 0.16002600017322868, 1,10, 1
0.8740105102108694, 0.0, 0.19204440607587084, 0.1627885819207201, 4,10, 4
0.8750748353622032, 0.0, 0.1840403769135492, 0.15875859926846803, 4,10, 4
0.8740770305328278, 0.0, 0.19125928789532862, 0.162476142962779, 4,10, 4
0.8752078760061198, 0.0, 0.18826603016672816, 0.16055405585539984, 2,10, 2
0.8764052418013704, 0.0, 0.18526638655607477, 0.15862092006783046, 1,10, 1
0.8754739572939533, 0.0, 0.18016451366720446, 0.15680082200057927, 4,10, 4
0.8751413556841615, 0.0, 0.18687757232133798, 0.15669146621469238, 4,10, 4
0.8746091931084946, 0.0, 0.19460787385739345, 0.162805414863623, 4,10, 4
0.8750748353622032, 0.0, 0.1908980184205798, 0.16139137116338134, 0,10, 0
0.8768043637331204, 0.0, 0.19053452293173812, 0.1571042238053851, 4,10, 4
0.8768043637331204, 0.0, 0.19521519368956686, 0.15303704712234048, 3,10, 3
0.8778021685624958, 0.0, 0.18335340596311048, 0.15398096655761428, 3,10, 3
0.8798642985432049, 0.0, 0.17763941039841438, 0.14978956918904282, 2,10, 2
0.8788664937138295, 0.0, 0.1862636218545242, 0.15973210769687823, 5,10, 5
0.8777356482405375, 0.0, 0.1925001363683002, 0.15986104876855292, 2,10, 2
0.878001729528371, 0.0, 0.18262341191777778, 0.15564697572195854, 1,10, 1
0.8793986562894964, 0.0, 0.17552023920239798, 0.1510590479029231, 4,10, 4
0.8804629814408301, 0.0, 0.18895159725174382, 0.14860808994785296, 1,10, 1
0.8795982172553715, 0.0, 0.18150316250630322, 0.1471021044024844, 2,10, 2
0.8805295017627885, 0.0, 0.18566991133856425, 0.1500617692282277, 3,10, 3
0.8816603472360807, 0.0, 0.17562793829859888, 0.14560271468668576, 2,10, 2
0.8802634204749551, 0.0, 0.17954213270932262, 0.15103638522367685, 1,10, 1
0.8789995343577462, 0.0, 0.17964018837758566, 0.1513562541038974, 2,10, 2
0.8831903146411229, 0.0, 0.17278168217043366, 0.15020538633802982, 2,10, 2
0.8817933878799974, 0.0, 0.1834548660261726, 0.1500661298458419, 3,10, 3
0.8815273065921639, 0.0, 0.1806659412616648, 0.15128240469774648, 2,10, 2
0.8831237943191645, 0.0, 0.1738778385794244, 0.14866673708520542, 3,10, 3
0.8827246723874144, 0.0, 0.17823034026570891, 0.14868495067607557, 1,10, 1
0.8827911927093727, 0.0, 0.17902363428166448, 0.14779569182220192, 3,10, 3
0.8841881194704982, 0.0, 0.17818891110844512, 0.1463037177974625, 2,10, 2
0.8841215991485398, 0.0, 0.1738659307112497, 0.14711674013334777, 2,10, 2
0.8832568349630813, 0.0, 0.1684282976828904, 0.14772480994776716, 4,10, 4
0.8841215991485398, 0.0, 0.1718577459771588, 0.14632766127399371, 4,10, 4
0.8823920707776226, 0.0, 0.17027232292757805, 0.14885545218249793, 4,10, 4
0.8844542007583317, 0.0, 0.17003999371307252, 0.1444966154799706, 2,10, 2
0.884321160114415, 0.0, 0.16639418992663432, 0.14251859043803503, 0,10, 0
0.8841881194704982, 0.0, 0.17790865841036832, 0.14767700380870738, 4,10, 4
0.8849198430120402, 0.0, 0.1690863164788261, 0.14499763816370678, 5,10, 5
0.10077828776691279, 0.0, 0.8944213325400786, 0.36684194226088074, 0,10, 0
0.28989556309452535, 0.0, 0.7608654380865219, 0.4032361654154741, 0,10, 0
0.44528703518925034, 0.0, 0.682472842287926, 0.4455182188460495, 0,10, 0
0.5445353555511209, 0.0, 0.6239483521260338, 0.4329172783408008, 3,10, 3
0.5660214195436706, 0.0, 0.5970759563104902, 0.38316854277621737, 5,10, 5
0.6181068316370651, 0.0, 0.5430685488450514, 0.31713537352920274, 2,10, 2
0.6822324220049225, 0.0, 0.4468926751233876, 0.2632397684398749, 1,10, 1
0.6809685358877137, 0.0, 0.42929580021205516, 0.25353360079646187, 1,10, 1
0.6629415286369986, 0.0, 0.4424117043089653, 0.2891041011267023, 2,10, 2
0.6744495443357946, 0.0, 0.49901169290355396, 0.3290235180948795, 1,10, 1
0.7194838023016031, 0.0, 0.39459621034137343, 0.2467233071119874, 2,10, 2
0.7343843544202754, 0.0, 0.4186242211121794, 0.26070894106250825, 3,10, 3
0.727998403512273, 0.0, 0.4196658430758764, 0.26690078185616517, 3,10, 3
0.7550056542273664, 0.0, 0.35915178822535887, 0.22582680838443353, 4,10, 4
0.7633872147941196, 0.0, 0.3381102562271079, 0.21969618740110572, 1,10, 1
0.7705714095656223, 0.0, 0.34254898486653756, 0.22455566028776944, 2,10, 2
0.7909266280848799, 0.0, 0.34993380230731413, 0.23222792709264461, 4,10, 4
0.8040311315106765, 0.0, 0.31359776076369045, 0.22031241585110595, 1,10, 1
0.8007051154127586, 0.0, 0.3167686925934655, 0.2121598483819675, 1,10, 1
0.8095523182332203, 0.0, 0.30604207034283315, 0.2085948189454576, 3,10, 3
0.8021685624958425, 0.0, 0.33540252091339545, 0.21417043073833075, 5,10, 5
0.8048958956961352, 0.0, 0.33784265574758904, 0.23147024066620062, 4,10, 4
0.8167365130047229, 0.0, 0.29905444384855245, 0.21004845509166623, 1,10, 1
0.818599082019557, 0.0, 0.28867809327726823, 0.20928571834264872, 2,10, 2
0.8171356349364731, 0.0, 0.30573593617885536, 0.2123782627070987, 3,10, 3
0.8250515532495177, 0.0, 0.2711069245765977, 0.20387912137074818, 0,10, 0
0.8363600079824386, 0.0, 0.23996507641472997, 0.19130243817850115, 1,10, 1
0.8367591299141888, 0.0, 0.2444245003889845, 0.1970156644486975, 3,10, 3
0.8386882192509811, 0.0, 0.24739067325672548, 0.19826877493318526, 3,10, 3
0.8370917315239805, 0.0, 0.25456194291044804, 0.19578294855013822, 0,10, 0
0.839220381826648, 0.0, 0.25140119544859774, 0.1984093773123767, 2,10, 2
0.836626089270272, 0.0, 0.24948283132854626, 0.1961484944620576, 2,10, 2
0.8487993081886517, 0.0, 0.2270154766178374, 0.1862155041133982, 3,10, 3
0.8448746091931085, 0.0, 0.24446477784882897, 0.1924733466263703, 2,10, 2
0.8487993081886517, 0.0, 0.23206676743098453, 0.18478220725927474, 3,10, 3
0.8440763653296082, 0.0, 0.2448542504792257, 0.19102724684700367, 3,10, 3
0.8408168695536486, 0.0, 0.26727040832405907, 0.1978078527402764, 4,10, 4
0.8468702188518592, 0.0, 0.2409020147570587, 0.1826237184994006, 5,10, 5
0.8509279584913191, 0.0, 0.22385745117735006, 0.18302462995300026, 4,10, 4
0.8474689017494844, 0.0, 0.2540454087867674, 0.18745295039058552, 2,10, 2
0.8504623162376106, 0.0, 0.2373180178146437, 0.18562120466947932, 4,10, 4
0.857047828111488, 0.0, 0.2234272951185998, 0.18561892631947519, 3,10, 3
0.8566487061797379, 0.0, 0.21494725174430393, 0.17829151203825433, 3,10, 3
0.8600412425996142, 0.0, 0.21823329169623334, 0.17566220744861322, 1,10, 1
0.8593095190580723, 0.0, 0.2160325621517806, 0.17582411132370016, 3,10, 3
0.8585777955165304, 0.0, 0.21584466534404054, 0.17341318758150404, 2,10, 2
0.8597751613117808, 0.0, 0.2102465269368009, 0.1749813458412602, 4,10, 4
0.8640324619171157, 0.0, 0.20548019114553018, 0.17446740560999818, 3,10, 3
0.8624359741901151, 0.0, 0.21357227621212174, 0.1762143811357723, 3,10, 3
0.8642320228829907, 0.0, 0.21147732132094393, 0.17316946445943174, 4,10, 4
0.8631011774096987, 0.0, 0.2097339039410722, 0.17355758614614153, 4,10, 4
0.8652298277123661, 0.0, 0.20365943676301743, 0.16766064006792047, 3,10, 3
0.8646311448147409, 0.0, 0.20027315137505172, 0.16843452132125872, 4,10, 4
0.8678906405907004, 0.0, 0.19567830868861652, 0.1680818560951797, 1,10, 1
0.8650302667464911, 0.0, 0.21492284667859932, 0.17093403149476566, 3,10, 3
0.8668263154393667, 0.0, 0.20283832031799345, 0.16885279292621383, 6,10, 6
0.8666267544734917, 0.0, 0.19828206985555552, 0.16559929131181605, 5,10, 5
0.8688884454200758, 0.0, 0.20336166626008137, 0.16659642644502284, 4,10, 4
0.868356282844409, 0.0, 0.20442217147572095, 0.16940665892152876, 2,10, 2
0.869287567351826, 0.0, 0.19664582102671654, 0.16453249418767968, 4,10, 4
0.8704184128251181, 0.0, 0.19455816111055632, 0.16329773005724957, 1,10, 1
0.8698862502494512, 0.0, 0.19254074054173798, 0.16247357987169653, 3,10, 3
0.871881859908202, 0.0, 0.19433567232128282, 0.1613897273569187, 4,10, 4
0.8732787866693275, 0.0, 0.1895742570469832, 0.1579446749667709, 2,10, 2
0.8734783476352026, 0.0, 0.1928706107003139, 0.15684334224659774, 5,10, 5
0.8730792257034524, 0.0, 0.1893610784936971, 0.15865249524084174, 2,10, 2
0.8727466240936607, 0.0, 0.19316641230602535, 0.16061051851121655, 3,10, 3
0.8708175347568682, 0.0, 0.1990225082681761, 0.16384812469272483, 4,10, 4
0.8730792257034524, 0.0, 0.1918206402628092, 0.162729058346329, 3,10, 3
0.875407436971995, 0.0, 0.18571258261110316, 0.16074055235403306, 2,10, 2
0.8750748353622032, 0.0, 0.1908736058840727, 0.15982411974513352, 5,10, 5
0.8759395995476618, 0.0, 0.1837467103850586, 0.15693159747905608, 4,10, 4
0.8767378434111621, 0.0, 0.18640141630515217, 0.15696922967613489, 5,10, 5
0.8768708840550788, 0.0, 0.1937754330517926, 0.1609120777236289, 2,10, 2
0.8753409166500365, 0.0, 0.18875837697390427, 0.15973041685788775, 4,10, 4
0.8759395995476618, 0.0, 0.1902246806500428, 0.15956436570469934, 3,10, 3
0.878001729528371, 0.0, 0.1868181550461236, 0.1556205468341199, 1,10, 1
0.8771369653429123, 0.0, 0.1832647324283899, 0.15540633763257009, 3,10, 3
0.8788664937138295, 0.0, 0.18295892962856938, 0.15610848811769915, 3,10, 3
0.8789995343577462, 0.0, 0.17805034069268216, 0.1487064705785712, 1,10, 1
0.8798642985432049, 0.0, 0.18194622580138384, 0.15268158714804533, 4,10, 4
0.8775360872746624, 0.0, 0.17714192101643633, 0.15334093163968443, 4,10, 4
0.8764717621233287, 0.0, 0.18588866147636263, 0.1605663036590752, 5,10, 5
0.8789995343577462, 0.0, 0.17767169035885338, 0.15422715972109693, 3,10, 3
0.8795982172553715, 0.0, 0.18366359520966868, 0.15067361763848305, 5,10, 5
0.8811281846604138, 0.0, 0.18020163783845328, 0.15177178937988947, 0,10, 0
0.8816603472360807, 0.0, 0.17678913638624702, 0.1489407170955094, 4,10, 4
0.8808621033725803, 0.0, 0.1763884503757927, 0.14323802357069948, 6,10, 6
0.8824585910995809, 0.0, 0.1749469436797898, 0.14894513666244785, 2,10, 2
0.8806625424067053, 0.0, 0.1807643726283629, 0.15682861806251108, 4,10, 4
0.8811281846604138, 0.0, 0.18766644774833519, 0.1514005954710801, 6,10, 6
0.8825916317434976, 0.0, 0.18061425757669308, 0.15192263207149515, 4,10, 4
0.884321160114415, 0.0, 0.17645263060864427, 0.14608972370109594, 1,10, 1
0.8819929488458724, 0.0, 0.17559894026918724, 0.1491851122804572, 3,10, 3
0.8836559568948313, 0.0, 0.17724671033157943, 0.1416042314111997, 2,10, 2
0.8841881194704982, 0.0, 0.16688752465881507, 0.14970369617994794, 2,10, 2
0.8839220381826648, 0.0, 0.1712383375678414, 0.14854612032214057, 2,10, 2
0.8839885585046232, 0.0, 0.16686298086429666, 0.1461014640706335, 3,10, 3
0.884321160114415, 0.0, 0.17254484323357744, 0.14577694705871974, 3,10, 3
0.8860506884853323, 0.0, 0.17225134489235677, 0.14098498142776414, 3,10, 3
0.8850528836559569, 0.0, 0.17294778793141335, 0.14787062408849538, 3,10, 3
0.10077828776691279, 0.0, 0.8944213325400786, 0.36684194226088074, 0,10, 0
0.21871881859908202, 0.0, 0.8029340799935101, 0.5341742631252132, 0,10, 0
0.4092995410097785, 0.0, 0.7023544223517394, 0.46237833565612524, 0,10, 0
0.5356216324087009, 0.0, 0.5826513216643895, 0.2881643363654503, 3,10, 3
0.5863101177409699, 0.0, 0.5870617339187166, 0.33554763893651535, 3,10, 3
0.6378633672586975, 0.0, 0.5585952888758695, 0.33304811065118983, 3,10, 3
0.6838954300538814, 0.0, 0.48248105568619587, 0.2773874515557266, 4,10, 4
0.6928756735182598, 0.0, 0.47599212699850824, 0.26050449080009075, 4,10, 4
0.7379099314840684, 0.0, 0.4138566696563398, 0.23490576849991182, 3,10, 3
0.7473558172021553, 0.0, 0.4067510771237031, 0.24481535364734597, 4,10, 4
0.764385019623495, 0.0, 0.3801570137255964, 0.23903130638959655, 3,10, 3
0.768110157653163, 0.0, 0.3748435889245488, 0.23362505009921528, 3,10, 3
0.7917248719483803, 0.0, 0.3345339334562709, 0.22929270978560268, 4,10, 4
0.7826115878400851, 0.0, 0.3529592585261536, 0.2292908263737469, 3,10, 3
0.7812146610789596, 0.0, 0.3499444575863669, 0.24155337268573768, 2,10, 2
0.789463181001796, 0.0, 0.33812451877666705, 0.22633205464563652, 6,10, 6
0.8011707576664671, 0.0, 0.31551484227692017, 0.22153153457140115, 2,10, 2
0.7828776691279186, 0.0, 0.36587959575198203, 0.23900010837012367, 5,10, 5
0.8081553914720947, 0.0, 0.3034989002466429, 0.21173726893804543, 4,10, 4
0.8082884321160114, 0.0, 0.3229608186363324, 0.21269244382812988, 2,10, 2
0.7997073105833832, 0.0, 0.33377521743687055, 0.24727988937184947, 3,10, 3
0.8128118140091798, 0.0, 0.2931696003498049, 0.2084604738057737, 4,10, 4
0.8183330007317235, 0.0, 0.29152991475712076, 0.20954744212143578, 3,10, 3
0.8132774562628883, 0.0, 0.3142832385664579, 0.2095045961830197, 3,10, 3
0.8191312445952238, 0.0, 0.2961869231472752, 0.21055761870553197, 2,10, 2
0.8157387081753475, 0.0, 0.2942195056553222, 0.20624048031607914, 2,10, 2
0.8266480409765183, 0.0, 0.2786696152458108, 0.2027836708566072, 3,10, 3
0.8243198297079758, 0.0, 0.2891195645280371, 0.20676561921730802, 3,10, 3
0.8289097319231025, 0.0, 0.2682979077117002, 0.19570824567054576, 3,10, 3
0.8362269673385219, 0.0, 0.25980848353756186, 0.1953458225428411, 3,10, 3
0.8369586908800638, 0.0, 0.26838026792295694, 0.19779543283768075, 3,10, 3
0.8357613250848134, 0.0, 0.27462274868547676, 0.20057264719018447, 1,10, 1
0.8449411295150668, 0.0, 0.2422110806283513, 0.18966736162816933, 5,10, 5
0.8499301536619437, 0.0, 0.23810181170010392, 0.18962691402787976, 0,10, 0
0.8513270804230693, 0.0, 0.23380352555417358, 0.18791559016405301, 4,10, 4
0.8513936007450276, 0.0, 0.24184157911968593, 0.18822238323003837, 2,10, 2
0.8558504623162376, 0.0, 0.2345089481995534, 0.18811182382966474, 4,10, 4
0.855185259096654, 0.0, 0.2458036434136535, 0.1907614794204983, 4,10, 4
0.854253974589237, 0.0, 0.22963936685381733, 0.18571504820507684, 4,10, 4
0.8548526574868622, 0.0, 0.2365532024158351, 0.18581091739143343, 3,10, 3
0.8537883323355285, 0.0, 0.24460312777364518, 0.18868210143883463, 3,10, 3
0.855185259096654, 0.0, 0.23331884991797427, 0.1846162816798609, 4,10, 4
0.8559169826381959, 0.0, 0.23305058031734913, 0.185391478959063, 1,10, 1
0.8595090800239473, 0.0, 0.22570384194881019, 0.18006030077916033, 3,10, 3
0.8616377303266147, 0.0, 0.22578624996971558, 0.18199821432666638, 2,10, 2
0.8600412425996142, 0.0, 0.2245604732140959, 0.18100369982588632, 4,10, 4
0.8611055677509479, 0.0, 0.22752178575866894, 0.17378924138324955, 2,10, 2
0.863167697731657, 0.0, 0.2162296831979547, 0.17187839592855256, 4,10, 4
0.8642985432049491, 0.0, 0.2232324827154194, 0.17276038030132526, 3,10, 3
0.8654293886782412, 0.0, 0.2140178581131563, 0.16644416864167066, 2,10, 2
0.8651633073904078, 0.0, 0.21658865563054228, 0.17161533271425863, 3,10, 3
0.8638329009512407, 0.0, 0.22244377968907195, 0.1787160826719415, 2,10, 2
0.8675580389809087, 0.0, 0.20903365442033237, 0.1713070534190875, 1,10, 1
0.8684893234883256, 0.0, 0.21331529215850967, 0.17109970041817832, 4,10, 4
0.8656289496441163, 0.0, 0.21746552450871554, 0.17093066666094842, 2,10, 2
0.8682232422004923, 0.0, 0.21820885380618116, 0.17368409952132566, 1,10, 1
0.8686888844542008, 0.0, 0.21543445961272376, 0.17033916750259334, 4,10, 4
0.8691545267079093, 0.0, 0.20310879783887476, 0.16923130346711868, 1,10, 1
0.8717488192642853, 0.0, 0.20407389918709384, 0.16763441976511653, 3,10, 3
0.8696201689616178, 0.0, 0.20865320660720366, 0.1637368281637301, 5,10, 5
0.8708175347568682, 0.0, 0.20202003268809893, 0.1641684380888637, 1,10, 1
0.8696201689616178, 0.0, 0.2086303132012708, 0.16492216678233465, 1,10, 1
0.8723475021619105, 0.0, 0.2051018458781345, 0.16286545868044974, 5,10, 5
0.8716822989423268, 0.0, 0.19844547634832976, 0.16443493186725408, 2,10, 2
0.8724805428058272, 0.0, 0.20482163675126383, 0.16165110308241296, 4,10, 4
0.8731457460254107, 0.0, 0.2026683715296597, 0.16183994804730228, 3,10, 3
0.8734783476352026, 0.0, 0.19843553289153573, 0.1605761079382734, 4,10, 4
0.8744096321426196, 0.0, 0.1960399506950682, 0.16119015133260192, 4,10, 4
0.8738774695669527, 0.0, 0.2010281840217477, 0.15895483840289942, 3,10, 3
0.8765382824452871, 0.0, 0.19029173468784294, 0.16039110880117086, 3,10, 3
0.8773365263087873, 0.0, 0.201080848554719, 0.15827749963161486, 1,10, 1
0.8731457460254107, 0.0, 0.21002754421564238, 0.16509041627857685, 3,10, 3
0.8742765914987028, 0.0, 0.20469001783086962, 0.16435740046408764, 5,10, 5
0.8769374043770372, 0.0, 0.20028731385898244, 0.15512299389079928, 4,10, 4
0.8760726401915785, 0.0, 0.19723895386871695, 0.15695000497060535, 3,10, 3
0.8750083150402448, 0.0, 0.2044172459673716, 0.15646089629369275, 2,10, 2
0.878201290494246, 0.0, 0.20444849699089232, 0.1553631939814054, 1,10, 1
0.8791990953236214, 0.0, 0.19206705122186507, 0.15332366243138718, 2,10, 2
0.8775360872746624, 0.0, 0.1950118147929665, 0.15303151111913282, 6,10, 6
0.878400851460121, 0.0, 0.20138631352226885, 0.1572173908144884, 4,10, 4
0.8772034856648706, 0.0, 0.19535446042649268, 0.1521615877892668, 4,10, 4
0.8778686888844542, 0.0, 0.19487327594701945, 0.14914659262013014, 4,10, 4
0.878400851460121, 0.0, 0.18922580047230525, 0.14834831925893832, 5,10, 5
0.8821259894897892, 0.0, 0.17767822482033946, 0.14849690304918264, 4,10, 4
0.881726867558039, 0.0, 0.18001354593481775, 0.15065524232332014, 4,10, 4
0.8789995343577462, 0.0, 0.19462365941121912, 0.1504967826562549, 3,10, 3
0.8809286236945387, 0.0, 0.1768529688364416, 0.1431921744177803, 6,10, 6
0.8813277456262888, 0.0, 0.1884554815475599, 0.15038572716609785, 4,10, 4
0.8800638595090801, 0.0, 0.1869040535478623, 0.14698214412618005, 5,10, 5
0.8806625424067053, 0.0, 0.186709654934767, 0.15106406379515327, 3,10, 3
0.8785338921040378, 0.0, 0.1948892587367534, 0.15280692646729754, 4,10, 4
0.8813277456262888, 0.0, 0.18189550655322062, 0.15154736318238055, 1,10, 1
0.8837224772167898, 0.0, 0.18253230944378374, 0.14913854658592637, 1,10, 1
0.8832568349630813, 0.0, 0.17585551540302582, 0.14789064536700489, 5,10, 5
0.8855185259096654, 0.0, 0.17046147384411514, 0.14308459433176687, 6,10, 6
0.8847202820461652, 0.0, 0.18385017944425067, 0.14710981450386862, 4,10, 4
0.8837224772167898, 0.0, 0.17611842095637065, 0.14378699426940678, 1,10, 1
0.8832568349630813, 0.0, 0.17297619579208645, 0.14194774485987563, 5,10, 5
0.8848533226900818, 0.0, 0.18313009957624185, 0.14408879186083276, 5,10, 5
0.8851859242998736, 0.0, 0.168089193240572, 0.1450524725635659, 5,10, 5
0.885252444621832, 0.0, 0.1701575814200945, 0.1470560802797063, 5,10, 5
0.10077828776691279, 0.0, 0.8944213325400786, 0.36684194226088074, 0,10, 0
0.31637065123395197, 0.0, 0.801261762137777, 0.4344977402625704, 0,10, 0
0.42240404443557505, 0.0, 0.7146072718966052, 0.4283390124308673, 0,10, 0
0.48586443158384884, 0.0, 0.6434680629078552, 0.36080156354240134, 0,10, 0
0.4899221712233087, 0.0, 0.6295301284433239, 0.3964453832550781, 3,10, 3
0.5454666400585378, 0.0, 0.549280208800434, 0.32686449713000626, 4,10, 4
0.5659548992217123, 0.0, 0.5534415085186065, 0.3567656537912909, 5,10, 5
0.6749817069114614, 0.0, 0.4554068337513621, 0.2742376354340249, 6,10, 6
0.6417880662542407, 0.0, 0.4932236033602285, 0.2881173864628643, 4,10, 4
0.6560899354752877, 0.0, 0.4663788311097912, 0.27495625089842624, 4,10, 4
0.7273332002926894, 0.0, 0.44284843098923815, 0.2717196414167939, 2,10, 2
0.727067119004856, 0.0, 0.4271380583382102, 0.2769878489235875, 3,10, 3
0.7444289230359875, 0.0, 0.3991357666814047, 0.24954650092896088, 3,10, 3
0.7678440763653296, 0.0, 0.3600682045106719, 0.23453046963901575, 4,10, 4
0.7804164172154593, 0.0, 0.3729521103040717, 0.24467446824676692, 3,10, 3
0.7923235548460055, 0.0, 0.3250778174504741, 0.22937393664768974, 3,10, 3
0.8019690015299674, 0.0, 0.31178524701683386, 0.2224840457441054, 1,10, 1
0.7820794252644183, 0.0, 0.3275116271893197, 0.23038897145058468, 3,10, 3
0.7998403512272999, 0.0, 0.3027355402126702, 0.21806072825225647, 0,10, 0
0.7940530832169228, 0.0, 0.30818409824407034, 0.22297917935407469, 4,10, 4
0.8030333266813011, 0.0, 0.31032751207998455, 0.23152242529808018, 5,10, 5
0.8136100578726801, 0.0, 0.2843565796401994, 0.2157355033639822, 3,10, 3
0.8170025942925564, 0.0, 0.2835956282282851, 0.21299336833887236, 2,10, 2
0.8208607729661411, 0.0, 0.27348485072850853, 0.2125498428227255, 3,10, 3
0.821392935541808, 0.0, 0.2714855737959079, 0.20815528194484795, 3,10, 3
0.8195968868489324, 0.0, 0.2668058798928124, 0.2085194489051901, 2,10, 2
0.824918512605601, 0.0, 0.26648139574168256, 0.20976852949054994, 3,10, 3
0.8272467238741436, 0.0, 0.25307796735029603, 0.20672894439907175, 2,10, 2
0.8293088538548526, 0.0, 0.2509377155918699, 0.20438151553778197, 1,10, 1
0.8311714228696867, 0.0, 0.26379483814620214, 0.20830532803898888, 3,10, 3
0.8325683496308122, 0.0, 0.2581115962336184, 0.20597929831961215, 0,10, 0
0.833832235748021, 0.0, 0.25104383232284233, 0.19982937366477113, 3,10, 3
0.8366926095922305, 0.0, 0.24865570515955934, 0.19742702760380304, 2,10, 2
0.8378899753874809, 0.0, 0.2470322761271418, 0.19868424693988082, 5,10, 5
0.8394864631144815, 0.0, 0.24710851020382077, 0.20020003129802022, 5,10, 5
0.840151666334065, 0.0, 0.24455084918287945, 0.19639193853601764, 2,10, 2
0.8421472759928158, 0.0, 0.22816668749586344, 0.19451890798710023, 3,10, 3
0.8440763653296082, 0.0, 0.2392348401472682, 0.19827510138862464, 4,10, 4
0.8475354220714428, 0.0, 0.23770832360430408, 0.19428311533561415, 4,10, 4
0.8493979910862769, 0.0, 0.2262942783184018, 0.18446201778825344, 4,10, 4
0.8512605601011108, 0.0, 0.22544701270906525, 0.1850927718478965, 6,10, 6
0.8511940397791525, 0.0, 0.22307913311734606, 0.18649471086895425, 4,10, 4
0.8519922836426528, 0.0, 0.2330949548891507, 0.18776014489103043, 2,10, 2
0.8515266413889443, 0.0, 0.22033795907928388, 0.18422563366967826, 4,10, 4
0.8543870152331537, 0.0, 0.2208845530109212, 0.18479734032900932, 4,10, 4
0.8555178607064459, 0.0, 0.2223698535889387, 0.1837870206758452, 4,10, 4
0.8545865761990288, 0.0, 0.22863281929995638, 0.18763810353653645, 2,10, 2
0.8565821858577796, 0.0, 0.22263005126967436, 0.18400988322420525, 2,10, 2
0.8592429987361139, 0.0, 0.2229822521812896, 0.1776433076744092, 5,10, 5
0.8579125922969467, 0.0, 0.2224753446818931, 0.17903637774837114, 3,10, 3
0.8594425597019889, 0.0, 0.22200196060679175, 0.17975972638416413, 2,10, 2
0.8591764784141556, 0.0, 0.2232116355932289, 0.17970313451189274, 4,10, 4
0.8609060067850728, 0.0, 0.22225258960088154, 0.182504881177223, 4,10, 4
0.8636333399853655, 0.0, 0.20602917874234994, 0.16911549556991015, 3,10, 3
0.8633672586975321, 0.0, 0.20763658412662944, 0.17243977316821607, 4,10, 4
0.8637663806292822, 0.0, 0.20386513912967744, 0.1742359567086166, 3,10, 3
0.8617042506485731, 0.0, 0.21660241628062668, 0.17812456354235337, 0,10, 0
0.8633007383755738, 0.0, 0.21398559990664323, 0.17362514358882905, 2,10, 2
0.8662941528636998, 0.0, 0.19836956086923085, 0.16832986653696813, 3,10, 3
0.8660280715758665, 0.0, 0.20617812105000877, 0.1742000537992172, 4,10, 4
0.8666267544734917, 0.0, 0.20000974650163383, 0.16931223387510538, 3,10, 3
0.8672254373711169, 0.0, 0.2029761796292849, 0.17122138120932295, 3,10, 3
0.8678241202687421, 0.0, 0.19971179024867475, 0.17210133744492803, 5,10, 5
0.8682232422004923, 0.0, 0.2002080068351698, 0.1692456303101659, 4,10, 4
0.8684893234883256, 0.0, 0.19790760715427289, 0.1629965756000991, 2,10, 2
0.8675580389809087, 0.0, 0.20625257339068656, 0.16944912690091882, 1,10, 1
0.8680902015565756, 0.0, 0.19469752150983868, 0.165818139649027, 1,10, 1
0.8682232422004923, 0.0, 0.19305835530601928, 0.16677385814505552, 0,10, 0
0.8698862502494512, 0.0, 0.1991486509199207, 0.1655020760845563, 4,10, 4
0.8709505754007849, 0.0, 0.19477616683563503, 0.16278210695894996, 5,10, 5
0.8708175347568682, 0.0, 0.19087757627681362, 0.16335034539047125, 6,10, 6
0.8700192908933679, 0.0, 0.19564631764498341, 0.16605686385213492, 2,10, 2
0.8710170957227433, 0.0, 0.2021742489981117, 0.1658396161602083, 4,10, 4
0.8724805428058272, 0.0, 0.19352250779711253, 0.16000366483011136, 4,10, 4
0.8721479411960353, 0.0, 0.19561899359096824, 0.16735898169712862, 3,10, 3
0.870218851859243, 0.0, 0.20042525203249328, 0.16334093668393035, 3,10, 3
0.8742100711767445, 0.0, 0.18314995648547291, 0.15777543461073043, 4,10, 4
0.8736779086010776, 0.0, 0.18778027650115292, 0.16107624775854823, 2,10, 2
0.8722144615179938, 0.0, 0.1945861002528763, 0.16206816405646285, 4,10, 4
0.8736113882791192, 0.0, 0.2015810078520842, 0.1611971703075141, 4,10, 4
0.8750748353622032, 0.0, 0.19066961480002032, 0.1572558997773313, 3,10, 3
0.8752078760061198, 0.0, 0.19474936704518891, 0.15741351118224817, 3,10, 3
0.874675713430453, 0.0, 0.19406700331525872, 0.16184042795470924, 4,10, 4
0.8764052418013704, 0.0, 0.18164478802470677, 0.15228024011242489, 1,10, 1
0.8744761524645779, 0.0, 0.1882966826007935, 0.15667749060079636, 4,10, 4
0.8772034856648706, 0.0, 0.19029435982384327, 0.16014370271501963, 6,10, 6
0.8760726401915785, 0.0, 0.1821861582480716, 0.1596890299189283, 1,10, 1
0.8754739572939533, 0.0, 0.18629721746558084, 0.1594829242591196, 2,10, 2
0.8769374043770372, 0.0, 0.18971720230929803, 0.15697936297502232, 1,10, 1
0.8780682498503293, 0.0, 0.1783937772017501, 0.15642108650398684, 3,10, 3
0.8783343311381627, 0.0, 0.17784328380268208, 0.1578980134522172, 3,10, 3
0.8776026075966208, 0.0, 0.1843035681590058, 0.16138422539679667, 4,10, 4
0.8791990953236214, 0.0, 0.18441324467833473, 0.15621869844592365, 3,10, 3
0.8792656156455797, 0.0, 0.18021838463548762, 0.15557405701973587, 2,10, 2
0.8794651766114548, 0.0, 0.1846026138019387, 0.15782159704443458, 3,10, 3
0.880795583050622, 0.0, 0.17787539196326907, 0.1519038166634879, 3,10, 3
0.8809286236945387, 0.0, 0.16815799744973214, 0.15315284137184437, 3,10, 3
0.8808621033725803, 0.0, 0.1709075819827055, 0.15075052985150517, 2,10, 2
0.8805295017627885, 0.0, 0.17949799217094506, 0.14975024694433858, 4,10, 4
0.8816603472360807, 0.0, 0.17166475743258758, 0.14140592983809802, 4,10, 4
0.8821925098117475, 0.0, 0.1652347300794494, 0.14432262791245398, 3,10, 3
