acuracia,loss,frr,fpr, removed, n_clf, tp_removed
0.09825051553249518, 0.0, 0.8944041643372586, 0.40467750686587217, 0,10, 0
0.3201623095855784, 0.0, 0.7216529260501823, 0.3510185877013472, 0,10, 0
0.3967272001596488, 0.0, 0.6962424945059719, 0.4316861869614126, 0,10, 0
0.43298077562695403, 0.0, 0.6647089648151604, 0.4368330691600798, 0,10, 0
0.4911860573405175, 0.0, 0.6337023267238721, 0.41704709598306694, 0,10, 0
0.5410762988092862, 0.0, 0.5715053642183555, 0.36750897015719197, 0,10, 0
0.6616776425197898, 0.0, 0.475952300574021, 0.29080393885702455, 0,10, 0
0.6628084879930819, 0.0, 0.48761547790059223, 0.2818002836745149, 0,10, 0
0.7134304530033926, 0.0, 0.4678668920642177, 0.32922550335456824, 0,10, 0
0.707576664671057, 0.0, 0.44902652379942787, 0.2601786955624857, 0,10, 0
0.735781281181401, 0.0, 0.4067803349399325, 0.24292470297638286, 0,10, 0
0.7310583383223574, 0.0, 0.4130189328720404, 0.2688669348307051, 0,10, 0
0.763653296081953, 0.0, 0.3416488202654034, 0.21317899429261647, 3,10, 3
0.797445619636799, 0.0, 0.3504502661685519, 0.2173278492584892, 1,10, 1
0.7732322224439566, 0.0, 0.35078909185559654, 0.21812961757320984, 2,10, 2
0.8099514401649704, 0.0, 0.3300737221200197, 0.22160099552942294, 4,10, 4
0.8054945785937604, 0.0, 0.32755332908325785, 0.22377208828714718, 1,10, 1
0.8170691146145147, 0.0, 0.31451527567203763, 0.20888404974354516, 2,10, 2
0.8174682365462649, 0.0, 0.31476696175365376, 0.21524334185993094, 1,10, 1
0.8204616510343911, 0.0, 0.30877714298807296, 0.20825602083179273, 0,10, 0
0.8253176345373512, 0.0, 0.29463290956260424, 0.203812758581869, 2,10, 2
0.8257832767910597, 0.0, 0.29413478935638454, 0.2044267584808933, 1,10, 1
0.825118073571476, 0.0, 0.28729566943432433, 0.1987485652176629, 4,10, 4
0.8309053415818533, 0.0, 0.28765955273254845, 0.1975988569620697, 1,10, 1
0.8333665934943125, 0.0, 0.2825884451178289, 0.19535366175099114, 1,10, 1
0.839020820860773, 0.0, 0.2727128072919042, 0.1949413257324649, 0,10, 0
0.8351626421871882, 0.0, 0.2789445195364467, 0.1969977627690228, 2,10, 2
0.8383556176411894, 0.0, 0.27460380225405345, 0.19149734465436727, 0,10, 0
0.8383556176411894, 0.0, 0.2846720607037503, 0.19253342135874313, 0,10, 0
0.8422137963147741, 0.0, 0.2592693816864446, 0.18326384639388288, 2,10, 2
0.836626089270272, 0.0, 0.28814054871390227, 0.1962482538135057, 1,10, 1
0.8464710969201091, 0.0, 0.2586251364772554, 0.18503887715623285, 1,10, 1
0.846071974988359, 0.0, 0.2612885854045864, 0.19000644071388986, 0,10, 0
0.8474689017494844, 0.0, 0.2644561460534025, 0.19077061929056283, 0,10, 0
0.8449411295150668, 0.0, 0.2577935014056315, 0.18720907385382474, 4,10, 4
0.854054413623362, 0.0, 0.24588943128783022, 0.1817293825476561, 1,10, 1
0.855185259096654, 0.0, 0.242284223337227, 0.18473445346110118, 1,10, 1
0.8539213729794453, 0.0, 0.24227796607835794, 0.18328523302582794, 1,10, 1
0.8521253242865695, 0.0, 0.2546897257414776, 0.18843673636432315, 0,10, 0
0.8578460719749884, 0.0, 0.22673579114559964, 0.178792869777658, 1,10, 1
0.8587773564824054, 0.0, 0.22529801340883687, 0.17631692789844092, 0,10, 0
0.8577130313310717, 0.0, 0.2235260105985963, 0.17675535646914242, 0,10, 0
0.8567817468236546, 0.0, 0.23459755532756166, 0.17975973348947089, 0,10, 0
0.8593760393800306, 0.0, 0.23208740611485454, 0.17800927930912533, 0,10, 0
0.8590434377702388, 0.0, 0.22370433233335987, 0.17332757672366902, 1,10, 1
0.860373844209406, 0.0, 0.23244050105577752, 0.18127404874774103, 2,10, 2
0.8601077629215725, 0.0, 0.2217625060119018, 0.1779067535600981, 0,10, 0
0.8612386083948647, 0.0, 0.21894625276179527, 0.17036417932430023, 0,10, 0
0.8628350961218653, 0.0, 0.2164233223894117, 0.172903859484522, 1,10, 1
0.8617042506485731, 0.0, 0.219344618112297, 0.17161504248431997, 0,10, 0
0.8629016164438236, 0.0, 0.22563430471344303, 0.1751491985611727, 0,10, 0
0.8651633073904078, 0.0, 0.2205301656732014, 0.1724919708746448, 2,10, 2
0.8640324619171157, 0.0, 0.22597150601737664, 0.17512069844019337, 0,10, 0
0.8641655025610324, 0.0, 0.21599750306884175, 0.17075188821824672, 2,10, 2
0.8644315838488659, 0.0, 0.21292050990116906, 0.17085945937343403, 0,10, 0
0.8642320228829907, 0.0, 0.2170097482564005, 0.1663968245358954, 0,10, 0
0.8663606731856582, 0.0, 0.2185377662329465, 0.16456727008456906, 1,10, 1
0.8687554047761591, 0.0, 0.20748830449746375, 0.16748951448576707, 0,10, 0
0.868356282844409, 0.0, 0.2130547423718948, 0.16844447889586345, 0,10, 0
0.8678906405907004, 0.0, 0.2091043356623658, 0.165472613319137, 0,10, 0
0.8688884454200758, 0.0, 0.20138346066104115, 0.16475453716331775, 0,10, 0
0.8682897625224506, 0.0, 0.20366557910730929, 0.1654719908136241, 0,10, 0
0.8700858112153262, 0.0, 0.201810340908944, 0.16373168810920727, 0,10, 0
0.8705514534690348, 0.0, 0.2082893628924027, 0.1629393555977417, 0,10, 0
0.872813144415619, 0.0, 0.1957139478647451, 0.1611994879997164, 2,10, 2
0.8716157786203685, 0.0, 0.21024388886598996, 0.16536365168544367, 0,10, 0
0.8736779086010776, 0.0, 0.1993335830944829, 0.16130210377145274, 0,10, 0
0.8738774695669527, 0.0, 0.1961213504834767, 0.16142508967325603, 0,10, 0
0.8732787866693275, 0.0, 0.19725351056116, 0.16165465646292515, 0,10, 0
0.8741435508547861, 0.0, 0.1941874318821466, 0.1601027223778969, 2,10, 2
0.8752078760061198, 0.0, 0.19288439105152677, 0.1596040075304109, 0,10, 0
0.8774030466307456, 0.0, 0.18598591917895363, 0.1550816486357555, 0,10, 0
0.8758065589037451, 0.0, 0.1909484903920937, 0.15893215818351342, 0,10, 0
0.8774695669527041, 0.0, 0.1916030047484082, 0.15776441158000243, 0,10, 0
0.8740770305328278, 0.0, 0.2069215142386197, 0.1582285969674855, 0,10, 0
0.8770039246989956, 0.0, 0.18659064856343843, 0.15532511550820513, 0,10, 0
0.8783343311381627, 0.0, 0.18968839668001775, 0.15106338526596688, 0,10, 0
0.8786004124259962, 0.0, 0.18776663176136893, 0.1540621182933532, 0,10, 0
0.8774695669527041, 0.0, 0.190785982327099, 0.15275894353974315, 0,10, 0
0.8785338921040378, 0.0, 0.18848676825772576, 0.15211109330960737, 0,10, 0
0.878001729528371, 0.0, 0.18805081825507056, 0.1520961706720526, 0,10, 0
0.8786669327479545, 0.0, 0.19312085085408012, 0.15080960395117932, 0,10, 0
0.8797977782212466, 0.0, 0.18768517389989042, 0.1534762637534133, 0,10, 0
0.8793986562894964, 0.0, 0.18475251760832434, 0.15068893338817524, 0,10, 0
0.8790660546797047, 0.0, 0.19520054602092352, 0.15648576290717015, 0,10, 0
0.880795583050622, 0.0, 0.18011666822007386, 0.15294272592383612, 0,10, 0
0.8805295017627885, 0.0, 0.18505080900245743, 0.1497950535332268, 0,10, 0
0.878201290494246, 0.0, 0.18426194850248567, 0.15078241567216474, 3,10, 3
0.8786669327479545, 0.0, 0.19031611935664164, 0.15347827724546234, 0,10, 0
0.8782678108162043, 0.0, 0.19723538236792806, 0.1507298053542534, 1,10, 1
0.8806625424067053, 0.0, 0.18391468506653602, 0.14855341576886258, 0,10, 0
0.8795316969334132, 0.0, 0.18401358888109065, 0.14870769509958995, 0,10, 0
0.880795583050622, 0.0, 0.1873272890924521, 0.14907908228985806, 1,10, 1
0.8821259894897892, 0.0, 0.18549432526911955, 0.14892502614527403, 0,10, 0
0.8816603472360807, 0.0, 0.17876429441358377, 0.14455300943920474, 0,10, 0
0.8818599082019557, 0.0, 0.17780866104774756, 0.14530782410624915, 0,10, 0
0.8813942659482472, 0.0, 0.17783033783173294, 0.1455204314377886, 0,10, 0
0.8829242333532894, 0.0, 0.17138525901714252, 0.1429411980734563, 1,10, 1
0.881726867558039, 0.0, 0.18329474648237493, 0.14515912204431683, 1,10, 1
0.8833233552850396, 0.0, 0.1702501279436016, 0.1414109824793424, 1,10, 1
0.8855850462316237, 0.0, 0.16525747320820425, 0.13860456827586218, 0,10, 0
0.10077828776691279, 0.0, 0.8944213325400786, 0.36684194226088074, 0,10, 0
0.24353089868954966, 0.0, 0.774772965603376, 0.5110077207869417, 0,10, 0
0.4245326947382425, 0.0, 0.6869779967501938, 0.4464302418845806, 0,10, 0
0.4615845140690481, 0.0, 0.6714921262840857, 0.45031880148689696, 0,10, 0
0.5398789330140358, 0.0, 0.5903798070082947, 0.4048935861178143, 0,10, 0
0.6395928956296149, 0.0, 0.5312047113783872, 0.3089752101305699, 0,10, 0
0.6590168296414555, 0.0, 0.49730193107243914, 0.26860056564100604, 0,10, 0
0.6853588771369653, 0.0, 0.4603028438647491, 0.24648883316855372, 0,10, 0
0.7095722743298077, 0.0, 0.4346229104405442, 0.26379892629893076, 0,10, 0
0.7362469234351094, 0.0, 0.4537456183638822, 0.2852327103789787, 0,10, 0
0.7542074103638662, 0.0, 0.44540270549055594, 0.26108372284008335, 0,10, 0
0.7697066453801636, 0.0, 0.3922468465279367, 0.24537428367733866, 0,10, 0
0.7750282711368323, 0.0, 0.38095762709665776, 0.23100351288190585, 5,10, 5
0.7782212465908335, 0.0, 0.38620670056700407, 0.2463260903317453, 1,10, 1
0.7840085146012107, 0.0, 0.3742625760871869, 0.2382638319710103, 0,10, 0
0.7820129049424599, 0.0, 0.3785761502347138, 0.25704978625508323, 1,10, 1
0.792257034524047, 0.0, 0.36446180048456095, 0.23497157983358308, 2,10, 2
0.7917913922703386, 0.0, 0.3731010260080548, 0.2286055572996323, 2,10, 2
0.7874675713430453, 0.0, 0.37434540991105936, 0.23919664515739034, 0,10, 0
0.7993081886516331, 0.0, 0.34673810552948525, 0.23382959410708432, 2,10, 2
0.8072241069646777, 0.0, 0.31554762251858726, 0.21572481860962164, 0,10, 0
0.8112153262821792, 0.0, 0.31879017667903947, 0.21609896947829438, 3,10, 3
0.810616643384554, 0.0, 0.3148261393267573, 0.21255777742323712, 1,10, 1
0.8171356349364731, 0.0, 0.2888579420629748, 0.2056144366494833, 1,10, 1
0.8176677975121399, 0.0, 0.29065783502986564, 0.2105335119538581, 3,10, 3
0.8266480409765183, 0.0, 0.27015923720376356, 0.2018508196436975, 0,10, 0
0.8245859109958092, 0.0, 0.2764352659885148, 0.20064107793769584, 2,10, 2
0.8264484800106433, 0.0, 0.2802705848108382, 0.2027569717714177, 0,10, 0
0.8279784474156855, 0.0, 0.2642589512538434, 0.1951093525416754, 0,10, 0
0.8334996341382293, 0.0, 0.2607249988981846, 0.19199977710145963, 0,10, 0
0.836426528304397, 0.0, 0.2702814910549685, 0.19990170969959187, 1,10, 1
0.8434111621100246, 0.0, 0.2407141616759883, 0.19110438458708764, 1,10, 1
0.8422137963147741, 0.0, 0.2453944130389667, 0.19225289346843122, 0,10, 0
0.8390873411827313, 0.0, 0.2650632066159211, 0.19740877475541613, 3,10, 3
0.8411494711634404, 0.0, 0.2524807603332774, 0.1897215808443311, 0,10, 0
0.8402181866560234, 0.0, 0.26016064616151413, 0.18890846226681857, 0,10, 0
0.8447415685491918, 0.0, 0.2511212998189595, 0.18826301534252235, 2,10, 2
0.8444089669394, 0.0, 0.23546367943471375, 0.18208506092598442, 0,10, 0
0.8420807556708575, 0.0, 0.24191340859321186, 0.1836204038837603, 0,10, 0
0.8456063327346505, 0.0, 0.24733943451888296, 0.19132099641248973, 0,10, 0
0.8472693407836094, 0.0, 0.24802944250222203, 0.19118613931446382, 1,10, 1
0.8489988691545267, 0.0, 0.24126665146865225, 0.18736481988978756, 1,10, 1
0.8535887713696534, 0.0, 0.22049965833724006, 0.17767617581465342, 0,10, 0
0.8561165436040711, 0.0, 0.23170067550110773, 0.18200945855394032, 0,10, 0
0.8581121532628218, 0.0, 0.23306356453882457, 0.17926089427197645, 0,10, 0
0.857047828111488, 0.0, 0.24893490403139867, 0.18195212034290112, 1,10, 1
0.858710836160447, 0.0, 0.2158618513273972, 0.1762955210099419, 0,10, 0
0.8571808687554048, 0.0, 0.22996517454948265, 0.17969524347527707, 0,10, 0
0.8604403645313643, 0.0, 0.2160361991149422, 0.17438109313648564, 2,10, 2
0.8609060067850728, 0.0, 0.23005234387476087, 0.17546030887920974, 0,10, 0
0.8643650635269075, 0.0, 0.212572332387136, 0.17278219179523036, 1,10, 1
0.8643650635269075, 0.0, 0.2191158326965433, 0.1750051118760658, 1,10, 1
0.8655624293221579, 0.0, 0.20996699406573616, 0.1768225460103913, 1,10, 1
0.8658950309319497, 0.0, 0.20610804395512036, 0.16890089930190735, 0,10, 0
0.8668263154393667, 0.0, 0.2076337188609932, 0.17013106807721942, 0,10, 0
0.8668263154393667, 0.0, 0.21474726766136862, 0.16980396421180693, 1,10, 1
0.866892835761325, 0.0, 0.21448597132684463, 0.17119121802480083, 1,10, 1
0.8651633073904078, 0.0, 0.22235997294495502, 0.1743054912835307, 0,10, 0
0.8662276325417415, 0.0, 0.2054097105940835, 0.16653470447822064, 1,10, 1
0.8700858112153262, 0.0, 0.2059385089839728, 0.16664412608013573, 1,10, 1
0.8688219250981175, 0.0, 0.2049279899093886, 0.16711912897736625, 0,10, 0
0.8703518925031597, 0.0, 0.20663361008994355, 0.17002696072073464, 0,10, 0
0.8716822989423268, 0.0, 0.19759767641822154, 0.1616997014515112, 1,10, 1
0.8721479411960353, 0.0, 0.20137210700109448, 0.16548325007768416, 0,10, 0
0.8718153395862436, 0.0, 0.19748250187314512, 0.161297470111261, 0,10, 0
0.8704184128251181, 0.0, 0.19938596964259575, 0.16478564234019036, 0,10, 0
0.8705514534690348, 0.0, 0.19648075106060137, 0.166937321894101, 1,10, 1
0.8726801037717022, 0.0, 0.19618432516920342, 0.16561890104611565, 0,10, 0
0.8724140224838688, 0.0, 0.19972443214240154, 0.1638516675271723, 0,10, 0
0.8737444289230359, 0.0, 0.1899225138759323, 0.16175450736243618, 0,10, 0
0.8734783476352026, 0.0, 0.1924107055912324, 0.16423875480254538, 0,10, 0
0.8754739572939533, 0.0, 0.19618807766125712, 0.15821633353678105, 0,10, 0
0.8755404776159117, 0.0, 0.18779298174706366, 0.1591765643790734, 0,10, 0
0.8744096321426196, 0.0, 0.19225279955291885, 0.16145160546537915, 0,10, 0
0.8755404776159117, 0.0, 0.1881743460781824, 0.16095902584702418, 0,10, 0
0.8764717621233287, 0.0, 0.19329005382991984, 0.158195815312012, 0,10, 0
0.8755404776159117, 0.0, 0.1903724837649411, 0.15661473893871025, 1,10, 1
0.8745426727865363, 0.0, 0.2021854905871095, 0.16100757152424594, 0,10, 0
0.8746091931084946, 0.0, 0.19923092837831038, 0.1597414905576005, 0,10, 0
0.8766048027672454, 0.0, 0.19085962618756586, 0.1562195536592835, 0,10, 0
0.8775360872746624, 0.0, 0.18486258239641867, 0.15860156799167602, 0,10, 0
0.878001729528371, 0.0, 0.19041118634014512, 0.16148884880529576, 0,10, 0
0.8792656156455797, 0.0, 0.18084120959116257, 0.15253011194360422, 0,10, 0
0.8791990953236214, 0.0, 0.18138709885924859, 0.15139433090127624, 0,10, 0
0.8792656156455797, 0.0, 0.18591013682776386, 0.15041766399815104, 1,10, 1
0.8793986562894964, 0.0, 0.18125528697586232, 0.15529198071304065, 0,10, 0
0.8793321359675381, 0.0, 0.18702865216501194, 0.15064069014354775, 1,10, 1
0.8784673717820795, 0.0, 0.180508252315138, 0.1497407945797175, 0,10, 0
0.8805960220847469, 0.0, 0.18398238893199728, 0.1506655823744869, 1,10, 1
0.8781347701722876, 0.0, 0.19325476032411992, 0.1541774146613369, 0,10, 0
0.8790660546797047, 0.0, 0.19097575724117433, 0.15348417350252938, 0,10, 0
0.8794651766114548, 0.0, 0.18533495554948648, 0.1558963203552271, 0,10, 0
0.8808621033725803, 0.0, 0.17625785045432735, 0.150557260123664, 1,10, 1
0.8807290627286636, 0.0, 0.1785028366470178, 0.15236388655250294, 1,10, 1
0.8803299407969134, 0.0, 0.1811577244795799, 0.15568503875690892, 0,10, 0
0.8813942659482472, 0.0, 0.1795771807252521, 0.1483956876567317, 2,10, 2
0.8796647375773299, 0.0, 0.19059910841503458, 0.15056170284406142, 0,10, 0
0.8803964611188718, 0.0, 0.1868118071850429, 0.15061509746734617, 0,10, 0
0.881726867558039, 0.0, 0.1818151393055344, 0.14915308827207913, 0,10, 0
0.8811947049823721, 0.0, 0.18693315165669727, 0.14978199314159577, 1,10, 1
0.881726867558039, 0.0, 0.17902264320667996, 0.14927838686600373, 0,10, 0
0.10077828776691279, 0.0, 0.8944213325400786, 0.36684194226088074, 0,10, 0
0.2883655956894831, 0.0, 0.7927813505708403, 0.5076630861773855, 0,10, 0
0.4283908734118273, 0.0, 0.7004207822071398, 0.36321966425254176, 0,10, 0
0.5205880396461119, 0.0, 0.6587847221363018, 0.3200832109425303, 0,10, 0
0.6570212199827047, 0.0, 0.5258181320323694, 0.27767224067957175, 0,10, 0
0.7075101443490986, 0.0, 0.5000453989326251, 0.31605317391011983, 0,10, 0
0.7142952171888511, 0.0, 0.5159564868959859, 0.3602162267332881, 0,10, 0
0.7212798509944788, 0.0, 0.49361708554674844, 0.3487186775433161, 0,10, 0
0.7527439632807823, 0.0, 0.42763095825205366, 0.2604084421368957, 0,10, 0
0.7638528570478281, 0.0, 0.43030603126829703, 0.25731060999023353, 0,10, 0
0.7699062063460387, 0.0, 0.42412385445139733, 0.2681153460448241, 0,10, 0
0.7754939133905409, 0.0, 0.41810703426524676, 0.25505563044985563, 0,10, 0
0.7903944655092131, 0.0, 0.37456858996412273, 0.2353062784628466, 2,10, 2
0.7879332135967538, 0.0, 0.39084243930736645, 0.24941324536456477, 2,10, 2
0.7989090667198829, 0.0, 0.3510840995261013, 0.24828852284426023, 1,10, 1
0.8101510011308455, 0.0, 0.3209658244321317, 0.22181419365523972, 4,10, 4
0.8082219117940531, 0.0, 0.3520315366792614, 0.23086388658570975, 2,10, 2
0.8060932614913856, 0.0, 0.32772312088922173, 0.24028960946211725, 0,10, 0
0.8128118140091798, 0.0, 0.3079390874576381, 0.2228190074717935, 2,10, 2
0.8133439765848467, 0.0, 0.3068491451209666, 0.22388935745353694, 1,10, 1
0.8212598948978913, 0.0, 0.2987205840541331, 0.20923106031988264, 1,10, 1
0.8210603339320163, 0.0, 0.2989082617127746, 0.21543280495182024, 1,10, 1
0.8170691146145147, 0.0, 0.3056616358165429, 0.20798059508375855, 3,10, 3
0.8266480409765183, 0.0, 0.27685201676921983, 0.20921837736359059, 0,10, 0
0.8271802035521852, 0.0, 0.2739667605696134, 0.20334766675882288, 1,10, 1
0.8331670325284375, 0.0, 0.26247193326886703, 0.20086969441182853, 2,10, 2
0.8289097319231025, 0.0, 0.28572858926004346, 0.2081832321873969, 2,10, 2
0.830306658684228, 0.0, 0.2692836052614282, 0.19759307790869435, 1,10, 1
0.8316370651233952, 0.0, 0.2664807242315073, 0.19659538065532736, 0,10, 0
0.837357812811814, 0.0, 0.26331588392586464, 0.1986942463339769, 1,10, 1
0.8356282844408967, 0.0, 0.2574898654340969, 0.19449708924849698, 1,10, 1
0.8368921705581055, 0.0, 0.24644784061449834, 0.19269052981880996, 1,10, 1
0.8382890973192311, 0.0, 0.24892025196737605, 0.1916665130747921, 1,10, 1
0.846271535954234, 0.0, 0.24787870695038156, 0.1931657050905952, 1,10, 1
0.8446750482272334, 0.0, 0.2506857763200339, 0.19740350232391024, 0,10, 0
0.8493314707643185, 0.0, 0.23291859009520674, 0.18728324577781014, 1,10, 1
0.8505288365595689, 0.0, 0.23315680606491418, 0.18392497413028672, 2,10, 2
0.8502627552717356, 0.0, 0.24309798103811178, 0.18707826012436216, 0,10, 0
0.8501962349497771, 0.0, 0.2519100823015552, 0.19087394405585767, 1,10, 1
0.8509279584913191, 0.0, 0.2370696181541875, 0.1845473138268508, 1,10, 1
0.8505288365595689, 0.0, 0.2478459459423058, 0.18729045452180706, 1,10, 1
0.8528570478281114, 0.0, 0.24317883745798177, 0.1879845462008599, 2,10, 2
0.8581786735847802, 0.0, 0.23005692968401092, 0.18102997221905645, 1,10, 1
0.8597751613117808, 0.0, 0.22884051638398703, 0.18341552896774316, 0,10, 0
0.8610390474289895, 0.0, 0.21437766855550053, 0.17251172269027004, 0,10, 0
0.8628350961218653, 0.0, 0.2112903939752623, 0.17204206044074502, 0,10, 0
0.8626355351559901, 0.0, 0.214622951740086, 0.17383825253509347, 1,10, 1
0.8653628683562828, 0.0, 0.20782595785271152, 0.17121741636810683, 0,10, 0
0.8621698929022816, 0.0, 0.21980304951249352, 0.17655623428157466, 0,10, 0
0.8646311448147409, 0.0, 0.2099101781290596, 0.17265818535489483, 0,10, 0
0.8650302667464911, 0.0, 0.2167448745516727, 0.17183517955593527, 1,10, 1
0.8661611122197831, 0.0, 0.21313064792686665, 0.17183168526511658, 0,10, 0
0.8651633073904078, 0.0, 0.22501501852838535, 0.17696157406394886, 0,10, 0
0.86669327479545, 0.0, 0.21076416686053762, 0.17286489451666537, 0,10, 0
0.8682897625224506, 0.0, 0.2047300932121087, 0.1701912739687984, 1,10, 1
0.8707510144349099, 0.0, 0.19334889994589063, 0.16867286111452562, 0,10, 0
0.8701523315372847, 0.0, 0.20083038143737025, 0.17251177310606747, 1,10, 1
0.8701523315372847, 0.0, 0.20956992609906142, 0.17099799384628458, 1,10, 1
0.8699527705714095, 0.0, 0.2001414002683174, 0.17066142579932006, 2,10, 2
0.8714162176544934, 0.0, 0.20317173539327082, 0.16566355686510373, 2,10, 2
0.8722144615179938, 0.0, 0.19499536598619163, 0.16626561807470408, 0,10, 0
0.8732787866693275, 0.0, 0.1942816735430588, 0.16420489587177603, 0,10, 0
0.8732787866693275, 0.0, 0.2011911472608381, 0.16280162454269004, 0,10, 0
0.8717488192642853, 0.0, 0.2032368133351428, 0.1627004597945767, 1,10, 1
0.872081420874077, 0.0, 0.20058161056282034, 0.16189454992075208, 0,10, 0
0.871881859908202, 0.0, 0.1994659414386411, 0.16270192190630253, 0,10, 0
0.8744096321426196, 0.0, 0.19592732878531435, 0.16286767538021277, 0,10, 0
0.8741435508547861, 0.0, 0.2003851529518472, 0.1601464712752157, 1,10, 1
0.8748752743963281, 0.0, 0.19124266166835963, 0.16043611994098556, 0,10, 0
0.8741435508547861, 0.0, 0.20724473798535342, 0.16471982171562588, 0,10, 0
0.8757400385817867, 0.0, 0.1975829249825838, 0.1622043148704343, 0,10, 0
0.8772034856648706, 0.0, 0.19647161263608154, 0.15889390145507745, 0,10, 0
0.8742765914987028, 0.0, 0.20750425576680523, 0.16417702873318857, 0,10, 0
0.8740105102108694, 0.0, 0.1996037213314895, 0.15588367752793159, 0,10, 0
0.8768708840550788, 0.0, 0.18934439272373305, 0.1561194723241971, 0,10, 0
0.8762722011574536, 0.0, 0.18593669797581847, 0.15499736936277628, 0,10, 0
0.8799308188651633, 0.0, 0.19085110040372388, 0.15187830605268202, 0,10, 0
0.8779352092064125, 0.0, 0.19265793253127747, 0.15755064729289528, 0,10, 0
0.878400851460121, 0.0, 0.1827904794198471, 0.15346907267189766, 0,10, 0
0.8786669327479545, 0.0, 0.1762450451904337, 0.15329001394872552, 0,10, 0
0.879132575001663, 0.0, 0.18422828246666373, 0.15866137987280354, 0,10, 0
0.8805295017627885, 0.0, 0.17998127780952916, 0.15311514149107666, 0,10, 0
0.8803964611188718, 0.0, 0.18017724052478465, 0.1527300748983621, 0,10, 0
0.8788664937138295, 0.0, 0.19003802448899532, 0.16025168579704066, 0,10, 0
0.8801969001529968, 0.0, 0.18070148381265266, 0.1542321020097455, 0,10, 0
0.8814607862702055, 0.0, 0.17856392056219136, 0.15163623657938907, 0,10, 0
0.881926428523914, 0.0, 0.17853872612882207, 0.1476316812574041, 1,10, 1
0.8811947049823721, 0.0, 0.19121373857140866, 0.15011355357032957, 1,10, 1
0.8801303798310384, 0.0, 0.1839639635953855, 0.15239182669949625, 0,10, 0
0.8808621033725803, 0.0, 0.1828555567690634, 0.1545674469061729, 0,10, 0
0.8839220381826648, 0.0, 0.17878549736800928, 0.14901448977047896, 0,10, 0
0.8817933878799974, 0.0, 0.17848785024587113, 0.15054967306496583, 2,10, 2
0.8827246723874144, 0.0, 0.18549471433318834, 0.1495506998190693, 2,10, 2
0.8831237943191645, 0.0, 0.18065102427411317, 0.150128789950039, 0,10, 0
0.884321160114415, 0.0, 0.1712424774875843, 0.14676676576184725, 0,10, 0
0.8823255504556642, 0.0, 0.18684430125553506, 0.149813517483462, 2,10, 2
0.8831903146411229, 0.0, 0.18089306772559502, 0.148951715058907, 0,10, 0
0.8837224772167898, 0.0, 0.17878490364786526, 0.147143039396972, 0,10, 0
0.8830572739972061, 0.0, 0.1765521483790358, 0.1486499472358554, 0,10, 0
0.8850528836559569, 0.0, 0.1773214682357014, 0.14608303690932398, 0,10, 0
0.8848533226900818, 0.0, 0.1694593032880713, 0.14443221978974477, 1,10, 1
0.10077828776691279, 0.0, 0.8944213325400786, 0.36684194226088074, 0,10, 0
0.1994944455531165, 0.0, 0.8275664382875288, 0.5374296610002367, 0,10, 0
0.2713363932681434, 0.0, 0.7669974462957372, 0.5028964200249681, 0,10, 0
0.3997206146477749, 0.0, 0.6742558940652491, 0.3848927925929987, 0,10, 0
0.49963413822922903, 0.0, 0.5801748235414224, 0.29335457755843863, 0,10, 0
0.5296348034324486, 0.0, 0.5897785823007355, 0.35749125452919356, 0,10, 0
0.6148473358611055, 0.0, 0.5299110646482461, 0.34569682728117807, 0,10, 0
0.6241601809352757, 0.0, 0.5213293559100451, 0.330954800137544, 0,10, 0
0.6387946517661145, 0.0, 0.49319167391701635, 0.28026897079315255, 0,10, 0
0.6542273664604537, 0.0, 0.4669920569678178, 0.27302887304604956, 0,10, 0
0.6757799507749618, 0.0, 0.42395145823180846, 0.25452538701844907, 0,10, 0
0.6805694139559636, 0.0, 0.41217848695140574, 0.25305468025752303, 0,10, 0
0.6924100312645514, 0.0, 0.37806365896343097, 0.24033207119607308, 2,10, 2
0.6924765515865097, 0.0, 0.3834181931270821, 0.25707710998948935, 1,10, 1
0.6964677709040111, 0.0, 0.3784356273951593, 0.23398252740327538, 2,10, 2
0.6993281447482206, 0.0, 0.3551424419802433, 0.2232648936389564, 4,10, 4
0.7614581254573272, 0.0, 0.3235852772019263, 0.2166559410787375, 1,10, 1
0.7545400119736579, 0.0, 0.32559667695513284, 0.22103801076049126, 1,10, 1
0.7965143351293821, 0.0, 0.2992022553509275, 0.21429913766455896, 4,10, 4
0.8036320095789263, 0.0, 0.2801802425498826, 0.20428533565040577, 2,10, 2
0.8021685624958425, 0.0, 0.2773100819883925, 0.2027863104656942, 0,10, 0
0.8130113749750549, 0.0, 0.2937382968586138, 0.20883673825917431, 4,10, 4
0.8129448546530965, 0.0, 0.2827732172055691, 0.20491207169019895, 1,10, 1
0.8184660413756403, 0.0, 0.27414786657834533, 0.1965460637923767, 0,10, 0
0.8252511142153928, 0.0, 0.2762563837662494, 0.20262603885874209, 3,10, 3
0.825849797113018, 0.0, 0.26672943579330916, 0.2030321746839151, 0,10, 0
0.8227233419809752, 0.0, 0.26626561757690764, 0.19447148170856438, 2,10, 2
0.8259163174349764, 0.0, 0.2549330078946417, 0.1950087712138667, 0,10, 0
0.8260493580788931, 0.0, 0.2686167128276318, 0.2033416607721766, 1,10, 1
0.8313044635136034, 0.0, 0.25220922121009837, 0.198260404165384, 1,10, 1
0.8353622031530633, 0.0, 0.23298157324202332, 0.19238339537948665, 0,10, 0
0.8372912924898557, 0.0, 0.2402979416452218, 0.19211211086389934, 0,10, 0
0.837158251845939, 0.0, 0.2381724637850691, 0.19586856994075139, 1,10, 1
0.8374908534557307, 0.0, 0.233596945484576, 0.19560773516446253, 0,10, 0
0.8412159914853988, 0.0, 0.235526049282098, 0.18429581077168197, 2,10, 2
0.8440763653296082, 0.0, 0.22644339044465692, 0.18834110362123332, 2,10, 2
0.8470032594957759, 0.0, 0.22435812788324694, 0.18231275215761208, 1,10, 1
0.8482006252910264, 0.0, 0.23396254105522593, 0.1870572939237724, 1,10, 1
0.8537883323355285, 0.0, 0.21805068495301674, 0.18373022360312807, 0,10, 0
0.8553182997405707, 0.0, 0.22153157074691557, 0.18596103963538685, 0,10, 0
0.8518592429987362, 0.0, 0.23378147721977327, 0.1896891614442891, 1,10, 1
0.8547196168429455, 0.0, 0.224502069399608, 0.18245833527909747, 0,10, 0
0.8557174216723209, 0.0, 0.21484149814078926, 0.18330018656004873, 0,10, 0
0.8545200558770705, 0.0, 0.21608464578447062, 0.17815506067253872, 1,10, 1
0.8571808687554048, 0.0, 0.2119512065088803, 0.1771803234000698, 0,10, 0
0.8583117142286969, 0.0, 0.22125108340367367, 0.1752636493107567, 0,10, 0
0.8605068848533227, 0.0, 0.20849696100679055, 0.17324562783199324, 0,10, 0
0.8611055677509479, 0.0, 0.2121835210830335, 0.17706218043797362, 1,10, 1
0.8624359741901151, 0.0, 0.2054234418359474, 0.17557876589238483, 1,10, 1
0.8633672586975321, 0.0, 0.20617382258886377, 0.17401103537287568, 1,10, 1
0.8636333399853655, 0.0, 0.20858541370666184, 0.17503381336394075, 0,10, 0
0.8639659415951573, 0.0, 0.21086866497044426, 0.17256895429055674, 1,10, 1
0.863899421273199, 0.0, 0.2053874369820118, 0.16736705169841468, 1,10, 1
0.8626355351559901, 0.0, 0.21328303190501874, 0.16976678959162078, 0,10, 0
0.8663606731856582, 0.0, 0.1998258084695664, 0.16593583201201184, 2,10, 2
0.8650302667464911, 0.0, 0.2058093125857411, 0.1677185528108308, 0,10, 0
0.8670923967272002, 0.0, 0.19960247852436333, 0.17045435995724792, 0,10, 0
0.8688219250981175, 0.0, 0.1961308023653488, 0.1672466123240213, 0,10, 0
0.8703518925031597, 0.0, 0.19805975062340547, 0.16202338222829127, 1,10, 1
0.8692210470298676, 0.0, 0.20603440725865924, 0.16032390995927834, 1,10, 1
0.872081420874077, 0.0, 0.19580871910198777, 0.1595769335046188, 0,10, 0
0.869487128317701, 0.0, 0.2027534530205265, 0.1634096372462745, 0,10, 0
0.8700858112153262, 0.0, 0.20139032617144806, 0.16178290187807487, 0,10, 0
0.8716157786203685, 0.0, 0.18999504214344543, 0.15926178179976833, 0,10, 0
0.8734118273132442, 0.0, 0.18710548625503737, 0.15899070669533255, 0,10, 0
0.8737444289230359, 0.0, 0.1952508788529325, 0.15421677133076264, 1,10, 1
0.8731457460254107, 0.0, 0.19668828030525717, 0.15854844420576122, 1,10, 1
0.8744096321426196, 0.0, 0.18920904813232886, 0.1587122422327434, 0,10, 0
0.8736779086010776, 0.0, 0.18831726550699074, 0.16099711288654073, 0,10, 0
0.8755404776159117, 0.0, 0.1880729496044378, 0.15825296910226289, 0,10, 0
0.8743431118206613, 0.0, 0.19425279900347336, 0.15888425577987722, 1,10, 1
0.8760726401915785, 0.0, 0.18452757145888188, 0.15550852256446998, 0,10, 0
0.8758730792257035, 0.0, 0.184982217472811, 0.15423808795237404, 0,10, 0
0.8764717621233287, 0.0, 0.18481751058367307, 0.15430426948609846, 0,10, 0
0.8766048027672454, 0.0, 0.1897435542219113, 0.15437956941237635, 0,10, 0
0.8766048027672454, 0.0, 0.1981349038908676, 0.15261648566538344, 0,10, 0
0.8758065589037451, 0.0, 0.19940645732355247, 0.1543013661606589, 0,10, 0
0.877270005986829, 0.0, 0.18958135151116412, 0.15051383755271933, 0,10, 0
0.8766048027672454, 0.0, 0.18495079496993683, 0.14917571422924378, 0,10, 0
0.8780682498503293, 0.0, 0.19070345146869466, 0.14964483080023375, 0,10, 0
0.8773365263087873, 0.0, 0.1818758162866354, 0.15249965605772142, 0,10, 0
0.8793986562894964, 0.0, 0.18037742682220104, 0.1468208881842671, 0,10, 0
0.8782678108162043, 0.0, 0.17758556207616397, 0.15178851923646655, 1,10, 1
0.8784673717820795, 0.0, 0.18379106385271238, 0.15134421500975256, 0,10, 0
0.8788664937138295, 0.0, 0.18409497251126494, 0.14891626955621085, 0,10, 0
0.8799308188651633, 0.0, 0.18415867901387448, 0.1468397697274925, 0,10, 0
0.8806625424067053, 0.0, 0.1819778050404539, 0.1497660417840043, 1,10, 1
0.8783343311381627, 0.0, 0.181927105018299, 0.1549573266525927, 1,10, 1
0.8814607862702055, 0.0, 0.17645064177621336, 0.14531636644172824, 1,10, 1
0.8805960220847469, 0.0, 0.17884882654212844, 0.15185719469343564, 0,10, 0
0.8806625424067053, 0.0, 0.1808625904614704, 0.14584686524204293, 1,10, 1
0.8825251114215393, 0.0, 0.17720022025080734, 0.14461208309738016, 0,10, 0
0.881726867558039, 0.0, 0.17759150958405645, 0.15140278512820582, 1,10, 1
0.8808621033725803, 0.0, 0.18748679531524218, 0.15086592642362004, 0,10, 0
0.8822590301337059, 0.0, 0.18072486693520656, 0.14384285594722135, 0,10, 0
0.8827246723874144, 0.0, 0.1655635912003595, 0.14482919507848802, 0,10, 0
0.8829242333532894, 0.0, 0.1727263672829255, 0.15005892592636788, 0,10, 0
0.8837889975387481, 0.0, 0.17495515321019017, 0.150381882825012, 0,10, 0
0.8837224772167898, 0.0, 0.1843952491834235, 0.1520765910941, 1,10, 1
0.8839220381826648, 0.0, 0.1785821538548087, 0.14961297729059347, 1,10, 1
0.884321160114415, 0.0, 0.17553450381992122, 0.147481591862221, 1,10, 1
0.10077828776691279, 0.0, 0.8944213325400786, 0.36684194226088074, 0,10, 0
0.32834430918645646, 0.0, 0.7417948182315655, 0.3972454099634158, 0,10, 0
0.4225370850794918, 0.0, 0.6418441910950606, 0.32405171371605074, 0,10, 0
0.4172819796447815, 0.0, 0.6552213467434327, 0.41576265372618565, 0,10, 0
0.5058870484933147, 0.0, 0.5826837752609931, 0.32445646140960166, 0,10, 0
0.6127186855584381, 0.0, 0.49228343296568733, 0.2610550877345588, 0,10, 0
0.5962216457127653, 0.0, 0.5260249574974618, 0.35104869031815283, 0,10, 0
0.6540943258165369, 0.0, 0.482265266092792, 0.2760284279995532, 0,10, 0
0.6503691877868689, 0.0, 0.4577369428024403, 0.27211873648991086, 0,10, 0
0.6574868622364132, 0.0, 0.4941255664276967, 0.2814767674916235, 0,10, 0
0.6787068449411295, 0.0, 0.44924628591223337, 0.2617243741949283, 0,10, 0
0.6907470232155923, 0.0, 0.42346435618440187, 0.24724789970874536, 0,10, 0
0.743963280782279, 0.0, 0.3905267351669396, 0.24983136773199488, 0,10, 0
0.7546065322956164, 0.0, 0.37839809953596915, 0.23084036913536887, 1,10, 1
0.7456262888312379, 0.0, 0.41812663308812614, 0.25342156352608436, 1,10, 1
0.7430985165968204, 0.0, 0.4198195917070663, 0.24922663405655407, 1,10, 1
0.7999068715492583, 0.0, 0.32480305290526634, 0.22662642063223398, 1,10, 1
0.7756934743564159, 0.0, 0.38960720003626326, 0.2495576874332046, 0,10, 0
0.8003059934810084, 0.0, 0.32473398049340774, 0.2197899379221665, 3,10, 3
0.8130113749750549, 0.0, 0.2956437310290214, 0.20832529594375374, 4,10, 4
0.8120800904676378, 0.0, 0.30336211087660386, 0.2157205508501355, 2,10, 2
0.8040311315106765, 0.0, 0.3245010599737172, 0.2242900998462006, 0,10, 0
0.8150069846338056, 0.0, 0.28363531380301144, 0.20716854979461377, 1,10, 1
0.8183995210536819, 0.0, 0.2820116689468876, 0.2053593431243998, 3,10, 3
0.8142087407703054, 0.0, 0.2934892008816891, 0.21629373383376369, 2,10, 2
0.8120135701456795, 0.0, 0.3016494206934081, 0.22020557743594846, 0,10, 0
0.8100179604869288, 0.0, 0.30387361391693934, 0.21425231296222852, 2,10, 2
0.8191977649171822, 0.0, 0.27389361763403364, 0.2071192967600186, 3,10, 3
0.8281780083815605, 0.0, 0.2603201440210783, 0.20472741270852574, 1,10, 1
0.8291758132109359, 0.0, 0.26028500298541585, 0.20531700750678936, 0,10, 0
0.8273132441961019, 0.0, 0.2687882847245392, 0.20809463700118602, 2,10, 2
0.8291092928889776, 0.0, 0.24940882835227562, 0.1966964232850268, 1,10, 1
0.8337657154260627, 0.0, 0.25290583729857585, 0.20151306733546281, 0,10, 0
0.8334996341382293, 0.0, 0.256438322813504, 0.19775118094777652, 2,10, 2
0.8351626421871882, 0.0, 0.2628920664435948, 0.19662601160125515, 0,10, 0
0.8383556176411894, 0.0, 0.2611348119974265, 0.2000271817246864, 2,10, 2
0.83995210536819, 0.0, 0.24270387263056065, 0.1939216726967754, 2,10, 2
0.8396195037583982, 0.0, 0.24846474195956628, 0.1978946166503732, 0,10, 0
0.8452737311248586, 0.0, 0.2382248904101834, 0.19229932492970317, 0,10, 0
0.8472693407836094, 0.0, 0.24105797402540752, 0.1926339947186051, 0,10, 0
0.8457393733785672, 0.0, 0.2390721093951745, 0.19457824071080052, 2,10, 2
0.8465376172420674, 0.0, 0.23792349640514068, 0.1887804848041631, 0,10, 0
0.8483336659349431, 0.0, 0.23445134074086124, 0.18527531563165167, 1,10, 1
0.8513270804230693, 0.0, 0.22883142653844327, 0.188640489498436, 0,10, 0
0.8521918446085279, 0.0, 0.2223856006127604, 0.18555459140773514, 0,10, 0
0.8520588039646112, 0.0, 0.2282300474060498, 0.18323731497622822, 2,10, 2
0.8545200558770705, 0.0, 0.22584052214229275, 0.18472888612379143, 0,10, 0
0.8574469500432382, 0.0, 0.21735587903386766, 0.1804911253654984, 0,10, 0
0.8564491452138628, 0.0, 0.224870520998934, 0.18484142475410348, 0,10, 0
0.8573804297212798, 0.0, 0.2234609875327413, 0.18178200030090674, 0,10, 0
0.8585112751945719, 0.0, 0.21276932436361398, 0.17697754778856542, 0,10, 0
0.8591099580921971, 0.0, 0.22727121576294107, 0.17814185346671163, 0,10, 0
0.8590434377702388, 0.0, 0.21517244074705918, 0.1778988214172096, 0,10, 0
0.8599082019556975, 0.0, 0.21772806312410842, 0.17537567858851943, 2,10, 2
0.860373844209406, 0.0, 0.22514584757457967, 0.17849452201986485, 1,10, 1
0.8608394864631145, 0.0, 0.2184526825354947, 0.17779759243588417, 1,10, 1
0.8629016164438236, 0.0, 0.213926900315173, 0.17728807099305932, 1,10, 1
0.8621033725803233, 0.0, 0.2168259134752675, 0.17760632615554017, 0,10, 0
0.8637663806292822, 0.0, 0.21742306076773718, 0.1761977421155577, 1,10, 1
0.8653628683562828, 0.0, 0.2115500810775872, 0.17915055758772677, 2,10, 2
0.8640324619171157, 0.0, 0.20922960144384234, 0.17805418384218846, 0,10, 0
0.8652963480343245, 0.0, 0.2146427601756133, 0.17780416593577653, 0,10, 0
0.8656954699660746, 0.0, 0.20494504500751576, 0.17410176129533142, 1,10, 1
0.8662941528636998, 0.0, 0.21594651875930038, 0.17766253073665972, 0,10, 0
0.8666267544734917, 0.0, 0.20711338702071305, 0.17338900407815416, 1,10, 1
0.86669327479545, 0.0, 0.20664023362563458, 0.16934278780549672, 0,10, 0
0.8676910796248254, 0.0, 0.20859828429502045, 0.1739884483661496, 0,10, 0
0.8688219250981175, 0.0, 0.19717154576972518, 0.16620000461133383, 0,10, 0
0.8686888844542008, 0.0, 0.2042171261900911, 0.17022952918530798, 0,10, 0
0.869287567351826, 0.0, 0.19229937640190634, 0.16524487880366442, 0,10, 0
0.867624559302867, 0.0, 0.20538539566188624, 0.1666741576184602, 0,10, 0
0.8682897625224506, 0.0, 0.19916561901358804, 0.16483226900203918, 0,10, 0
0.8696866892835762, 0.0, 0.193226932482369, 0.1669740350507552, 0,10, 0
0.8696866892835762, 0.0, 0.19074104045246754, 0.16183203101292218, 0,10, 0
0.8721479411960353, 0.0, 0.18199157375292166, 0.16146479722106644, 0,10, 0
0.8714827379764518, 0.0, 0.18341977490115588, 0.16154226021819235, 0,10, 0
0.8709505754007849, 0.0, 0.19013161304848747, 0.16171406082859158, 0,10, 0
0.8722809818399521, 0.0, 0.1831190963542128, 0.15943194344946518, 0,10, 0
0.8739439898889111, 0.0, 0.17781684767077566, 0.1553426496258268, 0,10, 0
0.8730792257034524, 0.0, 0.17830617964730805, 0.15715657071299113, 1,10, 1
0.8743431118206613, 0.0, 0.1791483186372671, 0.15492423360692245, 0,10, 0
0.8752743963280782, 0.0, 0.18396203559865826, 0.16023415112164652, 0,10, 0
0.8762056808354952, 0.0, 0.17570192216374245, 0.15682081881530435, 0,10, 0
0.8755404776159117, 0.0, 0.18123876077589818, 0.15630119319224045, 0,10, 0
0.8762722011574536, 0.0, 0.17692125785849236, 0.1570266614396385, 0,10, 0
0.8764717621233287, 0.0, 0.17607468011308672, 0.1555327893639995, 0,10, 0
0.8770039246989956, 0.0, 0.18289296249656456, 0.15311660488238013, 0,10, 0
0.8770704450209539, 0.0, 0.18142556626750067, 0.15388341590086355, 2,10, 2
0.8783343311381627, 0.0, 0.1779585909399663, 0.14986570266289398, 0,10, 0
0.8782678108162043, 0.0, 0.17797031424140924, 0.15622762459337952, 1,10, 1
0.8770704450209539, 0.0, 0.17588519318287818, 0.15209166395022555, 1,10, 1
0.8780682498503293, 0.0, 0.17564691994735465, 0.15600268258546973, 0,10, 0
0.8788664937138295, 0.0, 0.17612830696497597, 0.15477617149377434, 2,10, 2
0.8789995343577462, 0.0, 0.17336923909188595, 0.15171158986773933, 1,10, 1
0.8789995343577462, 0.0, 0.17774747585045175, 0.15233661073390933, 0,10, 0
0.8788664937138295, 0.0, 0.17830680677501054, 0.1518178592874135, 0,10, 0
0.8784673717820795, 0.0, 0.17158144878233256, 0.14904663525101255, 0,10, 0
0.8789995343577462, 0.0, 0.1750137101041944, 0.14967539966297852, 0,10, 0
0.8809286236945387, 0.0, 0.17078072000744127, 0.15182531788180795, 1,10, 1
0.8811947049823721, 0.0, 0.17514345322639036, 0.15118121482105504, 0,10, 0
0.8804629814408301, 0.0, 0.17199028121149895, 0.15164739737377023, 1,10, 1
0.10077828776691279, 0.0, 0.8944213325400786, 0.36684194226088074, 0,10, 0
0.30486263553515597, 0.0, 0.7651469914467763, 0.5096360170950923, 0,10, 0
0.38049624160180934, 0.0, 0.7033336959048537, 0.4820198358310842, 0,10, 0
0.4854653096520987, 0.0, 0.6487024051530293, 0.4006959614565984, 0,10, 0
0.5763320694472162, 0.0, 0.5703508768962062, 0.2949075107715058, 0,10, 0
0.6048027672453935, 0.0, 0.5669805639778247, 0.3565372728720179, 0,10, 0
0.6627419676711235, 0.0, 0.489621254890986, 0.28383368760972616, 0,10, 0
0.7113018027007251, 0.0, 0.4634075190789123, 0.2934501453616144, 0,10, 0
0.7427659149870285, 0.0, 0.42004818839813995, 0.28526902855239933, 0,10, 0
0.7586642719350761, 0.0, 0.3844464591631355, 0.25164816831506387, 0,10, 0
0.7610590035255771, 0.0, 0.37779448246980424, 0.24550475633808908, 0,10, 0
0.7670458325018293, 0.0, 0.40349753159038093, 0.27633568564344096, 0,10, 0
0.7739639459854986, 0.0, 0.3881551267947425, 0.2655677895253904, 4,10, 4
0.7734317834098317, 0.0, 0.3924920879386437, 0.2491783715695256, 2,10, 2
0.7849397991086277, 0.0, 0.3803300927650618, 0.23441881333647185, 1,10, 1
0.794851327080423, 0.0, 0.35414826560543233, 0.23638090917552312, 4,10, 4
0.7937870019290894, 0.0, 0.3615166829668025, 0.23326595072694062, 1,10, 1
0.800771635734717, 0.0, 0.3315981119886064, 0.21999360905118603, 3,10, 3
0.8007051154127586, 0.0, 0.33928127699718097, 0.22664459934200282, 1,10, 1
0.8097518791990953, 0.0, 0.31747110925175887, 0.21886355196502058, 2,10, 2
0.8132774562628883, 0.0, 0.30583735918708527, 0.21776608929062222, 1,10, 1
0.8122796514335129, 0.0, 0.2952037211749352, 0.21178147190847818, 0,10, 0
0.8136100578726801, 0.0, 0.31952210374298806, 0.21798872003970104, 1,10, 1
0.8198629681367657, 0.0, 0.2961146301819017, 0.21122282918868418, 0,10, 0
0.8209272932880995, 0.0, 0.29761213788799235, 0.21063545772951972, 3,10, 3
0.8231224639127254, 0.0, 0.274412754625177, 0.204137731220783, 2,10, 2
0.8224572606931417, 0.0, 0.2989691147669037, 0.21356931778845503, 1,10, 1
0.8295084148207277, 0.0, 0.2602991714616541, 0.19986841015635778, 0,10, 0
0.8237876671323089, 0.0, 0.28630790795368655, 0.20837782845594724, 1,10, 1
0.8323022683429788, 0.0, 0.25686840519904164, 0.2069058181401257, 3,10, 3
0.8366926095922305, 0.0, 0.2550493208746002, 0.2045665766609957, 0,10, 0
0.8396860240803565, 0.0, 0.258105966066611, 0.1989354967450933, 1,10, 1
0.8357613250848134, 0.0, 0.26485507172491984, 0.19838924475801573, 0,10, 0
0.8375573737776891, 0.0, 0.2604002397928775, 0.20003783677452813, 1,10, 1
0.8448080888711501, 0.0, 0.24209800090404537, 0.19846926216206584, 2,10, 2
0.8434111621100246, 0.0, 0.24697716683528714, 0.19824685198578018, 0,10, 0
0.845140690480942, 0.0, 0.2421102038020679, 0.19267487747975143, 0,10, 0
0.8477349830373179, 0.0, 0.23934477928958578, 0.19100663445218083, 0,10, 0
0.8506618772034856, 0.0, 0.2364628123771346, 0.19273682448339496, 1,10, 1
0.851659682032861, 0.0, 0.21837435670375122, 0.18336752608973278, 1,10, 1
0.8523248852524447, 0.0, 0.23640353146522738, 0.18444127192264725, 2,10, 2
0.8532561697598616, 0.0, 0.22397249220771406, 0.18438880853171613, 0,10, 0
0.8527905275061531, 0.0, 0.22358052127014613, 0.18023896243989473, 1,10, 1
0.8556509013503625, 0.0, 0.2227832648500327, 0.18214462773201168, 0,10, 0
0.8551187387746957, 0.0, 0.22347130448418798, 0.17974010002418783, 0,10, 0
0.8571808687554048, 0.0, 0.215273222956389, 0.178987436085336, 0,10, 0
0.8597086409898224, 0.0, 0.21173391420899246, 0.1742756488922369, 1,10, 1
0.8605068848533227, 0.0, 0.22291879766015443, 0.1779373850789186, 1,10, 1
0.8595090800239473, 0.0, 0.22380229232132862, 0.17663168386155778, 0,10, 0
0.8623694538681568, 0.0, 0.21687864052667105, 0.1781939773469654, 0,10, 0
0.8608394864631145, 0.0, 0.21561197606943533, 0.17431023005488655, 0,10, 0
0.8601742832435308, 0.0, 0.21430671900558568, 0.1738458217785714, 1,10, 1
0.8588438768043637, 0.0, 0.21825273049540894, 0.17183535028879704, 2,10, 2
0.8642985432049491, 0.0, 0.21356271963194579, 0.17274860555723687, 0,10, 0
0.8652963480343245, 0.0, 0.2097539377140223, 0.1711475947528999, 0,10, 0
0.8663606731856582, 0.0, 0.208176014580218, 0.16983988529599664, 0,10, 0
0.866493713829575, 0.0, 0.21272735654181743, 0.17129952135064158, 2,10, 2
0.867624559302867, 0.0, 0.2058521533482825, 0.17022167714291978, 1,10, 1
0.8676910796248254, 0.0, 0.20200722097392299, 0.16460568050416988, 0,10, 0
0.8674915186589504, 0.0, 0.20362316997470742, 0.16717131482186517, 1,10, 1
0.8693540876737843, 0.0, 0.19885796267273848, 0.16456688325769533, 0,10, 0
0.8712831770105768, 0.0, 0.19847753713335375, 0.16511757039811797, 1,10, 1
0.8718153395862436, 0.0, 0.19734563004275996, 0.1659143859273231, 0,10, 0
0.8728796647375773, 0.0, 0.19853376542397286, 0.164695527916019, 0,10, 0
0.8713496973325351, 0.0, 0.1934542469259224, 0.16683462273509583, 1,10, 1
0.872813144415619, 0.0, 0.19128736697899867, 0.16166931368377058, 0,10, 0
0.8701523315372847, 0.0, 0.19969636793777798, 0.16331600566944623, 0,10, 0
0.8735448679571609, 0.0, 0.19096140305201525, 0.15998349029634454, 0,10, 0
0.8710836160447016, 0.0, 0.19815822190247914, 0.15928064587618604, 0,10, 0
0.8715492582984101, 0.0, 0.19910323632067958, 0.16064526979040128, 0,10, 0
0.8727466240936607, 0.0, 0.1942081660535548, 0.16050206254842816, 0,10, 0
0.8752078760061198, 0.0, 0.19063411429418178, 0.15690486379599602, 0,10, 0
0.8765382824452871, 0.0, 0.1880250177463093, 0.15668166423899316, 0,10, 0
0.8757400385817867, 0.0, 0.18817589095290782, 0.15886217111257722, 0,10, 0
0.8759395995476618, 0.0, 0.19067662496894633, 0.1586350934265597, 0,10, 0
0.877270005986829, 0.0, 0.1837799299522712, 0.15686148321238633, 0,10, 0
0.8756735182598284, 0.0, 0.1908542895281634, 0.1549462807652269, 0,10, 0
0.8775360872746624, 0.0, 0.18253768376903676, 0.15368659949659172, 0,10, 0
0.8786669327479545, 0.0, 0.18546273849928327, 0.15229366069314149, 0,10, 0
0.8787334530699129, 0.0, 0.1862002057046207, 0.15150483625336825, 0,10, 0
0.8785338921040378, 0.0, 0.18574629867887796, 0.15051563144428318, 0,10, 0
0.8773365263087873, 0.0, 0.18441541537737202, 0.15212210476155522, 0,10, 0
0.8770704450209539, 0.0, 0.1860098651694252, 0.15560881387638895, 0,10, 0
0.8797312578992882, 0.0, 0.18959545537219205, 0.15428307549540124, 0,10, 0
0.8800638595090801, 0.0, 0.17436430031957653, 0.15060417147475827, 0,10, 0
0.880995144016497, 0.0, 0.1826315121922487, 0.14828647226230685, 2,10, 2
0.8799308188651633, 0.0, 0.18489753022399052, 0.1562139557910277, 1,10, 1
0.8790660546797047, 0.0, 0.1841478415685856, 0.15104071166029456, 0,10, 0
0.8801969001529968, 0.0, 0.18242679831480949, 0.14789805348427465, 0,10, 0
0.8789330140357879, 0.0, 0.19319947976659027, 0.15194581624381154, 0,10, 0
0.8801303798310384, 0.0, 0.186953791104512, 0.14934470505221373, 3,10, 3
0.8804629814408301, 0.0, 0.18458664686829857, 0.15481872571876554, 0,10, 0
0.8805295017627885, 0.0, 0.1825367953038458, 0.15223869120266537, 0,10, 0
0.8827246723874144, 0.0, 0.17537383918493554, 0.1473040541705931, 0,10, 0
0.8817933878799974, 0.0, 0.1826435352463405, 0.15437732994562084, 1,10, 1
0.881726867558039, 0.0, 0.18751947420373333, 0.1504704132555227, 1,10, 1
0.8833898756069979, 0.0, 0.1729478272933541, 0.1459321934989504, 0,10, 0
0.8834563959289563, 0.0, 0.17572780033618604, 0.151656150498384, 2,10, 2
0.8837224772167898, 0.0, 0.18371320003308053, 0.15342853970669879, 0,10, 0
0.8847868023681235, 0.0, 0.17506178882208537, 0.1475769183048672, 0,10, 0
0.8848533226900818, 0.0, 0.17377113289638937, 0.14263752551614944, 0,10, 0
