acuracia,loss,frr,fpr, removed, n_clf, tp_removed
0.09825051553249518, 0.0, 0.8944041643372586, 0.40467750686587217, 0,10, 0
0.22344176145812547, 0.0, 0.8155115398917365, 0.5399543257651043, 0,10, 0
0.40717089070711104, 0.0, 0.6737966038033083, 0.39428902569305907, 0,10, 0
0.5308986895496575, 0.0, 0.6021147274905111, 0.3186250963942705, 2,10, 2
0.6290161644382359, 0.0, 0.5619501033033985, 0.31176760316018426, 3,10, 3
0.6797046497705049, 0.0, 0.5159861216547721, 0.33519758237055763, 3,10, 3
0.7017893966606799, 0.0, 0.4718042479500497, 0.27713737572115554, 2,10, 2
0.6793720481607131, 0.0, 0.49723375087894334, 0.3176130868256082, 2,10, 2
0.7411029069380696, 0.0, 0.4033051565127168, 0.23585297454356005, 2,10, 2
0.7563360606665336, 0.0, 0.408508957482363, 0.2518349778877322, 2,10, 2
0.7654493447748287, 0.0, 0.4079559107333811, 0.2367841335451234, 3,10, 3
0.7613250848134105, 0.0, 0.4284805126832476, 0.25910361139532045, 1,10, 1
0.7811481407570012, 0.0, 0.3869966443450339, 0.24134020905974676, 0,10, 0
0.7778221246590834, 0.0, 0.3961124530937799, 0.24044513758466518, 2,10, 2
0.8050289363400519, 0.0, 0.3298471685652959, 0.21608451070983473, 1,10, 1
0.8056276192376771, 0.0, 0.3233036758761185, 0.22089524302016325, 3,10, 3
0.8115479278919709, 0.0, 0.31331388733880855, 0.21488713217622593, 1,10, 1
0.816936073970598, 0.0, 0.29736794547192, 0.2045336635390073, 0,10, 0
0.8134770172287634, 0.0, 0.3331732636578418, 0.21987000355915862, 0,10, 0
0.8083549524379698, 0.0, 0.32474940216478243, 0.21695214302308335, 0,10, 0
0.8054280582718021, 0.0, 0.35374531819396343, 0.22769025758602343, 1,10, 1
0.8092862369453868, 0.0, 0.3462198827894394, 0.22068019175685913, 0,10, 0
0.8197299274928491, 0.0, 0.298364050970576, 0.20409935518374966, 2,10, 2
0.8302401383622696, 0.0, 0.272689423731406, 0.20549266739357325, 1,10, 1
0.8290427725670192, 0.0, 0.2798103454830704, 0.19943233885288553, 0,10, 0
0.8363600079824386, 0.0, 0.27697191050858505, 0.20209757412605825, 2,10, 2
0.8370252112020222, 0.0, 0.27135457430738, 0.2027316078612992, 4,10, 4
0.8342313576797712, 0.0, 0.28577250437689355, 0.20622867086470065, 0,10, 0
0.8384886582851061, 0.0, 0.2630448354802435, 0.19592377778830694, 0,10, 0
0.8358943657287301, 0.0, 0.26832381096520164, 0.19743534108092212, 0,10, 0
0.8426129182465243, 0.0, 0.24636923429766938, 0.1886850503358634, 1,10, 1
0.8485332269008182, 0.0, 0.239487737616876, 0.18662680586920924, 1,10, 1
0.8476019423934011, 0.0, 0.25237862511895715, 0.19231461689011595, 0,10, 0
0.8463380562761924, 0.0, 0.2538510375494072, 0.1935062213622845, 0,10, 0
0.8489988691545267, 0.0, 0.2409730893743178, 0.18808997002237654, 1,10, 1
0.8511275194571942, 0.0, 0.24408767744790086, 0.1850953940941595, 0,10, 0
0.849065389476485, 0.0, 0.2508859258214084, 0.18984816972515894, 0,10, 0
0.8517262023548194, 0.0, 0.23842895420339916, 0.18088143400667733, 0,10, 0
0.852391405574403, 0.0, 0.23606458252067572, 0.18205274631803361, 0,10, 0
0.85332269008182, 0.0, 0.22588678430660386, 0.18217132990073243, 1,10, 1
0.8529900884720282, 0.0, 0.23108630403031594, 0.18538834898024428, 0,10, 0
0.8580456329408634, 0.0, 0.22785582867038756, 0.1783508816942187, 0,10, 0
0.8573804297212798, 0.0, 0.2342370763739014, 0.17757893943895706, 0,10, 0
0.8567152265016963, 0.0, 0.2190998353119977, 0.17998289238749265, 3,10, 3
0.8587773564824054, 0.0, 0.22302820177450386, 0.17578030182983637, 0,10, 0
0.8598416816337391, 0.0, 0.23255252527799455, 0.1808924857548837, 1,10, 1
0.8585777955165304, 0.0, 0.23083523332402398, 0.17995155111259575, 1,10, 1
0.8599747222776558, 0.0, 0.2228724050792397, 0.17507632861589947, 1,10, 1
0.8618372912924899, 0.0, 0.2187714097870546, 0.17388275767426467, 1,10, 1
0.8599082019556975, 0.0, 0.22297240250932682, 0.17571795258550427, 1,10, 1
0.8623694538681568, 0.0, 0.21231486743118516, 0.17468132026181493, 0,10, 0
0.8653628683562828, 0.0, 0.20526297751526587, 0.17087559232966243, 1,10, 1
0.8662941528636998, 0.0, 0.20344258346234423, 0.16775578315044679, 0,10, 0
0.8654293886782412, 0.0, 0.21230285497634835, 0.17126151734843587, 0,10, 0
0.8665602341515333, 0.0, 0.2067788518560657, 0.16517213533646913, 0,10, 0
0.869487128317701, 0.0, 0.20498121406278724, 0.16574795256366062, 0,10, 0
0.8665602341515333, 0.0, 0.20932297224419635, 0.17068264301668581, 0,10, 0
0.8690214860639925, 0.0, 0.20693613826286728, 0.16573195249285239, 0,10, 0
0.8702853721812014, 0.0, 0.1976339919181086, 0.16686214543348787, 0,10, 0
0.869487128317701, 0.0, 0.20117645693524971, 0.16568057311300963, 0,10, 0
0.8706179737909931, 0.0, 0.1980596256561361, 0.16232107858068975, 0,10, 0
0.8688219250981175, 0.0, 0.1995137327097029, 0.1635472681138133, 0,10, 0
0.8713496973325351, 0.0, 0.1934814851920647, 0.1636327304505368, 0,10, 0
0.8726135834497439, 0.0, 0.1992654990934862, 0.1644991619630315, 0,10, 0
0.872813144415619, 0.0, 0.19758968399244214, 0.1594603348984569, 0,10, 0
0.873012705381494, 0.0, 0.18432686389566239, 0.15707660233091508, 0,10, 0
0.8725470631277855, 0.0, 0.18837746572668362, 0.15726231419503947, 0,10, 0
0.8738774695669527, 0.0, 0.19025610846812724, 0.15768997464657641, 0,10, 0
0.8745426727865363, 0.0, 0.190967587512391, 0.15593928364015663, 0,10, 0
0.8745426727865363, 0.0, 0.19435123170094706, 0.1553512754773096, 0,10, 0
0.8752743963280782, 0.0, 0.19061257243565788, 0.15777768338503273, 0,10, 0
0.8750083150402448, 0.0, 0.19174992966320342, 0.15534763292253234, 0,10, 0
0.8740770305328278, 0.0, 0.20079447190295469, 0.15428194533136536, 0,10, 0
0.8762722011574536, 0.0, 0.19168928935215457, 0.1538924984497425, 0,10, 0
0.8761391605135369, 0.0, 0.1924676590025207, 0.15760996030980554, 0,10, 0
0.8763387214794119, 0.0, 0.19115163777434538, 0.15326435704155894, 1,10, 1
0.8784673717820795, 0.0, 0.18111545928456227, 0.15099959757412978, 2,10, 2
0.8780682498503293, 0.0, 0.1857829885179777, 0.15718595969835192, 1,10, 1
0.8772034856648706, 0.0, 0.1891223972325002, 0.15224226715474592, 1,10, 1
0.8799308188651633, 0.0, 0.18755473374148537, 0.15643479143366248, 1,10, 1
0.8788664937138295, 0.0, 0.18456991158992572, 0.15365547496312534, 1,10, 1
0.8782678108162043, 0.0, 0.1925881419267624, 0.15380467068197537, 1,10, 1
0.8787999733918712, 0.0, 0.1851638871790106, 0.1490710301678842, 0,10, 0
0.8789330140357879, 0.0, 0.18551945890296853, 0.15242604078613842, 0,10, 0
0.8815938269141222, 0.0, 0.18028661342446228, 0.14836267162835626, 0,10, 0
0.8814607862702055, 0.0, 0.180071247636232, 0.15150389675798562, 1,10, 1
0.8808621033725803, 0.0, 0.184683763834228, 0.152257484784338, 0,10, 0
0.8817933878799974, 0.0, 0.18507025785614295, 0.15085275107825208, 0,10, 0
0.8813277456262888, 0.0, 0.17390812179249568, 0.14831759768112823, 0,10, 0
0.8823255504556642, 0.0, 0.17741008310915518, 0.14674388670584249, 0,10, 0
0.8836559568948313, 0.0, 0.17127353736250106, 0.14456771364607304, 0,10, 0
0.8837224772167898, 0.0, 0.17254487190387657, 0.1482200884933673, 1,10, 1
0.8846537617242067, 0.0, 0.17157355375485403, 0.14720191008437067, 0,10, 0
0.885252444621832, 0.0, 0.17513334788115864, 0.14737506804199957, 0,10, 0
0.8849198430120402, 0.0, 0.17518918339606965, 0.14388609894360527, 0,10, 0
0.8835229162509146, 0.0, 0.17594490662464438, 0.148849351063822, 0,10, 0
0.8841881194704982, 0.0, 0.17381982498555654, 0.14493576928001156, 0,10, 0
0.8850528836559569, 0.0, 0.17400591516415204, 0.14626765460024907, 0,10, 0
0.8864498104170824, 0.0, 0.17057522480269569, 0.14386095428914372, 0,10, 0
0.8849863633339985, 0.0, 0.17717296721979775, 0.14656598433210022, 0,10, 0
0.8837889975387481, 0.0, 0.18067272255083824, 0.14632874846122784, 0,10, 0
0.10077828776691279, 0.0, 0.8944213325400786, 0.36684194226088074, 0,10, 0
0.2944854653096521, 0.0, 0.782197316640626, 0.44921050785302447, 0,10, 0
0.35348899088671587, 0.0, 0.7193142009326476, 0.468075333051136, 0,10, 0
0.38149404643118473, 0.0, 0.7066158219347766, 0.44066782519849235, 4,10, 4
0.5307656489057407, 0.0, 0.5643381805154118, 0.27241959239630087, 3,10, 3
0.5483935342247056, 0.0, 0.5671524565621311, 0.35701199349426516, 1,10, 1
0.6147808155391472, 0.0, 0.5153263831157356, 0.3060012782823696, 2,10, 2
0.6234949777156922, 0.0, 0.49780003821248514, 0.2927845018238712, 0,10, 0
0.6698596421206678, 0.0, 0.45504758827626224, 0.274831234817737, 2,10, 2
0.6848267145612985, 0.0, 0.46171959196315876, 0.2559496943932016, 1,10, 1
0.7402381427526109, 0.0, 0.4093483268440188, 0.23749165205014605, 1,10, 1
0.7474223375241136, 0.0, 0.4165262515956924, 0.25278719041085734, 3,10, 3
0.7452936872214462, 0.0, 0.40822373650037114, 0.2548349426416668, 1,10, 1
0.7707709705314973, 0.0, 0.37142654371241673, 0.24888106146706263, 3,10, 3
0.7882658152065456, 0.0, 0.33499516311231714, 0.2271515607715819, 2,10, 2
0.7941196035388811, 0.0, 0.3326023810603255, 0.23068128785865855, 0,10, 0
0.7996407902614249, 0.0, 0.33572428379006447, 0.23508375312080665, 1,10, 1
0.8026342047495509, 0.0, 0.3316233390659125, 0.221093091806779, 2,10, 2
0.7931217987095057, 0.0, 0.32947278463558954, 0.22367976364927358, 1,10, 1
0.8009046763786337, 0.0, 0.3206256096591128, 0.22547157884139232, 0,10, 0
0.818599082019557, 0.0, 0.2935325524356102, 0.2138220417177282, 1,10, 1
0.8196634071708907, 0.0, 0.2978637620769885, 0.21247963203586073, 1,10, 1
0.822324220049225, 0.0, 0.29253033741408335, 0.21255850121917572, 2,10, 2
0.827712366127852, 0.0, 0.2703290950340374, 0.20690815904562065, 3,10, 3
0.8274462848400186, 0.0, 0.26406914634603357, 0.20243529203490884, 0,10, 0
0.8293088538548526, 0.0, 0.2696706580549333, 0.20458813753313498, 1,10, 1
0.8323022683429788, 0.0, 0.2593156514870911, 0.20011389528675, 1,10, 1
0.834563959289563, 0.0, 0.2675252178720936, 0.19783820734064034, 2,10, 2
0.8305062196501031, 0.0, 0.276532693719018, 0.20611679881762832, 0,10, 0
0.8359608860506885, 0.0, 0.2592972138208052, 0.1963097618009426, 0,10, 0
0.834763520255438, 0.0, 0.25979019907902456, 0.1946554878229084, 1,10, 1
0.8333000731723541, 0.0, 0.26524517474397236, 0.19524484591874983, 0,10, 0
0.839220381826648, 0.0, 0.25329223599548956, 0.19463752802042136, 0,10, 0
0.8387547395729396, 0.0, 0.2518409320730239, 0.19247744144467796, 0,10, 0
0.8396860240803565, 0.0, 0.2626211634114859, 0.19682978988495928, 0,10, 0
0.8436772433978581, 0.0, 0.23916935220071672, 0.18894089455033786, 0,10, 0
0.8463380562761924, 0.0, 0.23678709698566153, 0.18709590125418973, 0,10, 0
0.8483336659349431, 0.0, 0.23492652714999668, 0.19104542685950332, 0,10, 0
0.8476684627153596, 0.0, 0.24047146261746483, 0.19022029742509555, 1,10, 1
0.8482006252910264, 0.0, 0.24677108166720377, 0.18478539433061222, 1,10, 1
0.8487993081886517, 0.0, 0.2263387078363403, 0.18600234062828594, 2,10, 2
0.8529235681500699, 0.0, 0.23181988672760873, 0.18515022536095802, 0,10, 0
0.8532561697598616, 0.0, 0.2265372020620082, 0.1824126374625693, 1,10, 1
0.8539878933014036, 0.0, 0.22504162742930733, 0.18293128134333167, 0,10, 0
0.8548526574868622, 0.0, 0.21921192554616994, 0.1820940551964499, 1,10, 1
0.8554513403844874, 0.0, 0.22153338683802523, 0.18230586249153546, 0,10, 0
0.852391405574403, 0.0, 0.22587776944496515, 0.18660844668579749, 0,10, 0
0.8537883323355285, 0.0, 0.2221729132762661, 0.18401111352243052, 1,10, 1
0.8573139093993215, 0.0, 0.21869611430214267, 0.17995668575583068, 2,10, 2
0.8552517794186124, 0.0, 0.221583885290628, 0.18091031913694547, 0,10, 0
0.8564491452138628, 0.0, 0.21798526435786175, 0.17414344392338044, 0,10, 0
0.8581786735847802, 0.0, 0.21528674475001072, 0.17877043176558707, 0,10, 0
0.8583782345506552, 0.0, 0.2177636371411628, 0.17204950490105883, 0,10, 0
0.859642120667864, 0.0, 0.21619444160684492, 0.17497069556962763, 1,10, 1
0.8599747222776558, 0.0, 0.22091566979760496, 0.17953086412392796, 0,10, 0
0.8601742832435308, 0.0, 0.22285951005581328, 0.17761259108805738, 0,10, 0
0.8621698929022816, 0.0, 0.20769421805994565, 0.17011101354045902, 0,10, 0
0.8646311448147409, 0.0, 0.20899218455720753, 0.17064671245153057, 0,10, 0
0.8661611122197831, 0.0, 0.2009587384605186, 0.16896068444448936, 0,10, 0
0.8665602341515333, 0.0, 0.21008013979112905, 0.16971165931254956, 1,10, 1
0.8670258764052418, 0.0, 0.2033249594406929, 0.16639752078244766, 0,10, 0
0.8679571609126588, 0.0, 0.20044631273186497, 0.1638928505873218, 0,10, 0
0.8669593560832835, 0.0, 0.20229818287128393, 0.16831679440810599, 0,10, 0
0.8688884454200758, 0.0, 0.2023378238043113, 0.16543427605514374, 0,10, 0
0.8694206079957427, 0.0, 0.19801666068683751, 0.16941100125770403, 0,10, 0
0.8676910796248254, 0.0, 0.20642993584340774, 0.1659162075369158, 0,10, 0
0.87115013636666, 0.0, 0.19832923848482392, 0.1665079404274762, 0,10, 0
0.8699527705714095, 0.0, 0.20397901856657819, 0.1665143475148206, 0,10, 0
0.8720149005521187, 0.0, 0.19559119711989592, 0.16635305647924603, 0,10, 0
0.8732787866693275, 0.0, 0.19328132267949358, 0.1628641551379999, 0,10, 0
0.8724140224838688, 0.0, 0.19955548406041218, 0.16122187083606893, 0,10, 0
0.8729461850595357, 0.0, 0.20468418858734114, 0.15885864082045745, 0,10, 0
0.8728796647375773, 0.0, 0.1906259494871333, 0.155513890670822, 1,10, 1
0.8734783476352026, 0.0, 0.18912916962619125, 0.15339776964513072, 2,10, 2
0.8731457460254107, 0.0, 0.19460130218422164, 0.16224760385400597, 0,10, 0
0.8746091931084946, 0.0, 0.19107167281774765, 0.1562039279027799, 0,10, 0
0.8732122663473691, 0.0, 0.19582271777422527, 0.15648216099154458, 0,10, 0
0.8737444289230359, 0.0, 0.1903675398444746, 0.16065227203307755, 0,10, 0
0.8732787866693275, 0.0, 0.18949736839577447, 0.15744753417813312, 1,10, 1
0.8746091931084946, 0.0, 0.18826129379081322, 0.15399232338728203, 0,10, 0
0.8758730792257035, 0.0, 0.18667587858459528, 0.1554074656499736, 1,10, 1
0.8768708840550788, 0.0, 0.1890822193796405, 0.15565706201327445, 0,10, 0
0.875407436971995, 0.0, 0.19405652333158685, 0.1528733697109283, 1,10, 1
0.8761391605135369, 0.0, 0.18671110279853934, 0.15686791200801664, 0,10, 0
0.8766713230892037, 0.0, 0.18385594891331844, 0.15287712931833145, 0,10, 0
0.8768708840550788, 0.0, 0.1875309236011088, 0.15434732983856025, 1,10, 1
0.8768043637331204, 0.0, 0.18500694636162662, 0.15464065441289393, 0,10, 0
0.8785338921040378, 0.0, 0.1903735767361053, 0.15452298600072484, 1,10, 1
0.8786669327479545, 0.0, 0.19046501629788698, 0.15622360372043395, 0,10, 0
0.8788664937138295, 0.0, 0.1816631521943753, 0.1507204628900507, 0,10, 0
0.878001729528371, 0.0, 0.18762911908811933, 0.1515294884926824, 1,10, 1
0.8790660546797047, 0.0, 0.17765754799194394, 0.14980305805644248, 0,10, 0
0.8796647375773299, 0.0, 0.19151257459637644, 0.15441484015432266, 1,10, 1
0.8795982172553715, 0.0, 0.18382360799984301, 0.15211196337905866, 0,10, 0
0.8798642985432049, 0.0, 0.18813162621835108, 0.1521669378637612, 0,10, 0
0.8800638595090801, 0.0, 0.18000481434292012, 0.1457545005913879, 0,10, 0
0.8783343311381627, 0.0, 0.18122159930880058, 0.15446989316541257, 0,10, 0
0.8803964611188718, 0.0, 0.18063267580913742, 0.15119932266006866, 0,10, 0
0.8795982172553715, 0.0, 0.17895198813706742, 0.14917389780585216, 0,10, 0
0.8801303798310384, 0.0, 0.17879727893573477, 0.14853494790208902, 0,10, 0
0.8807290627286636, 0.0, 0.1807945690217508, 0.15022670474932984, 0,10, 0
0.10077828776691279, 0.0, 0.8944213325400786, 0.36684194226088074, 0,10, 0
0.26820993813610056, 0.0, 0.7256467511820321, 0.3406489738766668, 0,10, 0
0.2820461651034391, 0.0, 0.7490868569016534, 0.5038814678075084, 0,10, 0
0.37796846936739176, 0.0, 0.665663606804907, 0.4464231416669432, 5,10, 5
0.4490121732189184, 0.0, 0.6176234276693745, 0.37222819165425763, 2,10, 2
0.5410097784873279, 0.0, 0.5483799207043311, 0.34643831447405726, 0,10, 0
0.5626288831237943, 0.0, 0.5117415812469532, 0.2723487808294715, 4,10, 4
0.5953568815273066, 0.0, 0.5033284050305409, 0.32234011699868154, 2,10, 2
0.6534291225969534, 0.0, 0.45208607969175607, 0.25146244097381276, 1,10, 1
0.6695935608328344, 0.0, 0.4431932175991859, 0.2619879950419082, 0,10, 0
0.7093061930419743, 0.0, 0.38422172379896535, 0.23868338115860635, 5,10, 5
0.6933413157719683, 0.0, 0.4014322647391996, 0.24193077794927387, 1,10, 1
0.7697066453801636, 0.0, 0.37454334162306874, 0.25939593998263233, 1,10, 1
0.789064059070046, 0.0, 0.34595861314908105, 0.23873932757591068, 1,10, 1
0.8013037983103838, 0.0, 0.3362474352204739, 0.2250307184486334, 1,10, 1
0.7941861238608395, 0.0, 0.33101506838674105, 0.22979262010380336, 1,10, 1
0.7945852457925896, 0.0, 0.33534666696526094, 0.2249832588696701, 1,10, 1
0.8094192775893035, 0.0, 0.30167983881713073, 0.2176487261016122, 3,10, 3
0.8071575866427193, 0.0, 0.30965973000535274, 0.2145705822153647, 0,10, 0
0.8092197166234285, 0.0, 0.2945655863985608, 0.21167104846568788, 0,10, 0
0.8215924965076831, 0.0, 0.29486606419366124, 0.22333366092975826, 0,10, 0
0.8241202687421008, 0.0, 0.2785160416445466, 0.20675311854376244, 0,10, 0
0.8253176345373512, 0.0, 0.26722031772734917, 0.2047411631969195, 2,10, 2
0.8275793254839353, 0.0, 0.2678745942161045, 0.20401384700962796, 0,10, 0
0.8281114880596022, 0.0, 0.25648136865910537, 0.20279979545049961, 2,10, 2
0.8243198297079758, 0.0, 0.286016236341581, 0.2168508697977396, 1,10, 1
0.824918512605601, 0.0, 0.26423427691420964, 0.19802601334244924, 0,10, 0
0.8300405773963946, 0.0, 0.2742263587300335, 0.21457640475215264, 1,10, 1
0.837158251845939, 0.0, 0.24441353161392332, 0.19609154403783105, 0,10, 0
0.8412159914853988, 0.0, 0.2408825724843248, 0.20017991294161472, 2,10, 2
0.8432116011441495, 0.0, 0.23328789229932723, 0.19242503071494452, 1,10, 1
0.8432781214661079, 0.0, 0.24020701209920364, 0.19301201593485903, 0,10, 0
0.8460054546664005, 0.0, 0.24054368900278564, 0.19191758516627652, 0,10, 0
0.8447415685491918, 0.0, 0.23954071321523995, 0.19195291387994812, 1,10, 1
0.8485332269008182, 0.0, 0.2386051700662944, 0.18852688890338562, 0,10, 0
0.8495975520521519, 0.0, 0.22997150910712427, 0.18948307341926182, 2,10, 2
0.850728397525444, 0.0, 0.23033872097929373, 0.19016847968412662, 0,10, 0
0.8541209339453203, 0.0, 0.23356986139757985, 0.19113919258256648, 0,10, 0
0.852391405574403, 0.0, 0.23099517619480747, 0.18950775547478532, 0,10, 0
0.8519922836426528, 0.0, 0.23391451484983639, 0.18709041352419983, 0,10, 0
0.854985698130779, 0.0, 0.23292881200955126, 0.19292517377885893, 0,10, 0
0.8565156655358211, 0.0, 0.22736022330481717, 0.19152665820009307, 0,10, 0
0.8573139093993215, 0.0, 0.22572317464401911, 0.19112056434380842, 1,10, 1
0.8585777955165304, 0.0, 0.22074875087206391, 0.18191762196904576, 0,10, 0
0.8601077629215725, 0.0, 0.213507300688567, 0.18164972637857815, 2,10, 2
0.8615046896826981, 0.0, 0.20867619874018917, 0.18198707349693588, 0,10, 0
0.8593760393800306, 0.0, 0.21523049371023079, 0.18170914544873853, 2,10, 2
0.8589769174482804, 0.0, 0.2194808161459558, 0.18088460632993794, 1,10, 1
0.8628350961218653, 0.0, 0.21736164215698303, 0.1790938151814248, 0,10, 0
0.8627020554779485, 0.0, 0.21030440453379412, 0.17841972414031107, 1,10, 1
0.8630346570877403, 0.0, 0.21526425574265384, 0.18006678414856153, 0,10, 0
0.8633672586975321, 0.0, 0.21328000805601424, 0.1774778404920241, 0,10, 0
0.8628350961218653, 0.0, 0.20539675038563698, 0.17407562202647128, 2,10, 2
0.8645646244927826, 0.0, 0.2066106805928689, 0.17505625834043775, 1,10, 1
0.8652963480343245, 0.0, 0.20509925693538014, 0.17338027423215896, 0,10, 0
0.864098982239074, 0.0, 0.19717012459678923, 0.1721578865676549, 0,10, 0
0.8662941528636998, 0.0, 0.20510273228705334, 0.17220071456117053, 0,10, 0
0.8639659415951573, 0.0, 0.20157112551539838, 0.1727157733070938, 0,10, 0
0.8660280715758665, 0.0, 0.199671357853794, 0.17052966820663215, 0,10, 0
0.8658285106099913, 0.0, 0.20124809827583692, 0.16917447646422368, 0,10, 0
0.866892835761325, 0.0, 0.203705958959904, 0.17541702666593934, 0,10, 0
0.8673584780150336, 0.0, 0.20594473062999424, 0.1679238718419991, 0,10, 0
0.8679571609126588, 0.0, 0.19976825634001724, 0.16852805258877548, 0,10, 0
0.868356282844409, 0.0, 0.20310270414270448, 0.1691215264126732, 0,10, 0
0.8697532096055345, 0.0, 0.19984713418600847, 0.16760349739282224, 0,10, 0
0.8698197299274929, 0.0, 0.19965511887420034, 0.17105870385553326, 0,10, 0
0.869487128317701, 0.0, 0.20691746236126277, 0.17223605120798952, 0,10, 0
0.8722144615179938, 0.0, 0.19187637553568468, 0.1676422188287746, 0,10, 0
0.8714827379764518, 0.0, 0.19503501644341778, 0.1634297127804284, 0,10, 0
0.8730792257034524, 0.0, 0.19573065394478642, 0.1649974466891215, 0,10, 0
0.8731457460254107, 0.0, 0.1971322015652963, 0.16264963674956145, 0,10, 0
0.8724140224838688, 0.0, 0.19300133432767094, 0.16860774192729383, 0,10, 0
0.8723475021619105, 0.0, 0.18603257484256916, 0.1670250274206517, 0,10, 0
0.8743431118206613, 0.0, 0.18444968316152507, 0.16466836889025235, 0,10, 0
0.8763387214794119, 0.0, 0.18147893118771383, 0.16470146422652632, 0,10, 0
0.8755404776159117, 0.0, 0.18358832261447408, 0.1615919892807623, 0,10, 0
0.8746091931084946, 0.0, 0.18204744694965247, 0.1563701978219365, 1,10, 1
0.8762722011574536, 0.0, 0.1827043981851935, 0.15830238841334018, 2,10, 2
0.87560699793787, 0.0, 0.19604977099773152, 0.16055195021988894, 0,10, 0
0.8764717621233287, 0.0, 0.1915240922599607, 0.16186665708807632, 0,10, 0
0.8755404776159117, 0.0, 0.18056081400815663, 0.1607146267351764, 0,10, 0
0.8767378434111621, 0.0, 0.186227796033439, 0.15681394555081618, 0,10, 0
0.878201290494246, 0.0, 0.19160340352133126, 0.1567540747002113, 2,10, 2
0.8774695669527041, 0.0, 0.18987169597991949, 0.15857717231670612, 0,10, 0
0.8780682498503293, 0.0, 0.19107569204243507, 0.1547523272846336, 0,10, 0
0.8793321359675381, 0.0, 0.18654308583099588, 0.15226420478665645, 2,10, 2
0.8802634204749551, 0.0, 0.1776194338756848, 0.15594064589621998, 1,10, 1
0.8789330140357879, 0.0, 0.1835457697884512, 0.15596098953792772, 0,10, 0
0.8797977782212466, 0.0, 0.1714884841212195, 0.15351224864345178, 1,10, 1
0.881926428523914, 0.0, 0.1719141673404555, 0.14934281192204332, 0,10, 0
0.8799973391871216, 0.0, 0.17646889507116226, 0.15631135181635292, 0,10, 0
0.8815938269141222, 0.0, 0.17545042278533488, 0.15394530144739935, 0,10, 0
0.8798642985432049, 0.0, 0.17932952912331518, 0.1553318217240761, 0,10, 0
0.882658152065456, 0.0, 0.1770652601715697, 0.15085730250660145, 0,10, 0
0.8815938269141222, 0.0, 0.18195530801772566, 0.15222569429287178, 0,10, 0
0.8819929488458724, 0.0, 0.1764887296868764, 0.15024220944180353, 0,10, 0
0.8812612253043305, 0.0, 0.18135248424568803, 0.148995138103612, 0,10, 0
0.8823920707776226, 0.0, 0.16785597008172087, 0.14652790511417874, 0,10, 0
0.8827246723874144, 0.0, 0.1764946237347027, 0.14465751732474533, 0,10, 0
0.8829907536752478, 0.0, 0.1705026965561002, 0.1501129085125866, 1,10, 1
0.8829907536752478, 0.0, 0.18454193575633282, 0.15023976032307704, 0,10, 0
0.10077828776691279, 0.0, 0.8944213325400786, 0.36684194226088074, 0,10, 0
0.23388545200558772, 0.0, 0.8310363009049244, 0.5184320725719772, 0,10, 0
0.3620701124193441, 0.0, 0.7181535117592428, 0.48977211041993657, 0,10, 0
0.42054147542074105, 0.0, 0.6635821905914047, 0.33722158688689613, 5,10, 5
0.4652431317767578, 0.0, 0.6270338279875822, 0.38408380050094293, 2,10, 2
0.5852457925896362, 0.0, 0.5317196117327476, 0.2704471225378214, 2,10, 2
0.5916982638195969, 0.0, 0.5150431622564602, 0.31036807591401444, 1,10, 1
0.6303465708774031, 0.0, 0.49987727193745357, 0.265001568398196, 1,10, 1
0.629415286369986, 0.0, 0.5142101201867264, 0.2774246210347899, 3,10, 3
0.6652032195835827, 0.0, 0.46671930349867163, 0.2825735612105485, 1,10, 1
0.736912126654693, 0.0, 0.4099634903775996, 0.25329568477273856, 3,10, 3
0.7432315572407371, 0.0, 0.4227025865023501, 0.2723767606084533, 1,10, 1
0.7472227765582385, 0.0, 0.3882445059335937, 0.24149039682198747, 0,10, 0
0.7415685491917781, 0.0, 0.40697317944596995, 0.25292281871810685, 2,10, 2
0.7496175081487394, 0.0, 0.411673746135081, 0.24168503041864478, 4,10, 4
0.7575334264617841, 0.0, 0.39733903115510893, 0.2469755120688212, 0,10, 0
0.762722011574536, 0.0, 0.38927084317024546, 0.24761954147106544, 2,10, 2
0.7776225636932083, 0.0, 0.3508832220614791, 0.22634843452825082, 0,10, 0
0.7861371649038781, 0.0, 0.3350275213513806, 0.22200441999865517, 0,10, 0
0.7998403512272999, 0.0, 0.2991067115850702, 0.20908479147147152, 1,10, 1
0.8078227898623029, 0.0, 0.3153807535861651, 0.21031527646961748, 1,10, 1
0.8090866759795118, 0.0, 0.3038145509491652, 0.20969666266001855, 0,10, 0
0.8130113749750549, 0.0, 0.29384679408688463, 0.20380351631165886, 0,10, 0
0.8259828377569347, 0.0, 0.2759557655969143, 0.21100794315419935, 2,10, 2
0.8219250981174749, 0.0, 0.2747343440408471, 0.20680279800635326, 0,10, 0
0.8245193906738508, 0.0, 0.26473662661321584, 0.1989581179067329, 1,10, 1
0.831969666733187, 0.0, 0.24742659399408157, 0.19297600511676524, 2,10, 2
0.8275793254839353, 0.0, 0.26550041376721917, 0.20541739743353532, 0,10, 0
0.8300405773963946, 0.0, 0.26967488513274684, 0.20068861935284063, 2,10, 2
0.8340983170358545, 0.0, 0.25109843253195424, 0.1960426875992431, 1,10, 1
0.8356948047628551, 0.0, 0.2615616368625577, 0.20180335484531536, 0,10, 0
0.8400186256901483, 0.0, 0.23955760383563893, 0.1960438654822705, 0,10, 0
0.8428789995343577, 0.0, 0.23692217577220603, 0.1942877730985802, 2,10, 2
0.8432116011441495, 0.0, 0.2265328823147572, 0.191160995343923, 0,10, 0
0.8424133572806493, 0.0, 0.23986572826656738, 0.19446270895984305, 0,10, 0
0.8466706578859842, 0.0, 0.22895656944490958, 0.1913876184255315, 1,10, 1
0.8482006252910264, 0.0, 0.2298112069905027, 0.1915555971237007, 0,10, 0
0.8480675846471097, 0.0, 0.23229984704134224, 0.18989671388368554, 0,10, 0
0.8489323488325683, 0.0, 0.22363955825591209, 0.19009217520063248, 0,10, 0
0.8505288365595689, 0.0, 0.21632338638989584, 0.1838179582587106, 0,10, 0
0.8519922836426528, 0.0, 0.22480283814353993, 0.18315266804927297, 0,10, 0
0.8511940397791525, 0.0, 0.2227837376443603, 0.1857607340956247, 0,10, 0
0.8513936007450276, 0.0, 0.22766184997338074, 0.1847538284820185, 2,10, 2
0.8531231291159449, 0.0, 0.22469173482167215, 0.17971707390806174, 1,10, 1
0.8553182997405707, 0.0, 0.21725117312035558, 0.17853383064791303, 1,10, 1
0.8561830639260294, 0.0, 0.21925388189571143, 0.1796879602717808, 1,10, 1
0.857047828111488, 0.0, 0.22253192378717057, 0.17875138700979126, 0,10, 0
0.8565156655358211, 0.0, 0.219940672608762, 0.1812814389040652, 0,10, 0
0.8569147874675713, 0.0, 0.21732294652765646, 0.18034303144554278, 0,10, 0
0.8590434377702388, 0.0, 0.21918390200537285, 0.180661585590733, 1,10, 1
0.8617707709705315, 0.0, 0.20486963704489816, 0.17467887187838207, 0,10, 0
0.861305128716823, 0.0, 0.2039928656735509, 0.17544581963087671, 0,10, 0
0.8629016164438236, 0.0, 0.20673413746691593, 0.17336848161281504, 3,10, 3
0.8620368522583649, 0.0, 0.20432132271886239, 0.17125929812273305, 0,10, 0
0.862968136765782, 0.0, 0.20987711785792748, 0.1765121686222319, 1,10, 1
0.8641655025610324, 0.0, 0.20555626245045888, 0.17389699926506946, 0,10, 0
0.8650967870684494, 0.0, 0.19965875649446171, 0.16972005777454208, 0,10, 0
0.8666267544734917, 0.0, 0.20387928792146848, 0.16947799537416175, 0,10, 0
0.8684228031663673, 0.0, 0.19903239534013356, 0.16651995318726479, 0,10, 0
0.8672919576930752, 0.0, 0.1961020161391708, 0.16501891937895175, 0,10, 0
0.8680236812346172, 0.0, 0.20382623199483857, 0.16704391657385265, 0,10, 0
0.8679571609126588, 0.0, 0.1977800134465695, 0.16257621439649841, 0,10, 0
0.8680902015565756, 0.0, 0.19392175579765386, 0.1623483979864954, 0,10, 0
0.8689549657420342, 0.0, 0.20349147402690876, 0.16731420702726044, 0,10, 0
0.8684893234883256, 0.0, 0.20628495159381655, 0.16516043011576895, 0,10, 0
0.8689549657420342, 0.0, 0.19709352096842284, 0.1652747974765048, 0,10, 0
0.869287567351826, 0.0, 0.19441137111238888, 0.16422722131958392, 0,10, 0
0.8696201689616178, 0.0, 0.20026260762880843, 0.16814098422878043, 0,10, 0
0.8706179737909931, 0.0, 0.19465203798810723, 0.16083210209549825, 0,10, 0
0.8712166566886184, 0.0, 0.19148331491387371, 0.15798468467349525, 0,10, 0
0.8732122663473691, 0.0, 0.19697894801774912, 0.1643622066819222, 0,10, 0
0.8716822989423268, 0.0, 0.19790433304459534, 0.16241735113407643, 0,10, 0
0.8721479411960353, 0.0, 0.18858007788615416, 0.1603582359602278, 0,10, 0
0.8738774695669527, 0.0, 0.1865705435549669, 0.16052065326481707, 0,10, 0
0.8748752743963281, 0.0, 0.18357930965112562, 0.153799360550392, 0,10, 0
0.8737444289230359, 0.0, 0.19060931681242452, 0.15942774071459595, 0,10, 0
0.875407436971995, 0.0, 0.1836872098663419, 0.15580192439235963, 1,10, 1
0.8747422337524113, 0.0, 0.18637184373365465, 0.15636050958216646, 1,10, 1
0.8761391605135369, 0.0, 0.18858720873832713, 0.1576432792900791, 0,10, 0
0.8758730792257035, 0.0, 0.18960317308798674, 0.1575773748499681, 1,10, 1
0.8775360872746624, 0.0, 0.1830267585047639, 0.15335011474475377, 1,10, 1
0.875407436971995, 0.0, 0.18703520144815614, 0.15499531532838481, 1,10, 1
0.8786669327479545, 0.0, 0.17782198130520943, 0.15400849098783914, 0,10, 0
0.8785338921040378, 0.0, 0.18475978819909816, 0.152765051076762, 0,10, 0
0.8778021685624958, 0.0, 0.18437339085453427, 0.15333812818162482, 0,10, 0
0.8797977782212466, 0.0, 0.17403371284276578, 0.15014367248039792, 2,10, 2
0.878201290494246, 0.0, 0.1815782847477857, 0.15030057034176403, 0,10, 0
0.8789995343577462, 0.0, 0.18573595030388476, 0.15473376603091255, 1,10, 1
0.878400851460121, 0.0, 0.17607411318531077, 0.15090627681600674, 0,10, 0
0.8795316969334132, 0.0, 0.1777456103522509, 0.15232287517529466, 1,10, 1
0.8800638595090801, 0.0, 0.18380441834387207, 0.1536022306233159, 1,10, 1
0.8800638595090801, 0.0, 0.17867059685303496, 0.1503751526957945, 0,10, 0
0.8801303798310384, 0.0, 0.1804500462041946, 0.15063597811838045, 0,10, 0
0.8800638595090801, 0.0, 0.18167961128487345, 0.15387098012229058, 0,10, 0
0.8805295017627885, 0.0, 0.17943723120230626, 0.1517885366698961, 0,10, 0
0.8801303798310384, 0.0, 0.17597218130935885, 0.14964119979509571, 0,10, 0
0.8806625424067053, 0.0, 0.1776276149582329, 0.15132502807850703, 0,10, 0
0.8793321359675381, 0.0, 0.18580091211296718, 0.1503632873030617, 0,10, 0
0.8818599082019557, 0.0, 0.1832053448437827, 0.14720320913291357, 0,10, 0
0.8821925098117475, 0.0, 0.17035274887554355, 0.14481765383480305, 0,10, 0
0.8822590301337059, 0.0, 0.1742222392356621, 0.1456914121269014, 0,10, 0
0.10077828776691279, 0.0, 0.8944213325400786, 0.36684194226088074, 0,10, 0
0.21200026608128783, 0.0, 0.8439329423917941, 0.5492727166974841, 0,10, 0
0.3920707776225637, 0.0, 0.7102094088094815, 0.4737806148294381, 0,10, 0
0.4628484001862569, 0.0, 0.6484585080841935, 0.42251756843666216, 1,10, 1
0.560699793787002, 0.0, 0.5950959738206256, 0.4028692058912261, 3,10, 3
0.5938934344442227, 0.0, 0.5737293317504197, 0.383045071054335, 2,10, 2
0.6534291225969534, 0.0, 0.5384220407861047, 0.3612908618643592, 2,10, 2
0.7291957693075235, 0.0, 0.4321932884128897, 0.27289358289042714, 3,10, 3
0.7323887447615246, 0.0, 0.42670724165288454, 0.24834045763272283, 3,10, 3
0.7336526308787334, 0.0, 0.39216783945046285, 0.2352569947610698, 1,10, 1
0.7512805161976984, 0.0, 0.38402157968825196, 0.24053248037864924, 1,10, 1
0.7429654759529036, 0.0, 0.37633626926054775, 0.2393361404369874, 0,10, 0
0.7575334264617841, 0.0, 0.3790278275978085, 0.24930840388955236, 3,10, 3
0.7767577995077496, 0.0, 0.3484164800861004, 0.23701391263814453, 1,10, 1
0.7880662542406706, 0.0, 0.33030141748218333, 0.22124063554327913, 1,10, 1
0.792057473558172, 0.0, 0.3470791571018827, 0.23137291930804257, 1,10, 1
0.8018359608860507, 0.0, 0.34557292953498425, 0.23925310481269185, 0,10, 0
0.8044302534424267, 0.0, 0.3267297526081112, 0.22447590520816513, 0,10, 0
0.8173351959023482, 0.0, 0.2895673772677795, 0.21287759816407037, 3,10, 3
0.815805228497306, 0.0, 0.2962649974538988, 0.21061703934900208, 1,10, 1
0.8177343178340983, 0.0, 0.32001141723271315, 0.2197574526973462, 1,10, 1
0.8222576997272667, 0.0, 0.29708168691840364, 0.2167110212770956, 1,10, 1
0.8265815206545599, 0.0, 0.2682677775977459, 0.20387826441731632, 1,10, 1
0.8283775693474357, 0.0, 0.26155079912206064, 0.20485551248196088, 1,10, 1
0.8232555045566421, 0.0, 0.27212964812251683, 0.20373720481015437, 2,10, 2
0.8255837158251846, 0.0, 0.2592311064271617, 0.20126057218187793, 0,10, 0
0.8281780083815605, 0.0, 0.269169660421838, 0.20690167223721645, 0,10, 0
0.8287766912791857, 0.0, 0.2672627089773001, 0.20469812242395188, 1,10, 1
0.8350296015432714, 0.0, 0.2528024685073471, 0.19814152428260884, 1,10, 1
0.836426528304397, 0.0, 0.25752269771282776, 0.1995526588300357, 1,10, 1
0.8398190647242733, 0.0, 0.26035711891248237, 0.19843968190545203, 1,10, 1
0.8444754872613583, 0.0, 0.2377051132780438, 0.19378339765199457, 0,10, 0
0.8456063327346505, 0.0, 0.2418022116124189, 0.19254623947008306, 1,10, 1
0.8441428856515666, 0.0, 0.24703435110262387, 0.1939952812623464, 0,10, 0
0.8498636333399854, 0.0, 0.22650894195734708, 0.18314380707176345, 2,10, 2
0.8477349830373179, 0.0, 0.23336026532333284, 0.1885704719090757, 0,10, 0
0.84886582851061, 0.0, 0.23652631018572584, 0.19078719376532263, 0,10, 0
0.8509279584913191, 0.0, 0.23341593647118544, 0.19089621149545086, 1,10, 1
0.8536552916916118, 0.0, 0.22756518982138674, 0.18562061646636277, 0,10, 0
0.854985698130779, 0.0, 0.2205571776196793, 0.1840753386549365, 1,10, 1
0.8566487061797379, 0.0, 0.21356035336026388, 0.18224516220993678, 0,10, 0
0.857047828111488, 0.0, 0.21657534124148806, 0.18218275320137478, 0,10, 0
0.8573139093993215, 0.0, 0.22513205151255197, 0.18067150954820574, 2,10, 2
0.8581121532628218, 0.0, 0.22690881275218516, 0.1806671150926424, 0,10, 0
0.8601077629215725, 0.0, 0.22083947598281575, 0.18134508224806603, 0,10, 0
0.8601742832435308, 0.0, 0.2132732687686017, 0.17706181822207312, 0,10, 0
0.8588438768043637, 0.0, 0.2179651544139434, 0.17906795714978951, 1,10, 1
0.8609725271070312, 0.0, 0.2187464128480964, 0.17581699802618497, 1,10, 1
0.863899421273199, 0.0, 0.2088838439682845, 0.17544034150419272, 0,10, 0
0.8617707709705315, 0.0, 0.21392150610861094, 0.1756245796758547, 0,10, 0
0.8637663806292822, 0.0, 0.20650402396719916, 0.1744958192792351, 0,10, 0
0.8635668196634072, 0.0, 0.21933482682297478, 0.1746987282449391, 2,10, 2
0.8651633073904078, 0.0, 0.21507943323327772, 0.17394126746317698, 0,10, 0
0.8680902015565756, 0.0, 0.20586840538343168, 0.16885948140661075, 0,10, 0
0.8658285106099913, 0.0, 0.21671328995914987, 0.17486080849708863, 2,10, 2
0.865761990288033, 0.0, 0.22224828141048117, 0.17490056480871513, 1,10, 1
0.8667597951174084, 0.0, 0.2055900242823446, 0.16810595235668305, 0,10, 0
0.8673584780150336, 0.0, 0.20412439067347518, 0.17152587113671605, 0,10, 0
0.869487128317701, 0.0, 0.20193388402219298, 0.17026049927229855, 0,10, 0
0.8695536486396594, 0.0, 0.20249316407175155, 0.16712934532249327, 0,10, 0
0.8699527705714095, 0.0, 0.20063520315431613, 0.16656525537882072, 0,10, 0
0.8695536486396594, 0.0, 0.2006368342763299, 0.16697791103533896, 0,10, 0
0.8704184128251181, 0.0, 0.20360480048535273, 0.1643674537542932, 0,10, 0
0.8717488192642853, 0.0, 0.1970877116327704, 0.16323576906529355, 0,10, 0
0.8724140224838688, 0.0, 0.19455314461568204, 0.1602665753361999, 0,10, 0
0.872081420874077, 0.0, 0.1948176809395267, 0.16405358186800115, 0,10, 0
0.8732787866693275, 0.0, 0.19117786589963795, 0.16426369490936454, 0,10, 0
0.8723475021619105, 0.0, 0.19227542473350312, 0.16132992327877832, 0,10, 0
0.8732122663473691, 0.0, 0.19310007517404743, 0.15960364872350483, 0,10, 0
0.8744761524645779, 0.0, 0.19167794493898033, 0.1573527204434738, 0,10, 0
0.8749417947182865, 0.0, 0.18893344296579356, 0.16356163486431605, 0,10, 0
0.8716822989423268, 0.0, 0.19604822279589976, 0.1628157273037922, 0,10, 0
0.8734783476352026, 0.0, 0.19701702475138294, 0.164657912935706, 0,10, 0
0.8751413556841615, 0.0, 0.1917710170706148, 0.15554616967591517, 0,10, 0
0.8734783476352026, 0.0, 0.19269836313070457, 0.16073841536051958, 1,10, 1
0.8759395995476618, 0.0, 0.19188808287707396, 0.1618732335201724, 1,10, 1
0.8762722011574536, 0.0, 0.18930116769483557, 0.1578915267126424, 0,10, 0
0.8743431118206613, 0.0, 0.1937844391257687, 0.16028578261217596, 0,10, 0
0.8756735182598284, 0.0, 0.19194746232800458, 0.15968151640834471, 0,10, 0
0.878001729528371, 0.0, 0.19002329257124623, 0.16104610543559938, 0,10, 0
0.8789330140357879, 0.0, 0.18956341748696828, 0.15716897508202826, 0,10, 0
0.8773365263087873, 0.0, 0.18770347080853667, 0.15507744234974355, 1,10, 1
0.8767378434111621, 0.0, 0.18618790488613424, 0.15383617426076485, 0,10, 0
0.8774695669527041, 0.0, 0.1814379434997842, 0.15654387373277703, 1,10, 1
0.8775360872746624, 0.0, 0.1907341703896477, 0.16052884673049891, 1,10, 1
0.8793321359675381, 0.0, 0.17797187932790343, 0.15450668250963095, 2,10, 2
0.8799973391871216, 0.0, 0.17727209693542167, 0.1532877677600541, 0,10, 0
0.8778686888844542, 0.0, 0.18917152316063965, 0.15698477337119582, 0,10, 0
0.8794651766114548, 0.0, 0.17422456936541472, 0.15063469331900928, 2,10, 2
0.8812612253043305, 0.0, 0.1764183798537487, 0.15140727432718043, 0,10, 0
0.8792656156455797, 0.0, 0.18337184385341707, 0.1551411362259652, 0,10, 0
0.8812612253043305, 0.0, 0.17197173256025466, 0.1493569187660567, 0,10, 0
0.8805295017627885, 0.0, 0.17619252141803468, 0.14883083108136977, 1,10, 1
0.8814607862702055, 0.0, 0.17971880967977122, 0.1562109931272458, 0,10, 0
0.8820594691678307, 0.0, 0.17750481845925, 0.14895677280941239, 0,10, 0
0.8811281846604138, 0.0, 0.17450524864248276, 0.15183852482809718, 0,10, 0
0.8802634204749551, 0.0, 0.17425547825398627, 0.15632156834220035, 0,10, 0
0.8827911927093727, 0.0, 0.17490905215149724, 0.15280991814794553, 0,10, 0
0.8814607862702055, 0.0, 0.1806436223687482, 0.1488451518891602, 0,10, 0
0.8822590301337059, 0.0, 0.17938437147805097, 0.1471085398008281, 0,10, 0
0.8828577130313311, 0.0, 0.17374736444399574, 0.14979525080126152, 0,10, 0
0.10077828776691279, 0.0, 0.8944213325400786, 0.36684194226088074, 0,10, 0
0.2184527373112486, 0.0, 0.7862894814202894, 0.48466767809943545, 0,10, 0
0.32042839087341185, 0.0, 0.7169504870692447, 0.4832813349167678, 0,10, 0
0.4873943989888911, 0.0, 0.5853057599732651, 0.3388010571180057, 0,10, 0
0.4629814408301736, 0.0, 0.6597842627146052, 0.4455379613944843, 5,10, 5
0.6405241801370318, 0.0, 0.5469062363425485, 0.37148599484431327, 1,10, 1
0.6930087141621766, 0.0, 0.46004950407966644, 0.2721499309246568, 1,10, 1
0.7173551519989356, 0.0, 0.4350865686075964, 0.2694543529772638, 1,10, 1
0.7178207942526442, 0.0, 0.39816979058486146, 0.250940356355329, 2,10, 2
0.6695935608328344, 0.0, 0.4769962124777464, 0.30098909336086854, 1,10, 1
0.697931217987095, 0.0, 0.45258514366202496, 0.3176823623785583, 2,10, 2
0.7671788731457461, 0.0, 0.3981498963724415, 0.25659016713572563, 3,10, 3
0.7864032461917115, 0.0, 0.3367886145026743, 0.23013909686783696, 1,10, 1
0.7820129049424599, 0.0, 0.34791572695516637, 0.24112455039597053, 1,10, 1
0.7711700924632475, 0.0, 0.36263384280908567, 0.2594121573403557, 0,10, 0
0.7728331005122064, 0.0, 0.36633417180396655, 0.25014064985928786, 1,10, 1
0.7931883190314641, 0.0, 0.3300307027552614, 0.22535303607235993, 5,10, 5
0.8084879930818866, 0.0, 0.3135038749113819, 0.22462388917126586, 1,10, 1
0.816204350429056, 0.0, 0.29246894008080865, 0.21691254299940382, 0,10, 0
0.8065589037450941, 0.0, 0.3011415399541536, 0.219449573802382, 2,10, 2
0.8116809685358877, 0.0, 0.3015045460250327, 0.2276530453012822, 0,10, 0
0.8203286103904743, 0.0, 0.2972078287431309, 0.22043961620163086, 0,10, 0
0.8249850329275593, 0.0, 0.274839226993851, 0.21413958370454012, 0,10, 0
0.8197964478148074, 0.0, 0.28046046294089205, 0.21091200809995475, 0,10, 0
0.8294418944987694, 0.0, 0.25113074128805735, 0.21061087433012005, 0,10, 0
0.8330339918845208, 0.0, 0.24701915311522712, 0.20290908999931834, 2,10, 2
0.8386216989290228, 0.0, 0.25155309325725844, 0.20579816471897341, 2,10, 2
0.8393534224705648, 0.0, 0.2465304486304031, 0.20430092431176716, 1,10, 1
0.8393534224705648, 0.0, 0.24891176993398945, 0.2044407624520327, 0,10, 0
0.8423468369586908, 0.0, 0.23795444370722568, 0.20024630580024497, 2,10, 2
0.8384886582851061, 0.0, 0.23747151317387863, 0.19878055708998857, 0,10, 0
0.8405507882658152, 0.0, 0.2354756583964714, 0.1989045654886227, 2,10, 2
0.8424798776026076, 0.0, 0.22996560709799446, 0.19493937080924134, 0,10, 0
0.8441428856515666, 0.0, 0.22873023923362001, 0.19763985122713357, 0,10, 0
0.8496640723741102, 0.0, 0.22416513927879433, 0.1950390949880089, 0,10, 0
0.851460121066986, 0.0, 0.22333227341178855, 0.19160434566617393, 0,10, 0
0.8526574868622364, 0.0, 0.22299054409681748, 0.19770000517601655, 0,10, 0
0.8522583649304862, 0.0, 0.2164386299456964, 0.18829178608214572, 0,10, 0
0.8561830639260294, 0.0, 0.21291104333229247, 0.18865924362046083, 0,10, 0
0.8555843810284042, 0.0, 0.2143362071344824, 0.19086723250046833, 0,10, 0
0.8567152265016963, 0.0, 0.21998549454911567, 0.18978403513258538, 0,10, 0
0.8585777955165304, 0.0, 0.21305462245954854, 0.18576246822187187, 0,10, 0
0.860373844209406, 0.0, 0.20737534545825917, 0.18052242099335303, 2,10, 2
0.8606399254972394, 0.0, 0.21153055097746737, 0.17970304179663724, 0,10, 0
0.8639659415951573, 0.0, 0.2157952041806707, 0.18146714949253007, 1,10, 1
0.8636998603073239, 0.0, 0.199688666774207, 0.17448175455503748, 1,10, 1
0.8640324619171157, 0.0, 0.21001262450739702, 0.1752104151850221, 1,10, 1
0.8644315838488659, 0.0, 0.20080536325567233, 0.1777913798565071, 0,10, 0
0.8649637464245327, 0.0, 0.20578843872837577, 0.17780533968207962, 2,10, 2
0.8654959090001996, 0.0, 0.19971827640417034, 0.17190557882126975, 0,10, 0
0.8667597951174084, 0.0, 0.19939104943365532, 0.17706626753650082, 0,10, 0
0.8654293886782412, 0.0, 0.196933950635804, 0.1760435031924323, 0,10, 0
0.8650967870684494, 0.0, 0.19611923509447263, 0.17422968851551207, 1,10, 1
0.866493713829575, 0.0, 0.20163725701854177, 0.17479024175844068, 1,10, 1
0.8675580389809087, 0.0, 0.20035901874069456, 0.16877927775110302, 0,10, 0
0.8682232422004923, 0.0, 0.20406418424369163, 0.16988250656624174, 0,10, 0
0.8682232422004923, 0.0, 0.19851811519241724, 0.1718503715002334, 0,10, 0
0.8698862502494512, 0.0, 0.19175059692524857, 0.17028599396690322, 0,10, 0
0.8696201689616178, 0.0, 0.1980652610391414, 0.1708862378507389, 0,10, 0
0.8704184128251181, 0.0, 0.19151926965445681, 0.1659416601495636, 0,10, 0
0.8716822989423268, 0.0, 0.18786057872169987, 0.16245393746446304, 0,10, 0
0.8710836160447016, 0.0, 0.19407055855477406, 0.16534984901577604, 0,10, 0
0.8721479411960353, 0.0, 0.19467252620403858, 0.1651379091341129, 0,10, 0
0.8720149005521187, 0.0, 0.19764382813435127, 0.16600449204969295, 0,10, 0
0.8713496973325351, 0.0, 0.19276027118113523, 0.16564959912477623, 0,10, 0
0.8731457460254107, 0.0, 0.19120535931617486, 0.1608663732646215, 0,10, 0
0.8744761524645779, 0.0, 0.19359992131860293, 0.16244078638059045, 0,10, 0
0.8736113882791192, 0.0, 0.19744706199216527, 0.16263314699223813, 0,10, 0
0.8722144615179938, 0.0, 0.19759950608268553, 0.16401611389713033, 0,10, 0
0.8725470631277855, 0.0, 0.18445828102987952, 0.16567029879291728, 0,10, 0
0.8749417947182865, 0.0, 0.18560484503048114, 0.1645378429678803, 0,10, 0
0.8752743963280782, 0.0, 0.18025335404501142, 0.16071996032763863, 0,10, 0
0.8754739572939533, 0.0, 0.19148906322240336, 0.16228157127680504, 0,10, 0
0.8759395995476618, 0.0, 0.1916140795361612, 0.15667094542836688, 0,10, 0
0.8734783476352026, 0.0, 0.18753016601288716, 0.16344725584288178, 0,10, 0
0.8743431118206613, 0.0, 0.1868022304348335, 0.15842092222383386, 1,10, 1
0.8761391605135369, 0.0, 0.18515094750015035, 0.15950261469044147, 0,10, 0
0.8770704450209539, 0.0, 0.18625471753388886, 0.1605438695667628, 1,10, 1
0.8771369653429123, 0.0, 0.18986401549606657, 0.15482973745398898, 0,10, 0
0.8767378434111621, 0.0, 0.19624503718419006, 0.15755419354074854, 0,10, 0
0.8760061198696202, 0.0, 0.1877376189140494, 0.1611745380109336, 2,10, 2
0.8790660546797047, 0.0, 0.17585456809607866, 0.1555916582830328, 1,10, 1
0.8776691279185791, 0.0, 0.18009019928625342, 0.15753546942873864, 0,10, 0
0.8790660546797047, 0.0, 0.1780182797031209, 0.15338510315153273, 0,10, 0
0.8776026075966208, 0.0, 0.17823952470443305, 0.15357453787442965, 0,10, 0
0.8805295017627885, 0.0, 0.1757514237018143, 0.15131983083401843, 1,10, 1
0.8785338921040378, 0.0, 0.18256807663880129, 0.15434718684495552, 1,10, 1
0.8803964611188718, 0.0, 0.1758467540570258, 0.15106486539694727, 0,10, 0
0.8796647375773299, 0.0, 0.17297602105918625, 0.1541662487090369, 0,10, 0
0.8821259894897892, 0.0, 0.17147089896324533, 0.15195579772215184, 0,10, 0
0.8794651766114548, 0.0, 0.17840269431142172, 0.15358314800941913, 1,10, 1
0.8815938269141222, 0.0, 0.17695642453804714, 0.1503630639024753, 0,10, 0
0.8815938269141222, 0.0, 0.17430519307530376, 0.15511985375997253, 0,10, 0
0.8827911927093727, 0.0, 0.17777925694657717, 0.14971238195244121, 0,10, 0
0.8844542007583317, 0.0, 0.16459363557621984, 0.14587267001210166, 0,10, 0
0.8827246723874144, 0.0, 0.1753126226414706, 0.14450409487313476, 1,10, 1
0.8825916317434976, 0.0, 0.17090117396183857, 0.14353480050622364, 0,10, 0
0.8831237943191645, 0.0, 0.1728108801234142, 0.14812405719492155, 0,10, 0
0.8819929488458724, 0.0, 0.1717730480193361, 0.14697131172461123, 0,10, 0
0.8830572739972061, 0.0, 0.1773746771555107, 0.15305281189054415, 0,10, 0
0.8841215991485398, 0.0, 0.17102755410432388, 0.150930750176566, 0,10, 0
0.10077828776691279, 0.0, 0.8944213325400786, 0.36684194226088074, 0,10, 0
0.3203618705514535, 0.0, 0.7762799712521002, 0.49001740093451296, 0,10, 0
0.4770172287633872, 0.0, 0.6435533567153073, 0.4462037099492375, 0,10, 0
0.5444023149072041, 0.0, 0.6092417738094608, 0.43167001381533043, 2,10, 2
0.5553781680303332, 0.0, 0.6202537631781209, 0.4291938985718167, 4,10, 4
0.604337124991685, 0.0, 0.5877949578016363, 0.39347898812175786, 1,10, 1
0.6695270405108761, 0.0, 0.5025984929600761, 0.27681496244066256, 2,10, 2
0.6624093660613317, 0.0, 0.4891674312063456, 0.31123057170172286, 1,10, 1
0.6680635934277922, 0.0, 0.48876441690890104, 0.2731021540429471, 3,10, 3
0.7405042240404444, 0.0, 0.3882299401149041, 0.24178144930937936, 1,10, 1
0.6950708441428857, 0.0, 0.4355639163086924, 0.26705691521576125, 1,10, 1
0.6894831370983836, 0.0, 0.45954964689863415, 0.2693305661066675, 0,10, 0
0.7935209206412559, 0.0, 0.33180561922925234, 0.2243072607987054, 2,10, 2
0.7798177343178341, 0.0, 0.36444911745332087, 0.2318718237653824, 3,10, 3
0.7945852457925896, 0.0, 0.3498416627922043, 0.23332872801071802, 1,10, 1
0.7989090667198829, 0.0, 0.320181393614887, 0.2186614303342251, 2,10, 2
0.789064059070046, 0.0, 0.33928539712364736, 0.22710512712592032, 0,10, 0
0.7909931484068383, 0.0, 0.34991618423572207, 0.23356301219411701, 0,10, 0
0.7944522051486729, 0.0, 0.34308803471840094, 0.21935565512229568, 3,10, 3
0.8148739439898889, 0.0, 0.28504582730848343, 0.2105464419156571, 2,10, 2
0.8080888711501364, 0.0, 0.30240619390261747, 0.2169277348217035, 0,10, 0
0.8058937005255106, 0.0, 0.32928965767099955, 0.22358155600449617, 2,10, 2
0.8102840417747622, 0.0, 0.30728156593071626, 0.21985003239709403, 0,10, 0
0.82212465908335, 0.0, 0.28290524637969316, 0.2132709232452134, 2,10, 2
0.8232555045566421, 0.0, 0.2590601159838471, 0.20898843179057092, 1,10, 1
0.8172686755803898, 0.0, 0.2998180919751323, 0.22169089971401282, 0,10, 0
0.8289762522450609, 0.0, 0.2585390177576971, 0.20556636503054132, 0,10, 0
0.8254506751812679, 0.0, 0.2603236314274999, 0.20451390708854397, 2,10, 2
0.8292423335328943, 0.0, 0.24955443434165617, 0.19709928201556284, 0,10, 0
0.824718951639726, 0.0, 0.298332750166168, 0.21634565391301688, 2,10, 2
0.8287766912791857, 0.0, 0.25683661121494905, 0.19582716457238447, 1,10, 1
0.8297744961085611, 0.0, 0.27530015192238977, 0.2050061113134811, 0,10, 0
0.8315705448014369, 0.0, 0.2661616611353499, 0.20358848013271844, 1,10, 1
0.8362269673385219, 0.0, 0.2592929364051263, 0.19969606123837436, 0,10, 0
0.8392869021486064, 0.0, 0.24228448819254494, 0.19843526866378006, 1,10, 1
0.8409499101975654, 0.0, 0.2329057212924944, 0.19353618025485242, 0,10, 0
0.8468036985299009, 0.0, 0.23044164763380529, 0.19330545613355027, 0,10, 0
0.8501962349497771, 0.0, 0.2237540844248766, 0.18847500885394303, 0,10, 0
0.8503957959156523, 0.0, 0.222617840469242, 0.18409866749573855, 0,10, 0
0.8507949178474024, 0.0, 0.22625398570753974, 0.1904901944907545, 0,10, 0
0.8545200558770705, 0.0, 0.2127259530339064, 0.18458763678914988, 0,10, 0
0.8561165436040711, 0.0, 0.22345770173009796, 0.1883264150423093, 0,10, 0
0.8563826248919045, 0.0, 0.21626022535591255, 0.18077347126004817, 0,10, 0
0.8573804297212798, 0.0, 0.22118169501749635, 0.185346955087649, 0,10, 0
0.8551187387746957, 0.0, 0.222356967840207, 0.18733781917305448, 1,10, 1
0.8581121532628218, 0.0, 0.21526926992124495, 0.17995052215550061, 1,10, 1
0.8569813077895297, 0.0, 0.22915723752158762, 0.177942923974728, 2,10, 2
0.8599082019556975, 0.0, 0.2178733340305942, 0.18085051180275688, 2,10, 2
0.8615046896826981, 0.0, 0.2101560950502608, 0.1804599429872492, 2,10, 2
0.8610390474289895, 0.0, 0.22194499029340306, 0.18027538435945187, 1,10, 1
0.8619703319364066, 0.0, 0.2103362211845121, 0.17377488655690163, 0,10, 0
0.8621033725803233, 0.0, 0.20678407862782905, 0.1743086744456669, 0,10, 0
0.862968136765782, 0.0, 0.2095288807060641, 0.17587663711614368, 0,10, 0
0.8662941528636998, 0.0, 0.20117431540209624, 0.17106694263078487, 0,10, 0
0.8663606731856582, 0.0, 0.2039070951449425, 0.16975452629425372, 1,10, 1
0.8677575999467837, 0.0, 0.2008399051434696, 0.1702712393569524, 0,10, 0
0.8667597951174084, 0.0, 0.19836043251696384, 0.17077107526559968, 0,10, 0
0.8676910796248254, 0.0, 0.1943432173863779, 0.17242990562239155, 0,10, 0
0.8691545267079093, 0.0, 0.19730373137483564, 0.17188700511386323, 0,10, 0
0.8687554047761591, 0.0, 0.19816355069632202, 0.1692308383016728, 0,10, 0
0.8687554047761591, 0.0, 0.2040781563305987, 0.16885958902842194, 0,10, 0
0.8714162176544934, 0.0, 0.19787972964380723, 0.16746161692759448, 0,10, 0
0.8704184128251181, 0.0, 0.19181715211229453, 0.1634983851481248, 0,10, 0
0.8702853721812014, 0.0, 0.1971415297463083, 0.17310336751153713, 0,10, 0
0.8709505754007849, 0.0, 0.19519171471636393, 0.16857799445667063, 0,10, 0
0.8714162176544934, 0.0, 0.19547702040841528, 0.1672997783970136, 0,10, 0
0.8721479411960353, 0.0, 0.19860679413664514, 0.16245269627442152, 0,10, 0
0.869487128317701, 0.0, 0.20272829011138757, 0.1651928323432875, 0,10, 0
0.8738109492449944, 0.0, 0.18284066907793003, 0.16302937038490448, 0,10, 0
0.8742100711767445, 0.0, 0.18479904337018996, 0.16196717636515934, 0,10, 0
0.8737444289230359, 0.0, 0.1899235157513076, 0.1638517259450344, 0,10, 0
0.8764052418013704, 0.0, 0.18012535332271504, 0.15435988007677495, 0,10, 0
0.8753409166500365, 0.0, 0.18064108894339165, 0.1569865246473167, 0,10, 0
0.8767378434111621, 0.0, 0.17791553924808837, 0.1572042037402703, 0,10, 0
0.8768708840550788, 0.0, 0.17790858199920415, 0.15887690997479217, 0,10, 0
0.8759395995476618, 0.0, 0.18474209323087687, 0.15832383992212576, 0,10, 0
0.8750083150402448, 0.0, 0.18915463681429837, 0.16279773006676565, 0,10, 0
0.8751413556841615, 0.0, 0.18565422322712927, 0.1595597243288588, 0,10, 0
0.8758065589037451, 0.0, 0.1911306652299882, 0.161626617740549, 1,10, 1
0.8760726401915785, 0.0, 0.1926795418621962, 0.15978736391474102, 1,10, 1
0.8768043637331204, 0.0, 0.18516199600059047, 0.15845191194670258, 2,10, 2
0.8792656156455797, 0.0, 0.18021470866772613, 0.15195897873809067, 2,10, 2
0.8803299407969134, 0.0, 0.17657622785870036, 0.15128019181886335, 2,10, 2
0.8805960220847469, 0.0, 0.17605577655782131, 0.1517037165880867, 1,10, 1
0.8789330140357879, 0.0, 0.1764075523383735, 0.1541987779140182, 0,10, 0
0.8808621033725803, 0.0, 0.17794546115091653, 0.1568911546904398, 0,10, 0
0.8799973391871216, 0.0, 0.17528416391415735, 0.1532243246791611, 0,10, 0
0.8812612253043305, 0.0, 0.17507903690338825, 0.1543759802855034, 0,10, 0
0.880795583050622, 0.0, 0.1775319633606603, 0.14836375411974456, 1,10, 1
0.8807290627286636, 0.0, 0.17847834897501158, 0.15271615780173645, 0,10, 0
0.8803964611188718, 0.0, 0.18113179025293152, 0.14943795283247774, 0,10, 0
0.8827911927093727, 0.0, 0.1705256171129249, 0.1525464031618581, 0,10, 0
0.8829907536752478, 0.0, 0.16886200794139256, 0.14897514232114561, 0,10, 0
0.8822590301337059, 0.0, 0.1732773246299432, 0.15283104617814738, 0,10, 0
0.8839220381826648, 0.0, 0.1700479038812448, 0.1480411098205419, 0,10, 0
0.8829242333532894, 0.0, 0.17608650071890974, 0.1517745254645762, 0,10, 0
0.8837224772167898, 0.0, 0.16870858593948995, 0.145607709496577, 0,10, 0
0.8842546397924566, 0.0, 0.1723329636782417, 0.14651235079731095, 0,10, 0
0.8843876804363733, 0.0, 0.16800947749518091, 0.14798849594167657, 0,10, 0
0.8851194039779152, 0.0, 0.16115673670396205, 0.14590246564085407, 0,10, 0
0.8855185259096654, 0.0, 0.16589685093128298, 0.14924397541628726, 0,10, 0
0.10077828776691279, 0.0, 0.8944213325400786, 0.36684194226088074, 0,10, 0
0.2751945719417282, 0.0, 0.7403291505084085, 0.4828636060095618, 0,10, 0
0.4239340118406173, 0.0, 0.6621408276779144, 0.3817433730102223, 0,10, 0
0.4790793587440963, 0.0, 0.6175952739764523, 0.300232649088947, 0,10, 0
0.6619437238076232, 0.0, 0.47202742143746285, 0.268022249613719, 3,10, 3
0.584647109692011, 0.0, 0.5878944969628843, 0.38023903841817286, 3,10, 3
0.6451140823521586, 0.0, 0.4915517960979882, 0.2779054689553129, 1,10, 1
0.6725204549990021, 0.0, 0.4531976074781729, 0.2667947830889782, 2,10, 2
0.6745160646577529, 0.0, 0.4463619068787581, 0.25226724693555697, 1,10, 1
0.6931417548060933, 0.0, 0.4051775932346951, 0.25285450873461235, 0,10, 0
0.6979977383090534, 0.0, 0.4314523913968188, 0.2501155744287189, 2,10, 2
0.7346504357081088, 0.0, 0.3807945884398153, 0.2490232943510396, 3,10, 3
0.7788864498104171, 0.0, 0.3680576063329513, 0.22970381358709066, 0,10, 0
0.762522450608661, 0.0, 0.35279447904461975, 0.22608388863226345, 0,10, 0
0.7649837025211202, 0.0, 0.3357598031926876, 0.218633832398988, 1,10, 1
0.7856715226501696, 0.0, 0.3332557268676552, 0.2206165060708355, 2,10, 2
0.7935874409632142, 0.0, 0.3305780018124013, 0.21869766847183103, 0,10, 0
0.792057473558172, 0.0, 0.34076583565321755, 0.22825524151226975, 3,10, 3
0.7902614248652964, 0.0, 0.3499014223266497, 0.22553925251572923, 2,10, 2
0.7994412292955498, 0.0, 0.31811247563830736, 0.21355546578321058, 0,10, 0
0.7958491319097984, 0.0, 0.3401764179556469, 0.22240497597460634, 1,10, 1
0.8011042373445088, 0.0, 0.3260282224362841, 0.21388637518996023, 0,10, 0
0.8147409033459722, 0.0, 0.3030938159160079, 0.20922560016650707, 1,10, 1
0.8144083017361804, 0.0, 0.2902707774426341, 0.2027740917156733, 0,10, 0
0.8112818466041376, 0.0, 0.3059765564167678, 0.2101631767795432, 3,10, 3
0.8118140091798044, 0.0, 0.29679983913670543, 0.20623973399033063, 0,10, 0
0.8166034723608062, 0.0, 0.2904216413389121, 0.20558516923965794, 1,10, 1
0.8253176345373512, 0.0, 0.2709177410818249, 0.19812543241068475, 0,10, 0
0.830107097718353, 0.0, 0.25888532025337585, 0.19305740927439127, 1,10, 1
0.8307723009379365, 0.0, 0.26584086869864565, 0.19498429065277548, 1,10, 1
0.83103838222577, 0.0, 0.26372451891823717, 0.1953533488260259, 0,10, 0
0.8353622031530633, 0.0, 0.2653149791916832, 0.19516134669373766, 0,10, 0
0.8386216989290228, 0.0, 0.24223558651654797, 0.18676845286214033, 1,10, 1
0.8395529834364398, 0.0, 0.23968209853886388, 0.18568860448115823, 0,10, 0
0.8420807556708575, 0.0, 0.2326475361586889, 0.18562961246453027, 0,10, 0
0.8448080888711501, 0.0, 0.23950298202848608, 0.18290575961854683, 0,10, 0
0.8442094059735249, 0.0, 0.23976342948062782, 0.18332064522425762, 1,10, 1
0.8462050156322757, 0.0, 0.22497741103804142, 0.18170257794230157, 1,10, 1
0.8551187387746957, 0.0, 0.22679635171921342, 0.1809602216934696, 0,10, 0
0.8515931617109027, 0.0, 0.23127234303388428, 0.18414417123240379, 1,10, 1
0.8504623162376106, 0.0, 0.2266758943691885, 0.18102648691910844, 1,10, 1
0.8528570478281114, 0.0, 0.22844490066482373, 0.17947986711262248, 0,10, 0
0.8517262023548194, 0.0, 0.22499543373183983, 0.17955486472174598, 0,10, 0
0.8554513403844874, 0.0, 0.21865727029893636, 0.17502434947616868, 0,10, 0
0.8560500232821127, 0.0, 0.21763562103120024, 0.1733230040212621, 0,10, 0
0.8597086409898224, 0.0, 0.21102093494778226, 0.17243872832092877, 1,10, 1
0.8606399254972394, 0.0, 0.21486796651030537, 0.17320588408196724, 1,10, 1
0.8606399254972394, 0.0, 0.21220058500903174, 0.17189160189998415, 0,10, 0
0.8591764784141556, 0.0, 0.22707707034627386, 0.17574172422576786, 0,10, 0
0.8623029335461984, 0.0, 0.22605533514820897, 0.17392060296072756, 2,10, 2
0.8621033725803233, 0.0, 0.2169887021856313, 0.17210340276249222, 0,10, 0
0.8609060067850728, 0.0, 0.22154192355947633, 0.17372607440182303, 0,10, 0
0.8635668196634072, 0.0, 0.22056473303965274, 0.17079674157257307, 1,10, 1
0.865761990288033, 0.0, 0.20713775778539525, 0.16537375938995724, 0,10, 0
0.86669327479545, 0.0, 0.2104055743929497, 0.16621125449288632, 0,10, 0
0.8650967870684494, 0.0, 0.21224033129259826, 0.17214127320334704, 0,10, 0
0.8651633073904078, 0.0, 0.21247464406297026, 0.16763885438697643, 0,10, 0
0.8667597951174084, 0.0, 0.20700837039814005, 0.1666328220113164, 0,10, 0
0.8678906405907004, 0.0, 0.21374897197361487, 0.16635626090205757, 0,10, 0
0.8685558438102841, 0.0, 0.2034895788759802, 0.16707738256847526, 3,10, 3
0.8682232422004923, 0.0, 0.20925282504939433, 0.16413436901891384, 0,10, 0
0.8684228031663673, 0.0, 0.21298539582478757, 0.1672334494810576, 0,10, 0
0.867624559302867, 0.0, 0.2061047773873117, 0.1658557213051903, 1,10, 1
0.8698862502494512, 0.0, 0.19805033494671778, 0.16256998390788727, 0,10, 0
0.8695536486396594, 0.0, 0.2049900698577912, 0.1600094797038035, 0,10, 0
0.8710170957227433, 0.0, 0.1955033348996632, 0.1613772729559721, 0,10, 0
0.8726135834497439, 0.0, 0.19776206252543738, 0.16226920650027876, 0,10, 0
0.8728796647375773, 0.0, 0.1930615820563596, 0.16045385544758584, 0,10, 0
0.8737444289230359, 0.0, 0.19380885998496783, 0.15316092675503967, 0,10, 0
0.8726801037717022, 0.0, 0.19920682696835063, 0.15659784999877926, 0,10, 0
0.8746091931084946, 0.0, 0.1895910604253283, 0.15453775250503468, 0,10, 0
0.8768043637331204, 0.0, 0.18377955572557106, 0.1527536851385965, 0,10, 0
0.8770704450209539, 0.0, 0.1817116712998779, 0.15484473038475907, 0,10, 0
0.8769374043770372, 0.0, 0.18753420819241687, 0.15509634832042102, 0,10, 0
0.8760726401915785, 0.0, 0.19120458239904992, 0.15935318904617135, 0,10, 0
0.8767378434111621, 0.0, 0.18688512982388528, 0.15353751364330223, 0,10, 0
0.8765382824452871, 0.0, 0.18885707666011786, 0.15884252148265937, 0,10, 0
0.8770039246989956, 0.0, 0.18791783477816623, 0.15771192034323225, 0,10, 0
0.8792656156455797, 0.0, 0.1815145385266737, 0.15527318210588484, 1,10, 1
0.8772034856648706, 0.0, 0.18709344899169125, 0.1549103621370521, 0,10, 0
0.8782678108162043, 0.0, 0.18222254090564635, 0.15141875917484685, 0,10, 0
0.8785338921040378, 0.0, 0.18236639647791317, 0.15072380427088386, 0,10, 0
0.8785338921040378, 0.0, 0.183638651801759, 0.1501734831105592, 1,10, 1
0.8782678108162043, 0.0, 0.19175607297338096, 0.15182361572601397, 1,10, 1
0.8802634204749551, 0.0, 0.1848369012337604, 0.15186856730493184, 0,10, 0
0.8795316969334132, 0.0, 0.17661415344466888, 0.14818375701281197, 0,10, 0
0.8801303798310384, 0.0, 0.1761797761982595, 0.14810567424650348, 0,10, 0
0.8795316969334132, 0.0, 0.1758905225769028, 0.1501779012620304, 0,10, 0
0.8797977782212466, 0.0, 0.1815056835232626, 0.15312505087980607, 1,10, 1
0.8802634204749551, 0.0, 0.18447036161085403, 0.15274977604399806, 1,10, 1
0.8816603472360807, 0.0, 0.18178137674581457, 0.15251382790659268, 0,10, 0
0.881926428523914, 0.0, 0.18135765479306074, 0.14990036814321755, 0,10, 0
0.8813942659482472, 0.0, 0.18523043967809558, 0.14965494526101664, 1,10, 1
0.8822590301337059, 0.0, 0.1778769163980409, 0.15030460380965605, 2,10, 2
0.8816603472360807, 0.0, 0.18011055561426959, 0.1492442740692107, 0,10, 0
0.8831903146411229, 0.0, 0.1753878978193897, 0.1447196945908486, 0,10, 0
0.8816603472360807, 0.0, 0.1852651367222165, 0.1502432667332204, 0,10, 0
0.8823920707776226, 0.0, 0.17550667828455807, 0.14666776453403213, 1,10, 1
0.8823920707776226, 0.0, 0.17948355627036863, 0.14842386176215783, 0,10, 0
0.884321160114415, 0.0, 0.17128352523618087, 0.14458737880414246, 0,10, 0
0.8837224772167898, 0.0, 0.17826625366603413, 0.14634230285745622, 0,10, 0
0.10077828776691279, 0.0, 0.8944213325400786, 0.36684194226088074, 0,10, 0
0.31657021219982706, 0.0, 0.7289891587659661, 0.47486726983416155, 0,10, 0
0.45825849797113016, 0.0, 0.5869512450139477, 0.29868446126082066, 0,10, 0
0.6149138561830639, 0.0, 0.5740557235284366, 0.3955601064856433, 0,10, 0
0.622164571276525, 0.0, 0.5794228444032999, 0.40046148801946374, 2,10, 2
0.6664671057007916, 0.0, 0.5219058467509301, 0.34323916367976937, 2,10, 2
0.7279318831903147, 0.0, 0.43006559131232647, 0.25406067631344276, 1,10, 1
0.7526109226368656, 0.0, 0.4022839628405933, 0.24832820724303012, 0,10, 0
0.7402381427526109, 0.0, 0.4369586343881695, 0.2631128376596057, 2,10, 2
0.7454267278653629, 0.0, 0.4110607372550082, 0.26324374286142344, 1,10, 1
0.7658484667065789, 0.0, 0.39629348380533214, 0.25529718762051995, 2,10, 2
0.7776890840151667, 0.0, 0.38130403658072354, 0.23125096971801007, 0,10, 0
0.7811481407570012, 0.0, 0.3790816970978135, 0.24220272898627887, 2,10, 2
0.792257034524047, 0.0, 0.3555735090904604, 0.22707760247395334, 0,10, 0
0.782944189449877, 0.0, 0.3541125504684271, 0.23113104263719225, 1,10, 1
0.788531896494379, 0.0, 0.351691397040476, 0.22318580842270097, 3,10, 3
0.7856715226501696, 0.0, 0.365539645273254, 0.24381470221451423, 0,10, 0
0.7879997339187121, 0.0, 0.3547730196539499, 0.22290051863962787, 2,10, 2
0.8111488059602209, 0.0, 0.3289499073763353, 0.23500427868390422, 2,10, 2
0.8229229029468502, 0.0, 0.29122487698982563, 0.20491568041857175, 0,10, 0
0.8194638462050157, 0.0, 0.305296745586218, 0.20844973415001372, 0,10, 0
0.8265150003326016, 0.0, 0.2811036552907473, 0.20656098027654168, 2,10, 2
0.8295084148207277, 0.0, 0.27332082843531946, 0.20415010953726195, 1,10, 1
0.8270471629082685, 0.0, 0.2960081292744264, 0.21587414887809597, 1,10, 1
0.8292423335328943, 0.0, 0.27750756008704325, 0.20948355564739157, 0,10, 0
0.8325018293088539, 0.0, 0.2729967633771847, 0.20743888099806726, 0,10, 0
0.8349630812213131, 0.0, 0.2630849918609959, 0.19636410106868865, 1,10, 1
0.8378899753874809, 0.0, 0.25592518474545484, 0.19763988183074147, 1,10, 1
0.8383556176411894, 0.0, 0.2597971374139448, 0.19928804442603856, 1,10, 1
0.8413490321293156, 0.0, 0.25349561930224374, 0.1954081947722788, 0,10, 0
0.8378234550655225, 0.0, 0.2661940611139268, 0.19782132116178341, 2,10, 2
0.8448746091931085, 0.0, 0.2431751691576854, 0.18967699905450494, 0,10, 0
0.845539812412692, 0.0, 0.2325010821731648, 0.19177442826886232, 2,10, 2
0.8456728530566088, 0.0, 0.24969118119546593, 0.19236480445798915, 0,10, 0
0.8491984301204017, 0.0, 0.22846032760997675, 0.1854458261149069, 0,10, 0
0.8517927226767777, 0.0, 0.23720927085108032, 0.18970561891148915, 1,10, 1
0.852391405574403, 0.0, 0.22760168686648913, 0.18400477677707713, 0,10, 0
0.8531231291159449, 0.0, 0.23740238447661077, 0.18059207965097013, 0,10, 0
0.8526574868622364, 0.0, 0.2422056841017767, 0.18266991725077897, 0,10, 0
0.8528570478281114, 0.0, 0.23081879810215775, 0.1880749784961569, 0,10, 0
0.8547861371649039, 0.0, 0.2292632636057796, 0.18725284190965996, 0,10, 0
0.8554513403844874, 0.0, 0.22907575423664447, 0.1818113021428623, 0,10, 0
0.8553182997405707, 0.0, 0.23307576153976442, 0.18716658515394063, 0,10, 0
0.8567817468236546, 0.0, 0.23239883289921612, 0.18046465669769846, 1,10, 1
0.8592429987361139, 0.0, 0.2318845693373962, 0.18099490459163742, 0,10, 0
0.8584447548726136, 0.0, 0.2258603246325582, 0.18104888615729908, 0,10, 0
0.8627685757999068, 0.0, 0.21400095513483489, 0.17582165295073826, 0,10, 0
0.8625690148340318, 0.0, 0.20985501997803524, 0.17601904531258772, 2,10, 2
0.860573405175281, 0.0, 0.2257362564161165, 0.17599805875223257, 1,10, 1
0.8590434377702388, 0.0, 0.23721557610801683, 0.17965870597474887, 1,10, 1
0.865761990288033, 0.0, 0.20627330350729509, 0.17454546155070788, 0,10, 0
0.8667597951174084, 0.0, 0.19572649168980313, 0.1709071793267657, 2,10, 2
0.8656289496441163, 0.0, 0.21042436252784585, 0.17353565318795677, 1,10, 1
0.8665602341515333, 0.0, 0.20740853408246315, 0.17003580694637066, 0,10, 0
0.8679571609126588, 0.0, 0.20112415371358786, 0.16786500349153397, 0,10, 0
0.8688219250981175, 0.0, 0.1980566866423355, 0.1666310853350446, 0,10, 0
0.8697532096055345, 0.0, 0.19478050433322744, 0.16667330344286238, 0,10, 0
0.871881859908202, 0.0, 0.19908494809703214, 0.16368307306730753, 0,10, 0
0.8705514534690348, 0.0, 0.19787999986950344, 0.16608295161118491, 0,10, 0
0.8684893234883256, 0.0, 0.20078673698365, 0.16465895325560007, 0,10, 0
0.8698862502494512, 0.0, 0.18904860151215327, 0.16266894344139993, 0,10, 0
0.8712166566886184, 0.0, 0.1977034861007813, 0.1630858477295982, 0,10, 0
0.8721479411960353, 0.0, 0.19301877078711666, 0.16341705009834542, 0,10, 0
0.8720149005521187, 0.0, 0.19203778339631858, 0.16230674558168637, 0,10, 0
0.8719483802301603, 0.0, 0.2021792625004809, 0.16322935359819715, 0,10, 0
0.8721479411960353, 0.0, 0.20161738023717324, 0.16300371575037886, 0,10, 0
0.873012705381494, 0.0, 0.19847928593035477, 0.16316449926873208, 0,10, 0
0.8728796647375773, 0.0, 0.19607164897176715, 0.16434762611928322, 0,10, 0
0.8712831770105768, 0.0, 0.19989041470247604, 0.16721846365364051, 0,10, 0
0.8750083150402448, 0.0, 0.1856000479178745, 0.15608410289704125, 0,10, 0
0.8741435508547861, 0.0, 0.1872362642728567, 0.16300954128095035, 0,10, 0
0.8751413556841615, 0.0, 0.18589994117643613, 0.15907111535969787, 0,10, 0
0.8745426727865363, 0.0, 0.18405057960774182, 0.1522969820074621, 0,10, 0
0.8760061198696202, 0.0, 0.18632668627138585, 0.15385635326588587, 0,10, 0
0.8768043637331204, 0.0, 0.1899077867826201, 0.1550419301112552, 0,10, 0
0.8762722011574536, 0.0, 0.18395396570321698, 0.15717174990935223, 0,10, 0
0.8774030466307456, 0.0, 0.18524973337664669, 0.15627348123227291, 0,10, 0
0.8772034856648706, 0.0, 0.18849598664264772, 0.15596003732261587, 1,10, 1
0.8789330140357879, 0.0, 0.1880027704126363, 0.15397569932905383, 0,10, 0
0.8783343311381627, 0.0, 0.18263372282599602, 0.15102031535233745, 0,10, 0
0.8802634204749551, 0.0, 0.18133519794338132, 0.15023859074854515, 1,10, 1
0.8797977782212466, 0.0, 0.1787028287377736, 0.1491457250059355, 1,10, 1
0.8781347701722876, 0.0, 0.18781351173522437, 0.15458415988817673, 1,10, 1
0.8787334530699129, 0.0, 0.18830881505008967, 0.15196593673144437, 0,10, 0
0.8809286236945387, 0.0, 0.17897026769614036, 0.15430526808314782, 1,10, 1
0.8799973391871216, 0.0, 0.18750292111071828, 0.1536681784792134, 1,10, 1
0.8796647375773299, 0.0, 0.18476402726854288, 0.14954497106574194, 1,10, 1
0.8789330140357879, 0.0, 0.19022080251441373, 0.1537986373197512, 0,10, 0
0.8799973391871216, 0.0, 0.19084244291969185, 0.15271418512706839, 0,10, 0
0.8790660546797047, 0.0, 0.18969530384028999, 0.1521876597319884, 0,10, 0
0.8809286236945387, 0.0, 0.18152387553038418, 0.14865577713484945, 1,10, 1
0.881926428523914, 0.0, 0.17673725953886202, 0.15083820325969335, 0,10, 0
0.8818599082019557, 0.0, 0.17231432113184172, 0.14929251030643884, 0,10, 0
0.8829907536752478, 0.0, 0.17172854811967578, 0.14866614537011352, 0,10, 0
0.8827246723874144, 0.0, 0.17523124947961677, 0.14757937300903984, 0,10, 0
0.8829242333532894, 0.0, 0.16963704202069066, 0.14776928939227824, 0,10, 0
0.8828577130313311, 0.0, 0.1727645666852261, 0.15149698942913783, 0,10, 0
0.8833233552850396, 0.0, 0.17045278894726734, 0.14505891694796402, 0,10, 0
0.8838555178607065, 0.0, 0.17027585147352434, 0.14536662065643374, 0,10, 0
0.884321160114415, 0.0, 0.1696411692284926, 0.14574055225525062, 0,10, 0
0.8848533226900818, 0.0, 0.17222008949722542, 0.14802377170502867, 0,10, 0
0.10077828776691279, 0.0, 0.8944213325400786, 0.36684194226088074, 0,10, 0
0.36100578726801036, 0.0, 0.6955187151465061, 0.33119757451143655, 0,10, 0
0.44448879132575003, 0.0, 0.6329779253825317, 0.39560590942719037, 0,10, 0
0.587440963214262, 0.0, 0.5777652386394945, 0.34236677978241664, 3,10, 3
0.5463314042439965, 0.0, 0.5856913900063442, 0.3184080349176869, 3,10, 3
0.5837158251845939, 0.0, 0.5371165389867643, 0.2995070477070875, 2,10, 2
0.6220980509545666, 0.0, 0.5306715914493068, 0.3495524068411752, 0,10, 0
0.6168429455198563, 0.0, 0.5381787750735995, 0.3261713343517394, 2,10, 2
0.6952704051087607, 0.0, 0.45005256937595806, 0.26813848664791295, 4,10, 4
0.6907470232155923, 0.0, 0.46060642173541455, 0.2695376802079908, 3,10, 3
0.7375108095523182, 0.0, 0.4231397932600953, 0.2548942159368206, 0,10, 0
0.7308587773564824, 0.0, 0.3920642948710404, 0.2431951532106143, 2,10, 2
0.7358478015033593, 0.0, 0.3983533389899448, 0.249159551981875, 2,10, 2
0.7522118007051154, 0.0, 0.38738636037850255, 0.2381880001615922, 1,10, 1
0.7737643850196235, 0.0, 0.36119473550354914, 0.23111908157113178, 1,10, 1
0.7691744828044967, 0.0, 0.3869135109977929, 0.23250074506834578, 1,10, 1
0.7872014900552119, 0.0, 0.36162180155619617, 0.22393576073703397, 2,10, 2
0.8026342047495509, 0.0, 0.326341412158964, 0.21316704392835317, 2,10, 2
0.7959821725537152, 0.0, 0.3487086248908948, 0.22318350102267032, 1,10, 1
0.8058271802035522, 0.0, 0.3241209569241935, 0.21654716990197023, 1,10, 1
0.813410496906805, 0.0, 0.3102671392296171, 0.21271816091976245, 0,10, 0
0.8078893101842612, 0.0, 0.334146601104814, 0.22525750857296242, 1,10, 1
0.8163373910729728, 0.0, 0.30232735465174243, 0.20999336279722647, 0,10, 0
0.8137430985165969, 0.0, 0.316029298835791, 0.2148821270451558, 0,10, 0
0.8079558305062197, 0.0, 0.33498108574677454, 0.22226186258061806, 2,10, 2
0.82212465908335, 0.0, 0.2820515507907268, 0.20653688373938978, 2,10, 2
0.824718951639726, 0.0, 0.2809839921840009, 0.2077713410938015, 1,10, 1
0.8269141222643518, 0.0, 0.2720132185760159, 0.202570517786064, 0,10, 0
0.8242533093860174, 0.0, 0.2989431521021726, 0.21189499996472624, 1,10, 1
0.8293753741768111, 0.0, 0.2660297537696762, 0.1978297220324155, 1,10, 1
0.8296414554646444, 0.0, 0.27078248290049695, 0.2010876085591164, 0,10, 0
0.8361604470165636, 0.0, 0.25396477595104683, 0.19416652350793626, 1,10, 1
0.8382225769972727, 0.0, 0.2525460954879579, 0.19440417968662685, 0,10, 0
0.839752544402315, 0.0, 0.2506635505169774, 0.18972667363443269, 0,10, 0
0.8436107230758997, 0.0, 0.2498757937756669, 0.19360146237525297, 0,10, 0
0.8444754872613583, 0.0, 0.24009969045555535, 0.1919221512833313, 0,10, 0
0.8485332269008182, 0.0, 0.23583766612715962, 0.18716168890557816, 0,10, 0
0.8474023814275261, 0.0, 0.24053202875816715, 0.18726324478142498, 0,10, 0
0.845539812412692, 0.0, 0.2360382135457167, 0.18752119278230986, 2,10, 2
0.8504623162376106, 0.0, 0.23748389832712682, 0.18701527438308538, 0,10, 0
0.851460121066986, 0.0, 0.23845492050120723, 0.1850467597033209, 0,10, 0
0.8562495842479878, 0.0, 0.22721629407180022, 0.1826289924130876, 0,10, 0
0.8563161045699461, 0.0, 0.23186549496113437, 0.18235246211878914, 3,10, 3
0.8537218120135701, 0.0, 0.23441623808014161, 0.18023367231562715, 0,10, 0
0.8587773564824054, 0.0, 0.21806116329931477, 0.17908161740699594, 1,10, 1
0.8597086409898224, 0.0, 0.21762207443212778, 0.17735443008890367, 1,10, 1
0.85777955165303, 0.0, 0.21790071760734483, 0.1744735459830032, 2,10, 2
0.8580456329408634, 0.0, 0.21722731516418378, 0.17813037358517175, 0,10, 0
0.8611055677509479, 0.0, 0.2086773305193044, 0.1739940289114928, 0,10, 0
0.8631011774096987, 0.0, 0.2145466017347728, 0.17208113242960288, 1,10, 1
0.8632342180536153, 0.0, 0.2100122439505051, 0.17322683619534743, 0,10, 0
0.8631011774096987, 0.0, 0.21572876938602392, 0.17253446995525898, 0,10, 0
0.8628350961218653, 0.0, 0.21259064830280594, 0.17083564625040334, 0,10, 0
0.8629016164438236, 0.0, 0.2253012021983917, 0.17194120433357798, 0,10, 0
0.8636998603073239, 0.0, 0.21790388503275818, 0.1704693208598106, 0,10, 0
0.8625024945120734, 0.0, 0.2245722704107338, 0.17240960374942169, 0,10, 0
0.8666267544734917, 0.0, 0.20921226834332438, 0.17202819816932335, 0,10, 0
0.8675580389809087, 0.0, 0.2050532418998894, 0.1758482837938448, 0,10, 0
0.8698862502494512, 0.0, 0.2048715990173355, 0.1696071773276812, 1,10, 1
0.8688884454200758, 0.0, 0.19870214403813746, 0.16949250961850534, 0,10, 0
0.868356282844409, 0.0, 0.20774133351252, 0.16755118864477836, 0,10, 0
0.8698862502494512, 0.0, 0.19783066980710212, 0.16495880291411702, 0,10, 0
0.8686888844542008, 0.0, 0.20380416477407906, 0.16956057316819406, 0,10, 0
0.8698197299274929, 0.0, 0.20042969944627445, 0.16715533574448543, 0,10, 0
0.8736779086010776, 0.0, 0.19142128860262428, 0.16279933978025682, 0,10, 0
0.8720149005521187, 0.0, 0.1951530569314501, 0.163541665288706, 0,10, 0
0.8725470631277855, 0.0, 0.1925205618454554, 0.15993696421220016, 0,10, 0
0.8723475021619105, 0.0, 0.19200893615829592, 0.16122268526387168, 0,10, 0
0.8753409166500365, 0.0, 0.18911338584446752, 0.16064265737536265, 0,10, 0
0.8754739572939533, 0.0, 0.1842308200791644, 0.15873583955889978, 0,10, 0
0.8754739572939533, 0.0, 0.1842573523209034, 0.15459445303310837, 0,10, 0
0.8739439898889111, 0.0, 0.18754708423223618, 0.1564638429108238, 0,10, 0
0.8744096321426196, 0.0, 0.18927494662578365, 0.15990157895547427, 1,10, 1
0.877270005986829, 0.0, 0.17852463305816688, 0.15556841372652988, 0,10, 0
0.8760726401915785, 0.0, 0.1829656583849911, 0.15682986882093553, 0,10, 0
0.8768043637331204, 0.0, 0.17563876764411396, 0.15333120140619877, 0,10, 0
0.8770039246989956, 0.0, 0.18321116258870265, 0.15739625716270803, 1,10, 1
0.8785338921040378, 0.0, 0.17867686751032516, 0.15896962395572292, 1,10, 1
0.8774030466307456, 0.0, 0.18202787179713872, 0.15813593667837295, 1,10, 1
0.8785338921040378, 0.0, 0.18210010879355282, 0.15522125663063982, 0,10, 0
0.8802634204749551, 0.0, 0.17757274622043767, 0.15392930475418504, 1,10, 1
0.8795316969334132, 0.0, 0.1876873014911973, 0.1537643791260057, 2,10, 2
0.8799973391871216, 0.0, 0.17717369843208886, 0.1526413472309366, 0,10, 0
0.8794651766114548, 0.0, 0.17875954921129442, 0.15180794285840413, 1,10, 1
0.878201290494246, 0.0, 0.1880535504210247, 0.15460886903492949, 0,10, 0
0.8807290627286636, 0.0, 0.17649307888266907, 0.14814491849006928, 0,10, 0
0.8811281846604138, 0.0, 0.17956851395740064, 0.1525518851980252, 0,10, 0
0.880795583050622, 0.0, 0.1759054196514322, 0.14691023229895964, 0,10, 0
0.8820594691678307, 0.0, 0.17406496401245508, 0.14721260707941053, 0,10, 0
0.8821925098117475, 0.0, 0.1694275588459834, 0.14457418851804046, 1,10, 1
0.8821925098117475, 0.0, 0.17110692933647073, 0.1477362319367841, 0,10, 0
0.8806625424067053, 0.0, 0.1740743988428787, 0.14866826385887547, 1,10, 1
0.882658152065456, 0.0, 0.171746867138596, 0.14771669797268633, 0,10, 0
0.8838555178607065, 0.0, 0.16990195700044106, 0.14757664417869867, 0,10, 0
0.8828577130313311, 0.0, 0.17491420259318943, 0.14805469448066105, 0,10, 0
0.8820594691678307, 0.0, 0.1717366572725745, 0.14714451644296406, 0,10, 0
0.8831237943191645, 0.0, 0.17088536410613375, 0.14518038164198432, 0,10, 0
0.8828577130313311, 0.0, 0.17354750915286704, 0.14809818950342707, 0,10, 0
0.8819929488458724, 0.0, 0.1844854191112217, 0.14844552153529375, 0,10, 0
0.8831237943191645, 0.0, 0.1803895871617042, 0.1459285297759332, 0,10, 0
0.8837224772167898, 0.0, 0.17245387681559288, 0.15030229533804837, 0,10, 0
