acuracia,loss,frr,fpr, removed, n_clf, tp_removed
0.09825051553249518, 0.0, 0.8944041643372586, 0.40467750686587217, 0,10, 0
0.28643650635269075, 0.0, 0.790519383897627, 0.47210412696525295, 0,10, 0
0.43331337723674584, 0.0, 0.6448922321249281, 0.3472127398799095, 0,10, 0
0.47715026940730393, 0.0, 0.633622479969418, 0.376899498724344, 0,10, 0
0.5067518126787733, 0.0, 0.6410373653198772, 0.42577846029469135, 0,10, 0
0.5729395330273398, 0.0, 0.5719402593942498, 0.3833101388372204, 0,10, 0
0.6215658883788997, 0.0, 0.4955044295298655, 0.28138531003197387, 0,10, 0
0.6278853189649438, 0.0, 0.5005789599578251, 0.2694819509494787, 0,10, 0
0.6253575467305261, 0.0, 0.4958127370754823, 0.30003263659119234, 0,10, 0
0.6787068449411295, 0.0, 0.4533191565100095, 0.26357609900820117, 0,10, 0
0.6570877403046631, 0.0, 0.4664724755327676, 0.25625793095153915, 0,10, 0
0.707576664671057, 0.0, 0.4062413426890438, 0.23670075932187845, 0,10, 0
0.6973990554114282, 0.0, 0.4330549600827054, 0.25381554646388205, 2,10, 2
0.7417681101576532, 0.0, 0.38491555237209263, 0.2592953491638146, 3,10, 3
0.7856715226501696, 0.0, 0.36640351213487926, 0.22713646529615847, 3,10, 3
0.786669327479545, 0.0, 0.36481166413399024, 0.24222724004153032, 5,10, 5
0.7984434244661744, 0.0, 0.33013689227600806, 0.23138642965932749, 3,10, 3
0.8029668063593428, 0.0, 0.32679231390974, 0.2215971820689039, 2,10, 2
0.8050954566620102, 0.0, 0.32624228696382057, 0.221502785601843, 2,10, 2
0.8056276192376771, 0.0, 0.3516603581649159, 0.23287065476116833, 4,10, 4
0.8111488059602209, 0.0, 0.3255197326237786, 0.22266222982488615, 4,10, 4
0.8131444156189715, 0.0, 0.3198847902887815, 0.2195239903336965, 1,10, 1
0.8204616510343911, 0.0, 0.3006004597215399, 0.218505499311968, 1,10, 1
0.8272467238741436, 0.0, 0.27934980044145336, 0.2072934960770953, 4,10, 4
0.8281780083815605, 0.0, 0.283260794085567, 0.203236156048322, 4,10, 4
0.825849797113018, 0.0, 0.2825942519730991, 0.2037667367633484, 2,10, 2
0.8305062196501031, 0.0, 0.25942739406084603, 0.19544859635202902, 2,10, 2
0.8303731790061863, 0.0, 0.26412648578033715, 0.19468634455483205, 0,10, 0
0.8294418944987694, 0.0, 0.26191451170009916, 0.19599944132581024, 3,10, 3
0.8410164305195237, 0.0, 0.23944379216897396, 0.19032620152713206, 2,10, 2
0.8311049025477283, 0.0, 0.2668831663353215, 0.19627702498877853, 3,10, 3
0.8398855850462317, 0.0, 0.2429013363818295, 0.1935003324047954, 2,10, 2
0.839220381826648, 0.0, 0.25372003086839084, 0.1946592804381473, 3,10, 3
0.8432116011441495, 0.0, 0.2492302904348697, 0.19316396453299553, 3,10, 3
0.8430120401782745, 0.0, 0.2586085116091643, 0.1929547619226563, 4,10, 4
0.8470032594957759, 0.0, 0.24224851954655433, 0.19033947889699904, 2,10, 2
0.8510609991352358, 0.0, 0.2301783192472873, 0.18784631622600997, 4,10, 4
0.852391405574403, 0.0, 0.2319357122485622, 0.1853361814484426, 6,10, 6
0.8535887713696534, 0.0, 0.22460569887517054, 0.18498869170838275, 1,10, 1
0.8532561697598616, 0.0, 0.22361296914376808, 0.18815297107987192, 3,10, 3
0.8535222510476951, 0.0, 0.2280492117061742, 0.1844203224352424, 3,10, 3
0.854054413623362, 0.0, 0.23445238497860418, 0.18626032627246975, 3,10, 3
0.8545200558770705, 0.0, 0.23394634082212953, 0.18788891944466815, 3,10, 3
0.8545200558770705, 0.0, 0.22345327586351194, 0.1780024919229431, 2,10, 2
0.8511940397791525, 0.0, 0.23105457901835907, 0.18046286809674558, 4,10, 4
0.8530566087939866, 0.0, 0.24788829182977876, 0.18800362468726164, 4,10, 4
0.8621033725803233, 0.0, 0.21078798524052744, 0.17802912795668313, 3,10, 3
0.8602408035654893, 0.0, 0.22052917695526048, 0.17749923719175087, 4,10, 4
0.8625024945120734, 0.0, 0.21316281020212607, 0.17709797144365433, 2,10, 2
0.8641655025610324, 0.0, 0.21656664262152986, 0.17605124833803917, 1,10, 1
0.8637663806292822, 0.0, 0.21503175579525277, 0.1760190697398132, 3,10, 3
0.8651633073904078, 0.0, 0.2119080593449662, 0.17402899465964403, 4,10, 4
0.861305128716823, 0.0, 0.2164639548552891, 0.17643949098982892, 5,10, 5
0.8636333399853655, 0.0, 0.21243082473235325, 0.17191690146122418, 4,10, 4
0.8648307057806159, 0.0, 0.20837732655935828, 0.1709121296837823, 1,10, 1
0.8674249983369919, 0.0, 0.2015962580471551, 0.169304887630528, 5,10, 5
0.8674249983369919, 0.0, 0.2054744231890807, 0.1647512053035409, 3,10, 3
0.8689549657420342, 0.0, 0.20293299116793892, 0.17342987661338616, 1,10, 1
0.8671589170491585, 0.0, 0.20560973903503876, 0.174574990887053, 5,10, 5
0.8684893234883256, 0.0, 0.20531669449762988, 0.1662210217415583, 2,10, 2
0.8712166566886184, 0.0, 0.20177414689643813, 0.1675975096190209, 5,10, 5
0.8708175347568682, 0.0, 0.2070304471926874, 0.17215908415416148, 4,10, 4
0.8716157786203685, 0.0, 0.1995001319050466, 0.1640049264523663, 2,10, 2
0.8723475021619105, 0.0, 0.19909753520555046, 0.16254928418077633, 2,10, 2
0.8752743963280782, 0.0, 0.18972331598466613, 0.16498926941454786, 2,10, 2
0.8751413556841615, 0.0, 0.20224358044471089, 0.16626311613492548, 1,10, 1
0.8742765914987028, 0.0, 0.20044631179685235, 0.16296199776686035, 4,10, 4
0.8758730792257035, 0.0, 0.18936786779094772, 0.16105921199566572, 2,10, 2
0.8740770305328278, 0.0, 0.19926445407076518, 0.1619309435195749, 3,10, 3
0.8772034856648706, 0.0, 0.1916648776647622, 0.16106399696852577, 3,10, 3
0.8748087540743698, 0.0, 0.19640945121190692, 0.1606358619756405, 3,10, 3
0.8770039246989956, 0.0, 0.18713917342805456, 0.15476287648814516, 3,10, 3
0.8772034856648706, 0.0, 0.19911609104431627, 0.15876509896951319, 3,10, 3
0.8782678108162043, 0.0, 0.18477028384168495, 0.15189374357873173, 4,10, 4
0.8756735182598284, 0.0, 0.18983374348495188, 0.1582552336997041, 2,10, 2
0.8776026075966208, 0.0, 0.1806929224413161, 0.15517092136887245, 3,10, 3
0.8761391605135369, 0.0, 0.1916487508130923, 0.16045372032221392, 2,10, 2
0.8786004124259962, 0.0, 0.1861594656970693, 0.15347497400900723, 2,10, 2
0.878001729528371, 0.0, 0.19043165336837212, 0.1553509305827515, 3,10, 3
0.8792656156455797, 0.0, 0.19124057074786613, 0.15470180074532386, 4,10, 4
0.8780682498503293, 0.0, 0.1893839803161283, 0.15507543230265558, 4,10, 4
0.8818599082019557, 0.0, 0.17609875747194134, 0.1516629639791943, 2,10, 2
0.8827246723874144, 0.0, 0.18177367703743028, 0.15513702972150287, 3,10, 3
0.8818599082019557, 0.0, 0.18056192281978364, 0.15480431720086327, 3,10, 3
0.8822590301337059, 0.0, 0.17963312938266562, 0.15109458184862523, 3,10, 3
0.881926428523914, 0.0, 0.18594403768352016, 0.1503221152929728, 2,10, 2
0.881926428523914, 0.0, 0.1882653098564748, 0.15538158569322041, 2,10, 2
0.8803964611188718, 0.0, 0.18459827525821648, 0.1519027217604935, 3,10, 3
0.8813277456262888, 0.0, 0.18360663646389536, 0.1519544828957349, 3,10, 3
0.8846537617242067, 0.0, 0.17675409348170157, 0.151356464009904, 3,10, 3
0.8837224772167898, 0.0, 0.1777404399289324, 0.14860349186054134, 1,10, 1
0.8849198430120402, 0.0, 0.1739362694071848, 0.14747201933430418, 4,10, 4
0.8839220381826648, 0.0, 0.17247496852654665, 0.1487299372501947, 3,10, 3
0.8847868023681235, 0.0, 0.17868852958816236, 0.15011593277146096, 3,10, 3
0.8844542007583317, 0.0, 0.1764242878211534, 0.1473874779114692, 3,10, 3
0.8837224772167898, 0.0, 0.17810071302881936, 0.14902556524475746, 4,10, 4
0.8853189649437904, 0.0, 0.16871722917866727, 0.1462246020978978, 7,10, 7
0.8849198430120402, 0.0, 0.1765340676266278, 0.15216201330306586, 2,10, 2
0.8863167697731656, 0.0, 0.1730988709905053, 0.14717510193629008, 1,10, 1
0.8849863633339985, 0.0, 0.1764373210885009, 0.15269334154292802, 2,10, 2
0.8866493713829575, 0.0, 0.17312171274346266, 0.14712572321641024, 1,10, 1
0.10077828776691279, 0.0, 0.8944213325400786, 0.36684194226088074, 0,10, 0
0.2702720681168097, 0.0, 0.771387478185634, 0.5049751703131625, 0,10, 0
0.35708108827246726, 0.0, 0.7636507438491895, 0.4969297004438454, 0,10, 0
0.4347768243198297, 0.0, 0.6759087087683742, 0.4544900070397207, 0,10, 0
0.476418545865762, 0.0, 0.6219005167872624, 0.41560160674871405, 0,10, 0
0.48606399254972393, 0.0, 0.6128880512629726, 0.41441335506317395, 0,10, 0
0.6554247322557041, 0.0, 0.4507463249447059, 0.2674071648340306, 0,10, 0
0.6395263753076564, 0.0, 0.5129965833097733, 0.35737800482939847, 0,10, 0
0.7594625157985765, 0.0, 0.3969389972533257, 0.24584985884692526, 0,10, 0
0.7545400119736579, 0.0, 0.3964854241913109, 0.2449236759151518, 0,10, 0
0.7656489057407038, 0.0, 0.3985623491654502, 0.24561347102298867, 0,10, 0
0.7689749218386217, 0.0, 0.3636585262590949, 0.23604384741001083, 0,10, 0
0.7559369387347835, 0.0, 0.4018355003726576, 0.2744288475550382, 4,10, 4
0.7964478148074237, 0.0, 0.33812792711291534, 0.23869256821966217, 2,10, 2
0.8054280582718021, 0.0, 0.32218892837807817, 0.22825937289066123, 1,10, 1
0.8178008381560566, 0.0, 0.30109848374966663, 0.21904811032658877, 2,10, 2
0.8155391472094725, 0.0, 0.3134632849997385, 0.22671903454467285, 5,10, 5
0.8136765781946385, 0.0, 0.32989412530149453, 0.2361619463839738, 2,10, 2
0.8180003991219318, 0.0, 0.3043298807575998, 0.22241817480763423, 1,10, 1
0.8217255371515998, 0.0, 0.29717354118232275, 0.21512382580861641, 4,10, 4
0.82212465908335, 0.0, 0.2940773034571001, 0.21807451332350902, 3,10, 3
0.8246524313177676, 0.0, 0.2792765390149448, 0.21207599695868434, 2,10, 2
0.8199960087806825, 0.0, 0.2770265986279403, 0.21298817540377343, 5,10, 5
0.8246524313177676, 0.0, 0.27852677866571374, 0.21151820730640242, 6,10, 6
0.8305062196501031, 0.0, 0.27800307853055467, 0.2033274597287447, 2,10, 2
0.8327013902747289, 0.0, 0.255483252303949, 0.2004977981984417, 3,10, 3
0.8383556176411894, 0.0, 0.24527235385100202, 0.19659297873827689, 4,10, 4
0.839752544402315, 0.0, 0.24876708590282492, 0.20048317478852615, 3,10, 3
0.8368921705581055, 0.0, 0.253858301316694, 0.20012373427347668, 4,10, 4
0.8407503492316902, 0.0, 0.2515406642424724, 0.202588173096575, 4,10, 4
0.8412825118073571, 0.0, 0.24395395453986482, 0.19545071206220996, 2,10, 2
0.8440763653296082, 0.0, 0.2319930542960997, 0.19537523698990875, 3,10, 3
0.8448080888711501, 0.0, 0.2444844462931168, 0.19793268297124114, 4,10, 4
0.848666267544735, 0.0, 0.2401990067082008, 0.19589096937154046, 5,10, 5
0.849065389476485, 0.0, 0.2360365600310522, 0.1943266134360981, 1,10, 1
0.8499301536619437, 0.0, 0.2508495158665669, 0.1973721571780862, 1,10, 1
0.851659682032861, 0.0, 0.2426433409546808, 0.19514507672833759, 2,10, 2
0.85332269008182, 0.0, 0.2357380940830501, 0.19417493616356066, 3,10, 3
0.8517262023548194, 0.0, 0.23840826872373097, 0.19103744765988095, 2,10, 2
0.8552517794186124, 0.0, 0.21890675561378933, 0.1890617113100437, 4,10, 4
0.8595090800239473, 0.0, 0.21544974838630754, 0.18233608427971693, 4,10, 4
0.858710836160447, 0.0, 0.228384043657399, 0.18756871526647725, 5,10, 5
0.8587773564824054, 0.0, 0.22761708318515209, 0.1845107135638682, 3,10, 3
0.8593760393800306, 0.0, 0.22915719526488224, 0.18318609576204342, 3,10, 3
0.8603073238874476, 0.0, 0.21559353072986248, 0.18058423563200104, 4,10, 4
0.8625690148340318, 0.0, 0.20794266600935354, 0.17759939704201566, 4,10, 4
0.8621698929022816, 0.0, 0.2087708189072486, 0.17623419409214608, 4,10, 4
0.8635002993414488, 0.0, 0.21482709653524734, 0.17872533822736947, 6,10, 6
0.8658285106099913, 0.0, 0.20808480794069598, 0.17718329352020418, 4,10, 4
0.8641655025610324, 0.0, 0.22155234678845853, 0.17699582087134885, 1,10, 1
0.863899421273199, 0.0, 0.2192706393699807, 0.18093261124831184, 3,10, 3
0.8652963480343245, 0.0, 0.21995017627445151, 0.18071710539654615, 3,10, 3
0.8656954699660746, 0.0, 0.2071299972327123, 0.17085506206328852, 3,10, 3
0.8673584780150336, 0.0, 0.2080969698624907, 0.17454709958332265, 4,10, 4
0.8677575999467837, 0.0, 0.21240617546437446, 0.17375934487375222, 4,10, 4
0.8676910796248254, 0.0, 0.21204620559084547, 0.18016421847604075, 2,10, 2
0.868356282844409, 0.0, 0.21120216831174704, 0.17606810815302776, 3,10, 3
0.8700192908933679, 0.0, 0.1956561276187351, 0.16896884776729418, 3,10, 3
0.869287567351826, 0.0, 0.1957477489570787, 0.1706796415290801, 4,10, 4
0.8698197299274929, 0.0, 0.198833508028381, 0.16681100267823318, 1,10, 1
0.8714162176544934, 0.0, 0.19378631350547823, 0.16875063012089794, 0,10, 0
0.8731457460254107, 0.0, 0.19036113433335788, 0.1667965827390994, 3,10, 3
0.8712166566886184, 0.0, 0.19148394394228999, 0.16600880604641371, 4,10, 4
0.8708175347568682, 0.0, 0.1917140094053308, 0.1626981424700966, 5,10, 5
0.8712831770105768, 0.0, 0.20039433558385172, 0.16636116577791152, 0,10, 0
0.8728796647375773, 0.0, 0.19159002937932434, 0.16093441415760906, 5,10, 5
0.8737444289230359, 0.0, 0.1841818898002817, 0.16922908166440798, 1,10, 1
0.8730792257034524, 0.0, 0.18907641957302954, 0.1688755097952331, 3,10, 3
0.8738109492449944, 0.0, 0.18670000379944138, 0.16193597278692862, 3,10, 3
0.8764717621233287, 0.0, 0.18334199765786102, 0.15919759278217438, 4,10, 4
0.8742100711767445, 0.0, 0.19213375114673353, 0.15969445850871833, 3,10, 3
0.8760726401915785, 0.0, 0.18627654150285097, 0.15933308410802005, 4,10, 4
0.8750748353622032, 0.0, 0.1849851668355291, 0.1581458171515535, 1,10, 1
0.8757400385817867, 0.0, 0.184928119500646, 0.15871295028301127, 0,10, 0
0.8762722011574536, 0.0, 0.18268185472182896, 0.15994958091326095, 5,10, 5
0.8761391605135369, 0.0, 0.18761088194524592, 0.1617308309544052, 6,10, 6
0.8785338921040378, 0.0, 0.1798177371651392, 0.15373733247152102, 2,10, 2
0.878201290494246, 0.0, 0.18494461520569466, 0.15143094389164904, 5,10, 5
0.8787999733918712, 0.0, 0.1788291501207039, 0.1463389426994378, 4,10, 4
0.8793986562894964, 0.0, 0.17731319336488618, 0.14701245458984832, 3,10, 3
0.8779352092064125, 0.0, 0.18670354049170865, 0.15291776025677353, 2,10, 2
0.8801303798310384, 0.0, 0.1751663051462101, 0.15299031944025618, 2,10, 2
0.8799973391871216, 0.0, 0.17637586310271675, 0.15450810569507387, 3,10, 3
0.8811947049823721, 0.0, 0.18107834990945662, 0.15505147058747967, 4,10, 4
0.8805960220847469, 0.0, 0.18216117976920942, 0.1524146682480006, 3,10, 3
0.8802634204749551, 0.0, 0.17261135459641558, 0.15263137558756723, 4,10, 4
0.8803964611188718, 0.0, 0.17827625782232379, 0.15258254552738584, 1,10, 1
0.8816603472360807, 0.0, 0.17306612701725688, 0.15017315527421635, 2,10, 2
0.8805960220847469, 0.0, 0.1759977153997472, 0.1485007362340759, 2,10, 2
0.8823920707776226, 0.0, 0.1783674741290083, 0.14872409782362817, 6,10, 6
0.8813277456262888, 0.0, 0.17978066846419263, 0.1527641838144811, 4,10, 4
0.8820594691678307, 0.0, 0.17891885918908923, 0.14807681789348054, 5,10, 5
0.8829242333532894, 0.0, 0.17118450194300913, 0.14493064772308248, 2,10, 2
0.880995144016497, 0.0, 0.17919470878417612, 0.14885679017301506, 2,10, 2
0.8821259894897892, 0.0, 0.1718588668069384, 0.14604850025325575, 2,10, 2
0.8833898756069979, 0.0, 0.1730850817920967, 0.14885852644001488, 2,10, 2
0.8842546397924566, 0.0, 0.1765839168296337, 0.1479140790804254, 2,10, 2
0.8844542007583317, 0.0, 0.17035428392123286, 0.14911032478807024, 4,10, 4
0.8837889975387481, 0.0, 0.17364572120401509, 0.14459236514921975, 4,10, 4
0.8831903146411229, 0.0, 0.17637975641783654, 0.14559300727509067, 1,10, 1
0.8849863633339985, 0.0, 0.177991834118209, 0.1460992131834556, 2,10, 2
0.10077828776691279, 0.0, 0.8944213325400786, 0.36684194226088074, 0,10, 0
0.28703518925031596, 0.0, 0.7868931160619623, 0.3681137770974336, 0,10, 0
0.381361005787268, 0.0, 0.7309029568417463, 0.45576210242878806, 0,10, 0
0.4984367724339786, 0.0, 0.6539087906647523, 0.43941885015450227, 0,10, 0
0.5976850927958491, 0.0, 0.5602381474857278, 0.3099515868068536, 0,10, 0
0.6032062795183929, 0.0, 0.5658011435767967, 0.39583928118045775, 0,10, 0
0.6811680968535888, 0.0, 0.4950751230090234, 0.31279121051211173, 0,10, 0
0.6806359342779219, 0.0, 0.491004651745451, 0.28224362466384184, 0,10, 0
0.7017893966606799, 0.0, 0.49153844018422077, 0.2741362915652425, 0,10, 0
0.6996607463580123, 0.0, 0.48523946701180537, 0.2906212035350574, 0,10, 0
0.7417681101576532, 0.0, 0.3979244108803695, 0.24377044344959958, 0,10, 0
0.7598616377303267, 0.0, 0.38837643833563495, 0.24446557906954264, 0,10, 0
0.7641189383356616, 0.0, 0.36791852920769663, 0.23765672762025333, 3,10, 3
0.747688418811947, 0.0, 0.39205287792598276, 0.25180907401255714, 3,10, 3
0.7937204816071309, 0.0, 0.33888533021777406, 0.2283579128030743, 2,10, 2
0.7945187254706313, 0.0, 0.3276532213711718, 0.2279801549421494, 2,10, 2
0.8016363999201757, 0.0, 0.2980848246696541, 0.2143685579963449, 2,10, 2
0.7973125789928823, 0.0, 0.3108869716193537, 0.21684489710292582, 3,10, 3
0.7970464977050489, 0.0, 0.3210150317132024, 0.21878156048973413, 4,10, 4
0.8075567085744695, 0.0, 0.2997446282007546, 0.21127851759915373, 1,10, 1
0.8171356349364731, 0.0, 0.3029308210490837, 0.21271152286348857, 3,10, 3
0.8155391472094725, 0.0, 0.29653506557835096, 0.21543996093672707, 2,10, 2
0.8086210337258032, 0.0, 0.31849810979759047, 0.22233804526414574, 5,10, 5
0.8212598948978913, 0.0, 0.28024453217788525, 0.20893518710663528, 3,10, 3
0.8193973258830572, 0.0, 0.2902975914751668, 0.20759821178364216, 4,10, 4
0.8277788864498105, 0.0, 0.28318670691472947, 0.2038111522340791, 3,10, 3
0.8297079757866028, 0.0, 0.268542156643715, 0.19744091590570814, 2,10, 2
0.8320361870551454, 0.0, 0.2650942146465109, 0.20162047845698794, 1,10, 1
0.8342313576797712, 0.0, 0.2589130755144496, 0.2006119843703203, 2,10, 2
0.8295749351426861, 0.0, 0.26885307496094013, 0.2052531573536501, 3,10, 3
0.837357812811814, 0.0, 0.2578763423982203, 0.1992897302587664, 2,10, 2
0.8374908534557307, 0.0, 0.24603364216418508, 0.19851696521088222, 3,10, 3
0.8413490321293156, 0.0, 0.23427673736489776, 0.19411786794770344, 1,10, 1
0.8402181866560234, 0.0, 0.2508200127323096, 0.19387953627012883, 4,10, 4
0.8468036985299009, 0.0, 0.23177497649532713, 0.18887442258269296, 1,10, 1
0.849065389476485, 0.0, 0.23479116890927842, 0.1950517871175353, 3,10, 3
0.8508614381693608, 0.0, 0.227460324516036, 0.18929521734207086, 2,10, 2
0.8513936007450276, 0.0, 0.2261146963887512, 0.18415442670271998, 2,10, 2
0.8523248852524447, 0.0, 0.22391399566744088, 0.18420458148725977, 3,10, 3
0.8529235681500699, 0.0, 0.22421306558830384, 0.18362052403034568, 2,10, 2
0.8543204949111953, 0.0, 0.222252488937084, 0.1831064909590132, 2,10, 2
0.8532561697598616, 0.0, 0.22507581843636612, 0.18506677378378053, 3,10, 3
0.8564491452138628, 0.0, 0.22756102367273065, 0.18344100044318565, 3,10, 3
0.8555843810284042, 0.0, 0.22379658119911153, 0.18310657383930112, 3,10, 3
0.8567817468236546, 0.0, 0.2241783994151093, 0.18422839805355246, 3,10, 3
0.8604403645313643, 0.0, 0.20371421018716615, 0.17850028465130202, 3,10, 3
0.859642120667864, 0.0, 0.219007810349008, 0.17935952683983974, 2,10, 2
0.8618372912924899, 0.0, 0.20733241103378233, 0.1797792232185294, 3,10, 3
0.8644981041708242, 0.0, 0.20788880131732365, 0.1763706333703195, 3,10, 3
0.8625024945120734, 0.0, 0.20684111826650917, 0.1772685093788279, 3,10, 3
0.8634337790194905, 0.0, 0.204185401642684, 0.17463034592719864, 4,10, 4
0.8640324619171157, 0.0, 0.20315930460984152, 0.17197653243821812, 2,10, 2
0.8680236812346172, 0.0, 0.2060953282431283, 0.17180951826223748, 3,10, 3
0.8674915186589504, 0.0, 0.1988911221960164, 0.16832661904660406, 4,10, 4
0.8674915186589504, 0.0, 0.20371399713245558, 0.17221800412816146, 0,10, 0
0.8674915186589504, 0.0, 0.1986832099362787, 0.16976053663661797, 2,10, 2
0.8678241202687421, 0.0, 0.19615135804920275, 0.1655700910822942, 2,10, 2
0.8669593560832835, 0.0, 0.19784340054345811, 0.17010196130246144, 3,10, 3
0.8668263154393667, 0.0, 0.20244370277152457, 0.16663170963333723, 5,10, 5
0.8672919576930752, 0.0, 0.20518496818643112, 0.1679509847992993, 4,10, 4
0.8672919576930752, 0.0, 0.20480933033121626, 0.17065086870799676, 3,10, 3
0.8698862502494512, 0.0, 0.19833561976212138, 0.16806688072700918, 1,10, 1
0.8698862502494512, 0.0, 0.19645304136364458, 0.16854370054255685, 4,10, 4
0.8712166566886184, 0.0, 0.19492289888576506, 0.16577877973114433, 2,10, 2
0.8716157786203685, 0.0, 0.19634105462675816, 0.16296815466391132, 1,10, 1
0.8720149005521187, 0.0, 0.19971537213181506, 0.16728263387325254, 2,10, 2
0.8714827379764518, 0.0, 0.20471782493874646, 0.16670073141865363, 4,10, 4
0.872813144415619, 0.0, 0.1976677597062475, 0.16335974482818855, 3,10, 3
0.872081420874077, 0.0, 0.20608562449260862, 0.16675757605671812, 4,10, 4
0.8724805428058272, 0.0, 0.20280649964719172, 0.16019709499093104, 5,10, 5
0.8744096321426196, 0.0, 0.19172909988439954, 0.16642453560661655, 4,10, 4
0.8736779086010776, 0.0, 0.19078867599477622, 0.16078683361277452, 2,10, 2
0.8738774695669527, 0.0, 0.18121271039036801, 0.16354547331207317, 3,10, 3
0.8752743963280782, 0.0, 0.1868050377445982, 0.1575793686669712, 6,10, 6
0.8748752743963281, 0.0, 0.19001038414515004, 0.16174999714931, 3,10, 3
0.8750748353622032, 0.0, 0.19249901318832915, 0.16076669417753153, 3,10, 3
0.875407436971995, 0.0, 0.19191355655543885, 0.15615919136942027, 0,10, 0
0.8769374043770372, 0.0, 0.18637528293213393, 0.15685950880321864, 2,10, 2
0.8763387214794119, 0.0, 0.18265665721992416, 0.15867057162537418, 3,10, 3
0.8764717621233287, 0.0, 0.1875607526012596, 0.155801128427976, 4,10, 4
0.8767378434111621, 0.0, 0.19221187296882453, 0.15366570247617656, 6,10, 6
0.8780682498503293, 0.0, 0.18628271821130826, 0.15525780134566253, 4,10, 4
0.8789995343577462, 0.0, 0.18504591747812246, 0.15815338878936025, 1,10, 1
0.8795316969334132, 0.0, 0.18229803638717978, 0.15431426918408625, 1,10, 1
0.8792656156455797, 0.0, 0.18259600628654546, 0.15154616056872466, 2,10, 2
0.8805960220847469, 0.0, 0.1802698123580943, 0.15427031104349398, 2,10, 2
0.8789330140357879, 0.0, 0.18284842799109627, 0.15643993455077065, 1,10, 1
0.8820594691678307, 0.0, 0.18084167599327164, 0.15113443727032957, 3,10, 3
0.8786004124259962, 0.0, 0.18950615427088663, 0.15736194772584772, 3,10, 3
0.8803299407969134, 0.0, 0.1809728292835385, 0.15542037230195258, 2,10, 2
0.8806625424067053, 0.0, 0.17977734751936186, 0.14939658158626645, 1,10, 1
0.8808621033725803, 0.0, 0.1802115170466309, 0.15687155464675778, 3,10, 3
0.8825916317434976, 0.0, 0.17555961131299327, 0.149613892473651, 4,10, 4
0.880995144016497, 0.0, 0.17588703986918855, 0.1529765106790871, 5,10, 5
0.8823255504556642, 0.0, 0.17666632328201054, 0.1506983588696573, 3,10, 3
0.8829242333532894, 0.0, 0.17868937913556912, 0.14568200034372294, 1,10, 1
0.8825251114215393, 0.0, 0.17847224935189296, 0.1526126355219289, 5,10, 5
0.8829907536752478, 0.0, 0.18127249693285463, 0.15117955209938516, 1,10, 1
0.8832568349630813, 0.0, 0.17514161755850008, 0.1500550779368295, 5,10, 5
0.8831237943191645, 0.0, 0.17149795574009857, 0.14883317950135277, 3,10, 3
0.8846537617242067, 0.0, 0.16421937029418796, 0.14507173821399338, 3,10, 3
0.10077828776691279, 0.0, 0.8944213325400786, 0.36684194226088074, 0,10, 0
0.24971728863167697, 0.0, 0.7592242098873412, 0.48353588692166305, 0,10, 0
0.3908734118273132, 0.0, 0.6482253087138082, 0.3961798627713247, 0,10, 0
0.49131909798443424, 0.0, 0.6069062029129103, 0.28589480844491827, 0,10, 0
0.5042240404443558, 0.0, 0.5871472409706643, 0.3021978104157687, 0,10, 0
0.5483935342247056, 0.0, 0.5652894115261053, 0.32119083971689, 0,10, 0
0.597285970864099, 0.0, 0.5278636418247382, 0.3179952596303773, 0,10, 0
0.5858444754872614, 0.0, 0.5242904096095217, 0.2719320995664146, 0,10, 0
0.6703252843743763, 0.0, 0.45366633274656204, 0.25771130707592144, 0,10, 0
0.6556242932215792, 0.0, 0.4777203361278689, 0.30798781457987745, 0,10, 0
0.7333865495909, 0.0, 0.3897418588798016, 0.24040406450417529, 0,10, 0
0.7510809552318233, 0.0, 0.3645343356820476, 0.24239565048759446, 0,10, 0
0.7644515399454533, 0.0, 0.36309157371221695, 0.23850526999967417, 2,10, 2
0.7510809552318233, 0.0, 0.395463349815416, 0.2511347046462494, 4,10, 4
0.7316570212199827, 0.0, 0.41244269283927404, 0.2630288477645037, 2,10, 2
0.7778886449810417, 0.0, 0.3405211984743225, 0.22298692484010213, 3,10, 3
0.7903279451872547, 0.0, 0.337610128895381, 0.2294154817603222, 4,10, 4
0.7824785471961684, 0.0, 0.34530524802061363, 0.22926912685037962, 3,10, 3
0.7977117009246325, 0.0, 0.31944908783505216, 0.22628280590915392, 0,10, 0
0.8013037983103838, 0.0, 0.3064665758213046, 0.21941446242363363, 5,10, 5
0.8036320095789263, 0.0, 0.30331930440254706, 0.21621885472372426, 3,10, 3
0.8162708707510145, 0.0, 0.27044042577943916, 0.20056671600453113, 2,10, 2
0.8215259761857248, 0.0, 0.2747027305636974, 0.20574157014600306, 4,10, 4
0.8147409033459722, 0.0, 0.2728639195139304, 0.20463587558616714, 3,10, 3
0.8161378301070977, 0.0, 0.276589828857705, 0.2096576326096353, 4,10, 4
0.8130778952970132, 0.0, 0.2844580954591566, 0.21186315797943894, 3,10, 3
0.8181334397658485, 0.0, 0.277339631394036, 0.20801512166772995, 2,10, 2
0.8223907403711834, 0.0, 0.28165235366757807, 0.20718497210676343, 4,10, 4
0.8239207077762256, 0.0, 0.26802989508986647, 0.2006412129100083, 2,10, 2
0.8279784474156855, 0.0, 0.2642681843552192, 0.19737881440327282, 4,10, 4
0.8384221379631478, 0.0, 0.24110425308905747, 0.19360599159849187, 4,10, 4
0.839020820860773, 0.0, 0.24705906921419993, 0.19677242173362355, 3,10, 3
0.8404842679438569, 0.0, 0.23929460747911968, 0.1966111429418166, 4,10, 4
0.8398855850462317, 0.0, 0.24305158345303945, 0.19248228231267103, 3,10, 3
0.8421472759928158, 0.0, 0.2316760269200727, 0.18986026102260067, 4,10, 4
0.8426129182465243, 0.0, 0.23551774143706652, 0.18898336191268306, 2,10, 2
0.8407503492316902, 0.0, 0.2373181958377454, 0.18926391144289442, 3,10, 3
0.8420142353488991, 0.0, 0.2446341025751285, 0.1905888806189494, 1,10, 1
0.8421472759928158, 0.0, 0.25031458750356383, 0.1926710050341622, 2,10, 2
0.8458724140224839, 0.0, 0.23901696358274052, 0.17882426580781133, 1,10, 1
0.8498636333399854, 0.0, 0.2304770249094757, 0.18322099528675934, 4,10, 4
0.8515266413889443, 0.0, 0.23110383254028669, 0.18305783983379548, 3,10, 3
0.8521253242865695, 0.0, 0.23805850621138408, 0.1854606068010146, 5,10, 5
0.8531231291159449, 0.0, 0.2350865479725389, 0.18858024984526536, 5,10, 5
0.8533892104037784, 0.0, 0.2305053162077978, 0.1855544244877898, 4,10, 4
0.8541209339453203, 0.0, 0.2228347605840158, 0.17864352342837, 4,10, 4
0.8519922836426528, 0.0, 0.23216285826419306, 0.17740141335355053, 5,10, 5
0.8547861371649039, 0.0, 0.22506569192403475, 0.17818150907655622, 3,10, 3
0.8599082019556975, 0.0, 0.21509267188545703, 0.17706629240481203, 5,10, 5
0.8600412425996142, 0.0, 0.22231468856789946, 0.17922695925430726, 7,10, 7
0.8603073238874476, 0.0, 0.20309548207427588, 0.16901927960500632, 3,10, 3
0.8610390474289895, 0.0, 0.2153081257189033, 0.17397541815020748, 3,10, 3
0.8629016164438236, 0.0, 0.2043794406702358, 0.16791174750410603, 4,10, 4
0.8609060067850728, 0.0, 0.22010787004901167, 0.1754458385472278, 6,10, 6
0.8616377303266147, 0.0, 0.21789220256154238, 0.17141359551695134, 4,10, 4
0.8625690148340318, 0.0, 0.2100185217067617, 0.16617635258166114, 6,10, 6
0.8628350961218653, 0.0, 0.2059787125135891, 0.1704563889051223, 2,10, 2
0.8644981041708242, 0.0, 0.20600668092463095, 0.17221739449162046, 1,10, 1
0.8650967870684494, 0.0, 0.20813391438092943, 0.1706596190317179, 5,10, 5
0.8663606731856582, 0.0, 0.2025276722507535, 0.17125835749327262, 4,10, 4
0.8658950309319497, 0.0, 0.19841850541268463, 0.16756728987433114, 5,10, 5
0.8674249983369919, 0.0, 0.198761245182696, 0.16949494361674386, 0,10, 0
0.8666267544734917, 0.0, 0.20328783284720522, 0.16767748921292366, 2,10, 2
0.8670258764052418, 0.0, 0.21440876960844826, 0.1709890641007911, 4,10, 4
0.8679571609126588, 0.0, 0.20783889984577456, 0.16893982532901028, 4,10, 4
0.868356282844409, 0.0, 0.2021260086594479, 0.16337501414954436, 4,10, 4
0.8656289496441163, 0.0, 0.2109254175508214, 0.1606425164179922, 2,10, 2
0.869287567351826, 0.0, 0.20173839992316825, 0.1659338940797089, 4,10, 4
0.8688219250981175, 0.0, 0.1982332871272831, 0.1677784428703615, 0,10, 0
0.8686223641322424, 0.0, 0.1990109388992472, 0.16739540260715, 5,10, 5
0.8703518925031597, 0.0, 0.19940088553020863, 0.1642897904420921, 1,10, 1
0.8702853721812014, 0.0, 0.19602890203372816, 0.16106492879584602, 2,10, 2
0.8704849331470764, 0.0, 0.19427264045927192, 0.16114347308258814, 1,10, 1
0.8719483802301603, 0.0, 0.18985037466988608, 0.1634927476776809, 3,10, 3
0.8734783476352026, 0.0, 0.1878662478513382, 0.16486635663019233, 2,10, 2
0.8729461850595357, 0.0, 0.1898824010951601, 0.16200178290537376, 4,10, 4
0.8732787866693275, 0.0, 0.18809633751971422, 0.16065540812502724, 1,10, 1
0.8734118273132442, 0.0, 0.18932419979038292, 0.15984369298303341, 3,10, 3
0.8738774695669527, 0.0, 0.19156760099688663, 0.1572382534194189, 4,10, 4
0.8753409166500365, 0.0, 0.18281268091517852, 0.15686466165688343, 2,10, 2
0.875407436971995, 0.0, 0.1823636151185321, 0.15945038641079784, 5,10, 5
0.8763387214794119, 0.0, 0.1798641981224123, 0.15329683105653358, 3,10, 3
0.8758065589037451, 0.0, 0.18223772562208157, 0.15811903904851807, 2,10, 2
0.8769374043770372, 0.0, 0.18044477048327098, 0.15754311709746985, 4,10, 4
0.8788664937138295, 0.0, 0.18423791563350786, 0.15398533274385748, 3,10, 3
0.8751413556841615, 0.0, 0.18925463010757795, 0.15644462211889285, 1,10, 1
0.8787334530699129, 0.0, 0.17451667448175606, 0.15080511372559785, 1,10, 1
0.8775360872746624, 0.0, 0.18267659455349186, 0.14934731787816333, 3,10, 3
0.878201290494246, 0.0, 0.18127766559647668, 0.1537083898688902, 2,10, 2
0.8768708840550788, 0.0, 0.18305142048270653, 0.14994112656032754, 3,10, 3
0.8798642985432049, 0.0, 0.17783637732504826, 0.15158133158620038, 2,10, 2
0.8786004124259962, 0.0, 0.1783670587613585, 0.15201850412294443, 3,10, 3
0.8793986562894964, 0.0, 0.1758907849473707, 0.15006705365890657, 3,10, 3
0.8799308188651633, 0.0, 0.17640458691909275, 0.15149079303954224, 3,10, 3
0.8803299407969134, 0.0, 0.17664771608516813, 0.14730799947880624, 2,10, 2
0.8799308188651633, 0.0, 0.18591570286377357, 0.14987210552250063, 5,10, 5
0.8797312578992882, 0.0, 0.18104508710663292, 0.15012757970115329, 5,10, 5
0.8816603472360807, 0.0, 0.17370112942497226, 0.1516644895897168, 2,10, 2
0.8812612253043305, 0.0, 0.17724522078216098, 0.1500181075879792, 3,10, 3
0.8833898756069979, 0.0, 0.16843520869338227, 0.14773549925800647, 3,10, 3
0.8824585910995809, 0.0, 0.17019460390573907, 0.1456464170433717, 2,10, 2
0.10077828776691279, 0.0, 0.8944213325400786, 0.36684194226088074, 0,10, 0
0.2310250781613783, 0.0, 0.8099953981305387, 0.5211466602268926, 0,10, 0
0.3504290560766314, 0.0, 0.7182956299741312, 0.37184086918228415, 0,10, 0
0.4033792323554846, 0.0, 0.7086530605289418, 0.46384455507749534, 0,10, 0
0.5153329342114016, 0.0, 0.6280456155994474, 0.42618789609153607, 0,10, 0
0.563493647309253, 0.0, 0.5861904892810155, 0.4007105318171124, 0,10, 0
0.6385285704782812, 0.0, 0.4802304941948876, 0.263251433236126, 0,10, 0
0.6423202288299076, 0.0, 0.5320432625569489, 0.32993043235521036, 0,10, 0
0.679172487194838, 0.0, 0.46223295456099783, 0.2737129543868611, 0,10, 0
0.637198164039114, 0.0, 0.5134833622747007, 0.34669540792632647, 0,10, 0
0.6727865362868356, 0.0, 0.46629978640186087, 0.288914839200901, 0,10, 0
0.6892835761325085, 0.0, 0.4403739391619455, 0.26565147225808017, 0,10, 0
0.6698596421206678, 0.0, 0.44970394687825577, 0.2611157332080726, 2,10, 2
0.7320561431517328, 0.0, 0.39488792904256365, 0.24484590530554937, 2,10, 2
0.7376438501962349, 0.0, 0.3604458264275528, 0.24176495674995466, 3,10, 3
0.7409698662941528, 0.0, 0.35847059063013176, 0.23375436931938182, 3,10, 3
0.7677775560433713, 0.0, 0.33483457451897414, 0.2232426102328594, 3,10, 3
0.7872680103771702, 0.0, 0.32202783444898947, 0.22093774517650255, 4,10, 4
0.7935209206412559, 0.0, 0.30888913006914, 0.22297309734851492, 3,10, 3
0.7971795383489656, 0.0, 0.30672012525298054, 0.22271863618904633, 6,10, 6
0.8009046763786337, 0.0, 0.30182875949939403, 0.2208147386310964, 1,10, 1
0.8104170824186789, 0.0, 0.26542255596324454, 0.20405925569204805, 2,10, 2
0.8104170824186789, 0.0, 0.28119069279064307, 0.2121567093341184, 2,10, 2
0.8131444156189715, 0.0, 0.2750781829283048, 0.21387232250052826, 2,10, 2
0.8283110490254773, 0.0, 0.2613472567228833, 0.20445924010591443, 1,10, 1
0.8181999600878068, 0.0, 0.2761981746422959, 0.2097704799751577, 3,10, 3
0.8213264152198496, 0.0, 0.2597711196254471, 0.20380573140174882, 3,10, 3
0.8245859109958092, 0.0, 0.26275972814388854, 0.20706514734790585, 4,10, 4
0.8272467238741436, 0.0, 0.25178997700527483, 0.20196706585830274, 5,10, 5
0.8331005122064791, 0.0, 0.2536208931273077, 0.19714618750401494, 2,10, 2
0.8378899753874809, 0.0, 0.2467404857712115, 0.19984224131777326, 1,10, 1
0.8449411295150668, 0.0, 0.24872867185309036, 0.19913439026214885, 5,10, 5
0.8446085279052751, 0.0, 0.23418125426699124, 0.18575074426065583, 1,10, 1
0.8482006252910264, 0.0, 0.2246858152102432, 0.18852023427103176, 1,10, 1
0.8469367391738176, 0.0, 0.2381872613044831, 0.1875320891978395, 4,10, 4
0.8467371782079425, 0.0, 0.23570479898851782, 0.19270711410860844, 3,10, 3
0.8501962349497771, 0.0, 0.2300445454147156, 0.18445048100558023, 3,10, 3
0.8523248852524447, 0.0, 0.22449021747080733, 0.18434942188256945, 6,10, 6
0.8543204949111953, 0.0, 0.23709209018520253, 0.1838764803242244, 4,10, 4
0.8548526574868622, 0.0, 0.23068132658999943, 0.1857838156059998, 2,10, 2
0.8547861371649039, 0.0, 0.22361484673437904, 0.1797502387001837, 2,10, 2
0.8561165436040711, 0.0, 0.2224345422775777, 0.1845171613094257, 2,10, 2
0.8589769174482804, 0.0, 0.20875288611910633, 0.17853679538207484, 2,10, 2
0.8613716490387814, 0.0, 0.21526849118182642, 0.17771124413837305, 3,10, 3
0.8606399254972394, 0.0, 0.21259120046317745, 0.180948167317842, 5,10, 5
0.8619703319364066, 0.0, 0.2165137441697466, 0.18138303910487738, 3,10, 3
0.8634337790194905, 0.0, 0.20512285744959682, 0.1746072344329775, 2,10, 2
0.8639659415951573, 0.0, 0.2118202326753473, 0.17787792029886082, 3,10, 3
0.8637663806292822, 0.0, 0.2151855122083219, 0.1792636015089785, 2,10, 2
0.8653628683562828, 0.0, 0.2051706226212457, 0.17696113345482062, 3,10, 3
0.8654293886782412, 0.0, 0.19863708983426284, 0.16712766538137658, 3,10, 3
0.8658285106099913, 0.0, 0.2033278112244016, 0.17123816923648774, 3,10, 3
0.8660280715758665, 0.0, 0.2072227279171331, 0.1699259306354894, 0,10, 0
0.8644981041708242, 0.0, 0.21880500778990034, 0.17136376661278607, 4,10, 4
0.8680902015565756, 0.0, 0.20156637487652712, 0.16852371778123407, 2,10, 2
0.8679571609126588, 0.0, 0.19995464131062143, 0.16918859475732329, 5,10, 5
0.8695536486396594, 0.0, 0.19787490587277584, 0.1643096456721339, 3,10, 3
0.8686223641322424, 0.0, 0.20674689888952794, 0.16826600048872514, 2,10, 2
0.8708175347568682, 0.0, 0.1961041808869226, 0.1666130528039628, 4,10, 4
0.8708840550788266, 0.0, 0.19146584122234234, 0.16264418316258122, 3,10, 3
0.869088006385951, 0.0, 0.2038839005460654, 0.16978226108505765, 4,10, 4
0.8689549657420342, 0.0, 0.20324324258826013, 0.17113657286169714, 2,10, 2
0.8696201689616178, 0.0, 0.19530628484809973, 0.16863786489839622, 5,10, 5
0.8732122663473691, 0.0, 0.18929281033239265, 0.16371783156023734, 1,10, 1
0.8712831770105768, 0.0, 0.19581605394433574, 0.16513673981320107, 2,10, 2
0.8716822989423268, 0.0, 0.19576843938235267, 0.1654397091432621, 3,10, 3
0.8732122663473691, 0.0, 0.185195568800637, 0.16176879759030027, 4,10, 4
0.873012705381494, 0.0, 0.19091071008077878, 0.16033835118934772, 2,10, 2
0.8744096321426196, 0.0, 0.18780927760903907, 0.16133454989721543, 1,10, 1
0.8747422337524113, 0.0, 0.18185420013457093, 0.1574246830897058, 1,10, 1
0.8745426727865363, 0.0, 0.18317887375406386, 0.16030567204867424, 1,10, 1
0.8750083150402448, 0.0, 0.17747909230849004, 0.15439361840501786, 4,10, 4
0.875407436971995, 0.0, 0.18656553968228143, 0.15820144378586787, 2,10, 2
0.8763387214794119, 0.0, 0.18727042605484845, 0.1573501761207737, 3,10, 3
0.8768708840550788, 0.0, 0.1797571915126847, 0.15718469143622818, 4,10, 4
0.8774030466307456, 0.0, 0.1782447298647157, 0.1505794831403165, 4,10, 4
0.8776026075966208, 0.0, 0.18758766484359174, 0.1606624236231309, 5,10, 5
0.8769374043770372, 0.0, 0.18177129546365933, 0.15485244743278215, 3,10, 3
0.8779352092064125, 0.0, 0.18795019176931965, 0.15605545509496532, 4,10, 4
0.8789995343577462, 0.0, 0.18162259068636832, 0.15375168496505684, 1,10, 1
0.8787334530699129, 0.0, 0.1805662820801688, 0.15263338020839645, 4,10, 4
0.8800638595090801, 0.0, 0.18184854624462457, 0.1521380344822466, 0,10, 0
0.8793986562894964, 0.0, 0.1787627996602094, 0.15521918302916757, 4,10, 4
0.8797977782212466, 0.0, 0.17384839334672444, 0.14766965438951293, 3,10, 3
0.8814607862702055, 0.0, 0.17273890345829554, 0.14901315115929686, 5,10, 5
0.880795583050622, 0.0, 0.1740395786035963, 0.15283336426982216, 2,10, 2
0.8821259894897892, 0.0, 0.17544704874719413, 0.14768669041530685, 3,10, 3
0.8827911927093727, 0.0, 0.17072804934582064, 0.1442555317145288, 3,10, 3
0.8823255504556642, 0.0, 0.17260850162161873, 0.14558992082711222, 3,10, 3
0.882658152065456, 0.0, 0.17418528904447342, 0.1483454798654629, 3,10, 3
0.8841881194704982, 0.0, 0.17096491696948238, 0.14698969929768066, 1,10, 1
0.8823920707776226, 0.0, 0.17104087011425848, 0.14791073228775956, 2,10, 2
0.8831903146411229, 0.0, 0.16610257380976312, 0.14505180012571203, 1,10, 1
0.8834563959289563, 0.0, 0.17164867984102267, 0.14408562096284466, 2,10, 2
0.8829242333532894, 0.0, 0.17034750243964705, 0.14661549811220734, 1,10, 1
0.8828577130313311, 0.0, 0.172457373446859, 0.14569479010248745, 2,10, 2
0.8848533226900818, 0.0, 0.17167242377173783, 0.14762031578006074, 3,10, 3
0.8848533226900818, 0.0, 0.17077635586857068, 0.14557409076923766, 2,10, 2
0.8853854852657487, 0.0, 0.17022782816367824, 0.1454079089634698, 3,10, 3
0.8851194039779152, 0.0, 0.1736918912998327, 0.14515968340407295, 4,10, 4
0.8853189649437904, 0.0, 0.1781264354255237, 0.14534032108740924, 3,10, 3
0.10077828776691279, 0.0, 0.8944213325400786, 0.36684194226088074, 0,10, 0
0.2503159715293022, 0.0, 0.8159041710758378, 0.523270522109835, 0,10, 0
0.4311847269340784, 0.0, 0.6970149468085393, 0.4516446573290711, 0,10, 0
0.5138029668063594, 0.0, 0.6369253039384932, 0.3407366047488445, 0,10, 0
0.6188385551786071, 0.0, 0.5040488539634622, 0.2843805661208314, 0,10, 0
0.661145479944123, 0.0, 0.48137415404363976, 0.2665605868081398, 0,10, 0
0.6063327346504357, 0.0, 0.5748119214453113, 0.38080816447929594, 0,10, 0
0.6657353821592497, 0.0, 0.48766889108163786, 0.30712627559486866, 0,10, 0
0.7236080622630213, 0.0, 0.41413588359930714, 0.25724419507826, 0,10, 0
0.7056475753342646, 0.0, 0.4629766665762752, 0.3074064672538518, 0,10, 0
0.7021219982704716, 0.0, 0.45452862341933065, 0.2749411983891844, 0,10, 0
0.7556043371249916, 0.0, 0.3742456225878451, 0.24796117983553845, 0,10, 0
0.7759595556442493, 0.0, 0.3639722239186747, 0.23300226164717514, 2,10, 2
0.7820129049424599, 0.0, 0.36240707639624886, 0.23676337050666543, 3,10, 3
0.7784208075567086, 0.0, 0.3469967224589415, 0.237544021300414, 3,10, 3
0.7858045632940863, 0.0, 0.33556286088424364, 0.22689665137278048, 3,10, 3
0.7955165303000067, 0.0, 0.33062942990983807, 0.22573047935343915, 2,10, 2
0.8027007250715094, 0.0, 0.32876205026189276, 0.2353451608836488, 5,10, 5
0.8062928224572606, 0.0, 0.3142493655019015, 0.22036062689012093, 4,10, 4
0.8118140091798044, 0.0, 0.31106140337024624, 0.21471503117108665, 3,10, 3
0.8025676844275926, 0.0, 0.30465170429790656, 0.22056254345852763, 1,10, 1
0.8121466107895963, 0.0, 0.31672795476154314, 0.22946233325792073, 3,10, 3
0.8103505620967205, 0.0, 0.308094878185847, 0.22138961567729293, 5,10, 5
0.8185325616975986, 0.0, 0.2844560638521385, 0.21334900629683357, 2,10, 2
0.8185325616975986, 0.0, 0.2805579284375557, 0.21447477676412516, 3,10, 3
0.8205281713563494, 0.0, 0.2847277980261759, 0.21447536366911457, 2,10, 2
0.8225903013370585, 0.0, 0.2768311256368695, 0.21294435584111146, 3,10, 3
0.8257167564691014, 0.0, 0.27022040732078634, 0.20797378838918928, 2,10, 2
0.8299740570744363, 0.0, 0.26964743386821194, 0.2053424540316955, 1,10, 1
0.830306658684228, 0.0, 0.262841080935744, 0.20234912530710703, 1,10, 1
0.8283775693474357, 0.0, 0.2772843087460924, 0.20218655604064403, 2,10, 2
0.8300405773963946, 0.0, 0.2714665626599523, 0.20735008962797527, 1,10, 1
0.830107097718353, 0.0, 0.2708960499781775, 0.2027187516552397, 2,10, 2
0.8388877802168563, 0.0, 0.2503407001500619, 0.20358292217104004, 4,10, 4
0.8405507882658152, 0.0, 0.23848521110969692, 0.19477379313291462, 2,10, 2
0.8412159914853988, 0.0, 0.24058892979845015, 0.1929889335412112, 4,10, 4
0.8420142353488991, 0.0, 0.23985990677634617, 0.1967863714947217, 2,10, 2
0.8466706578859842, 0.0, 0.2427611061334711, 0.19963570578842993, 3,10, 3
0.846071974988359, 0.0, 0.235855351465574, 0.1965366573172326, 2,10, 2
0.8485997472227765, 0.0, 0.2331452388157901, 0.19134418712418122, 4,10, 4
0.8480675846471097, 0.0, 0.2382005617645557, 0.19180602798541688, 4,10, 4
0.8471363001396927, 0.0, 0.23281448522310252, 0.19001696593077572, 2,10, 2
0.8480675846471097, 0.0, 0.23101075362631898, 0.18996121979540895, 3,10, 3
0.8501297146278188, 0.0, 0.23329969783582352, 0.19074624589192268, 5,10, 5
0.8525909665402781, 0.0, 0.21973404784984166, 0.19004258346364633, 4,10, 4
0.8512605601011108, 0.0, 0.23239502765538592, 0.18711846511955263, 3,10, 3
0.8526574868622364, 0.0, 0.22196878743154025, 0.18232694768268257, 3,10, 3
0.8559835029601544, 0.0, 0.21904647689920873, 0.18538854368120095, 4,10, 4
0.8572473890773631, 0.0, 0.22454599574211595, 0.18596360308696183, 4,10, 4
0.8550522184527373, 0.0, 0.220255175920854, 0.18797739609627, 4,10, 4
0.8574469500432382, 0.0, 0.21974555808059473, 0.18623285182387506, 1,10, 1
0.8588438768043637, 0.0, 0.21215419505480418, 0.17921648908948815, 5,10, 5
0.8600412425996142, 0.0, 0.21645257422002245, 0.18071141085094528, 5,10, 5
0.8580456329408634, 0.0, 0.22111679423037855, 0.17629529384122883, 3,10, 3
0.8607729661411562, 0.0, 0.20870071867636292, 0.1783362814501009, 2,10, 2
0.8609060067850728, 0.0, 0.20716354756863914, 0.1818886373056532, 3,10, 3
0.8615712100046564, 0.0, 0.2112856885519482, 0.1799739214219772, 4,10, 4
0.8614381693607397, 0.0, 0.2061203540233446, 0.1789772746550191, 3,10, 3
0.8632342180536153, 0.0, 0.20961628083480213, 0.1770034212910343, 5,10, 5
0.8595090800239473, 0.0, 0.21549891573929084, 0.17411414471535522, 3,10, 3
0.8621033725803233, 0.0, 0.2092291835048931, 0.17649334289970553, 4,10, 4
0.8641655025610324, 0.0, 0.20942916897123012, 0.17803491928000031, 1,10, 1
0.8654959090001996, 0.0, 0.20078679123152704, 0.17184102498838372, 3,10, 3
0.865761990288033, 0.0, 0.20363404402188215, 0.17152176401345276, 2,10, 2
0.864098982239074, 0.0, 0.19807018981746743, 0.17181800036693126, 1,10, 1
0.8658285106099913, 0.0, 0.20206375054030037, 0.17274710620668776, 2,10, 2
0.8674915186589504, 0.0, 0.20558827031073054, 0.16864648515426572, 3,10, 3
0.8694206079957427, 0.0, 0.20840003285372302, 0.1707671959402832, 4,10, 4
0.8696866892835762, 0.0, 0.19563415886909807, 0.16757528234440852, 4,10, 4
0.8700192908933679, 0.0, 0.19727253111335347, 0.16943028515222847, 3,10, 3
0.870218851859243, 0.0, 0.1907141628740186, 0.16812017932059511, 3,10, 3
0.8728796647375773, 0.0, 0.19106195342989768, 0.16350873468689073, 3,10, 3
0.8715492582984101, 0.0, 0.19676167855897103, 0.16757916876153744, 3,10, 3
0.8724805428058272, 0.0, 0.1923841494416067, 0.16163221601321587, 3,10, 3
0.8712831770105768, 0.0, 0.19631152460618936, 0.16591571798142707, 2,10, 2
0.873012705381494, 0.0, 0.1949803318690299, 0.17086237885744532, 2,10, 2
0.8725470631277855, 0.0, 0.19835375593598847, 0.16288773615778585, 4,10, 4
0.8728796647375773, 0.0, 0.19383439561119473, 0.159443030243908, 3,10, 3
0.8740105102108694, 0.0, 0.190981437382486, 0.15821572884974616, 2,10, 2
0.8742765914987028, 0.0, 0.1875139364021598, 0.1609637089629475, 2,10, 2
0.8740770305328278, 0.0, 0.18820140998681012, 0.16177850396611415, 5,10, 5
0.8742765914987028, 0.0, 0.191475494258609, 0.161681692004086, 1,10, 1
0.8742765914987028, 0.0, 0.18867449352382779, 0.15884504053487114, 2,10, 2
0.8750748353622032, 0.0, 0.1904164063583654, 0.15860163718215076, 3,10, 3
0.87560699793787, 0.0, 0.18211213912853644, 0.16075577499308158, 2,10, 2
0.8778686888844542, 0.0, 0.1923465750704605, 0.16118108835870895, 3,10, 3
0.878400851460121, 0.0, 0.18192722955103235, 0.15632653330677085, 1,10, 1
0.8782678108162043, 0.0, 0.18766865786849307, 0.1580605377604477, 2,10, 2
0.8778021685624958, 0.0, 0.19082964919815432, 0.15871954605086414, 3,10, 3
0.8786669327479545, 0.0, 0.18245728225232166, 0.15838566049527703, 3,10, 3
0.877270005986829, 0.0, 0.18557171967856406, 0.15950632029441555, 1,10, 1
0.8798642985432049, 0.0, 0.18525670885519713, 0.15935083840356698, 3,10, 3
0.880795583050622, 0.0, 0.18732556010910437, 0.15730642655075813, 4,10, 4
0.8809286236945387, 0.0, 0.1805792900110369, 0.1509789171775879, 3,10, 3
0.8798642985432049, 0.0, 0.18647976692973456, 0.15510286954456498, 4,10, 4
0.8798642985432049, 0.0, 0.1785297661101167, 0.15258316149996287, 3,10, 3
0.8801969001529968, 0.0, 0.1822095736441287, 0.15421949549348277, 2,10, 2
0.8789330140357879, 0.0, 0.18442053453930776, 0.15493537011388106, 2,10, 2
0.880795583050622, 0.0, 0.1750483941111529, 0.1493089166096758, 3,10, 3
0.8790660546797047, 0.0, 0.18048765280212348, 0.15229128511955056, 2,10, 2
0.880795583050622, 0.0, 0.1757797119239047, 0.1534530400947621, 4,10, 4
0.10077828776691279, 0.0, 0.8944213325400786, 0.36684194226088074, 0,10, 0
0.24931816669992682, 0.0, 0.7974827287517363, 0.4962478765284276, 0,10, 0
0.40577396394598547, 0.0, 0.6657478579442407, 0.3563144000163412, 0,10, 0
0.3992549723940664, 0.0, 0.6838415065581737, 0.3837352121098623, 0,10, 0
0.3959289562961485, 0.0, 0.6924850286293046, 0.46755086881045577, 0,10, 0
0.5877070445020954, 0.0, 0.5488136982221409, 0.33216073670898383, 0,10, 0
0.622896294818067, 0.0, 0.5295356201568809, 0.3219413160583894, 0,10, 0
0.6236945386815672, 0.0, 0.5102648135117746, 0.30039116481998174, 0,10, 0
0.6688618372912924, 0.0, 0.45839865180656486, 0.2691621170716305, 0,10, 0
0.7191512006918114, 0.0, 0.4234373171916668, 0.2578327304130869, 0,10, 0
0.6816337391072973, 0.0, 0.4808232331727662, 0.3300563128936586, 0,10, 0
0.72447282644848, 0.0, 0.41406653556679096, 0.2872921274688975, 0,10, 0
0.7427659149870285, 0.0, 0.41828776645819715, 0.2617142185633853, 3,10, 3
0.7778221246590834, 0.0, 0.3586192578708138, 0.23964566598481846, 2,10, 2
0.777955165303, 0.0, 0.3533667383657225, 0.24498852640130006, 4,10, 4
0.7938535222510477, 0.0, 0.31866177018054825, 0.2290686552702107, 2,10, 2
0.7898623029335462, 0.0, 0.3233398949249704, 0.23202502211760223, 4,10, 4
0.7911927093727134, 0.0, 0.3444318476539145, 0.22535479398157465, 3,10, 3
0.7895962216457127, 0.0, 0.3456164725816716, 0.23686883334886868, 2,10, 2
0.7965808554513404, 0.0, 0.3278040349686385, 0.21730029561823916, 1,10, 1
0.8136765781946385, 0.0, 0.3049079991793082, 0.21898988228751326, 2,10, 2
0.8113483669260959, 0.0, 0.30946537238128624, 0.21553972990211737, 4,10, 4
0.8208607729661411, 0.0, 0.28435447738651953, 0.21395251148012628, 2,10, 2
0.8255837158251846, 0.0, 0.2547347880760975, 0.2011227777726272, 3,10, 3
0.8175347568682232, 0.0, 0.30111583167534783, 0.2152475955089493, 3,10, 3
0.8240537484201423, 0.0, 0.26627906781476335, 0.20395863278729784, 4,10, 4
0.824918512605601, 0.0, 0.2659823556215072, 0.20550801839501978, 5,10, 5
0.8301736180403113, 0.0, 0.2615581604385703, 0.2044230859725525, 1,10, 1
0.8383556176411894, 0.0, 0.23664393012316226, 0.1934979369731851, 1,10, 1
0.8348965608993547, 0.0, 0.25917388654083956, 0.20313160409592346, 6,10, 6
0.8407503492316902, 0.0, 0.23917421214858273, 0.19237400343755826, 3,10, 3
0.843477682431983, 0.0, 0.24720219708478472, 0.18988648683668516, 4,10, 4
0.8447415685491918, 0.0, 0.2370133371739559, 0.18903264761800156, 2,10, 2
0.8474689017494844, 0.0, 0.23226856546956712, 0.18769475167464036, 1,10, 1
0.8489323488325683, 0.0, 0.22634176325841485, 0.18778585385021995, 5,10, 5
0.8502627552717356, 0.0, 0.23349824602746894, 0.18176991332027512, 3,10, 3
0.8505288365595689, 0.0, 0.23108709525970092, 0.18410688108883774, 0,10, 0
0.8533892104037784, 0.0, 0.22862032617661743, 0.1858362076764643, 2,10, 2
0.8521253242865695, 0.0, 0.23793572721342965, 0.18482006846005045, 3,10, 3
0.8545200558770705, 0.0, 0.22725259678704066, 0.18251070577222325, 4,10, 4
0.8571143484334465, 0.0, 0.21591709989511876, 0.17599930132451344, 2,10, 2
0.8581786735847802, 0.0, 0.21893805109930473, 0.17762981055471264, 5,10, 5
0.854985698130779, 0.0, 0.22948985559904686, 0.1832058633337194, 1,10, 1
0.8578460719749884, 0.0, 0.21116467079094303, 0.1713975008558978, 3,10, 3
0.861305128716823, 0.0, 0.21150891273876535, 0.17460201199748965, 1,10, 1
0.8595090800239473, 0.0, 0.21900447728884168, 0.17791270528583933, 3,10, 3
0.8614381693607397, 0.0, 0.20614170003458884, 0.1708805116083474, 2,10, 2
0.8626355351559901, 0.0, 0.20731126378656872, 0.17318070019924436, 2,10, 2
0.8624359741901151, 0.0, 0.21198689311020436, 0.1699520762855881, 3,10, 3
0.8633007383755738, 0.0, 0.20464928177611472, 0.1698767410728291, 3,10, 3
0.8631011774096987, 0.0, 0.2080411955836298, 0.1711589660556589, 4,10, 4
0.8665602341515333, 0.0, 0.19978700801274069, 0.16973379111437187, 3,10, 3
0.8651633073904078, 0.0, 0.21201126435989576, 0.16911018349993054, 1,10, 1
0.8654293886782412, 0.0, 0.20875262721045218, 0.16751507655333625, 1,10, 1
0.8669593560832835, 0.0, 0.1993140336314906, 0.1665671342213098, 3,10, 3
0.8678241202687421, 0.0, 0.1975425720113657, 0.1664259842400406, 3,10, 3
0.869287567351826, 0.0, 0.19337828271516203, 0.16192040369576388, 2,10, 2
0.8689549657420342, 0.0, 0.20137552500034808, 0.16849816195547562, 2,10, 2
0.8704849331470764, 0.0, 0.19479110389063092, 0.16191191633406316, 5,10, 5
0.8713496973325351, 0.0, 0.1940639021104597, 0.15990603110354426, 2,10, 2
0.8703518925031597, 0.0, 0.19732939912519232, 0.1654488234906103, 1,10, 1
0.8726135834497439, 0.0, 0.1870477748683144, 0.16368228587660882, 0,10, 0
0.872081420874077, 0.0, 0.19077664158589042, 0.16128400492779874, 5,10, 5
0.87115013636666, 0.0, 0.19539565085162927, 0.16183708371719438, 3,10, 3
0.8727466240936607, 0.0, 0.1855442572138112, 0.16081425165926092, 1,10, 1
0.8737444289230359, 0.0, 0.18757515279307233, 0.16418991840902145, 5,10, 5
0.872081420874077, 0.0, 0.18982504675736084, 0.15985185068282637, 4,10, 4
0.8732122663473691, 0.0, 0.18654902055557493, 0.15949494457541108, 2,10, 2
0.8736779086010776, 0.0, 0.18743454988915165, 0.1562197562562998, 2,10, 2
0.8759395995476618, 0.0, 0.17793122230552363, 0.15467629710933833, 2,10, 2
0.8750748353622032, 0.0, 0.18772775976438222, 0.15640829890482202, 2,10, 2
0.8732122663473691, 0.0, 0.193298867120401, 0.16309700572364705, 4,10, 4
0.8731457460254107, 0.0, 0.1879632862967373, 0.16003567539982483, 2,10, 2
0.8754739572939533, 0.0, 0.18316892403743754, 0.15484983450791656, 2,10, 2
0.8770039246989956, 0.0, 0.17664357157796917, 0.15155845887175123, 0,10, 0
0.8783343311381627, 0.0, 0.1868632536829774, 0.157838521864494, 3,10, 3
0.8764717621233287, 0.0, 0.18894623795289153, 0.1593960051003795, 3,10, 3
0.8763387214794119, 0.0, 0.19086066951283148, 0.15542532448167493, 1,10, 1
0.8768708840550788, 0.0, 0.18962217673855428, 0.15488958054090596, 5,10, 5
0.8757400385817867, 0.0, 0.19353020583882682, 0.15548273268504262, 1,10, 1
0.8776026075966208, 0.0, 0.18902213786523508, 0.1515327447625145, 1,10, 1
0.8782678108162043, 0.0, 0.17956637813647253, 0.15781387000815864, 4,10, 4
0.8780682498503293, 0.0, 0.18569568572741488, 0.15356286367221014, 4,10, 4
0.8779352092064125, 0.0, 0.1835514747521233, 0.1585467666424125, 1,10, 1
0.8803299407969134, 0.0, 0.17603178218396237, 0.15044915237234105, 4,10, 4
0.8801969001529968, 0.0, 0.18073732037128024, 0.15461133355241433, 1,10, 1
0.880795583050622, 0.0, 0.17853324506324114, 0.15160962601995218, 2,10, 2
0.8823255504556642, 0.0, 0.16686353268706255, 0.1480902367079788, 1,10, 1
0.881726867558039, 0.0, 0.17496524142567751, 0.15074669523189446, 5,10, 5
0.8790660546797047, 0.0, 0.18208964654462534, 0.15424699534293057, 3,10, 3
0.8811281846604138, 0.0, 0.17329663755770988, 0.14680824943257548, 4,10, 4
0.8816603472360807, 0.0, 0.18166703663386433, 0.15229418851913026, 4,10, 4
0.8818599082019557, 0.0, 0.18214534789369466, 0.14977108787404167, 4,10, 4
0.8818599082019557, 0.0, 0.180950648608564, 0.14987337803497483, 4,10, 4
0.8837224772167898, 0.0, 0.17036131416712919, 0.15431268375988338, 1,10, 1
0.881726867558039, 0.0, 0.17646056357621062, 0.14859826974816723, 1,10, 1
0.8805960220847469, 0.0, 0.1730266490450736, 0.14819200336161145, 4,10, 4
0.8823920707776226, 0.0, 0.1700825181767258, 0.1448352047850567, 1,10, 1
0.8827911927093727, 0.0, 0.17201264009418385, 0.14804049672940708, 3,10, 3
0.8834563959289563, 0.0, 0.1694770894283658, 0.146244470202996, 3,10, 3
0.883589436572873, 0.0, 0.16962773790556324, 0.14624511804756038, 5,10, 5
0.10077828776691279, 0.0, 0.8944213325400786, 0.36684194226088074, 0,10, 0
0.295017627885319, 0.0, 0.7947465199033682, 0.5131119535775651, 0,10, 0
0.4389676046032063, 0.0, 0.7083684083115149, 0.4548708785766467, 0,10, 0
0.5088804629814409, 0.0, 0.6329634624932282, 0.42516369756091715, 0,10, 0
0.638329009512406, 0.0, 0.5301525871366232, 0.3579371367320586, 0,10, 0
0.6600146344708309, 0.0, 0.5381310880226821, 0.31594604369825413, 0,10, 0
0.6626754473491652, 0.0, 0.550668233010158, 0.324231753118409, 0,10, 0
0.6709239672720015, 0.0, 0.5126063561184713, 0.3251561299712567, 0,10, 0
0.7115678839885585, 0.0, 0.4572377163320518, 0.2606012102538558, 0,10, 0
0.7638528570478281, 0.0, 0.3897475804930633, 0.24319366041543147, 0,10, 0
0.753808288432116, 0.0, 0.38517692246567153, 0.23562366531814838, 0,10, 0
0.7304596554247322, 0.0, 0.4471005802275141, 0.2607665971429555, 0,10, 0
0.7386416550256103, 0.0, 0.43991120752656476, 0.2546961025112397, 2,10, 2
0.7851393600745028, 0.0, 0.33569277886888615, 0.21774085919751443, 2,10, 2
0.7734983037317901, 0.0, 0.3766193625076599, 0.2361006108497393, 3,10, 3
0.7880662542406706, 0.0, 0.3546252765545232, 0.23653223866267745, 2,10, 2
0.7886649371382958, 0.0, 0.3433984498891213, 0.2278857076788606, 5,10, 5
0.8013703186323422, 0.0, 0.3242616639299852, 0.22549870717418474, 1,10, 1
0.7964478148074237, 0.0, 0.3085680102257096, 0.21064869262421612, 2,10, 2
0.7950508880462982, 0.0, 0.3170598167789647, 0.2140640465179616, 4,10, 4
0.78646976651367, 0.0, 0.32212085230606974, 0.21471433626786282, 0,10, 0
0.7815472626887514, 0.0, 0.3351557370049348, 0.21793182740134284, 4,10, 4
0.7904609858311714, 0.0, 0.34993993662226264, 0.23146021530657634, 1,10, 1
0.801902481208009, 0.0, 0.2899229708837154, 0.20313230832302195, 6,10, 6
0.810616643384554, 0.0, 0.2971193379557044, 0.20901401365501088, 4,10, 4
0.8043637331204683, 0.0, 0.2840861011905929, 0.20213446014402087, 5,10, 5
0.8127452936872215, 0.0, 0.29182233427534926, 0.20768155292208781, 2,10, 2
0.8111488059602209, 0.0, 0.3083667119347824, 0.21987298447946954, 3,10, 3
0.8172021552584314, 0.0, 0.2841820267262937, 0.20662066428562728, 3,10, 3
0.8232555045566421, 0.0, 0.28284514723936255, 0.20858464884365235, 2,10, 2
0.8328344309186456, 0.0, 0.2546336096560755, 0.1941745761018899, 1,10, 1
0.8318366260892702, 0.0, 0.25769029184748216, 0.19797905236331118, 3,10, 3
0.8376238940996474, 0.0, 0.246014663932439, 0.19445309222506416, 3,10, 3
0.8385551786070644, 0.0, 0.2415434327026153, 0.19026212264072564, 3,10, 3
0.8388877802168563, 0.0, 0.245224012890323, 0.19190516512239364, 1,10, 1
0.8433446417880662, 0.0, 0.24001408922330636, 0.1886495133572372, 4,10, 4
0.8434111621100246, 0.0, 0.23620498867701634, 0.18824538641954672, 3,10, 3
0.8469367391738176, 0.0, 0.2395466688827767, 0.1886510346924988, 4,10, 4
0.8495975520521519, 0.0, 0.23335796591099833, 0.1844026904144455, 1,10, 1
0.8517262023548194, 0.0, 0.2371389259008256, 0.18603578638683657, 1,10, 1
0.8529900884720282, 0.0, 0.24016118969827757, 0.18754636236030017, 0,10, 0
0.8559835029601544, 0.0, 0.24407894535322394, 0.1892872823771536, 2,10, 2
0.85777955165303, 0.0, 0.22638915148128103, 0.1835125972608694, 3,10, 3
0.8595756003459056, 0.0, 0.2181260758743283, 0.18042113415145852, 5,10, 5
0.8627020554779485, 0.0, 0.20332478129751866, 0.1723602830983316, 2,10, 2
0.858710836160447, 0.0, 0.2235325348634339, 0.18027628722590547, 4,10, 4
0.8602408035654893, 0.0, 0.21314758660072616, 0.17233609435976185, 5,10, 5
0.8634337790194905, 0.0, 0.20641550055457222, 0.17311649195532883, 4,10, 4
0.8644981041708242, 0.0, 0.2157107729250041, 0.1756771430593211, 3,10, 3
0.8656289496441163, 0.0, 0.19923618140286045, 0.1694979259125762, 1,10, 1
0.8621033725803233, 0.0, 0.20233703394469998, 0.17196777027156837, 1,10, 1
0.8658285106099913, 0.0, 0.2033129809868233, 0.16844036380482752, 3,10, 3
0.8656289496441163, 0.0, 0.21354440081055034, 0.17122077575914116, 3,10, 3
0.8684893234883256, 0.0, 0.2001369680599154, 0.16657964915078874, 2,10, 2
0.8687554047761591, 0.0, 0.20394410792444945, 0.16959921664623967, 3,10, 3
0.8680236812346172, 0.0, 0.20754032768969818, 0.1685553522961692, 2,10, 2
0.8684893234883256, 0.0, 0.2045421637662316, 0.16631498469356562, 2,10, 2
0.8686888844542008, 0.0, 0.20318626836839623, 0.172957497847566, 7,10, 7
0.8686888844542008, 0.0, 0.20144015506404314, 0.17130154053764537, 4,10, 4
0.8710836160447016, 0.0, 0.2020658429997536, 0.16572328268052533, 2,10, 2
0.872813144415619, 0.0, 0.19440083489968432, 0.1646423862473188, 3,10, 3
0.8729461850595357, 0.0, 0.1951245044994403, 0.1660813208353131, 3,10, 3
0.8712166566886184, 0.0, 0.192813047994164, 0.1660896471307684, 3,10, 3
0.8736113882791192, 0.0, 0.18546786821419212, 0.1629509893406637, 5,10, 5
0.8720149005521187, 0.0, 0.191514280905678, 0.1579104773601113, 1,10, 1
0.8732122663473691, 0.0, 0.18986018292116985, 0.15770304189176182, 2,10, 2
0.8728796647375773, 0.0, 0.1975886538123456, 0.16637953369504274, 4,10, 4
0.8753409166500365, 0.0, 0.19415930475301138, 0.16149628987482592, 1,10, 1
0.8748087540743698, 0.0, 0.18890258507731988, 0.16059394228260807, 5,10, 5
0.8736779086010776, 0.0, 0.19105406556728205, 0.16224323569316332, 5,10, 5
0.8754739572939533, 0.0, 0.18475915428604114, 0.15719493329797285, 5,10, 5
0.8750083150402448, 0.0, 0.18396449443590052, 0.16008525088213713, 1,10, 1
0.875407436971995, 0.0, 0.18764252783238253, 0.15837691499924164, 3,10, 3
0.8779352092064125, 0.0, 0.17759127090939333, 0.15413807402967147, 1,10, 1
0.8786669327479545, 0.0, 0.1790458560915448, 0.1552181408092313, 4,10, 4
0.8787334530699129, 0.0, 0.1872624624690682, 0.15681958990765807, 5,10, 5
0.8778686888844542, 0.0, 0.18228706710494536, 0.1508046997261958, 3,10, 3
0.8800638595090801, 0.0, 0.17340145450954114, 0.14983123870752096, 2,10, 2
0.8797977782212466, 0.0, 0.18344314488221133, 0.1507404646392183, 1,10, 1
0.8792656156455797, 0.0, 0.18000015910487868, 0.15248898300164507, 2,10, 2
0.8803964611188718, 0.0, 0.17428654488988837, 0.15177577865792632, 3,10, 3
0.8803964611188718, 0.0, 0.1818284456913209, 0.15168601348827568, 5,10, 5
0.8792656156455797, 0.0, 0.1850620060711025, 0.15292411862234725, 3,10, 3
0.8809286236945387, 0.0, 0.18838845678031305, 0.15283084665049712, 5,10, 5
0.8799308188651633, 0.0, 0.185270205343872, 0.15632227357389214, 3,10, 3
0.8804629814408301, 0.0, 0.17535670146000926, 0.1543297808300698, 3,10, 3
0.8813277456262888, 0.0, 0.17340654953867723, 0.14721559873050868, 4,10, 4
0.8803299407969134, 0.0, 0.18397385023994295, 0.15744190165632913, 3,10, 3
0.8817933878799974, 0.0, 0.17258719684031162, 0.15278012498942095, 3,10, 3
0.8821259894897892, 0.0, 0.17887009950953875, 0.152784210980624, 2,10, 2
0.8831237943191645, 0.0, 0.1706409880997018, 0.14843290001674786, 3,10, 3
0.8828577130313311, 0.0, 0.16805265289248741, 0.1459133195939782, 4,10, 4
0.883589436572873, 0.0, 0.1774011100493282, 0.14875900097829411, 3,10, 3
0.8829242333532894, 0.0, 0.17210460216945073, 0.14698292322788967, 4,10, 4
0.8823255504556642, 0.0, 0.17086087302327552, 0.14461830007278156, 1,10, 1
0.8820594691678307, 0.0, 0.17304926545817975, 0.1501009454052453, 2,10, 2
0.88452072108029, 0.0, 0.16944533606312992, 0.14711755456814832, 3,10, 3
0.8855850462316237, 0.0, 0.1647316683040299, 0.14210672900461666, 2,10, 2
0.8845872414022484, 0.0, 0.1684342892661104, 0.14325084423857676, 3,10, 3
0.8855850462316237, 0.0, 0.17153099888816434, 0.14558151793078, 3,10, 3
0.886183729129249, 0.0, 0.16102520404964896, 0.13985430001126808, 2,10, 2
0.10077828776691279, 0.0, 0.8944213325400786, 0.36684194226088074, 0,10, 0
0.24100312645513206, 0.0, 0.8116118500774901, 0.4857302546145034, 0,10, 0
0.36932082751280515, 0.0, 0.7089900480432866, 0.4579059705005303, 0,10, 0
0.44249318166699925, 0.0, 0.6442516934974024, 0.42321516402848347, 0,10, 0
0.5320960553449079, 0.0, 0.5859727065041771, 0.3074802232978976, 0,10, 0
0.5533825583715826, 0.0, 0.5728876980847568, 0.3616364538478784, 0,10, 0
0.5801902481208009, 0.0, 0.5319522304850814, 0.2804218279875509, 0,10, 0
0.6195037583981906, 0.0, 0.5239403415360997, 0.3238746945561894, 0,10, 0
0.6578859841681634, 0.0, 0.4427783925185566, 0.2525921199802595, 0,10, 0
0.6948712831770105, 0.0, 0.4431246483447397, 0.26775775093533843, 0,10, 0
0.7132974123594759, 0.0, 0.4265179742925016, 0.24694651333537546, 0,10, 0
0.7701057673119138, 0.0, 0.3668842878984582, 0.23923952563499987, 0,10, 0
0.7454267278653629, 0.0, 0.4047151796285729, 0.265032890324424, 3,10, 3
0.7623228896427858, 0.0, 0.39760534361766625, 0.24384998832404253, 3,10, 3
0.7804829375374177, 0.0, 0.347396874327934, 0.2234723144965909, 4,10, 4
0.7953169693341315, 0.0, 0.33259193945265003, 0.21822690473055562, 3,10, 3
0.8003725138029668, 0.0, 0.32472842124679424, 0.22338766228882284, 2,10, 2
0.8032994079691346, 0.0, 0.33520146535616335, 0.23726049667167465, 1,10, 1
0.8075567085744695, 0.0, 0.336357848529119, 0.2279950481086256, 3,10, 3
0.8124126920774296, 0.0, 0.2975386762939251, 0.21429485601260034, 2,10, 2
0.8197964478148074, 0.0, 0.29433351987756295, 0.21476405534711807, 3,10, 3
0.8257832767910597, 0.0, 0.27177551601462424, 0.2072991729117413, 3,10, 3
0.8215259761857248, 0.0, 0.3060876071263956, 0.2144462832726608, 4,10, 4
0.8174682365462649, 0.0, 0.3122400388521002, 0.2172725894882941, 2,10, 2
0.8227233419809752, 0.0, 0.2769411894825867, 0.20491064220884087, 1,10, 1
0.8201955697465576, 0.0, 0.29532608311663844, 0.2081759317347381, 4,10, 4
0.8311049025477283, 0.0, 0.2579652980182289, 0.19861392419217203, 3,10, 3
0.8315705448014369, 0.0, 0.26018456483595814, 0.19808391153790136, 2,10, 2
0.8319031464112286, 0.0, 0.2618410452362635, 0.204766607055749, 3,10, 3
0.8323022683429788, 0.0, 0.26569114283082945, 0.2028673454550935, 1,10, 1
0.8344974389676046, 0.0, 0.26363080385687243, 0.20130687592618654, 4,10, 4
0.8386216989290228, 0.0, 0.25218230792932944, 0.1983879680025008, 2,10, 2
0.8402181866560234, 0.0, 0.2428121687434542, 0.1966396525104067, 3,10, 3
0.8414155524512739, 0.0, 0.23545989847188442, 0.19016322207357772, 2,10, 2
0.8439433246856914, 0.0, 0.23664098203475323, 0.1906639770989165, 3,10, 3
0.8438102840417747, 0.0, 0.23700710544575504, 0.19185393069225648, 1,10, 1
0.8473358611055678, 0.0, 0.2345418370549047, 0.19054673337114217, 4,10, 4
0.8502627552717356, 0.0, 0.23139951932995528, 0.18827632816074197, 5,10, 5
0.8508614381693608, 0.0, 0.23815728470834185, 0.18640570337202916, 3,10, 3
0.8521918446085279, 0.0, 0.2335458338902802, 0.1861528985261718, 3,10, 3
0.8525909665402781, 0.0, 0.23061379412304603, 0.18567246662939196, 1,10, 1
0.8534557307257367, 0.0, 0.2429366690198805, 0.18288803397588166, 3,10, 3
0.8583782345506552, 0.0, 0.22540119894374527, 0.17824962330662278, 2,10, 2
0.8575134703651965, 0.0, 0.2184260929664596, 0.18112383058958567, 5,10, 5
0.8561165436040711, 0.0, 0.23037899391062716, 0.1863579882615971, 6,10, 6
0.8579125922969467, 0.0, 0.22760913153860554, 0.18562794316612968, 3,10, 3
0.8601742832435308, 0.0, 0.21954514544052003, 0.17958580136276678, 4,10, 4
0.8604403645313643, 0.0, 0.22812646247469243, 0.17846532980544047, 5,10, 5
0.8628350961218653, 0.0, 0.22297403668950555, 0.17626189399133604, 3,10, 3
0.8643650635269075, 0.0, 0.22627927582768745, 0.17793432063965978, 2,10, 2
0.8650302667464911, 0.0, 0.21149424174217102, 0.17250249508975257, 1,10, 1
0.8656289496441163, 0.0, 0.20990180028219702, 0.17201713245199954, 1,10, 1
0.8660945918978248, 0.0, 0.21413743472592245, 0.16983906705231525, 4,10, 4
0.8663606731856582, 0.0, 0.21121886630938044, 0.17029288796433092, 3,10, 3
0.8672919576930752, 0.0, 0.21107502297307396, 0.16529336499712607, 2,10, 2
0.8682232422004923, 0.0, 0.21456944749604176, 0.1723445810584713, 5,10, 5
0.8660945918978248, 0.0, 0.21408164808482727, 0.17023130893090743, 4,10, 4
0.8682897625224506, 0.0, 0.21130815450783497, 0.17049630393556545, 2,10, 2
0.8659615512539081, 0.0, 0.22187207616840626, 0.17063266706468228, 4,10, 4
0.8684893234883256, 0.0, 0.21384513538724928, 0.16591664445847834, 3,10, 3
0.869487128317701, 0.0, 0.2033523903548901, 0.16485557978596269, 0,10, 0
0.8701523315372847, 0.0, 0.21257130867152407, 0.16544958248586275, 3,10, 3
0.8706179737909931, 0.0, 0.19876855925625248, 0.16565370518241196, 3,10, 3
0.8698862502494512, 0.0, 0.20943700887734434, 0.1658975599825408, 2,10, 2
0.8701523315372847, 0.0, 0.2069101163764409, 0.16484463628629625, 0,10, 0
0.8724140224838688, 0.0, 0.20386896666324225, 0.1673448740128349, 3,10, 3
0.872081420874077, 0.0, 0.19450670140200205, 0.1583280353038142, 1,10, 1
0.873012705381494, 0.0, 0.1991488467652263, 0.16011176491188808, 1,10, 1
0.8721479411960353, 0.0, 0.19111968869698484, 0.1616322812867481, 1,10, 1
0.8739439898889111, 0.0, 0.1931227582199423, 0.16168069850336636, 1,10, 1
0.8727466240936607, 0.0, 0.20480670969513542, 0.1646936448692138, 4,10, 4
0.8740105102108694, 0.0, 0.20643383544237662, 0.16019388039870872, 3,10, 3
0.8742100711767445, 0.0, 0.1988788517837752, 0.1586337871942829, 3,10, 3
0.8747422337524113, 0.0, 0.197393235462747, 0.161768174662272, 1,10, 1
0.8748087540743698, 0.0, 0.19706574371823699, 0.16089485257832167, 2,10, 2
0.8754739572939533, 0.0, 0.19749587216750125, 0.1595423749235487, 4,10, 4
0.8748087540743698, 0.0, 0.2034206748384593, 0.15920531824326084, 3,10, 3
0.8757400385817867, 0.0, 0.19711813640562809, 0.15739386394616284, 1,10, 1
0.8764052418013704, 0.0, 0.20156172443021247, 0.16096159242863448, 4,10, 4
0.8762056808354952, 0.0, 0.19024749267990773, 0.1597950820851052, 4,10, 4
0.8753409166500365, 0.0, 0.19442428617337298, 0.15985061043168047, 3,10, 3
0.8781347701722876, 0.0, 0.18793637733328208, 0.15792224347135034, 2,10, 2
0.8761391605135369, 0.0, 0.19013942196995223, 0.15409176707379615, 2,10, 2
0.8774030466307456, 0.0, 0.18659292463386565, 0.15307277965111163, 3,10, 3
0.8795982172553715, 0.0, 0.18950967289804402, 0.14896172875681443, 4,10, 4
0.8777356482405375, 0.0, 0.17910125662578547, 0.15302865383979117, 3,10, 3
0.8790660546797047, 0.0, 0.18533640127622827, 0.15118025892279102, 4,10, 4
0.8797312578992882, 0.0, 0.18254271905938368, 0.14965794456061196, 3,10, 3
0.8780682498503293, 0.0, 0.1898838625615007, 0.15318480190101094, 4,10, 4
0.8782678108162043, 0.0, 0.19012969005104272, 0.15087517323414332, 3,10, 3
0.8808621033725803, 0.0, 0.18003950355008003, 0.14765788827636997, 5,10, 5
0.8799308188651633, 0.0, 0.18205191892455605, 0.1441367917015264, 5,10, 5
0.8795316969334132, 0.0, 0.18981502903746048, 0.14984657441199475, 3,10, 3
0.8793986562894964, 0.0, 0.18932380098012547, 0.14772629616899022, 3,10, 3
0.8813942659482472, 0.0, 0.17849899506178954, 0.15014648176639714, 1,10, 1
0.880995144016497, 0.0, 0.1831285005560797, 0.15042848085750157, 2,10, 2
0.881926428523914, 0.0, 0.18133226180979686, 0.14690600558266767, 1,10, 1
0.8814607862702055, 0.0, 0.17701238034562983, 0.14521423978261064, 1,10, 1
0.8825916317434976, 0.0, 0.1805561997043535, 0.1480497861428414, 4,10, 4
0.8830572739972061, 0.0, 0.17380296578680227, 0.14453117009185903, 4,10, 4
0.8830572739972061, 0.0, 0.1861048074009013, 0.14898460765300775, 4,10, 4
0.10077828776691279, 0.0, 0.8944213325400786, 0.36684194226088074, 0,10, 0
0.23973924033792324, 0.0, 0.7880250651111831, 0.5005937210835711, 0,10, 0
0.41475420741036384, 0.0, 0.6635550344669734, 0.4335209960826842, 0,10, 0
0.5213862835096121, 0.0, 0.602632455673623, 0.39110425063325366, 0,10, 0
0.6179737909931484, 0.0, 0.5105765395950038, 0.2818771789026237, 0,10, 0
0.6290161644382359, 0.0, 0.5087988573446051, 0.2975662011264059, 0,10, 0
0.6757134304530034, 0.0, 0.44500170555539525, 0.26594305983171523, 0,10, 0
0.6904809419277589, 0.0, 0.4391390035390876, 0.2500730475643873, 0,10, 0
0.6870218851859243, 0.0, 0.4628085635574856, 0.29744017040935683, 0,10, 0
0.759196434510743, 0.0, 0.3681987904002329, 0.23853927983162504, 0,10, 0
0.7774230027273332, 0.0, 0.37948932341521596, 0.254956568439422, 0,10, 0
0.7556708574469501, 0.0, 0.36400801960452156, 0.22672688779295969, 0,10, 0
0.7863367258697532, 0.0, 0.35494882292168867, 0.2382227928419077, 4,10, 4
0.7574003858178674, 0.0, 0.35729131783914114, 0.23109409709481732, 5,10, 5
0.7708374908534558, 0.0, 0.3708987772596483, 0.25466214149893696, 4,10, 4
0.7924565954899222, 0.0, 0.3527251398853415, 0.2409768010792762, 2,10, 2
0.7888644981041708, 0.0, 0.32857155799870724, 0.22802871921827336, 3,10, 3
0.7970464977050489, 0.0, 0.31795616246977615, 0.22773052064934865, 1,10, 1
0.815073504955764, 0.0, 0.31238000240514074, 0.22038541161503622, 2,10, 2
0.8163373910729728, 0.0, 0.3010087905243268, 0.21555168370121833, 3,10, 3
0.8189316836293488, 0.0, 0.2906035112456438, 0.20461091081401084, 4,10, 4
0.8300405773963946, 0.0, 0.2791205375667411, 0.20968499205324126, 1,10, 1
0.8327679105966873, 0.0, 0.28207528103459173, 0.20778747251312765, 2,10, 2
0.8286436506352691, 0.0, 0.2766489360439297, 0.20350277675067804, 2,10, 2
0.8351626421871882, 0.0, 0.27323740410516345, 0.20074367100844115, 2,10, 2
0.8338987560699794, 0.0, 0.2828685319394601, 0.20208954554725989, 1,10, 1
0.8351626421871882, 0.0, 0.2671564141941734, 0.19766068538184464, 4,10, 4
0.8418811947049823, 0.0, 0.2492645165202368, 0.19291256738683932, 1,10, 1
0.8444089669394, 0.0, 0.24567580968525143, 0.1898045063726141, 3,10, 3
0.8442094059735249, 0.0, 0.24986761479565897, 0.18828658928716716, 3,10, 3
0.8428789995343577, 0.0, 0.2576892530786733, 0.18690797844469048, 0,10, 0
0.845539812412692, 0.0, 0.25142814125267476, 0.18862384141577856, 5,10, 5
0.8459389343444422, 0.0, 0.24320004783502175, 0.18454296594445044, 2,10, 2
0.8463380562761924, 0.0, 0.27050802981076816, 0.20632678292642523, 5,10, 5
0.8498636333399854, 0.0, 0.24080236744787686, 0.1871280908063647, 2,10, 2
0.8551187387746957, 0.0, 0.2324343775867452, 0.18334343270168177, 2,10, 2
0.8575134703651965, 0.0, 0.2224396783620994, 0.17949917424345635, 2,10, 2
0.8554513403844874, 0.0, 0.2312857434404732, 0.18466194301216154, 4,10, 4
0.8574469500432382, 0.0, 0.2398617229026602, 0.18181877011048203, 4,10, 4
0.8565821858577796, 0.0, 0.22857651198902748, 0.17973903821179468, 2,10, 2
0.8601742832435308, 0.0, 0.23270437040171785, 0.17821277175270975, 4,10, 4
0.8585777955165304, 0.0, 0.22443499308487336, 0.17165077964908362, 3,10, 3
0.8595756003459056, 0.0, 0.2255327128792128, 0.17541457122426202, 1,10, 1
0.8611720880729062, 0.0, 0.21871168583617148, 0.17363568498709026, 4,10, 4
0.860573405175281, 0.0, 0.22334199429069193, 0.17329265377548078, 3,10, 3
0.8635002993414488, 0.0, 0.21532560257820765, 0.17120735964065573, 2,10, 2
0.8639659415951573, 0.0, 0.21994427521567875, 0.1708971842808474, 2,10, 2
0.8646311448147409, 0.0, 0.21187834005639927, 0.16829277668062448, 5,10, 5
0.8662276325417415, 0.0, 0.21916928133625785, 0.17175815541801043, 4,10, 4
0.8659615512539081, 0.0, 0.20469909488355284, 0.16734983599878664, 4,10, 4
0.8668263154393667, 0.0, 0.2082743059183983, 0.16763285381952076, 2,10, 2
0.8688884454200758, 0.0, 0.20690862026484813, 0.16519985859718997, 2,10, 2
0.8673584780150336, 0.0, 0.21739510285965763, 0.1662112211567832, 3,10, 3
0.8688884454200758, 0.0, 0.21049793165510178, 0.16385124783701818, 2,10, 2
0.8670923967272002, 0.0, 0.21828073531280878, 0.16916078254590822, 2,10, 2
0.8693540876737843, 0.0, 0.2064178034713363, 0.16375202064408906, 4,10, 4
0.868356282844409, 0.0, 0.21781804590028744, 0.16934940252421005, 5,10, 5
0.8689549657420342, 0.0, 0.20726538651913887, 0.16241020155350364, 5,10, 5
0.8698862502494512, 0.0, 0.20522507159151585, 0.16080317308183903, 2,10, 2
0.8740105102108694, 0.0, 0.197222928624281, 0.1599119817545403, 4,10, 4
0.8739439898889111, 0.0, 0.20242718634491763, 0.16085719134198573, 4,10, 4
0.8728796647375773, 0.0, 0.19850627311224295, 0.1594423638789503, 2,10, 2
0.8748752743963281, 0.0, 0.20347714730747465, 0.16102570522646947, 2,10, 2
0.8728796647375773, 0.0, 0.1954042481488623, 0.15767103205698718, 1,10, 1
0.873012705381494, 0.0, 0.19831981418282155, 0.15991700723230465, 3,10, 3
0.8734783476352026, 0.0, 0.18962396280949745, 0.1572542398045368, 3,10, 3
0.8748752743963281, 0.0, 0.19801800826104152, 0.1548070119420301, 2,10, 2
0.8754739572939533, 0.0, 0.19709325738329703, 0.15632973812274517, 3,10, 3
0.8743431118206613, 0.0, 0.2039264707356377, 0.1583916138439779, 2,10, 2
0.8748752743963281, 0.0, 0.2085021097455285, 0.1595307358454441, 3,10, 3
0.8755404776159117, 0.0, 0.20082392646310132, 0.15871827259398422, 0,10, 0
0.8756735182598284, 0.0, 0.19400640076606415, 0.15303245575300128, 4,10, 4
0.8758065589037451, 0.0, 0.19649508798004067, 0.1611392363399566, 1,10, 1
0.8768043637331204, 0.0, 0.18857466334566333, 0.15275811493977862, 1,10, 1
0.8778686888844542, 0.0, 0.18733469096995425, 0.1520581175510808, 3,10, 3
0.8791990953236214, 0.0, 0.18156296654601, 0.15027134107138576, 4,10, 4
0.8795316969334132, 0.0, 0.18215042506431608, 0.14889495413467654, 4,10, 4
0.8775360872746624, 0.0, 0.19370982900290723, 0.1517245094218847, 2,10, 2
0.8784673717820795, 0.0, 0.18279282170353695, 0.1478443389977184, 0,10, 0
0.8800638595090801, 0.0, 0.1798028816295022, 0.14450205829697096, 4,10, 4
0.880995144016497, 0.0, 0.17981284607720693, 0.14706099301778452, 3,10, 3
0.8809286236945387, 0.0, 0.18377283248296197, 0.14872246669504505, 3,10, 3
0.8813277456262888, 0.0, 0.18480228602920568, 0.14886714478824664, 4,10, 4
0.8821259894897892, 0.0, 0.17684999660898174, 0.14466922046933672, 3,10, 3
0.8823255504556642, 0.0, 0.17507391594763572, 0.14494158081633476, 1,10, 1
0.8830572739972061, 0.0, 0.17601574778832657, 0.1449661163713459, 3,10, 3
0.8823920707776226, 0.0, 0.18418359278936397, 0.14888044945392498, 4,10, 4
0.8825916317434976, 0.0, 0.17789869935780678, 0.1443330506312225, 1,10, 1
0.8823255504556642, 0.0, 0.18477955529913268, 0.14835919144427936, 1,10, 1
0.8815273065921639, 0.0, 0.17971675098138687, 0.14702807350419111, 1,10, 1
0.8828577130313311, 0.0, 0.17532720842351457, 0.14477139906959313, 5,10, 5
0.8851194039779152, 0.0, 0.17044383578167327, 0.14155804393113353, 3,10, 3
0.8822590301337059, 0.0, 0.18018398635273808, 0.1487290220685552, 4,10, 4
0.8851194039779152, 0.0, 0.1723017991769407, 0.1445097230096761, 3,10, 3
0.8836559568948313, 0.0, 0.17461172166536706, 0.14440153829078517, 5,10, 5
0.8846537617242067, 0.0, 0.17444812144065316, 0.14516402389163274, 1,10, 1
0.8839220381826648, 0.0, 0.17952198937787897, 0.14288587956076593, 5,10, 5
0.8861172088072906, 0.0, 0.16755178653666963, 0.13849282144554217, 1,10, 1
0.885252444621832, 0.0, 0.17143152021271021, 0.14307837336199328, 4,10, 4
0.8857846071974989, 0.0, 0.17957312871635664, 0.14322918040139793, 3,10, 3
0.8861172088072906, 0.0, 0.17707069053205177, 0.14128103365575853, 0,10, 0
