acuracia,loss,frr,fpr, removed, n_clf, tp_removed
0.09825051553249518, 2.3036959122288754, 0.8944041643372586, 0.40467750686587217, 0,0, 0
0.2718685558438103, 1.999967520085747, 0.8309708905175915, 0.5077563229245076, 0,0, 0
0.5829841016430519, 568549.3897745613, 0.526453485097612, 0.4035979195010754, 0,0, 0
0.5786602807157587, 110.29111080814583, 0.5179697348335215, 0.4009231569836682, 0,0, 0
0.60007982438635, 165.82910918672258, 0.5030617434967928, 0.38699147429658737, 0,0, 0
0.5314308521253243, 187.6756205975186, 0.5319645495087526, 0.4116879478548151, 0,0, 0
0.5635601676312113, 45.05517490138784, 0.5303519389932466, 0.41113043040880903, 0,0, 0
0.5626288831237943, 25.691781956605425, 0.5076547641648081, 0.38149980208665946, 0,0, 0
0.6375972859708641, 18.383414091153103, 0.5031446547555564, 0.37803570040864853, 0,0, 0
0.6179737909931484, 12.592466955751348, 0.5227556217800396, 0.389001312080063, 0,0, 0
0.5552451273864165, 2155.0449895257075, 0.5653057839288619, 0.41227652620933375, 0,0, 0
0.6509678706844941, 11.212471672733301, 0.5091519432105205, 0.38191240041775937, 0,0, 0
0.6483070578061598, 8.847910971281532, 0.4903828459331789, 0.3917876876928579, 0,0, 0
0.7423667930552784, 6.425832254588654, 0.3998592684088147, 0.33332822154344116, 0,0, 0
0.6707244063061265, 857.2690959533929, 0.47414198810868746, 0.3584541051700992, 0,0, 0
0.6672653495642918, 14.216668785017353, 0.4722325211468973, 0.356664695348799, 0,0, 0
0.6769773165702122, 6.8877644066490396, 0.4823131101482131, 0.35487770910769556, 0,0, 0
0.6299474489456529, 678.9862785257463, 0.5088680887909035, 0.366830143408649, 0,0, 0
0.6454466839619504, 106335.35410209789, 0.48217651314338644, 0.3906328069908917, 0,0, 0
0.6640723741102907, 79.57399674832871, 0.4617771751053935, 0.37207556093565214, 0,0, 0
0.6530300006652032, 2494825.757790906, 0.496249852866798, 0.3802249075182469, 0,0, 0
0.3601410230825517, 1.9548504577340904, 0.700074792216006, 0.48728917430809304, 0,0, 0
0.4357081088272467, 1.8629146693535197, 0.6537064272330206, 0.44724449402711114, 0,0, 0
0.5225836493048627, 315047.95711174095, 0.5626691989153998, 0.413673343003836, 0,0, 0
0.5086809020155657, 5923714.411623602, 0.5696572500695618, 0.4178314127586381, 0,0, 0
0.5082152597618572, 1.6864446847173797, 0.6231478489532635, 0.4229104307596441, 0,0, 0
0.29980709106632075, 4521.087221995254, 0.7436952972939765, 0.5421790604124838, 0,0, 0
0.28756735182598286, 66939.91676060187, 0.7510038271645192, 0.5466387352730269, 0,0, 0
0.5863766380629283, 1.742894417226715, 0.49128516170446757, 0.37363831098161127, 0,0, 0
0.6386616111221979, 1.6448293516559451, 0.48512450201034335, 0.3735454089114395, 0,0, 0
0.6993946650701789, 1.5471124926909456, 0.4458969444470576, 0.3503053587223171, 0,0, 0
0.7027872014900552, 1.4987559867743396, 0.4394515217042409, 0.35473796829290727, 0,0, 0
0.7070445020953902, 1.4588291398858244, 0.4300397569983584, 0.3484325395536176, 0,0, 0
0.723741102906938, 1.4643970578472778, 0.40137963140966143, 0.3253475506371315, 0,0, 0
0.7258032328876471, 1.4216732355247894, 0.40830270833273835, 0.3388923870718202, 0,0, 0
0.7297944522051487, 1.4016787054069597, 0.3706511287195609, 0.3177838019309816, 0,0, 0
0.7164903878134771, 1.3736049987151222, 0.412690638602647, 0.35074583297928663, 0,0, 0
0.7191512006918114, 1.3207243356117984, 0.3788089900367879, 0.32981678786768936, 0,0, 0
0.7710370518193308, 1.286895110743263, 0.3266259280507853, 0.2951784937669998, 0,0, 0
0.7691079624825384, 1.2671504923622186, 0.35449605792091515, 0.3050415527161977, 0,0, 0
0.7687753608727467, 1.2461794195283493, 0.36449605792091516, 0.3137587679211738, 0,0, 0
0.7692410031264552, 1.2308145765930578, 0.3544234534074117, 0.2999071443521315, 0,0, 0
0.7720348566487062, 1.195856948140487, 0.3255831742835504, 0.29582038768703783, 0,0, 0
0.7671788731457461, 1.2027304704955086, 0.36160405125604034, 0.32146095759780224, 0,0, 0
0.7693075234484135, 1.1882139596386059, 0.3212014538534429, 0.30562455898103946, 0,0, 0
0.7765582385418746, 1.160097362275237, 0.321592798820445, 0.289644301491145, 0,0, 0
0.7832102707377103, 1.137359210614085, 0.31609829332593953, 0.2898398051301924, 0,0, 0
0.7849397991086277, 1.1060315637066758, 0.3008832395624987, 0.2829776053756738, 0,0, 0
0.7846737178207942, 1.1062655611331573, 0.3125499062291654, 0.2886895415309042, 0,0, 0
0.7753608727466241, 1.09533351886816, 0.3223993900786492, 0.3003065300062266, 0,0, 0
0.7695736047362469, 1.0936040799260172, 0.34956395590497974, 0.3048892983012452, 0,0, 0
0.776824319829708, 1.0805532040947616, 0.3099795294514715, 0.28578917681740906, 0,0, 0
0.7767577995077496, 1.0707759845709204, 0.31414619611813815, 0.28977370273899483, 0,0, 0
0.7814807423667931, 1.0704197763419314, 0.3052136118484753, 0.2872822217464316, 0,0, 0
0.7809485797911262, 1.0679350733793695, 0.3155812589072988, 0.28959530138981115, 0,0, 0
0.7782877669127919, 1.059898115846181, 0.3121761895624877, 0.2919910023723313, 0,0, 0
0.7887314574602541, 1.0522416483424766, 0.3029803492072755, 0.2796247852834066, 0,0, 0
0.7843411162110024, 1.0490157180372521, 0.3126052589508173, 0.2835913217682726, 0,0, 0
0.7862702055477948, 1.0638851511068452, 0.29981114130375847, 0.2815438242335353, 0,0, 0
0.7861371649038781, 1.067621489971537, 0.3064778079704251, 0.28103861029055177, 0,0, 0
0.7855384820062529, 1.0537212473510513, 0.30157764058639835, 0.2817801084276014, 0,0, 0
0.7866028071575867, 1.0447818995937572, 0.3002768275782683, 0.281385759405532, 0,0, 0
0.7865362868356283, 1.0349831713700175, 0.3027768275782683, 0.2812406875857525, 0,0, 0
0.78646976651367, 1.0309910643767737, 0.3061101609116016, 0.28587164817626326, 0,0, 0
0.10111088937670458, nan, 0.9116167084157132, 0.5793194451765763, 0,0, 0
0.10111088937670458, nan, 0.9116167084157132, 0.5786681855604473, 0,0, 0
0.10111088937670458, nan, 0.9116167084157132, 0.5824122633943198, 0,0, 0
0.10111088937670458, nan, 0.9116167084157132, 0.5815801850243966, 0,0, 0
0.10111088937670458, nan, 0.9116167084157132, 0.5792215839680516, 0,0, 0
0.10111088937670458, nan, 0.9116167084157132, 0.578102020309755, 0,0, 0
0.10111088937670458, nan, 0.9116167084157132, 0.5842249158016237, 0,0, 0
0.10111088937670458, nan, 0.9116167084157132, 0.581929900963683, 0,0, 0
0.10111088937670458, nan, 0.9116167084157132, 0.5854315041688253, 0,0, 0
0.10111088937670458, nan, 0.9116167084157132, 0.5801856104220405, 0,0, 0
0.10111088937670458, nan, 0.9116167084157132, 0.5835749237061103, 0,0, 0
0.10111088937670458, nan, 0.9116167084157132, 0.5864992099363562, 0,0, 0
0.10111088937670458, nan, 0.9116167084157132, 0.5757718758818647, 0,0, 0
0.10111088937670458, nan, 0.9116167084157132, 0.5819926406583726, 0,0, 0
0.10111088937670458, nan, 0.9116167084157132, 0.5810794855309928, 0,0, 0
0.10111088937670458, nan, 0.9116167084157132, 0.5866446102647644, 0,0, 0
0.10111088937670458, nan, 0.9116167084157132, 0.5810349560812333, 0,0, 0
0.10111088937670458, nan, 0.9116167084157132, 0.5788288386444592, 0,0, 0
0.10111088937670458, nan, 0.9116167084157132, 0.5794480384947577, 0,0, 0
0.10111088937670458, nan, 0.9116167084157132, 0.5796334087078509, 0,0, 0
0.10111088937670458, nan, 0.9116167084157132, 0.5821835153143003, 0,0, 0
0.10111088937670458, nan, 0.9116167084157132, 0.5859839168612404, 0,0, 0
0.10111088937670458, nan, 0.9116167084157132, 0.5841982379999524, 0,0, 0
0.10111088937670458, nan, 0.9116167084157132, 0.579982649829408, 0,0, 0
0.10111088937670458, nan, 0.9116167084157132, 0.575458566654662, 0,0, 0
0.10111088937670458, nan, 0.9116167084157132, 0.5833223319673675, 0,0, 0
0.10111088937670458, nan, 0.9116167084157132, 0.5847920340683246, 0,0, 0
0.10111088937670458, nan, 0.9116167084157132, 0.5794359056068054, 0,0, 0
0.10111088937670458, nan, 0.9116167084157132, 0.5807470769359453, 0,0, 0
0.10111088937670458, nan, 0.9116167084157132, 0.5767356310964711, 0,0, 0
0.10111088937670458, nan, 0.9116167084157132, 0.5822266893679866, 0,0, 0
0.10111088937670458, nan, 0.9116167084157132, 0.5779903976224208, 0,0, 0
0.10111088937670458, nan, 0.9116167084157132, 0.5855622524951165, 0,0, 0
0.10111088937670458, nan, 0.9116167084157132, 0.584363564747835, 0,0, 0
0.10111088937670458, nan, 0.9116167084157132, 0.5828280366759063, 0,0, 0
0.10111088937670458, nan, 0.9116167084157132, 0.5839057015066125, 0,0, 0
0.10111088937670458, nan, 0.9116167084157132, 0.5783157074791773, 0,0, 0
0.09658750748353621, 2.3058826905290326, 0.9016793803874679, 0.522514586594959, 0,0, 0
0.20341914454865961, 2.2100334631058933, 0.8478469564492366, 0.45518579880513343, 0,0, 0
0.6875540477615911, 198916.39873228787, 0.4522225680993486, 0.3685125967434636, 0,0, 0
0.5799241668329674, 2.1501735734152936, 0.5592312038631578, 0.4130254666566794, 0,0, 0
0.1712233087208142, 22.707223622020926, 0.8263593644414575, 0.5622438552025317, 0,0, 0
0.18299740570744363, 805.0424707584068, 0.8228177415392826, 0.5634085416144815, 0,0, 0
0.2658152065455997, 409.93965708737034, 0.7914991324209119, 0.5425208090120885, 0,0, 0
0.3338654959090002, 311.2122128411724, 0.7208310498636386, 0.5082763058514557, 0,0, 0
0.36360007982438636, 216.25748571277683, 0.6860076105638921, 0.46798154118699137, 0,0, 0
0.41668329674715626, 131.86822177281184, 0.6347961871845951, 0.45273858607684714, 0,0, 0
0.4064391671655691, 105.09322338232727, 0.6447784114347135, 0.4542836673379048, 0,0, 0
0.4141555245127386, 94.79833954184521, 0.6343569291065247, 0.43596852844217565, 0,0, 0
0.42020887381094923, 71.38434303818661, 0.6153142079706995, 0.44040240637765143, 0,0, 0
0.43111820661212, 84.65286156217523, 0.6140544795667251, 0.4335628732820747, 0,0, 0
0.37876671323089206, 78.73890339262284, 0.6357121122125639, 0.44939545474064224, 0,0, 0
0.4339785804563294, 50.929471968053875, 0.6214483923138528, 0.4453218180734981, 0,0, 0
0.3785006319430586, 68.41678451113778, 0.6629476049929574, 0.44060953385754836, 0,0, 0
0.44568615712100046, 108.89957194051217, 0.6172941870629746, 0.4172712009847792, 0,0, 0
0.5079491784740238, 16.062316571106688, 0.5331501559817826, 0.39616374156158457, 0,0, 0
0.49557639858976915, 63.807317190213325, 0.5946131086209945, 0.41355261155869355, 0,0, 0
0.5511208674249983, 80739.2902585789, 0.5431410546671067, 0.39802329456492097, 0,0, 0
0.45845805893700525, 5687941.612006402, 0.6093186187147536, 0.4396460689497051, 0,0, 0
0.5754007849397991, 1.8646587878098897, 0.5672627809885724, 0.40531343674032094, 0,0, 0
0.6530300006652032, 1.7962103797069433, 0.5416315281774906, 0.38439047910264135, 0,0, 0
0.7132974123594759, 1.7073738988760758, 0.4255161418634543, 0.3431701703544943, 0,0, 0
0.729860972527107, 930971.9809600763, 0.3778613594705221, 0.3274153508560139, 0,0, 0
0.6889509745227167, 2548707868168.379, 0.43054687041918727, 0.3268680313629511, 0,0, 0
0.7693075234484135, 1.525899282704251, 0.34217751902680654, 0.30368593478809225, 0,0, 0
0.7764917182199161, 1.500864713870622, 0.3222831780303318, 0.2904490973664844, 0,0, 0
0.7792855717421673, 1.4747530001747247, 0.34220141232912743, 0.29601229295835646, 0,0, 0
0.7804829375374177, 1.41960229205588, 0.3164741396018547, 0.28511762407540575, 0,0, 0
0.783343311381627, 1.3826603567305658, 0.31880162429332903, 0.2843932223514819, 0,0, 0
0.7835428723475022, 1.3748015379955063, 0.3136501091418139, 0.2848593034979566, 0,0, 0
0.765515865096787, 1.3954571380840561, 0.30807054554067254, 0.2869508839248942, 0,0, 0
0.7941861238608395, 1.3523783777998226, 0.29406155115798865, 0.27995046360837217, 0,0, 0
0.7939865628949644, 1.3533517086653781, 0.2967888238852614, 0.27330362077533166, 0,0, 0
0.7889975387480875, 612422949091026.0, 0.3059426420358893, 0.2807607961512433, 0,0, 0
0.7793520920641256, 2.28529203112149e+17, 0.3553669276106401, 0.3090655637851907, 0,0, 0
0.7889975387480875, 1.1176306907026563e+25, 0.3101452047214457, 0.2792249128838956, 0,0, 0
0.7876671323089204, 2.6062823432359026e+23, 0.3399865965427115, 0.2877889725867025, 0,0, 0
0.78686888844542, 1.9882471350140526e+25, 0.33352724561868496, 0.2834116097238888, 0,0, 0
0.7956495709439234, 1.2355219289256032, 0.28736842946486696, 0.2739258113489886, 0,0, 0
0.7965143351293821, 2.4221456628171114e+22, 0.29986844376543287, 0.2748964701686085, 0,0, 0
0.7940530832169228, 1.2949623910135316e+27, 0.28900873078285555, 0.27473539633914873, 0,0, 0
0.7887979777822125, 2.569764821514049e+27, 0.3000538971161391, 0.2811855353597423, 0,0, 0
0.7930552783875474, 1.1906113364855615, 0.2934707130528351, 0.2778146717063024, 0,0, 0
0.7903279451872547, 1.1802692493500764, 0.3372176381250018, 0.297261759591818, 0,0, 0
0.7951174083682565, 1.1789134504847332, 0.29511092469304673, 0.28971582438712046, 0,0, 0
0.7943856848267146, 6.978339241604033e+24, 0.300594275336675, 0.28289485592318725, 0,0, 0
0.7581321093594093, 5.253727904268533e+27, 0.3312788294690533, 0.2823250906436842, 0,0, 0
0.7878666932747954, 1.152966011037792, 0.3007161337817584, 0.2741176373018204, 0,0, 0
0.7883323355285039, 1.1461434605851872, 0.30027588220943136, 0.2813182305387217, 0,0, 0
0.7776225636932083, 1.150340251692979, 0.30466017438784115, 0.2764606371218421, 0,0, 0
0.7870019290893367, 1.458359162416819e+28, 0.2929448512108466, 0.2753849083878441, 0,0, 0
0.7874010510210869, 1.1774392778936447, 0.2927679808187866, 0.2722763816049309, 0,0, 0
0.7820129049424599, 4.580880927809822e+28, 0.29779171490898226, 0.2807180032162806, 0,0, 0
0.7874010510210869, 1.5053225528355234e+28, 0.2928894578262375, 0.27199974194487797, 0,0, 0
0.10111088937670458, nan, 0.9116167084157132, 0.5790242326085434, 0,0, 0
0.10111088937670458, nan, 0.9116167084157132, 0.5835499016981022, 0,0, 0
0.10111088937670458, nan, 0.9116167084157132, 0.579146458799173, 0,0, 0
0.10111088937670458, nan, 0.9116167084157132, 0.5863308142819446, 0,0, 0
0.10111088937670458, nan, 0.9116167084157132, 0.5791447604796358, 0,0, 0
0.10111088937670458, nan, 0.9116167084157132, 0.5782744543137786, 0,0, 0
0.10111088937670458, nan, 0.9116167084157132, 0.5800560498480487, 0,0, 0
0.10111088937670458, nan, 0.9116167084157132, 0.5813264663394075, 0,0, 0
0.10111088937670458, nan, 0.9116167084157132, 0.5834236139544513, 0,0, 0
0.10111088937670458, nan, 0.9116167084157132, 0.5785039131804116, 0,0, 0
0.10111088937670458, nan, 0.9116167084157132, 0.5798067009790914, 0,0, 0
0.10111088937670458, nan, 0.9116167084157132, 0.5796672521440371, 0,0, 0
0.10111088937670458, nan, 0.9116167084157132, 0.5784562289147364, 0,0, 0
0.10111088937670458, nan, 0.9116167084157132, 0.583094174282765, 0,0, 0
0.10111088937670458, nan, 0.9116167084157132, 0.5813312659809903, 0,0, 0
0.10111088937670458, nan, 0.9116167084157132, 0.5771944954840703, 0,0, 0
0.10111088937670458, nan, 0.9116167084157132, 0.581212323233595, 0,0, 0
0.10111088937670458, nan, 0.9116167084157132, 0.5833514786881234, 0,0, 0
0.10111088937670458, nan, 0.9116167084157132, 0.5823737064306492, 0,0, 0
0.10111088937670458, nan, 0.9116167084157132, 0.5789707059577981, 0,0, 0
0.10111088937670458, nan, 0.9116167084157132, 0.5849814021698462, 0,0, 0
0.10111088937670458, nan, 0.9116167084157132, 0.5779733671315735, 0,0, 0
0.10111088937670458, nan, 0.9116167084157132, 0.5801834409832537, 0,0, 0
0.10111088937670458, nan, 0.9116167084157132, 0.583591816214294, 0,0, 0
0.10111088937670458, nan, 0.9116167084157132, 0.5826934782847757, 0,0, 0
0.10111088937670458, nan, 0.9116167084157132, 0.5822656231157074, 0,0, 0
0.10111088937670458, nan, 0.9116167084157132, 0.5809453880717795, 0,0, 0
0.10111088937670458, nan, 0.9116167084157132, 0.5786164298996335, 0,0, 0
0.10111088937670458, nan, 0.9116167084157132, 0.5803912386542156, 0,0, 0
0.10111088937670458, nan, 0.9116167084157132, 0.5879689934188852, 0,0, 0
0.10111088937670458, nan, 0.9116167084157132, 0.5813070992073102, 0,0, 0
0.10111088937670458, nan, 0.9116167084157132, 0.5781200410645225, 0,0, 0
0.10111088937670458, nan, 0.9116167084157132, 0.578808868135587, 0,0, 0
0.10111088937670458, nan, 0.9116167084157132, 0.5786305164473635, 0,0, 0
0.10111088937670458, nan, 0.9116167084157132, 0.5814626816249343, 0,0, 0
0.10111088937670458, nan, 0.9116167084157132, 0.584110110401966, 0,0, 0
0.10111088937670458, nan, 0.9116167084157132, 0.5780931782059969, 0,0, 0
0.10111088937670458, nan, 0.9116167084157132, 0.5780521698517923, 0,0, 0
0.10111088937670458, nan, 0.9116167084157132, 0.5815247798615176, 0,0, 0
0.10111088937670458, nan, 0.9116167084157132, 0.5802083649817731, 0,0, 0
0.10111088937670458, nan, 0.9116167084157132, 0.5882913274013013, 0,0, 0
0.10111088937670458, nan, 0.9116167084157132, 0.5824905927391059, 0,0, 0
0.10111088937670458, nan, 0.9116167084157132, 0.5797799168400922, 0,0, 0
0.10111088937670458, nan, 0.9116167084157132, 0.5800770865347006, 0,0, 0
0.09991352358145414, 2.304689394660888, 0.942200958766819, 0.5086086603166319, 0,0, 0
0.2539745892370119, 2.1149977731869654, 0.8292821792710156, 0.5281080345604654, 0,0, 0
0.5748021020421739, 45130717.64171898, 0.5122477714373299, 0.3929106833700607, 0,0, 0
0.5166633406505687, 2.016848779585851, 0.599255331532296, 0.43396572520832594, 0,0, 0
0.6050023282112685, 1.9465580762031351, 0.49014307453692235, 0.36285499057121073, 0,0, 0
0.6509678706844941, 1.8621160079462598, 0.4809485655117243, 0.3653012156434343, 0,0, 0
0.661145479944123, 1.8076653641000016, 0.4691789594525267, 0.35846859857674096, 0,0, 0
0.7389077363134438, 1.741002697750122, 0.3969164559905785, 0.3285157933086419, 0,0, 0
0.7538748087540744, 1.622242345458367, 0.3781259469630038, 0.31371650532411194, 0,0, 0
0.762522450608661, 1.5591015153622934, 0.3788399539188794, 0.306767821498867, 0,0, 0
0.7574003858178674, 1.4922958148486885, 0.3915465731142629, 0.31363642259187424, 0,0, 0
0.7585312312911594, 1.45010206154175, 0.38069290923428317, 0.3147528246990825, 0,0, 0
0.7640524180137032, 1.3956718216058237, 0.37393366715230025, 0.31189387175686145, 0,0, 0
0.2949511075633606, 16108.044054745566, 0.7207639329166998, 0.5084939098394864, 0,0, 0
0.7266014767511475, 1.4667030645216335, 0.37707019469612013, 0.3115293846172781, 0,0, 0
0.7581321093594093, 1.4477200047250225, 0.3773505609335998, 0.3097729319926508, 0,0, 0
0.252511142153928, 26.026733336287023, 0.72398172862127, 0.5209701741204512, 0,0, 0
0.2587640524180137, 2079.843199482318, 0.7724647861375178, 0.5393461573721433, 0,0, 0
0.3486995277057141, 1091.810411162666, 0.7056265501712198, 0.5042889869207466, 0,0, 0
0.23042639526375308, 2911.5811582777, 0.695832167085641, 0.509157360836452, 0,0, 0
0.3987228098183995, 2311.859471616794, 0.6275225893030782, 0.4517997188451865, 0,0, 0
0.39246989955431383, 270.985749260908, 0.6093054887551524, 0.44572819431442723, 0,0, 0
0.40663872813144414, 995.2160730363287, 0.6289709204970397, 0.45064099094643983, 0,0, 0
0.2863699860307324, 1105.9419872472445, 0.681662955146616, 0.47122190224231775, 0,0, 0
0.3198297079757866, 562.0941979595345, 0.6765797796521237, 0.458167084121999, 0,0, 0
0.380429721279851, 783.9926091190156, 0.639801618834531, 0.44956699570790887, 0,0, 0
0.37138295749351424, 687.3473284632881, 0.6221486457949478, 0.45245124150755983, 0,0, 0
0.3797645180602674, 890.0860274528137, 0.6124537327178051, 0.43271597529256967, 0,0, 0
0.44522051486729197, 439.69789025956385, 0.5853139692721249, 0.4179271016576612, 0,0, 0
0.41269207742965475, 304.6613318749395, 0.617533663435702, 0.42560752125515544, 0,0, 0
0.42014235348899087, 175.51547513815777, 0.5820941675909682, 0.4116540562318409, 0,0, 0
0.5042240404443558, 188.3641925146244, 0.5182354795889073, 0.38492023898023886, 0,0, 0
0.4831370983835562, 152.47738239602342, 0.5561526069288785, 0.3899915098173783, 0,0, 0
0.4348433446417881, 183.56064219432872, 0.5735755168905154, 0.4046505608446894, 0,0, 0
0.3321359675380829, 248.16894622251888, 0.6444154906445654, 0.4411350628716948, 0,0, 0
0.35275726734517393, 195.24820594701418, 0.6246444674088706, 0.43565300341817476, 0,0, 0
0.38861172088072904, 144.2040320241687, 0.6145851155399606, 0.43111457931002584, 0,0, 0
0.46797046497705047, 129.87901253669764, 0.5227032979973408, 0.39073736158543815, 0,0, 0
0.2769241003126455, 240.63002045581646, 0.6998360305504828, 0.3565374967381345, 0,0, 0
0.37191512006918115, 231.9386697557369, 0.6456563614415174, 0.32612645275365465, 0,0, 0
0.5147342513137764, 74.34801977340264, 0.5209115878180239, 0.3934364242432594, 0,0, 0
0.3298742765914987, 125.25760815314526, 0.6622184475907682, 0.4311103415701529, 0,0, 0
0.46005454666400586, 4409.1843524660935, 0.5150214472747596, 0.37238828952219305, 0,0, 0
0.4765515865096787, 89.2379369057706, 0.532673865994173, 0.3921932358143065, 0,0, 0
0.4330472959489124, 85.72575783141966, 0.574486571249236, 0.43270458442702237, 0,0, 0
0.5080156987959822, 47.56414871233402, 0.5422935535703264, 0.42275673091788346, 0,0, 0
0.49371382957493515, 32.03050815780358, 0.5508153273859119, 0.3942447526962, 0,0, 0
0.65316304130912, 22.97622795019354, 0.4441578669616807, 0.35163168128014066, 0,0, 0
0.4423601410230826, 2545.5985644987054, 0.5538291114413585, 0.3798666961528824, 0,0, 0
0.49956761790727067, 46.26449156579441, 0.525421259308099, 0.37557207212963173, 0,0, 0
0.4498104170824187, 313043493.7806662, 0.5966540980032281, 0.4218138914542934, 0,0, 0
0.6608793986562895, 1.7318680933321986, 0.4852934442724489, 0.3831125733585566, 0,0, 0
0.7058471363001397, 1.5867118782068383, 0.47999152306476417, 0.3743303140694135, 0,0, 0
0.7255371515998137, 1.54474094136775, 0.44565865944202526, 0.35655879504531407, 0,0, 0
0.7226102574336459, 1.5049085621232932, 0.4482622097378832, 0.3507880079304057, 0,0, 0
0.708507949178474, 1.471753591613785, 0.46847827694593414, 0.36336296658586, 0,0, 0
0.7095722743298077, 1.416659719514027, 0.44995261813872184, 0.36239596829867615, 0,0, 0
0.7256036719217721, 1.385386019692443, 0.4272527583281001, 0.3520830120160654, 0,0, 0
0.7351160779618173, 1.355583317334554, 0.388582706294263, 0.33690148318958424, 0,0, 0
0.7347169560300671, 1.330530968411202, 0.3954874681990249, 0.33885821077947464, 0,0, 0
0.735781281181401, 1.3219672573653778, 0.39467428278174066, 0.3361715847025291, 0,0, 0
0.4794119603538881, 15529436.76340966, 0.5571871505542851, 0.3616300168052532, 0,0, 0
0.7501496707244063, 1.2935942076040665, 0.37569198830278583, 0.3247185383300644, 0,0, 0
0.7520787600611987, 1.282516697449858, 0.3734210260409243, 0.31996079265587163, 0,0, 0
0.26428523914055746, 3.875820545575582, 0.7193801991957866, 0.5156472297715883, 0,0, 0
0.7778886449810417, 1.280293288873493, 0.3283177310045488, 0.28953302265971337, 0,0, 0
0.7802833765715426, 1.2636970161642913, 0.32638608602537494, 0.2864814968471314, 0,0, 0
0.2475886383290095, 35234.27917813243, 0.7339918993909119, 0.5275850317820968, 0,0, 0
0.7530100445686158, 1.2906998574419266, 0.34781761821585067, 0.3060108010759495, 0,0, 0
0.22237743630679171, 178.71837405709857, 0.7285858988805245, 0.5123060226231726, 0,0, 0
0.3653296081953037, 7.668088122248578, 0.6351844775083011, 0.44242723462959943, 0,0, 0
0.3037317900618639, 612.1918069952085, 0.7112930984967732, 0.5020814644061324, 0,0, 0
0.417015898356948, 42.82159747269262, 0.6176961548178447, 0.42485696639321924, 0,0, 0
0.3793653961285173, 133.00345952610908, 0.6651883242686063, 0.4678323040421109, 0,0, 0
0.2536419876272201, 20910403118.121063, 0.7457341468840091, 0.4385858891930334, 0,0, 0
0.6832967471562562, 1.4287019195315123, 0.43574388707953027, 0.34056825371339833, 0,0, 0
0.7510809552318233, 1.3410371159516394, 0.38473411113019457, 0.3191328801564246, 0,0, 0
0.33872147941196035, 4772.522884127576, 0.7320038056392889, 0.46655901773729697, 0,0, 0
0.352956828311049, 5260.797524098919, 0.6704864736583083, 0.4628407567960631, 0,0, 0
0.42213796314774166, 200.24094620720246, 0.6256847386096396, 0.4344646075351238, 0,0, 0
0.41062994744894565, 824.1680291600311, 0.6083202481302525, 0.4261347211600181, 0,0, 0
0.3985897691744828, 1038.4527749022443, 0.6656822191354789, 0.44120727287695194, 0,0, 0
0.49085345573072575, 818.5924861580362, 0.6133727374710992, 0.43655447505879386, 0,0, 0
0.5453335994146211, 530.9043326547666, 0.5754670641834042, 0.44080243650353046, 0,0, 0
0.48154061065655557, 491.5941783933196, 0.6066716133031707, 0.4224250293642858, 0,0, 0
0.5170624625823189, 448.27876699728097, 0.5400587115791536, 0.400755236742815, 0,0, 0
0.5361537949843678, 423.89179567841364, 0.5367537481540542, 0.3825576718685215, 0,0, 0
0.5420741036386616, 404.5496514794734, 0.5437723694094316, 0.3809141451691154, 0,0, 0
0.5310317301935742, 365.84426845749164, 0.5749531546620131, 0.38682735079089553, 0,0, 0
0.61790727067119, 534.273947548883, 0.4932986393586984, 0.37212024487770107, 0,0, 0
0.47329209073371914, 816.1737673928436, 0.5691032226112762, 0.4025397304898584, 0,0, 0
0.4573937337856715, 727.8368176751521, 0.5949593096991351, 0.38655624453057463, 0,0, 0
0.5064857313909399, 346.3161352346683, 0.5650319489033001, 0.38649503609011227, 0,0, 0
0.5659548992217123, 346.9330407547593, 0.5031590386513674, 0.36431377177216506, 0,0, 0
0.48220581387613914, 457.9706640168092, 0.5268136361690179, 0.3839872317428711, 0,0, 0
0.5211202022217788, 858.0426297720323, 0.5225807640877296, 0.3871774984027178, 0,0, 0
0.5306991285837823, 803.5937295891729, 0.48828621661556343, 0.3861940577643055, 0,0, 0
0.4338455398124127, 664.6201761661559, 0.6228859088818706, 0.43077776527840245, 0,0, 0
0.5289030798909067, 885.9015720102082, 0.5017717905688198, 0.3976094611452073, 0,0, 0
0.552916916117874, 475.75221541309435, 0.48197595740557264, 0.3599536588989537, 0,0, 0
0.5788598416816337, 712.709753836516, 0.45824232834896256, 0.3594462967717201, 0,0, 0
0.10390474289895563, 2.3029944241217395, 0.8866236795242322, 0.3625385241922831, 0,0, 0
0.26980642586310116, 2.141818755588742, 0.7555696700764539, 0.35048376316875346, 0,0, 0
0.5810550123062596, 17789553.46287478, 0.5151883222225336, 0.39064917906167274, 0,0, 0
0.4927825450675181, 1.979485911364439, 0.6649162846701065, 0.4770391978635061, 0,0, 0
0.5664870617973791, 1.8823927159930451, 0.6256758908437233, 0.44590314953853094, 0,0, 0
0.6096587507483536, 1.7540969307916825, 0.5546071195044501, 0.4061110247694068, 0,0, 0
0.6681966340717089, 1.686217080878298, 0.5382641965015796, 0.38835580766687955, 0,0, 0
0.6851593161710903, 1.6475539258130176, 0.5054996885660583, 0.38071037325489415, 0,0, 0
0.727998403512273, 1.5913083831017216, 0.4617048321067282, 0.3686069408242789, 0,0, 0
0.7379099314840684, 1.5276286734646842, 0.4526858806229729, 0.3542264075373974, 0,0, 0
0.7726335395463314, 1.4726491760560902, 0.3952502371932717, 0.3209679780725819, 0,0, 0
0.7689749218386217, 1.4326567262072116, 0.3943629720865999, 0.3208981118819041, 0,0, 0
0.7724339785804564, 1.3934878432559592, 0.37435965830750056, 0.31529587303458584, 0,0, 0
0.21958358278454068, 8709.054233027022, 0.799585110992556, 0.5415404273341747, 0,0, 0
0.703319364065722, 1.405847650450765, 0.4351002865960058, 0.33635751280135184, 0,0, 0
0.7409033459721945, 1.3599678256231686, 0.385688564627281, 0.3214859859175641, 0,0, 0
0.7796846936739174, 1.3107531546648332, 0.35740373722424496, 0.30396381744644013, 0,0, 0
0.7790860107762921, 1.2714918469594465, 0.3606658698284829, 0.31511713020011595, 0,0, 0
0.24100312645513206, 21869.032292295167, 0.8153516542083955, 0.5255266125648891, 0,0, 0
0.7399720614647775, 1.2962728004659998, 0.3485794560335142, 0.31423629001193776, 0,0, 0
0.7809485797911262, 1.2405259258247678, 0.33663958058374704, 0.30226407213142176, 0,0, 0
0.7815472626887514, 1.2220478798686836, 0.3265102138264733, 0.3031090533951733, 0,0, 0
0.16184394332468569, 16265.656163471613, 0.841528774612608, 0.5557491306979704, 0,0, 0
0.794651766114548, 1.227140878656465, 0.32510792949673345, 0.2920785335288316, 0,0, 0
0.24499434577263354, 26.321246396779387, 0.8021257085398464, 0.521861205737014, 0,0, 0
0.14687687088405507, 876.2297627260559, 0.8634710525431637, 0.5582592027912446, 0,0, 0
0.15472626887514135, 16.74292918136519, 0.8469999278760258, 0.550179979689977, 0,0, 0
0.19364065722078094, 233.8944886533592, 0.8478792416955456, 0.542814800202398, 0,0, 0
0.1514667730991818, 1721.2981965326308, 0.8576596794502374, 0.5493294349333663, 0,0, 0
0.21911794053083217, 468.8598669479162, 0.8022589476547799, 0.5244817631387774, 0,0, 0
0.3513603405840484, 1761.2982452517933, 0.7047329518207177, 0.5037546518933065, 0,0, 0
0.308388212598949, 370.0257621732275, 0.7116354080611547, 0.4955772253041214, 0,0, 0
0.264019157852724, 1941.182428295357, 0.7414446969857015, 0.5028063562414106, 0,0, 0
0.6952704051087607, 15128.346099661854, 0.4130218525752996, 0.3197357330292251, 0,0, 0
0.22969467172221114, 1251.1971388928216, 0.7909874492282261, 0.5177781360836738, 0,0, 0
0.2936872214461518, 1568.1561987842183, 0.7522282426288676, 0.50283531971872, 0,0, 0
0.23328676910796248, 1369.9632368427763, 0.8042849166553249, 0.5262612217472671, 0,0, 0
0.29149205082152596, 1306.6727653366963, 0.7785208184302687, 0.5168208764376371, 0,0, 0
0.30685824519390675, 495.8666656351597, 0.7734194485432379, 0.5228480885811452, 0,0, 0
0.27971795383489656, 1107.6531225981412, 0.7897305946227502, 0.5238958085585667, 0,0, 0
0.30832169227699063, 824.6150355404318, 0.7697567908057842, 0.5133013230794364, 0,0, 0
0.24931816669992682, 296.06072600072997, 0.7882825219685408, 0.5180775478004687, 0,0, 0
0.22836426528304396, 1549.6002820523795, 0.8000894110895652, 0.5237349961504373, 0,0, 0
0.27047162908268474, 1317.8102377019425, 0.7935758430531914, 0.5199303364715373, 0,0, 0
0.3748420142353489, 472360741.1225747, 0.6881468840188313, 0.4852645944294753, 0,0, 0
0.6834963081221314, 207832801520840.38, 0.44797713496106234, 0.3439424328156137, 0,0, 0
0.10111088937670458, nan, 0.9116167084157132, 0.5820117359015465, 0,0, 0
0.10111088937670458, nan, 0.9116167084157132, 0.5854450662468417, 0,0, 0
0.10111088937670458, nan, 0.9116167084157132, 0.5803521773546401, 0,0, 0
0.10111088937670458, nan, 0.9116167084157132, 0.5813569333779816, 0,0, 0
0.10111088937670458, nan, 0.9116167084157132, 0.5828587277908583, 0,0, 0
0.10111088937670458, nan, 0.9116167084157132, 0.5830040961753755, 0,0, 0
0.10111088937670458, nan, 0.9116167084157132, 0.5791708252859755, 0,0, 0
0.10111088937670458, nan, 0.9116167084157132, 0.5816763386090923, 0,0, 0
0.10111088937670458, nan, 0.9116167084157132, 0.5817304975764187, 0,0, 0
0.10111088937670458, nan, 0.9116167084157132, 0.5833655255513611, 0,0, 0
0.10111088937670458, nan, 0.9116167084157132, 0.5801010919445938, 0,0, 0
0.10111088937670458, nan, 0.9116167084157132, 0.5813132856283816, 0,0, 0
0.10111088937670458, nan, 0.9116167084157132, 0.582661512578769, 0,0, 0
0.10111088937670458, nan, 0.9116167084157132, 0.5848571849842491, 0,0, 0
0.10111088937670458, nan, 0.9116167084157132, 0.5785778409052421, 0,0, 0
0.10111088937670458, nan, 0.9116167084157132, 0.5799421450498411, 0,0, 0
0.10111088937670458, nan, 0.9116167084157132, 0.5783568799571677, 0,0, 0
0.10111088937670458, nan, 0.9116167084157132, 0.5774482204681912, 0,0, 0
0.10111088937670458, nan, 0.9116167084157132, 0.5848225724862308, 0,0, 0
0.10111088937670458, nan, 0.9116167084157132, 0.5835921683007343, 0,0, 0
0.10111088937670458, nan, 0.9116167084157132, 0.5824911667645573, 0,0, 0
0.10111088937670458, nan, 0.9116167084157132, 0.5826031395892043, 0,0, 0
0.10111088937670458, nan, 0.9116167084157132, 0.5811781224854443, 0,0, 0
0.10111088937670458, nan, 0.9116167084157132, 0.5799374328368951, 0,0, 0
0.10111088937670458, nan, 0.9116167084157132, 0.5803320087077097, 0,0, 0
0.10111088937670458, nan, 0.9116167084157132, 0.5815952676076124, 0,0, 0
0.10111088937670458, nan, 0.9116167084157132, 0.5831923939250516, 0,0, 0
0.10111088937670458, nan, 0.9116167084157132, 0.5859244893113705, 0,0, 0
0.10111088937670458, nan, 0.9116167084157132, 0.5857867645194207, 0,0, 0
0.10111088937670458, nan, 0.9116167084157132, 0.5789930737213491, 0,0, 0
0.10111088937670458, nan, 0.9116167084157132, 0.579285652670873, 0,0, 0
0.10111088937670458, nan, 0.9116167084157132, 0.5832452619840555, 0,0, 0
0.10111088937670458, nan, 0.9116167084157132, 0.5799294193501714, 0,0, 0
0.10111088937670458, nan, 0.9116167084157132, 0.5836941098702907, 0,0, 0
0.10111088937670458, nan, 0.9116167084157132, 0.5801026571624902, 0,0, 0
0.10111088937670458, nan, 0.9116167084157132, 0.5809356926105623, 0,0, 0
0.10111088937670458, nan, 0.9116167084157132, 0.579632155704301, 0,0, 0
0.10111088937670458, nan, 0.9116167084157132, 0.5814940102271564, 0,0, 0
0.10111088937670458, nan, 0.9116167084157132, 0.5833471314985573, 0,0, 0
0.10111088937670458, nan, 0.9116167084157132, 0.5787423554940455, 0,0, 0
0.10111088937670458, nan, 0.9116167084157132, 0.5811184423421472, 0,0, 0
0.10111088937670458, nan, 0.9116167084157132, 0.5824944235785249, 0,0, 0
0.10111088937670458, nan, 0.9116167084157132, 0.5759246785657839, 0,0, 0
0.10111088937670458, nan, 0.9116167084157132, 0.5796822060417011, 0,0, 0
0.10111088937670458, nan, 0.9116167084157132, 0.5858286275257164, 0,0, 0
0.10111088937670458, nan, 0.9116167084157132, 0.5781767220283306, 0,0, 0
0.10111088937670458, nan, 0.9116167084157132, 0.5859862002720791, 0,0, 0
0.10111088937670458, nan, 0.9116167084157132, 0.5774651296843346, 0,0, 0
0.10111088937670458, nan, 0.9116167084157132, 0.5778285291470676, 0,0, 0
0.10111088937670458, nan, 0.9116167084157132, 0.5812036875572111, 0,0, 0
0.10111088937670458, nan, 0.9116167084157132, 0.5820990327484575, 0,0, 0
0.10111088937670458, nan, 0.9116167084157132, 0.5806146507396867, 0,0, 0
0.10111088937670458, nan, 0.9116167084157132, 0.5782410531695348, 0,0, 0
0.10111088937670458, nan, 0.9116167084157132, 0.5810668789802809, 0,0, 0
0.10111088937670458, nan, 0.9116167084157132, 0.5751087659289317, 0,0, 0
0.10057872680103772, 2.302057272975716, 0.9095274671499426, 0.5474128811809261, 0,0, 0
0.18293088538548527, 2.246027245561512, 0.8066561435219834, 0.3837060552030024, 0,0, 0
0.5821858577795517, 957415.3951897271, 0.5059933735351033, 0.3858259645896586, 0,0, 0
0.597285970864099, 2.124055581131532, 0.5330070251740012, 0.42047460829351074, 0,0, 0
0.6658684228031664, 2.003265091380554, 0.46895317462151903, 0.3737060225415024, 0,0, 0
0.2737311248586443, 3473.204597060698, 0.785271117420492, 0.5357991070309502, 0,0, 0
0.28517262023548196, 1239.2755465922398, 0.7711540329139502, 0.5308251305241108, 0,0, 0
0.2938202620900685, 624.6448770817811, 0.7668200956940027, 0.5216593190236976, 0,0, 0
0.3791658351626422, 562.0096952281689, 0.6667052234637437, 0.47322888013658665, 0,0, 0
0.3926694605201889, 359.51602835574806, 0.6559811743962009, 0.4684703022972643, 0,0, 0
0.43963280782278985, 180.01759797780736, 0.6259359850378345, 0.43319735692746164, 0,0, 0
0.46025410762988095, 74.13349161030943, 0.6347739420584589, 0.44840307693455794, 0,0, 0
0.45972194505421404, 64.1909228984233, 0.6276589940002612, 0.4412536965445229, 0,0, 0
0.45746025410762986, 71.34819292047943, 0.6268690368661488, 0.43978474652576155, 0,0, 0
0.44954433579458525, 51.87114522109195, 0.6505529806587694, 0.4389927045771747, 0,0, 0
0.4289230359874942, 53.15623856759405, 0.6422311828063829, 0.4436693049714644, 0,0, 0
0.4652431317767578, 60.55177619195526, 0.6323445177999674, 0.4372719615986419, 0,0, 0
0.4744894565289696, 66.61193829604966, 0.6177647153100685, 0.4351132393834082, 0,0, 0
0.46836958690880065, 65.50627128033412, 0.6339299211752681, 0.4400458051282524, 0,0, 0
0.48599747222776557, 55.35948495800998, 0.6206092590724827, 0.43266466972160716, 0,0, 0
0.4999002195170625, 36.06694406095999, 0.6214449931848928, 0.4355315326745495, 0,0, 0
0.46803698529900883, 5658.829968612469, 0.6470888191163578, 0.4455016219175279, 0,0, 0
0.4585245792589636, 121122506.61327732, 0.6350312477431246, 0.44457533695147733, 0,0, 0
0.5248453402514468, 1.6949197837674894, 0.5462822340166459, 0.40871206029115426, 0,0, 0
0.6546264883922038, 1.6422871003716812, 0.46919094732619526, 0.37761582478665273, 0,0, 0
0.6554912525776625, 7454387.146519059, 0.42706395591393176, 0.3196273822238788, 0,0, 0
0.7595955564424932, 1.521654332357356, 0.3418607539358626, 0.30682221397857545, 0,0, 0
0.7594625157985765, 1.4531710036681305, 0.34852742060252934, 0.313219562508772, 0,0, 0
0.7665801902481209, 1.4132978873029882, 0.34774020781531656, 0.3075897673762936, 0,0, 0
0.7746956695270405, 1.3925938140116456, 0.32903961405920834, 0.2928697703133041, 0,0, 0
0.7744961085611655, 1.3721397173053402, 0.34209018794730023, 0.30632144429533026, 0,0, 0
0.7808820594691678, 1.3275343560682025, 0.32586416206022695, 0.2938011872489451, 0,0, 0
0.7809485797911262, 1.3010398536902705, 0.3226823438784088, 0.2845140069603195, 0,0, 0
0.7800172952837092, 1.2925504691101377, 0.33136131743169495, 0.2938142744442086, 0,0, 0
0.13357280649238343, 41647.91970644725, 0.820951490636336, 0.56746433455144, 0,0, 0
0.6732521785405441, 1.3690340282642175, 0.3965723924078922, 0.3504480731152212, 0,0, 0
0.6690613982571676, 1.3496863624871644, 0.38633219632946086, 0.33515730765608354, 0,0, 0
0.16350695137364465, 170.08935333365636, 0.833091191542555, 0.5568791052720075, 0,0, 0
0.1611787401051021, 15148.871116650871, 0.8275360235395691, 0.5570726338496172, 0,0, 0
0.6384620501563227, 39592869154.60264, 0.4476772202195516, 0.35603919022958247, 0,0, 0
0.7072440630612652, 1.9450846725825774e+19, 0.39545556694271766, 0.31872983628226026, 0,0, 0
0.10111088937670458, nan, 0.9116167084157132, 0.5820841288811486, 0,0, 0
0.10111088937670458, nan, 0.9116167084157132, 0.5848506645313859, 0,0, 0
0.10111088937670458, nan, 0.9116167084157132, 0.5786130305336192, 0,0, 0
0.10111088937670458, nan, 0.9116167084157132, 0.5785208760724303, 0,0, 0
0.10111088937670458, nan, 0.9116167084157132, 0.5806060020448001, 0,0, 0
0.10111088937670458, nan, 0.9116167084157132, 0.5781166062377081, 0,0, 0
0.10111088937670458, nan, 0.9116167084157132, 0.5827145402100937, 0,0, 0
0.10111088937670458, nan, 0.9116167084157132, 0.5818422030541276, 0,0, 0
0.10111088937670458, nan, 0.9116167084157132, 0.579729831685578, 0,0, 0
0.10111088937670458, nan, 0.9116167084157132, 0.5806746957471334, 0,0, 0
0.10111088937670458, nan, 0.9116167084157132, 0.5819723854892884, 0,0, 0
0.10111088937670458, nan, 0.9116167084157132, 0.5772192657428166, 0,0, 0
0.10111088937670458, nan, 0.9116167084157132, 0.5813379422643801, 0,0, 0
0.10111088937670458, nan, 0.9116167084157132, 0.5829103457235837, 0,0, 0
0.10111088937670458, nan, 0.9116167084157132, 0.578688946986209, 0,0, 0
0.10111088937670458, nan, 0.9116167084157132, 0.579788797508802, 0,0, 0
0.10111088937670458, nan, 0.9116167084157132, 0.5853834180424893, 0,0, 0
0.10111088937670458, nan, 0.9116167084157132, 0.5805644758074987, 0,0, 0
0.10111088937670458, nan, 0.9116167084157132, 0.5785527940127656, 0,0, 0
0.10111088937670458, nan, 0.9116167084157132, 0.5833471789298413, 0,0, 0
0.10111088937670458, nan, 0.9116167084157132, 0.5783167745638645, 0,0, 0
0.10111088937670458, nan, 0.9116167084157132, 0.5785318910862343, 0,0, 0
0.10111088937670458, nan, 0.9116167084157132, 0.5826540891030935, 0,0, 0
0.10111088937670458, nan, 0.9116167084157132, 0.5781536616067495, 0,0, 0
0.10111088937670458, nan, 0.9116167084157132, 0.5791257646675397, 0,0, 0
0.10111088937670458, nan, 0.9116167084157132, 0.5778907210805633, 0,0, 0
0.10111088937670458, nan, 0.9116167084157132, 0.5800404174940073, 0,0, 0
0.10111088937670458, nan, 0.9116167084157132, 0.5845337921835166, 0,0, 0
0.10111088937670458, nan, 0.9116167084157132, 0.5828894115752659, 0,0, 0
0.10111088937670458, nan, 0.9116167084157132, 0.585275499962346, 0,0, 0
0.10111088937670458, nan, 0.9116167084157132, 0.5814438882421699, 0,0, 0
0.10111088937670458, nan, 0.9116167084157132, 0.5823688322708069, 0,0, 0
0.10111088937670458, nan, 0.9116167084157132, 0.5807601854778526, 0,0, 0
0.10111088937670458, nan, 0.9116167084157132, 0.578226733377866, 0,0, 0
0.10111088937670458, nan, 0.9116167084157132, 0.5746849650652744, 0,0, 0
0.10111088937670458, nan, 0.9116167084157132, 0.5885388961591304, 0,0, 0
0.10111088937670458, nan, 0.9116167084157132, 0.5774451963224891, 0,0, 0
0.10111088937670458, nan, 0.9116167084157132, 0.5806375309153436, 0,0, 0
0.10111088937670458, nan, 0.9116167084157132, 0.5792161608282846, 0,0, 0
0.10111088937670458, nan, 0.9116167084157132, 0.5786434759058556, 0,0, 0
0.10111088937670458, nan, 0.9116167084157132, 0.5800190827337645, 0,0, 0
0.10111088937670458, nan, 0.9116167084157132, 0.5819003277031645, 0,0, 0
0.10111088937670458, nan, 0.9116167084157132, 0.5834199626929424, 0,0, 0
0.10111088937670458, nan, 0.9116167084157132, 0.5796086708441789, 0,0, 0
0.10111088937670458, nan, 0.9116167084157132, 0.5801993741104495, 0,0, 0
0.10111088937670458, nan, 0.9116167084157132, 0.5871691181973437, 0,0, 0
0.10111088937670458, nan, 0.9116167084157132, 0.5789024536349161, 0,0, 0
0.10111088937670458, nan, 0.9116167084157132, 0.5801138744719517, 0,0, 0
0.10111088937670458, nan, 0.9116167084157132, 0.579606991869223, 0,0, 0
0.10111088937670458, nan, 0.9116167084157132, 0.5814955801773207, 0,0, 0
0.10111088937670458, nan, 0.9116167084157132, 0.5800045463665865, 0,0, 0
0.10111088937670458, nan, 0.9116167084157132, 0.5775666624786903, 0,0, 0
0.10111088937670458, nan, 0.9116167084157132, 0.5825696864303749, 0,0, 0
0.10111088937670458, nan, 0.9116167084157132, 0.5792456687526223, 0,0, 0
0.10111088937670458, nan, 0.9116167084157132, 0.5837103650028748, 0,0, 0
0.10111088937670458, nan, 0.9116167084157132, 0.583852661761397, 0,0, 0
0.10111088937670458, nan, 0.9116167084157132, 0.5845388706550382, 0,0, 0
0.10111088937670458, nan, 0.9116167084157132, 0.5793065064698542, 0,0, 0
0.10111088937670458, nan, 0.9116167084157132, 0.5812776008377284, 0,0, 0
0.10111088937670458, nan, 0.9116167084157132, 0.5804915417880215, 0,0, 0
0.10563427126987295, 2.3030045594885498, 0.8798781561222946, 0.3583364487034939, 0,0, 0
0.23528237876671323, 2.1719139292236496, 0.7742094185208692, 0.43256209399266693, 0,0, 0
0.6337391072972793, 114001010.24521005, 0.501308033903385, 0.3840464242141606, 0,0, 0
0.6811680968535888, 1.9853475307630049, 0.47410675867084817, 0.37231752079068925, 0,0, 0
0.7204150868090201, 1.900599371714482, 0.4319688115748279, 0.3447468975744347, 0,0, 0
0.7496175081487394, 1.7714677222044828, 0.39735974545223096, 0.32060098008475174, 0,0, 0
0.7525444023149072, 1.710566973453081, 0.3969906206473396, 0.31698705677089695, 0,0, 0
0.76904144216058, 1.6627989093010624, 0.3689751783322051, 0.320235153465984, 0,0, 0
0.7707709705314973, 1.6124827821185106, 0.3840329578759944, 0.3075157221413543, 0,0, 0
0.7744961085611655, 1.5686574740172907, 0.3517979638282963, 0.3107491882714602, 0,0, 0
0.7728331005122064, 1.5390507574171186, 0.3808050003958848, 0.30811922763402305, 0,0, 0
0.261225304330473, 27732.473015493844, 0.7600757709675179, 0.5125415986418297, 0,0, 0
0.29741235947581984, 8492.425610979453, 0.7185058373764115, 0.49552864452487205, 0,0, 0
0.20880729062728665, 4006.269540260836, 0.7759010733860926, 0.510427724838894, 0,0, 0
0.2712033526242267, 3227.567200240424, 0.7452563353435326, 0.49389615189134856, 0,0, 0
0.38914388345639594, 2045.455917312215, 0.6044281065923345, 0.4332891495250973, 0,0, 0
0.40570744362402716, 1249.9342453251277, 0.5832049993509205, 0.4214416870528922, 0,0, 0
0.34989689350096453, 2119.6426886354607, 0.6491880854055988, 0.45476012564454493, 0,0, 0
0.32308920375174616, 953.3055776310468, 0.6807315596533248, 0.46512207733759764, 0,0, 0
0.4126255571076964, 677.5780398199121, 0.6159726726818642, 0.4454586372497245, 0,0, 0
0.4162176544934478, 742.4794354729094, 0.6111633120705514, 0.44233501226006916, 0,0, 0
0.41934410962549057, 292.56260644487855, 0.5956323492219531, 0.42362584755049276, 0,0, 0
0.442626222310916, 239.35287852580137, 0.5564731531402791, 0.41548454653941574, 0,0, 0
0.3638661611122198, 284.58895369425807, 0.6197055423779078, 0.43218180088543146, 0,0, 0
0.43331337723674584, 377.7951362519182, 0.566374934747331, 0.414773816980177, 0,0, 0
0.36140490919976054, 305.87197765395797, 0.6422919457089442, 0.44079586666004755, 0,0, 0
0.6150468968269807, 45.966728004522665, 0.5015347990008673, 0.3459157910089449, 0,0, 0
0.5040244794784807, 12207.655247155662, 0.5575285289538585, 0.41032455436344123, 0,0, 0
0.5042240404443558, 433.94179427367055, 0.5267317910792482, 0.4097008782851112, 0,0, 0
0.36167099048759394, 134.9536163974643, 0.6134739205965575, 0.44359934066288603, 0,0, 0
0.4412958158717488, 33280.25868735786, 0.5491148275444072, 0.38480441208031946, 0,0, 0
0.4889908867158917, 217.4863032026642, 0.5470118168689593, 0.38601279018940227, 0,0, 0
0.5447349165169959, 241.78923881863673, 0.5288874406574118, 0.388102122660902, 0,0, 0
0.5567750947914588, 81.93004405015151, 0.5393188807168253, 0.38294608572134065, 0,0, 0
0.5276391937736978, 3923835.6312881797, 0.5076748725540484, 0.37809050011063156, 0,0, 0
0.5547129648107497, 1.7281868998311931, 0.5684475873704479, 0.4218744225502055, 0,0, 0
0.22111355018958292, 5286993.6595502235, 0.7776479650387184, 0.49066643309515956, 0,0, 0
0.5132708042306925, 64276.62926009499, 0.5714634309411669, 0.4077515631427426, 0,0, 0
0.510011308454733, 1.7029781863871492, 0.5731631244607308, 0.40481536905121623, 0,0, 0
0.768110157653163, 1.6222980816504806, 0.3554540395680028, 0.31626985753689324, 0,0, 0
0.7611920441694938, 1.5789966640089084, 0.3675555948379561, 0.3209660738970065, 0,0, 0
0.7741635069513736, 1.5579864086286754, 0.37369431722667845, 0.31682656157410166, 0,0, 0
0.7791525310982506, 1.490206602153716, 0.34102789168330994, 0.30467947105547627, 0,0, 0
0.7801503359276258, 1.412809807849582, 0.3250976591251704, 0.29221307639055516, 0,0, 0
0.7821459455863766, 1.3898446343044697, 0.333687402714914, 0.3078738846786763, 0,0, 0
0.34763520255438035, 265.4096849411542, 0.6772776288027671, 0.46345233959040866, 0,0, 0
0.35595024279917514, 236.50350182982456, 0.7042245869154796, 0.48685399290897, 0,0, 0
0.34823388545200556, 180.29409375055957, 0.6918018246367911, 0.4729755934970623, 0,0, 0
0.4243331337723675, 170.5958737697274, 0.6002069219456101, 0.42624837360372786, 0,0, 0
0.4768841881194705, 136.45493101740084, 0.5432816896083619, 0.3965265864923191, 0,0, 0
0.432049491119537, 37449.42320258135, 0.5767908712256913, 0.42217763140115755, 0,0, 0
0.47615246457792854, 450291610.27618724, 0.5452250680049849, 0.3831577294271674, 0,0, 0
0.46191711567883986, 3186728.286991732, 0.6505094283298132, 0.44919370179209017, 0,0, 0
0.47169560300671853, 813017.8307839626, 0.5670355227370748, 0.4016621212769815, 0,0, 0
0.40231490720415086, 546100.8738797604, 0.5961398794190435, 0.42654277463024004, 0,0, 0
0.533958624359742, 4022.363472906824, 0.5337957291390109, 0.3852671552308397, 0,0, 0
0.469367391738176, 9456.162760678533, 0.6004451854642665, 0.41999040314057046, 0,0, 0
0.20149005521186722, 3305.27755193088, 0.8430418282075253, 0.5488992721601783, 0,0, 0
0.25663540211534625, 101.40028156991559, 0.801649631624986, 0.5302869471541118, 0,0, 0
0.4406971329741236, 1.617448000800557, 0.6315912764122839, 0.41805135763879847, 0,0, 0
0.39074037118339655, 54.906350548553064, 0.7072208125955488, 0.4640096985938357, 0,0, 0
0.4508747422337524, 88.2337488684617, 0.648801269234871, 0.44459254831807216, 0,0, 0
0.5434045100778288, 151.0470369995607, 0.5694963411162531, 0.41632045922027916, 0,0, 0
0.5865761990288033, 182.14605807097684, 0.5046062939077183, 0.40050364880834816, 0,0, 0
0.5625623628018359, 173.9536892468733, 0.5361732658803141, 0.40166141722497356, 0,0, 0
0.5281713563493647, 153.2289452093908, 0.5771435294818328, 0.4185973276589467, 0,0, 0
0.45420075833167034, 221.75477954016677, 0.5931096873891694, 0.41469974619370253, 0,0, 0
0.35734716956030066, 452.71646862462654, 0.6682610609538935, 0.45233852373127553, 0,0, 0
0.3424466174416284, 215.60652439717734, 0.6828569052846728, 0.4602770933584693, 0,0, 0
0.41322424000532165, 206.78378384650995, 0.6176508025675542, 0.41853478942603034, 0,0, 0
0.3876139160513537, 249.7073453357771, 0.6149913417379446, 0.41601191775068763, 0,0, 0
0.5411428191312446, 237.03279225321978, 0.5554963496562487, 0.39898774293594047, 0,0, 0
0.5623628018359609, 301.3833671257636, 0.5240889425442915, 0.38798678075722465, 0,0, 0
0.5210536818998204, 50707938.44387484, 0.5481393250968702, 0.3785981855422472, 0,0, 0
0.5680170292024214, 1.705867066112082, 0.4482950479840847, 0.37036805085575514, 0,0, 0
0.6252910264085678, 1.6355736074924692, 0.4260734043136803, 0.3649102717584603, 0,0, 0
0.6391272533759064, 1.5800614095389196, 0.406739538652612, 0.34256327505218015, 0,0, 0
0.7122996075301005, 1.5395563501389624, 0.37858583004301566, 0.333444591213475, 0,0, 0
0.7498170691146145, 1.4776771050205506, 0.3783696170677352, 0.3305495570099031, 0,0, 0
0.77755604337125, 1.4259572860032175, 0.32396191935611074, 0.292173014549441, 0,0, 0
0.7782212465908335, 1.4084709304898655, 0.3236044061199337, 0.29194509678904673, 0,0, 0
0.09825051553249518, 2197.9080582889474, 0.8587786046838477, 0.5699420884123263, 0,0, 0
0.1020421738841216, 8169.539455537396, 0.8671572457730039, 0.5662804113134936, 0,0, 0
0.13397192842413358, 494.4085769262607, 0.8191311019596549, 0.5703109519564016, 0,0, 0
0.7103039978713497, 1.4274179208665632, 0.37524740469011886, 0.32122108038954933, 0,0, 0
0.19470498237211467, 75.45178062102437, 0.7801012001902592, 0.5411235201225761, 0,0, 0
0.11800705115412759, 38447989845721.336, 0.8532315909306213, 0.44850786763029327, 0,0, 0
0.7351825982837757, 1.3904009992355264, 0.37954512778598276, 0.33552905424646245, 0,0, 0
0.7097053149737245, 1.4139235140068727, 0.3757882379317092, 0.3227563927688528, 0,0, 0
0.7543404510077829, 1.3922487560679224, 0.3794835620062007, 0.32365705799245015, 0,0, 0
0.19889576265549125, 365.07008379443056, 0.8260650123940104, 0.5449662756758922, 0,0, 0
0.2010244129581587, 4881.682315067886, 0.8143653050747942, 0.5424545838217978, 0,0, 0
0.23035987494179472, 1142.3482307542113, 0.8012427859062621, 0.5508189370130517, 0,0, 0
0.3349298210603339, 1237.1984160818884, 0.7068065938962081, 0.4915245721880751, 0,0, 0
0.7134304530033926, 1.370284058783556, 0.36722979324842464, 0.31229953123590126, 0,0, 0
0.19091332402048825, 927.4674726007993, 0.8353876033102438, 0.5560819605352745, 0,0, 0
0.7332535089469833, 1.353477981847766, 0.3317654064287295, 0.31047742450661087, 0,0, 0
0.776824319829708, 1.3105393258861808, 0.32325778772556163, 0.29679197444331185, 0,0, 0
0.16623428457393732, 227623.45715688507, 0.8426527440182681, 0.5764893686684052, 0,0, 0
0.2048825916317435, 237661.89111810463, 0.8441522302407891, 0.5564430188169375, 0,0, 0
0.3272134637131644, 7826.054634256641, 0.7479903753074915, 0.5214700839782949, 0,0, 0
0.10290693806958026, 2.304979262916277, 0.8903254702340068, 0.3352180892472429, 0,0, 0
0.1723541541941063, 2.231236146110614, 0.8443162114747385, 0.5394006473794313, 0,0, 0
0.6085279052750615, 1309.4529862166162, 0.5087117374619085, 0.3918323752021815, 0,0, 0
0.6868888445420076, 5.8334181756319285, 0.45897263577090336, 0.35019681913625506, 0,0, 0
0.7344508747422338, 2.5143281422774924, 0.3984663519183736, 0.310338834345312, 0,0, 0
0.6304130911993614, 4221.702510336508, 0.4596721241328842, 0.36242724047485936, 0,0, 0
0.6458458058937006, 1849653.1576226647, 0.4725202330100119, 0.3588855506087923, 0,0, 0
0.3685891039712632, 2.101415697530557, 0.7281137126843311, 0.5050063009049655, 0,0, 0
0.40637264684361074, 2.055888451819711, 0.6673085590443586, 0.4809192472789477, 0,0, 0
0.2201822656821659, 74.13240785870464, 0.7747574036606977, 0.5176403009833739, 0,0, 0
0.2932215791924433, 158.14947586494375, 0.7277314109658038, 0.5022156246733824, 0,0, 0
0.3029335461983636, 223.7232552892919, 0.7077798661596466, 0.49778600244139115, 0,0, 0
0.32654826049358077, 123.44789511874434, 0.6945213600222069, 0.4865853432093158, 0,0, 0
0.3345306991285838, 60.59185440230877, 0.6728355310634376, 0.47722313837073105, 0,0, 0
0.3771037051819331, 50.617969777183866, 0.6441472299589442, 0.462321171752212, 0,0, 0
0.4958424798776026, 6499.966043831248, 0.569574826955598, 0.4291019297040609, 0,0, 0
0.58670923967272, 3685.9569282563557, 0.5025358268472232, 0.3868376744837029, 0,0, 0
0.6105235149338123, 310876.44953666127, 0.48811085916543606, 0.3728915888346445, 0,0, 0
0.7250715093461052, 103247.73150051992, 0.3983877968077902, 0.3202772922815202, 0,0, 0
0.7117009246324753, 40726.91002503868, 0.3839587332667774, 0.32115626806518577, 0,0, 0
0.7000598682897625, 237.944704786412, 0.4212491833690655, 0.33995109895162956, 0,0, 0
0.7180203552185193, 24.616739935774238, 0.3941943587571406, 0.3216102176552537, 0,0, 0
0.7530100445686158, 7.781922935960117, 0.3558684201585402, 0.30233202916009305, 0,0, 0
0.721146810350562, 6.804907233940716, 0.38777326732533846, 0.3214995734835825, 0,0, 0
0.721146810350562, 2.8743721860722875, 0.39316431835647075, 0.323995414447996, 0,0, 0
0.7373777689084016, 487.4882100860618, 0.37300902358299676, 0.3112241331239987, 0,0, 0
0.6123860839486464, 170.1353381630572, 0.48191968955915343, 0.36778840155800957, 0,0, 0
0.5957560034590568, 12098342.427878778, 0.46698807699874384, 0.35835141791541614, 0,0, 0
0.4698995543138429, 1.9494646605177808, 0.5997564853966983, 0.4372664105670337, 0,0, 0
0.6556908135435375, 1.874532340228387, 0.4486838262248382, 0.3589902741383675, 0,0, 0
0.6989955431384288, 1.782893816162185, 0.4020986949679639, 0.33350611221745885, 0,0, 0
0.7560034590567418, 12174991.950489005, 0.38238818926732193, 0.321733781736525, 0,0, 0
0.7605268409499102, 1.6390737352840345, 0.36490194984740276, 0.31923880635776103, 0,0, 0
0.7526109226368656, 1.5835297385815859, 0.3967445189000912, 0.332207624586421, 0,0, 0
0.7616576864232023, 1.5334808901740367, 0.38678199896388704, 0.32486553374117116, 0,0, 0
0.7593294751546598, 3856061171.455926, 0.36811549113495173, 0.31628662122384016, 0,0, 0
0.7680436373312047, 594352063.4288203, 0.36425653602619357, 0.3188895426823932, 0,0, 0
0.7738309053415818, 1.4452368890528255, 0.3483009196228378, 0.3077175008757308, 0,0, 0
0.30925297678440766, 10752837.698686922, 0.723070907811407, 0.5055665241398558, 0,0, 0
0.76012771901816, 17319396.401790217, 0.3674228497869966, 0.31442476810182185, 0,0, 0
0.7665801902481209, 2136689.9156758697, 0.353206582646012, 0.3132442557889583, 0,0, 0
0.769773165702122, 1.4159574045980634, 0.3583668387180211, 0.3132680189309627, 0,0, 0
0.3047295948912393, 9114.478214864046, 0.6916003723556627, 0.507822505060176, 0,0, 0
0.773298742765915, 1.403178787485002, 0.33750217241270675, 0.3034850291775577, 0,0, 0
0.3687886649371383, 40.92533146611075, 0.6455765021973618, 0.47373429284965274, 0,0, 0
0.3653296081953037, 12860872228.82784, 0.6635560897500684, 0.48275946598150604, 0,0, 0
0.5856449145213862, nan, 0.49179380377688786, 0.3641333725159985, 0,0, 0
0.6697266014767511, nan, 0.4123362928782641, 0.3231448707464791, 0,0, 0
0.6686622763254174, nan, 0.41128449878119566, 0.3265894815259622, 0,0, 0
0.10111088937670458, nan, 0.9116167084157132, 0.5800945437502358, 0,0, 0
0.10111088937670458, nan, 0.9116167084157132, 0.5778013864174605, 0,0, 0
0.10111088937670458, nan, 0.9116167084157132, 0.5764113520154455, 0,0, 0
0.10111088937670458, nan, 0.9116167084157132, 0.5813594343002529, 0,0, 0
0.10111088937670458, nan, 0.9116167084157132, 0.5794006955822236, 0,0, 0
0.10111088937670458, nan, 0.9116167084157132, 0.5794830644209322, 0,0, 0
0.10111088937670458, nan, 0.9116167084157132, 0.5787209444310752, 0,0, 0
0.10111088937670458, nan, 0.9116167084157132, 0.5826316673251526, 0,0, 0
0.10111088937670458, nan, 0.9116167084157132, 0.5809709682070013, 0,0, 0
0.10111088937670458, nan, 0.9116167084157132, 0.5776395186445753, 0,0, 0
0.10111088937670458, nan, 0.9116167084157132, 0.5830222105675449, 0,0, 0
0.10111088937670458, nan, 0.9116167084157132, 0.5785478212665701, 0,0, 0
0.10111088937670458, nan, 0.9116167084157132, 0.5806032169270581, 0,0, 0
0.10111088937670458, nan, 0.9116167084157132, 0.576992142655143, 0,0, 0
0.10111088937670458, nan, 0.9116167084157132, 0.5840466225484023, 0,0, 0
0.10111088937670458, nan, 0.9116167084157132, 0.5835287922669596, 0,0, 0
0.10111088937670458, nan, 0.9116167084157132, 0.5857417655582221, 0,0, 0
0.10111088937670458, nan, 0.9116167084157132, 0.5817540510050578, 0,0, 0
0.10111088937670458, nan, 0.9116167084157132, 0.5832811992713314, 0,0, 0
0.10111088937670458, nan, 0.9116167084157132, 0.578987231773091, 0,0, 0
0.10111088937670458, nan, 0.9116167084157132, 0.5818458214573513, 0,0, 0
0.10111088937670458, nan, 0.9116167084157132, 0.5822791194740264, 0,0, 0
0.10111088937670458, nan, 0.9116167084157132, 0.5795285458369761, 0,0, 0
0.10111088937670458, nan, 0.9116167084157132, 0.582728463840446, 0,0, 0
0.10111088937670458, nan, 0.9116167084157132, 0.5789095789116979, 0,0, 0
0.10111088937670458, nan, 0.9116167084157132, 0.5786754892710279, 0,0, 0
0.10111088937670458, nan, 0.9116167084157132, 0.5817154264581268, 0,0, 0
0.10111088937670458, nan, 0.9116167084157132, 0.5831427267199176, 0,0, 0
0.10111088937670458, nan, 0.9116167084157132, 0.5775582302234035, 0,0, 0
0.10111088937670458, nan, 0.9116167084157132, 0.5803929138660088, 0,0, 0
0.10111088937670458, nan, 0.9116167084157132, 0.584442470459496, 0,0, 0
0.10111088937670458, nan, 0.9116167084157132, 0.5828673883754295, 0,0, 0
0.10111088937670458, nan, 0.9116167084157132, 0.5830895310613408, 0,0, 0
0.10111088937670458, nan, 0.9116167084157132, 0.5827220286664038, 0,0, 0
0.10111088937670458, nan, 0.9116167084157132, 0.584484803146075, 0,0, 0
0.10111088937670458, nan, 0.9116167084157132, 0.5779447925865574, 0,0, 0
0.10111088937670458, nan, 0.9116167084157132, 0.5809921404584186, 0,0, 0
0.10111088937670458, nan, 0.9116167084157132, 0.5822564643304726, 0,0, 0
0.10111088937670458, nan, 0.9116167084157132, 0.580406071488913, 0,0, 0
0.10111088937670458, nan, 0.9116167084157132, 0.5768252024661328, 0,0, 0
0.10111088937670458, nan, 0.9116167084157132, 0.5812735793803898, 0,0, 0
0.10111088937670458, nan, 0.9116167084157132, 0.583652466726261, 0,0, 0
0.10111088937670458, nan, 0.9116167084157132, 0.582347419254928, 0,0, 0
0.10111088937670458, nan, 0.9116167084157132, 0.5818662585398335, 0,0, 0
0.10111088937670458, nan, 0.9116167084157132, 0.5846596492507019, 0,0, 0
0.10111088937670458, nan, 0.9116167084157132, 0.580576477766421, 0,0, 0
0.10111088937670458, nan, 0.9116167084157132, 0.5836670260033214, 0,0, 0
0.10111088937670458, nan, 0.9116167084157132, 0.5798091333410217, 0,0, 0
0.10111088937670458, nan, 0.9116167084157132, 0.5818964642324764, 0,0, 0
0.10111088937670458, nan, 0.9116167084157132, 0.5812887297899865, 0,0, 0
0.10111088937670458, nan, 0.9116167084157132, 0.577479447057107, 0,0, 0
0.10111088937670458, nan, 0.9116167084157132, 0.5805320868924364, 0,0, 0
0.10456994611853922, 2.3053811445593366, 0.9032651611271164, 0.4137648434290621, 0,0, 0
0.28503957959156523, 2.0735358034098197, 0.8046781670680544, 0.3640835356138895, 0,0, 0
0.6222976119204416, 66479905.636645764, 0.5048399257021327, 0.3765820655946333, 0,0, 0
0.6287500831504025, 2.029846246090429, 0.4955587330672104, 0.38656330372935377, 0,0, 0
0.7373777689084016, 1.911745553858653, 0.45761584287361934, 0.34542574990450325, 0,0, 0
0.7560699793787002, 1.8137286591218997, 0.3892781341247864, 0.3175166389480914, 0,0, 0
0.7623228896427858, 1.7543268564166419, 0.3906698453547328, 0.3168227999571311, 0,0, 0
0.7572008248519922, 1.6830377683329945, 0.3791503156762586, 0.32154196363049686, 0,0, 0
0.7645845805893701, 1.6387709290768535, 0.40441660718676986, 0.3188086034744555, 0,0, 0
0.24472826448480012, 1798.2672306157979, 0.7814079075757792, 0.5316858853556211, 0,0, 0
0.40311315106765117, 1.7910255116137128, 0.6449649438367263, 0.4606471456956063, 0,0, 0
0.22723341980975187, 9815.135243358167, 0.7774541187903058, 0.533464890322556, 0,0, 0
0.22404044435575068, 1436.0669575390968, 0.7716177267454094, 0.5226007484128319, 0,0, 0
0.30971861903811615, 19.148922076327562, 0.7372067126892877, 0.4939468659461199, 0,0, 0
0.21552584314508083, 4840.7953259329715, 0.7293196014018244, 0.5124811492801603, 0,0, 0
0.2390075167963813, 706.966832115044, 0.7517688145703442, 0.5131277078923214, 0,0, 0
0.2859043437770239, 1344.370501510525, 0.717826086128246, 0.5165527031289665, 0,0, 0
0.30080489589569614, 2262.1185190016454, 0.7076689779961005, 0.49556080909822936, 0,0, 0
0.2662143284773498, 1364.0763439558973, 0.7361797025230351, 0.5215588975853258, 0,0, 0
0.24559302867025876, 435.37086332701114, 0.7598921352163326, 0.5173584412254625, 0,0, 0
0.27426328743431116, 364.96041691541654, 0.7177297440619366, 0.5028025531450347, 0,0, 0
0.30745692809153197, 563.7010222439922, 0.7267810211157645, 0.5085251152854581, 0,0, 0
0.4000532162575667, 476.0206576119501, 0.6720806547319185, 0.48054635505103555, 0,0, 0
0.3294086343377902, 326.94002686448573, 0.7232467873958714, 0.5078985013310198, 0,0, 0
0.3362602274995011, 273.77008193874474, 0.7113934899148324, 0.49246030177677313, 0,0, 0
0.3953967937204816, 178.18179124142762, 0.6580828192695695, 0.45005640808905406, 0,0, 0
0.41249251646377966, 219.55926477557668, 0.6351804447306695, 0.440192864910115, 0,0, 0
0.4131577196833633, 144.72129639691912, 0.6409150730143776, 0.4317301709738568, 0,0, 0
0.4395662875008315, 122.61122375775669, 0.623290999594888, 0.4528705862107526, 0,0, 0
0.42745958890441027, 1310.1568410676655, 0.6402623710360938, 0.43369306697474513, 0,0, 0
0.40577396394598547, 66.46957302096035, 0.6639223909411652, 0.4442956383320516, 0,0, 0
0.3754406971329741, 86.76690246489188, 0.6853493015501284, 0.4468633180170297, 0,0, 0
0.4196767112352824, 62.13709508074982, 0.6175829424931076, 0.43674603414872726, 0,0, 0
0.4759529036120535, 3757.066309241186, 0.6028801487146915, 0.42920032847980494, 0,0, 0
0.4563294086343378, 47.97067275172285, 0.6222378976368519, 0.4287852011491481, 0,0, 0
0.46244927825450677, 45.38655764153129, 0.6185802402431995, 0.4316854296939651, 0,0, 0
0.45253775028271137, 32.52122865691671, 0.5759137013643459, 0.4223252759345017, 0,0, 0
0.4607862702055478, 28.761249497014706, 0.6068903697024811, 0.4211181268325749, 0,0, 0
0.5112086742499834, 24.33516327366129, 0.5666822342541056, 0.393913985720881, 0,0, 0
0.43836892170558106, 432.7340235073556, 0.6477319621488462, 0.40723110525874257, 0,0, 0
0.4111621100246125, 4561151.310139504, 0.6142025320109372, 0.419065390120769, 0,0, 0
0.5021619104636467, 123.80528230972843, 0.5389103650309085, 0.4076565888525614, 0,0, 0
0.16124526042706047, 72032.13727561447, 0.8173017006460032, 0.5396052843004303, 0,0, 0
0.1454134238009712, 3227.0601169981023, 0.8068114006351003, 0.5295191464510663, 0,0, 0
0.1986962016896162, 1285.030140003859, 0.7710532909159711, 0.495313993355067, 0,0, 0
0.261225304330473, 118132.85541046338, 0.7332113575771407, 0.48832166096712337, 0,0, 0
0.3140424399654094, 676.9531516650713, 0.6855423736274873, 0.46807978571574954, 0,0, 0
0.389343444422271, 23202.22563786971, 0.6302190383866361, 0.4204968261787986, 0,0, 0
0.4857313909399322, 228.38593866902167, 0.5192571955251322, 0.3907976141868685, 0,0, 0
0.43803632009578924, 198998.95580010064, 0.5587563907958567, 0.39753377521434063, 0,0, 0
0.4824718951639726, 487038.8292589641, 0.5308688876536167, 0.3868360796882251, 0,0, 0
0.6547595290361206, 244198026653649.3, 0.47964565420875005, 0.33291924882732765, 0,0, 0
0.7353821592496508, 1.5694254683580322, 0.4114190818980674, 0.3369619652105402, 0,0, 0
0.7587307922570345, 1.5718587563566873, 0.38122382342357575, 0.32091492392900706, 0,0, 0
0.7699062063460387, 1.5126378291995195, 0.36973332862425745, 0.3153406631378208, 0,0, 0
0.7673119137896628, 1.4809492491673846, 0.3731885576058022, 0.3216356962780608, 0,0, 0
0.7729661411561232, 1.459818724373108, 0.3676441020613466, 0.31817840187650676, 0,0, 0
0.774230027273332, 1.426564658191884, 0.3541717849048189, 0.314544601463467, 0,0, 0
0.7801503359276258, 277387564359210.03, 0.32548365045490735, 0.29736284698032267, 0,0, 0
0.780549457859376, 5980787996726760.0, 0.3314979009003288, 0.29786898242550064, 0,0, 0
0.785738042972128, 29807229277854.73, 0.3221020900309453, 0.29169795000950594, 0,0, 0
0.7866028071575867, 1.3023925270764547, 0.3054234395474083, 0.28894199421930894, 0,0, 0
0.7870019290893367, 1.309835042040489, 0.317675025171087, 0.2910872177897896, 0,0, 0
0.7847402381427526, 4.784613460356405e+18, 0.3312023081807063, 0.3004543461264479, 0,0, 0
0.7848067584647109, 1.2879395899169261, 0.3228081316398967, 0.29188710318928446, 0,0, 0
0.5591033060600014, 1.2958518386206688e+21, 0.508556901628327, 0.3251618594984144, 0,0, 0
0.7891305793920043, 1.8146833783793817e+23, 0.31418112679417837, 0.28949323338673066, 0,0, 0
0.7897957826115879, 1.246032202191468, 0.29880440388616897, 0.2808819569387769, 0,0, 0
0.7897957826115879, 1.2349357454828942, 0.3004710705528357, 0.28345461962630586, 0,0, 0
0.7893966606798377, 1.2352653176795776, 0.318804403886169, 0.2883009534173032, 0,0, 0
0.7900618638994212, 1.2269229817606926, 0.30404249912426423, 0.28273205171033244, 0,0, 0
0.7858045632940863, 1.2055556282593383, 0.30010077924628314, 0.28778322515953425, 0,0, 0
0.788531896494379, 1.1976259353537249, 0.3136232296465616, 0.2831609477174055, 0,0, 0
0.7872014900552119, 1.186200592509259, 0.31450818539877395, 0.2826785851749189, 0,0, 0
0.7854054413623361, 1.1762405774039235, 0.3198023030458328, 0.29337958774984485, 0,0, 0
0.784075034923169, 1.1737487851301647, 0.3209857349984955, 0.2875166491584039, 0,0, 0
0.7854054413623361, 1.1781744143968291, 0.3198023030458328, 0.28784553778615674, 0,0, 0
0.782944189449877, 1.1770200258094752, 0.3222049004484302, 0.29083123406146205, 0,0, 0
0.7830772300937937, 1.1720310732750037, 0.31553823378176354, 0.28777520987376837, 0,0, 0
0.782944189449877, 1.156509732912914, 0.3222049004484302, 0.2909564531436428, 0,0, 0
0.7873345306991286, 1.150656987632125, 0.3197784298601949, 0.29262271649753474, 0,0, 0
0.7873345306991286, 1.1448231648188116, 0.3197784298601949, 0.29314984465598465, 0,0, 0
0.7873345306991286, 1.1381766750889668, 0.3197784298601949, 0.2885156137646497, 0,0, 0
0.7891305793920043, 1.0059346719923732e+19, 0.31187491323302763, 0.28091495553832485, 0,0, 0
0.7888644981041708, 1.8322570841466605e+20, 0.2870394471751715, 0.27662932622656716, 0,0, 0
0.7913257500166301, 1.1258702018075615, 0.2865993564609237, 0.2721966662308006, 0,0, 0
0.7870019290893367, 1.130059736640625, 0.286525827049159, 0.2818864612771837, 0,0, 0
0.7854719616842946, 1.1313502354216434, 0.29657744946803805, 0.27735720543022147, 0,0, 0
0.7883988558504623, 1.1284732786001959, 0.28714053833995046, 0.2744650805136868, 0,0, 0
0.7771569214394998, 1.1393549516901145, 0.290285334720041, 0.2778314495585722, 0,0, 0
0.7898623029335462, 1.1210035010758457, 0.29899946372828756, 0.28172740983822864, 0,0, 0
0.7897292622896295, 1.1132504734062791, 0.3056661303949542, 0.28159937881933134, 0,0, 0
0.7910596687287966, 1.11606802541914, 0.30478117464274185, 0.2775071839056934, 0,0, 0
0.7869354087673784, 1.106735484518826, 0.29387431189764385, 0.28212908119304425, 0,0, 0
0.7910596687287966, 1.5292236325078392e+18, 0.29823321853381013, 0.27629836960777454, 0,0, 0
0.7677110357214129, 1.1286765436239743, 0.29810009051181496, 0.28093587004367215, 0,0, 0
0.7896627419676712, 1.1216631607145522, 0.2900752922898007, 0.28654460311066904, 0,0, 0
0.7875340916650037, 1.122542712422628, 0.2912293959181312, 0.27850018666304666, 0,0, 0
0.7921239938801303, 1.1213371615976082, 0.2876726948872033, 0.2746133758030281, 0,0, 0
0.7919909532362137, 1.1058053482944148, 0.29433936155386997, 0.2781895096606071, 0,0, 0
0.7907270671190049, 1.0962669484854797, 0.2894667415485066, 0.2718689500685681, 0,0, 0
0.10170957227432981, 2.3052555897322624, 0.9121837589998693, 0.3655749145867251, 0,0, 0
0.2618239872280982, 2.121682220976137, 0.8006701323033127, 0.45380344656834665, 0,0, 0
0.5971529302201822, 26449341.222111087, 0.5264005005991341, 0.39888847694015794, 0,0, 0
0.7126322091398922, 2.050812606515582, 0.4407615640995207, 0.3528004021539685, 0,0, 0
0.712765249783809, 2.0020031990472376, 0.4381985749918627, 0.3423267242048734, 0,0, 0
0.7367790860107762, 1.8681779714875026, 0.384745153217875, 0.3222577130753642, 0,0, 0
0.7438302401383623, 1.805459512062735, 0.3982578827687581, 0.3242999556525087, 0,0, 0
0.24705647575334264, 388.7888909374923, 0.8239381805252944, 0.5287438037734586, 0,0, 0
0.4500764983702521, 2705.0788549015815, 0.644087764034209, 0.45583782298162245, 0,0, 0
0.458591099580922, 1910.518004861554, 0.6630586140498461, 0.4537756449937453, 0,0, 0
0.4628484001862569, 1432.247486985135, 0.603651320395961, 0.44559289271398517, 0,0, 0
0.4204749550987827, 1419.7184060631594, 0.5919675469849096, 0.44556926639998395, 0,0, 0
0.4304530033925364, 820.717530969704, 0.6300195737380532, 0.4377737614883494, 0,0, 0
0.3404510077828777, 409.4332129990014, 0.6927630505994677, 0.47803839165648937, 0,0, 0
0.31370983835561767, 586.0198200777493, 0.6673561781907604, 0.4580476844358828, 0,0, 0
0.3971263220913989, 349.6024783780158, 0.6462593964761802, 0.4477126186466884, 0,0, 0
0.3995875740038582, 206.64979783195744, 0.6314857910149358, 0.4397129787858355, 0,0, 0
0.29727931883190317, 240.0672156241178, 0.726715547760017, 0.46817268743578927, 0,0, 0
0.4073039313510277, 177.52248293406782, 0.64632871911478, 0.44631915800076066, 0,0, 0
0.5015632275660215, 161.1874744964684, 0.5406788021717953, 0.4036566532951298, 0,0, 0
0.5650901350362536, 159.53753130996287, 0.5129963317032583, 0.40945141391997786, 0,0, 0
0.48799308188651636, 135.2074608305325, 0.6138726593451291, 0.43085751205114325, 0,0, 0
0.39666067983769043, 126.95906741503177, 0.696162807196232, 0.4518476612991126, 0,0, 0
0.47715026940730393, 3447.264926453576, 0.6068775917138378, 0.40442095539791334, 0,0, 0
0.4972394066387281, 73.35032497945723, 0.5911969209303756, 0.42894745957688807, 0,0, 0
0.4601875873079226, 64.8741072915895, 0.6306872990227188, 0.43226979884830746, 0,0, 0
0.5400119736579525, 34.06404310267883, 0.5474475104174614, 0.40699254850188127, 0,0, 0
0.5658218585777955, 27.076433137244383, 0.5392476923551072, 0.39555163039445673, 0,0, 0
0.5516530300006652, 32.78881311862661, 0.5732329451603455, 0.40465705637964605, 0,0, 0
0.5674848666267545, 36.25702293063301, 0.5662992361834971, 0.38790290516429976, 0,0, 0
0.5614980376505022, 5260.592668720069, 0.5044473331257628, 0.37705285044867975, 0,0, 0
0.5330938601742833, 46.88101911627767, 0.5307721102046326, 0.39053733562343496, 0,0, 0
0.46657353821592495, 84.25027875665573, 0.6253887145704676, 0.4269280809574338, 0,0, 0
0.42546397924565954, 24954399.35451872, 0.6492681949815854, 0.43356109829997985, 0,0, 0
0.6146477748952305, 1.7848850387894273, 0.47967189454826387, 0.3756783948482163, 0,0, 0
0.6769773165702122, 886571.1086746476, 0.42514559041578615, 0.3490565624249357, 0,0, 0
0.6820993813610058, 2248288.1585972854, 0.4444970803753078, 0.3455461570272055, 0,0, 0
0.7154925829841017, 1.6216261740968445, 0.38940456363177334, 0.3199464397181204, 0,0, 0
0.724273265482605, 1.564712478920073, 0.3821833324819708, 0.31461114539632246, 0,0, 0
0.7255371515998137, 1.5489471446498975, 0.40389488073763674, 0.3228529803701313, 0,0, 0
0.7303266147808155, 1.5267428429060683, 0.39466711925181075, 0.3243820587470154, 0,0, 0
0.7340517528104836, 1.4842586158280726, 0.3661178610930281, 0.31703702962330965, 0,0, 0
0.7345173950641921, 1.4511157114291424, 0.35429967927484624, 0.31222097595206416, 0,0, 0
0.22470564757533426, 18363754816.308746, 0.7718627618561343, 0.529158071195025, 0,0, 0
0.17913922703385884, 9583062138.229654, 0.8119246352990308, 0.5483747124369202, 0,0, 0
0.7343178340983171, 1.4668969082485803, 0.35589036566716103, 0.30885857491977625, 0,0, 0
0.7391072972793188, 1.4463532620213635, 0.35425771260593647, 0.3092328117765171, 0,0, 0
0.7396394598549857, 1.4233670179310065, 0.3654633403115642, 0.31033768389199484, 0,0, 0
0.740437703718486, 1.4002299172195267, 0.35010619745442134, 0.29746761820585965, 0,0, 0
0.7407703053282778, 1.3804516333784083, 0.3406213489695729, 0.2994595013404741, 0,0, 0
0.7335861105567751, 5.4876987020450915e+23, 0.35817872959759045, 0.30106384965693445, 0,0, 0
0.10111088937670458, nan, 0.9116167084157132, 0.5808328317497468, 0,0, 0
0.10111088937670458, nan, 0.9116167084157132, 0.5788291602274023, 0,0, 0
0.10111088937670458, nan, 0.9116167084157132, 0.5826359430867472, 0,0, 0
0.10111088937670458, nan, 0.9116167084157132, 0.5815168364109105, 0,0, 0
0.10111088937670458, nan, 0.9116167084157132, 0.5828546430609328, 0,0, 0
0.10111088937670458, nan, 0.9116167084157132, 0.5831185596619101, 0,0, 0
0.10111088937670458, nan, 0.9116167084157132, 0.5784333639170519, 0,0, 0
0.10111088937670458, nan, 0.9116167084157132, 0.5796086183474349, 0,0, 0
0.10111088937670458, nan, 0.9116167084157132, 0.5814695229074562, 0,0, 0
0.10111088937670458, nan, 0.9116167084157132, 0.5819349623382787, 0,0, 0
0.10111088937670458, nan, 0.9116167084157132, 0.5800682408879705, 0,0, 0
0.10111088937670458, nan, 0.9116167084157132, 0.580330534576835, 0,0, 0
0.10111088937670458, nan, 0.9116167084157132, 0.5830406188071335, 0,0, 0
0.10111088937670458, nan, 0.9116167084157132, 0.5824771010932003, 0,0, 0
0.10111088937670458, nan, 0.9116167084157132, 0.5780126113118618, 0,0, 0
0.10111088937670458, nan, 0.9116167084157132, 0.5797518214121503, 0,0, 0
0.10111088937670458, nan, 0.9116167084157132, 0.5862543888270392, 0,0, 0
0.10111088937670458, nan, 0.9116167084157132, 0.582075507678957, 0,0, 0
0.10111088937670458, nan, 0.9116167084157132, 0.5791405535097054, 0,0, 0
0.10111088937670458, nan, 0.9116167084157132, 0.5821582189843341, 0,0, 0
0.10111088937670458, nan, 0.9116167084157132, 0.5791181496144092, 0,0, 0
0.10111088937670458, nan, 0.9116167084157132, 0.5772714825483531, 0,0, 0
0.10111088937670458, nan, 0.9116167084157132, 0.5812425465630777, 0,0, 0
0.10111088937670458, nan, 0.9116167084157132, 0.5814852290700423, 0,0, 0
0.10111088937670458, nan, 0.9116167084157132, 0.5805782379694578, 0,0, 0
0.10111088937670458, nan, 0.9116167084157132, 0.5805905220950511, 0,0, 0
0.10111088937670458, nan, 0.9116167084157132, 0.584977819110864, 0,0, 0
0.10111088937670458, nan, 0.9116167084157132, 0.5866557671423499, 0,0, 0
0.10111088937670458, nan, 0.9116167084157132, 0.5785492591747774, 0,0, 0
0.10111088937670458, nan, 0.9116167084157132, 0.5832236438835163, 0,0, 0
0.10111088937670458, nan, 0.9116167084157132, 0.5806751163303665, 0,0, 0
0.10111088937670458, nan, 0.9116167084157132, 0.5857230121363003, 0,0, 0
0.10111088937670458, nan, 0.9116167084157132, 0.5810331486392636, 0,0, 0
0.10111088937670458, nan, 0.9116167084157132, 0.5796013260007165, 0,0, 0
0.10111088937670458, nan, 0.9116167084157132, 0.5799792492718197, 0,0, 0
0.10111088937670458, nan, 0.9116167084157132, 0.5780467479685829, 0,0, 0
0.10111088937670458, nan, 0.9116167084157132, 0.5791865685542006, 0,0, 0
0.10111088937670458, nan, 0.9116167084157132, 0.5793764035633643, 0,0, 0
0.10111088937670458, nan, 0.9116167084157132, 0.5806995155156843, 0,0, 0
0.10111088937670458, nan, 0.9116167084157132, 0.5792514203677004, 0,0, 0
0.10111088937670458, nan, 0.9116167084157132, 0.5811118421554264, 0,0, 0
0.10111088937670458, nan, 0.9116167084157132, 0.5844946207032653, 0,0, 0
0.10111088937670458, nan, 0.9116167084157132, 0.5816029477781798, 0,0, 0
0.10111088937670458, nan, 0.9116167084157132, 0.5823928935073405, 0,0, 0
0.10111088937670458, nan, 0.9116167084157132, 0.5788398803370588, 0,0, 0
0.10111088937670458, nan, 0.9116167084157132, 0.5839120082909462, 0,0, 0
0.10111088937670458, nan, 0.9116167084157132, 0.580582654503176, 0,0, 0
0.10111088937670458, nan, 0.9116167084157132, 0.5823462481550908, 0,0, 0
0.10111088937670458, nan, 0.9116167084157132, 0.5815079218423409, 0,0, 0
0.10111088937670458, nan, 0.9116167084157132, 0.5821534765417193, 0,0, 0
0.10164305195237144, 2.3038527596332288, 0.9318779574202426, 0.3324040132993836, 0,0, 0
0.2401383622696734, 2.150724454537636, 0.7737722731212784, 0.4172063719052741, 0,0, 0
0.5915652231756802, 4281887.797976006, 0.5070591247391755, 0.3922326116159004, 0,0, 0
0.7180203552185193, 2.0872723758954184, 0.4730841948143891, 0.3745096098787312, 0,0, 0
0.7309918180003991, 2.0246431282210047, 0.4524725835529066, 0.36612220433075504, 0,0, 0
0.7377103705181933, 1.890460768276795, 0.4602763428653484, 0.35878371592159053, 0,0, 0
0.17973790993148406, 4192.040270155048, 0.7945484913231711, 0.5362560199417193, 0,0, 0
0.27266679970731056, 173.55395586602705, 0.7410336652204788, 0.4935719905449837, 0,0, 0
0.246191711567884, 640.0776315047927, 0.7444328613415387, 0.5018589315855541, 0,0, 0
0.2335528503957959, 453.44060675705686, 0.758023673718462, 0.5053178271905037, 0,0, 0
0.19809751879199095, 429.58041552573695, 0.8286327790754019, 0.533411430055951, 0,0, 0
0.21020421738841216, 365.755114130301, 0.8105369030665588, 0.5248993283624003, 0,0, 0
0.3294086343377902, 425.80515083910996, 0.726149069490705, 0.47728320226171594, 0,0, 0
0.2445952238408834, 438.80090233942025, 0.7891660314607283, 0.49686848200603534, 0,0, 0
0.1983636000798244, 219.88216560176917, 0.8106158844099141, 0.5124833266325786, 0,0, 0
0.3926694605201889, 386.50184191911546, 0.6187499891783278, 0.45416402503936837, 0,0, 0
0.4265283043969933, 423.22984893952423, 0.6843151258432156, 0.4485884115258281, 0,0, 0
0.34903212931550587, 180.60212596045864, 0.7067431825007507, 0.4520947636055545, 0,0, 0
0.48493314707643187, 206.71431051463824, 0.6108549324823119, 0.4213022158834402, 0,0, 0
0.4797445619636799, 181.8138990243628, 0.5868675567315035, 0.4386224519612075, 0,0, 0
0.4549324818732123, 144.20061235725433, 0.6097088467838241, 0.4477413916252943, 0,0, 0
0.4458191977649172, 134.92096004718104, 0.6416346094387325, 0.4441733331102966, 0,0, 0
0.45666201024412956, 119.40768017178463, 0.643924567477331, 0.4398818844449213, 0,0, 0
0.4259961418213264, 126.75296166767048, 0.705905061745575, 0.4615542330221555, 0,0, 0
0.43051952371449476, 128.057712761213, 0.7171739797011937, 0.4659601377364334, 0,0, 0
0.35548460054546666, 442.5970602381335, 0.7236825018732982, 0.45511251669533853, 0,0, 0
0.37477549391339054, 105.28039118702033, 0.6828704495630947, 0.45294500504428825, 0,0, 0
0.3588771369653429, 139.0632065869062, 0.7110412863781209, 0.4706738576638548, 0,0, 0
0.39725936273531565, 120.95214461995324, 0.6505673830102997, 0.44902031882987686, 0,0, 0
0.43936672653495645, 110.92380220013752, 0.6017411671698784, 0.4288885873666687, 0,0, 0
0.48865828510609993, 80.32651357582934, 0.6067535016718336, 0.4422676616289237, 0,0, 0
0.4802767245393468, 66.63434515698003, 0.6129837522874424, 0.4367680682607715, 0,0, 0
0.36300139692676114, 875837272.6562817, 0.6502902468082933, 0.4445533584806898, 0,0, 0
0.5667531430852125, 1.663462243852783, 0.5241703155383941, 0.4039191246396615, 0,0, 0
0.6333399853655292, 1.6200720934246993, 0.4847064862819952, 0.3824410052362955, 0,0, 0
0.6542273664604537, 1.5667759295147061, 0.47595662216083534, 0.37100759207090694, 0,0, 0
0.660413756402581, 1.5110468244917186, 0.46560109533472027, 0.36517344295683485, 0,0, 0
0.6909465841814675, 1.4666989607448888, 0.43527395029566046, 0.3511132998228025, 0,0, 0
0.7166899487793521, 1.4352626701249314, 0.40302235978091194, 0.3272330453407691, 0,0, 0
0.7243397858045633, 1.411003562389205, 0.3953288316056351, 0.33113901506946447, 0,0, 0
0.7240071841947715, 1.3763934639307616, 0.4013407363675398, 0.3311157965146757, 0,0, 0
0.726867558038981, 1.3309656896298299, 0.39160577396152474, 0.3408996320970271, 0,0, 0
0.741368988225903, 1.2966441629641712, 0.3493488712004203, 0.3019539616018594, 0,0, 0
0.7424998336991951, 1.2841810837877707, 0.3568426055362599, 0.30590667133805377, 0,0, 0
0.12479212399388014, 113542.76975452385, 0.8303321769563304, 0.560648142896549, 0,0, 0
0.727998403512273, 1.2889836953108753, 0.3878380184943426, 0.3214360625349799, 0,0, 0
0.7384420940597353, 1.276193245024127, 0.35212621898163804, 0.3070977275525774, 0,0, 0
0.7425663540211535, 1.2613178798134634, 0.3582711769648313, 0.31316257698014044, 0,0, 0
0.13796314774163507, 136.3217792746194, 0.8182027468626147, 0.5519545116621533, 0,0, 0
0.2144615179937471, 64997.02876932467, 0.7683994083434297, 0.53641169039222, 0,0, 0
0.7364464844009845, 1.3259667994931286, 0.34368067263961133, 0.29999494335919197, 0,0, 0
0.32821126854253974, 342668.41614114237, 0.6544963043625378, 0.483493360332182, 0,0, 0
0.3580788931018426, 26405927.88752429, 0.6568758790314861, 0.4843608629267719, 0,0, 0
0.7586642719350761, 1.4064228871424906, 0.35633810574856445, 0.3032982021138862, 0,0, 0
0.7629880928623695, 1.3864072046147187, 0.36343716947553517, 0.30459208392669923, 0,0, 0
0.7699727266679971, 1.3238804751560083, 0.34272014198657336, 0.2943339797202568, 0,0, 0
0.7663141089602874, 1.2818513839988033, 0.33174576034171166, 0.3007255375637047, 0,0, 0
0.7743630679172487, 1.251583912914688, 0.31857268341863476, 0.2899810061703126, 0,0, 0
0.7766247588638329, 1.2305975154862239, 0.31300432672730344, 0.2936509877495159, 0,0, 0
0.7750282711368323, 1.2133692395864384, 0.32405271382407763, 0.2940105367203582, 0,0, 0
0.7655823854187455, 1.2032865742551677, 0.3389040476754115, 0.2990032596841632, 0,0, 0
0.7766247588638329, 1.1890698758698666, 0.3479280049009816, 0.30607757235837035, 0,0, 0
0.7783542872347502, 1.179986850153547, 0.3141590053819821, 0.2853036555090826, 0,0, 0
0.7783542872347502, 1.1496289184393564, 0.3092421140971663, 0.28955336668468074, 0,0, 0
0.7776890840151667, 1.1446084147384867, 0.32063356335587223, 0.292242100075536, 0,0, 0
0.7789529701323754, 1.1329063990202997, 0.32308194093699316, 0.29434247615508546, 0,0, 0
0.7625889709306193, 1.155269922193236, 0.3234695435304781, 0.29473464914264885, 0,0, 0
0.7643184993015366, 1.1467493682288052, 0.3330859456468802, 0.29595595585050644, 0,0, 0
0.7759595556442493, 1.1259911616400295, 0.325225687610429, 0.2871638058000862, 0,0, 0
0.7759595556442493, 1.1161836878697842, 0.325225687610429, 0.28860060630945034, 0,0, 0
0.7761591166101244, 1.1129787897619638, 0.31605902094376237, 0.287729153081225, 0,0, 0
0.18645646244927824, 6164.868791435369, 0.7998097396270866, 0.5327587696701086, 0,0, 0
0.7415020288698198, 1.1738271394842152, 0.3609308625925426, 0.32002163384484716, 0,0, 0
0.7691744828044967, 1.171421000951237, 0.33894012869212664, 0.3006834024455276, 0,0, 0
0.7691079624825384, 1.15504150128348, 0.34144012869212675, 0.2959308274306728, 0,0, 0
0.766247588638329, 1.1507110547153916, 0.34720088754112083, 0.3002854758755541, 0,0, 0
0.2409366061331737, 1064.228133541771, 0.7714905283209523, 0.5269611588120263, 0,0, 0
0.6868223242200492, 1.2486286396759796, 0.39772169965233656, 0.3521817289734944, 0,0, 0
0.2735315638927692, 745.2874511657183, 0.7575848376180119, 0.507913701110892, 0,0, 0
0.3624027140291359, 464.10882891932005, 0.6986403261734843, 0.48585207609403563, 0,0, 0
0.38049624160180934, 89.26887288811675, 0.6679103969905366, 0.47238769533900593, 0,0, 0
0.7170225503891439, 1.2420650668237065, 0.4052978029547779, 0.3423046112105323, 0,0, 0
0.3563493647309253, 107.7775481233959, 0.7099036745087188, 0.5004582962521161, 0,0, 0
0.718352956828311, 1.2327944262133266, 0.39698015710154627, 0.3415653990813637, 0,0, 0
0.39519723275460655, 10684.96767356796, 0.68446316149621, 0.4755459090825989, 0,0, 0
0.4929821060333932, 3576.847708223539, 0.5978267481940587, 0.4109073497723542, 0,0, 0
0.7464910530166966, 1.2492644121503766, 0.3465719846518519, 0.31826051449774456, 0,0, 0
0.5563759728597086, 2531.7094483110777, 0.5886990206568595, 0.3874209254678748, 0,0, 0
0.7208807290627287, 1.264992656977844, 0.40055553297362934, 0.34081818476566444, 0,0, 0
0.4086343377901949, 1.0991204640623666e+18, 0.6804798049206657, 0.47493196460798254, 0,0, 0
0.21625756668662277, 1.3181894308391538e+20, 0.737849350541729, 0.504811049601321, 0,0, 0
0.6678640324619172, 1.3272398818909492, 0.41459854831674314, 0.3480883350797131, 0,0, 0
0.6698596421206678, 1.2782396932847404, 0.4050198427086256, 0.35038329437180116, 0,0, 0
0.7450276059336127, 1.2307417895827042, 0.36150661098890313, 0.3271791087670613, 0,0, 0
0.7454267278653629, 1.2241030728275577, 0.37640055038284254, 0.3303515019529577, 0,0, 0
0.7548726135834497, 1.2031187345362693, 0.34380020201326333, 0.3122470050712035, 0,0, 0
0.7589303532229096, 1.192559845227398, 0.34401708588799584, 0.31096100815450806, 0,0, 0
0.7632541741502029, 1.1717704555299386, 0.3428539251772302, 0.3098234211260225, 0,0, 0
0.7745626288831238, 1.1622807021225365, 0.33964149628279366, 0.2939968868586379, 0,0, 0
0.7754939133905409, 1.1524885304570536, 0.3238520225985832, 0.2957364415631247, 0,0, 0
0.7722344176145812, 1.1441103417535632, 0.33818657384900414, 0.29905421830615503, 0,0, 0
