acuracia,loss,frr,fpr, removed, n_clf, tp_removed
0.09825051553249518, 2.3036959122288754, 0.8944041643372586, 0.40467750686587217, 0,10, 0
0.25357546730526176, 2.1214596181146432, 0.7554358731651919, 0.49582760415402843, 3,10, 3
0.35994146211667666, 1.8785680303892665, 0.6818272642765436, 0.4291395657480529, 3,10, 3
0.46610789596221647, 1.5431070187772327, 0.6346503486587282, 0.41455768883998545, 2,10, 2
0.6133838887780216, 1.2689600527661462, 0.5156507659950412, 0.3038840752460878, 2,10, 2
0.5988824585910996, 1.2652817214783714, 0.5146977797612258, 0.3246744122267755, 4,10, 4
0.6988625024945121, 1.0135120997959455, 0.41169192733282756, 0.254713565736487, 2,10, 2
0.671190048559835, 1.0274129592297367, 0.5047542159677479, 0.33411870459885584, 5,10, 5
0.7272001596487727, 0.91239915667002, 0.4064772489428226, 0.2478362706467967, 4,10, 4
0.7386416550256103, 0.9001984685979514, 0.39467795194351835, 0.23300212209519877, 5,10, 5
0.7732322224439566, 0.8282099395523502, 0.3668962916914507, 0.22905737309282023, 6,10, 6
0.7826115878400851, 0.7850508028906342, 0.355534461192126, 0.22475028885942627, 2,10, 2
0.785738042972128, 0.7688185495259631, 0.35557227347968456, 0.23455400544202135, 4,10, 4
0.8047628550522185, 0.7291198424432237, 0.32158084188557917, 0.2173710000128659, 4,10, 4
0.7820794252644183, 0.7523274213845669, 0.37504383101264926, 0.2350490958408967, 3,10, 3
0.7971795383489656, 0.7025044723248222, 0.34870319150635004, 0.23308215679903388, 2,10, 2
0.7863367258697532, 0.7370710093060664, 0.3699717318069747, 0.2302310259150446, 3,10, 3
0.8110157653163041, 0.6636762671043863, 0.3042082507449461, 0.212511544801614, 2,10, 2
0.8160713097851393, 0.6497038012235284, 0.32570932745234116, 0.21965852441686096, 5,10, 5
0.815073504955764, 0.6181106300498538, 0.3179022945939167, 0.2135154944688656, 1,10, 1
0.8203951307124326, 0.6150217782247752, 0.28310549857779876, 0.1975870915968329, 1,10, 1
0.827512805161977, 0.5870793787289994, 0.28011790849484064, 0.20532061977228125, 1,10, 1
0.8290427725670192, 0.5813493558967291, 0.28361494626771955, 0.20463795303197105, 5,10, 5
0.8280449677376438, 0.5680420470979681, 0.2852215175770535, 0.20668659773148537, 6,10, 6
0.8334996341382293, 0.5520996240442335, 0.25990658169400777, 0.19318452203180658, 1,10, 1
0.8361604470165636, 0.5493787271656421, 0.2551138341394648, 0.19429230572608078, 4,10, 4
0.8384886582851061, 0.5328539124543347, 0.2459698242352428, 0.19431397098884606, 1,10, 1
0.8385551786070644, 0.5253536461790437, 0.26211883908520694, 0.20235224767100984, 0,10, 0
0.8398190647242733, 0.5260130080672277, 0.26175138163317824, 0.19987693425226488, 3,10, 3
0.839220381826648, 0.5181984762488302, 0.26416856408663647, 0.1941082099095958, 4,10, 4
0.8407503492316902, 0.5057401863189319, 0.25364157493293643, 0.19541761200445296, 3,10, 3
0.845340251446817, 0.49899870557121445, 0.25347633074734655, 0.19871750153015383, 3,10, 3
0.8442759262954833, 0.4845849601506975, 0.2663824166421357, 0.19929489770328512, 4,10, 4
0.8478680236812346, 0.47361111401295086, 0.2555817591987097, 0.19403663715160835, 1,10, 1
0.8489988691545267, 0.46049652186917883, 0.2429029258663215, 0.1896531103144187, 3,10, 3
0.8510609991352358, 0.4536223456073794, 0.2384413669346067, 0.18715811417935316, 3,10, 3
0.8500631943058604, 0.4545039268006459, 0.2422439311508267, 0.18689361856576472, 2,10, 2
0.8494645114082352, 0.4453233414247417, 0.24337692815158346, 0.18792907090244435, 2,10, 2
0.8499301536619437, 0.44605443744889944, 0.24792155994241483, 0.18905702144943973, 3,10, 3
0.8538548526574868, 0.44007610126739427, 0.23367999096750833, 0.1844381304681568, 2,10, 2
0.8557839419942792, 0.4342884789510418, 0.2299714614581314, 0.1811106974954072, 2,10, 2
0.854453535555112, 0.4375321919733519, 0.2342305723206304, 0.18358673149185784, 2,10, 2
0.8547196168429455, 0.4310634344093996, 0.2296781574222272, 0.18078533864376722, 3,10, 3
0.8547861371649039, 0.42982209501059687, 0.24193158770350942, 0.18587481937065797, 2,10, 2
0.8582451939067385, 0.42100977241832815, 0.2219115872402628, 0.17748878014023625, 2,10, 2
0.8585777955165304, 0.4199884398244006, 0.22535525733201414, 0.17888313162580047, 5,10, 5
0.857979112618905, 0.41185476285460443, 0.22356956272379308, 0.18075573788325205, 1,10, 1
0.8600412425996142, 0.41077150157044234, 0.2251776074044757, 0.17942443568605643, 1,10, 1
0.8612386083948647, 0.41257431526142485, 0.21896682727402117, 0.1747310787916928, 3,10, 3
0.8625024945120734, 0.4055055521528229, 0.21956576454206597, 0.17662288639051862, 2,10, 2
0.8617042506485731, 0.40708345699058973, 0.22800240514962067, 0.17847934451738598, 2,10, 2
0.8619038116144482, 0.40971659147216977, 0.22097837012964217, 0.17740563498441422, 2,10, 2
0.8636998603073239, 0.3989623844898963, 0.2126860776781138, 0.17003620705827843, 1,10, 1
0.8656954699660746, 0.39852873176331305, 0.21157514960847318, 0.17081893139375076, 1,10, 1
0.8655624293221579, 0.39489290427999263, 0.21877548767160981, 0.1726087494120606, 3,10, 3
0.8669593560832835, 0.3908315585888349, 0.20369955954413432, 0.17120528883684039, 3,10, 3
0.8668263154393667, 0.3872547118694593, 0.20342769409159944, 0.17156902802632562, 0,10, 0
0.8672254373711169, 0.385817412442842, 0.2121522189826384, 0.1696968337732292, 2,10, 2
0.8684228031663673, 0.3877819197422547, 0.21499771128657932, 0.16983604240657446, 4,10, 4
0.8674915186589504, 0.3838131257381163, 0.21257507504341533, 0.17012097448424057, 4,10, 4
0.869287567351826, 0.38209442944173755, 0.21354336137169252, 0.1709043394367379, 4,10, 4
0.8703518925031597, 0.3752222408275594, 0.2039801462313059, 0.16743306629786517, 4,10, 4
0.8696201689616178, 0.3751579890094344, 0.2047635390818114, 0.1668107990700184, 3,10, 3
0.8696201689616178, 0.37746775888467854, 0.2079953071922942, 0.16518274534687444, 2,10, 2
0.8682897625224506, 0.3809698453486513, 0.21549578300487038, 0.1669532596944919, 3,10, 3
0.8696201689616178, 0.3728749740687357, 0.20457936130599852, 0.167758220945611, 4,10, 4
0.8698197299274929, 0.37497772872256085, 0.20398449989149722, 0.16479038831234535, 3,10, 3
0.8702853721812014, 0.3750575417549671, 0.21204838848608812, 0.16516578000999915, 3,10, 3
0.8708840550788266, 0.3700248279403062, 0.20691334267982647, 0.1652567401669585, 3,10, 3
0.8680902015565756, 0.37403437257604555, 0.20974773848862996, 0.16764938625935488, 3,10, 3
0.8706179737909931, 0.37168131497369145, 0.21183298646825185, 0.16501845876606624, 3,10, 3
0.8723475021619105, 0.3656117492292334, 0.2027637863256772, 0.1579964000794727, 5,10, 5
0.8732787866693275, 0.36402483739580116, 0.19820521439833372, 0.1618627484802972, 2,10, 2
0.8739439898889111, 0.35776357596850555, 0.1980422653105696, 0.16515708438579818, 1,10, 1
0.8744096321426196, 0.3597189977454223, 0.19989028927684582, 0.16036203129016993, 3,10, 3
0.8746091931084946, 0.36071359614783216, 0.19112290164637877, 0.15705899592410286, 1,10, 1
0.8752078760061198, 0.35845543522414103, 0.19820298931012922, 0.1606098308758886, 4,10, 4
0.8747422337524113, 0.354068906323168, 0.18848594674401248, 0.15455346000207615, 5,10, 5
0.8750748353622032, 0.3577265840849869, 0.19981610918063944, 0.1544912010036044, 3,10, 3
0.8758730792257035, 0.3547810531388208, 0.19750392729784128, 0.15505863463428318, 2,10, 2
0.8772034856648706, 0.3493296395816145, 0.1899760165333717, 0.15353069476586756, 3,10, 3
0.8781347701722876, 0.3526676672407572, 0.18801846433896682, 0.15273313802204153, 3,10, 3
0.8774695669527041, 0.34751364211836744, 0.1911701690495543, 0.156189013615111, 1,10, 1
0.8787999733918712, 0.3486770489259015, 0.19501380908077073, 0.1550470429029573, 3,10, 3
0.8781347701722876, 0.3501243986856591, 0.19245427434579207, 0.15353261495874596, 1,10, 1
0.8794651766114548, 0.3471116816673359, 0.18199585945697558, 0.1507583467038699, 0,10, 0
0.8808621033725803, 0.34563963093716343, 0.18038376518657764, 0.14569202021949865, 1,10, 1
0.8818599082019557, 0.3450906395530278, 0.18430462204843504, 0.15099435126832553, 1,10, 1
0.8793321359675381, 0.3447944049422667, 0.18965463415150868, 0.15139285739910402, 2,10, 2
0.8798642985432049, 0.3436396856983382, 0.1830315211885356, 0.1483384531107488, 6,10, 6
0.8794651766114548, 0.3403912454779144, 0.18933861298403035, 0.15108317931461226, 2,10, 2
0.8815273065921639, 0.3374624339933656, 0.17834536683315322, 0.14718749480473187, 1,10, 1
0.8801969001529968, 0.3374671466779913, 0.18971580474660732, 0.1528016973372507, 1,10, 1
0.881926428523914, 0.3363880431299436, 0.18475049156707501, 0.15185387148102658, 3,10, 3
0.8815938269141222, 0.33783377333073156, 0.1818544116121143, 0.14843775503862267, 3,10, 3
0.8797312578992882, 0.3380856623645916, 0.18507449889216526, 0.15051189562352763, 2,10, 2
0.8809286236945387, 0.33739111219026824, 0.18136210472546477, 0.1472638872715443, 2,10, 2
0.8821259894897892, 0.3366576648265946, 0.17544251670570493, 0.14486172042979345, 3,10, 3
0.881726867558039, 0.33780809162428516, 0.1842911580186794, 0.14533657677483394, 4,10, 4
0.882658152065456, 0.33385240421073875, 0.17752646170337802, 0.14316596791438754, 2,10, 2
0.8822590301337059, 0.3371106995250657, 0.17653518484605815, 0.14560797440657036, 3,10, 3
0.10077828776691279, 2.303736140292966, 0.8944213325400786, 0.36684194226088074, 0,10, 0
0.35801237277988424, 1.9152322250819132, 0.7399592240354363, 0.43926032541071564, 3,10, 3
0.47023215592363465, 1.7030435117636997, 0.6539270379018146, 0.35965772430776505, 3,10, 3
0.5388811281846604, 1.4741748474162402, 0.5786893444073136, 0.32515136454267946, 2,10, 2
0.5389476485066188, 1.3315276868485892, 0.5995031310459533, 0.3983203581966197, 2,10, 2
0.5807889310184261, 1.3134473761529568, 0.5420542215815631, 0.34118452840599056, 4,10, 4
0.6145147342513138, 1.178014965869981, 0.510164373542785, 0.3136234661806533, 6,10, 6
0.6414554646444489, 1.0930587224838744, 0.4535018990439702, 0.28634574103040733, 2,10, 2
0.6321426195702787, 1.0825216238578546, 0.4916066446342988, 0.2866390797479952, 3,10, 3
0.6817002594292556, 0.9732624866785657, 0.4684732549028843, 0.2580461386241276, 3,10, 3
0.7258032328876471, 0.8653366599200912, 0.4571341191926265, 0.26380627433149867, 5,10, 5
0.7466240936606133, 0.823720680682465, 0.41519139524553744, 0.2518383032323857, 5,10, 5
0.7532761258564491, 0.7997890015882521, 0.4102049474519602, 0.25950368138370644, 2,10, 2
0.7633872147941196, 0.746023528944422, 0.384093982403097, 0.23422190258970274, 3,10, 3
0.7659815073504955, 0.7358815996593834, 0.361923566191013, 0.23425340234235442, 2,10, 2
0.7689749218386217, 0.716774065051723, 0.3533692785900011, 0.2267387280204069, 1,10, 1
0.7718352956828312, 0.6882918449650822, 0.3584957410789053, 0.23980719404500683, 1,10, 1
0.7793520920641256, 0.6654856356910542, 0.3175046876803174, 0.2172801821640815, 1,10, 1
0.7834763520255438, 0.6424519454088129, 0.34325943875559406, 0.23243214610024643, 2,10, 2
0.8062263021353023, 0.6198593632139797, 0.3079205520195904, 0.21041742107124722, 5,10, 5
0.8182664804097651, 0.5900185507919353, 0.2964222140687611, 0.21645515079803204, 3,10, 3
0.8139426594824719, 0.5883024179501615, 0.28163078486379006, 0.2008355701589544, 4,10, 4
0.8100844808088871, 0.5900515233096251, 0.29733572292610755, 0.203146745336075, 2,10, 2
0.827512805161977, 0.5514082743461225, 0.2735194365557797, 0.2048240744122863, 6,10, 6
0.8241202687421008, 0.5525660003269142, 0.28113853503373337, 0.21534658891162833, 4,10, 4
0.8264484800106433, 0.5500409081142124, 0.2860667063651493, 0.20368271172611327, 2,10, 2
0.8311049025477283, 0.5375423467822049, 0.27654636627657747, 0.20341459350721652, 1,10, 1
0.8317035854453536, 0.5297272492804859, 0.281624931435254, 0.20676050635419765, 3,10, 3
0.8326348699527706, 0.5240150392928588, 0.25817593339780986, 0.19937752897114652, 2,10, 2
0.8322357480210204, 0.5248218856259618, 0.2549468326368844, 0.19456792419019123, 5,10, 5
0.8323022683429788, 0.5132570749665516, 0.2724525905587713, 0.20024342215613974, 2,10, 2
0.8366926095922305, 0.5033491147073799, 0.27408836334018005, 0.20102592556046125, 4,10, 4
0.8400851460121067, 0.4983144501026416, 0.24621513439598774, 0.18783535804049392, 3,10, 3
0.8368256502361472, 0.5025556602321297, 0.2569073999008379, 0.1922368254049032, 4,10, 4
0.8442759262954833, 0.480244362740043, 0.2408671357820224, 0.1857989412980011, 3,10, 3
0.8433446417880662, 0.47730582743866085, 0.2536646634939775, 0.1938758826597403, 2,10, 2
0.8480010643251513, 0.4707563196342901, 0.23987999343619784, 0.1853050683774284, 4,10, 4
0.8491984301204017, 0.4627386287048601, 0.2403814413736237, 0.18493383099127952, 1,10, 1
0.8485997472227765, 0.4619250277073164, 0.22815960825244289, 0.1826648113209894, 4,10, 4
0.8513270804230693, 0.4558565104725782, 0.23424641926696105, 0.18276553208567378, 2,10, 2
0.8529900884720282, 0.45212958921548096, 0.23349496550903864, 0.18288878494091265, 4,10, 4
0.8541209339453203, 0.4519307379803431, 0.23255353581134497, 0.18044124054028982, 3,10, 3
0.8567152265016963, 0.4479873319472565, 0.2281354595289949, 0.17895166177077163, 4,10, 4
0.8574469500432382, 0.4366762727377798, 0.21993478426222393, 0.17572229572497036, 5,10, 5
0.8591764784141556, 0.43322709344382554, 0.21895457623054804, 0.17194544921447977, 1,10, 1
0.8583117142286969, 0.425523419477171, 0.21789290773408487, 0.17443465919505308, 3,10, 3
0.8619038116144482, 0.42420095053068835, 0.22174578127241681, 0.1741541263874347, 3,10, 3
0.8595756003459056, 0.4243117752745843, 0.220027978273942, 0.1692632934643556, 4,10, 4
0.8611055677509479, 0.42116221108358765, 0.21026609750346079, 0.16610663765323608, 4,10, 4
0.8616377303266147, 0.42154234543753205, 0.21901212094277547, 0.16944785282463062, 2,10, 2
0.860573405175281, 0.4194652812634843, 0.22333379678200427, 0.1761607332224428, 2,10, 2
0.864098982239074, 0.4130052687330903, 0.2202430149017598, 0.17135351010725142, 3,10, 3
0.863899421273199, 0.41026594151485324, 0.2114273912490991, 0.1707846916455837, 3,10, 3
0.8655624293221579, 0.40811334798456306, 0.20804772343789854, 0.16600174157017242, 3,10, 3
0.8652963480343245, 0.4122151359534245, 0.21399085163868992, 0.1678530092774294, 4,10, 4
0.8641655025610324, 0.4108495868284408, 0.22258184601189146, 0.16828171186067095, 4,10, 4
0.8650967870684494, 0.40739740067413777, 0.22551983684694343, 0.1718669484441326, 4,10, 4
0.8648307057806159, 0.4056316927729499, 0.22543644501456878, 0.16896124123995185, 3,10, 3
0.8690214860639925, 0.3969446625431834, 0.19853714900490932, 0.16637851070543705, 3,10, 3
0.8671589170491585, 0.3964834290654035, 0.2136203033005903, 0.16502345810929442, 4,10, 4
0.8674915186589504, 0.39326553607118087, 0.20508300535291799, 0.16158285801998132, 2,10, 2
0.8681567218785339, 0.3916104325048711, 0.2158814493755083, 0.1644480168141269, 1,10, 1
0.870218851859243, 0.38371547397930067, 0.19845207414625463, 0.16276981358083675, 1,10, 1
0.8686888844542008, 0.38541802344846116, 0.20300297853859706, 0.1625540233031494, 5,10, 5
0.8710170957227433, 0.3854424041089404, 0.19855042028809766, 0.15901339270975398, 3,10, 3
0.8729461850595357, 0.38033258777998047, 0.20411272836628538, 0.16196003143472568, 1,10, 1
0.871881859908202, 0.3759557525853519, 0.20225744656499284, 0.1626669320187487, 3,10, 3
0.87115013636666, 0.37596554783687436, 0.19432961237607946, 0.15996282407258286, 3,10, 3
0.8732787866693275, 0.37473806854838815, 0.2002468845771615, 0.1612903432840783, 2,10, 2
0.8724805428058272, 0.3720295616049818, 0.194841953771196, 0.16146380013074663, 3,10, 3
0.8723475021619105, 0.3721282986335905, 0.1980156977461657, 0.16249497605584512, 3,10, 3
0.87560699793787, 0.3675984168590576, 0.1880709372694803, 0.15665162149602116, 3,10, 3
0.8748752743963281, 0.368609090225189, 0.18995856348098755, 0.1554160238863492, 2,10, 2
0.8751413556841615, 0.3680460320334936, 0.19585912463924104, 0.15755176459635184, 3,10, 3
0.8737444289230359, 0.36661239781503285, 0.1925234571970984, 0.15738975379437253, 2,10, 2
0.8752743963280782, 0.3667071331990413, 0.1989861822538249, 0.1575571269829237, 4,10, 4
0.8740105102108694, 0.37035324570401273, 0.20119384790883635, 0.1543184915786284, 2,10, 2
0.8762722011574536, 0.35961843074685035, 0.18883207197220042, 0.15992209915695857, 3,10, 3
0.8778021685624958, 0.3616438701123502, 0.18850631919948796, 0.1528512469529261, 6,10, 6
0.8779352092064125, 0.3586130000048011, 0.18695142563149297, 0.15461847321124467, 3,10, 3
0.8752078760061198, 0.3578313699041969, 0.1979968462962443, 0.15430692338389793, 4,10, 4
0.8770039246989956, 0.3560061221254496, 0.19482158569212074, 0.15355510142137196, 4,10, 4
0.877270005986829, 0.3560409889504736, 0.19030533638332434, 0.15552776976867683, 1,10, 1
0.878400851460121, 0.35554950994134193, 0.183897950657556, 0.15483651085133704, 4,10, 4
0.8792656156455797, 0.3529746495898213, 0.18214137258086996, 0.15087150791501316, 2,10, 2
0.8802634204749551, 0.3485017868049492, 0.18508698124993944, 0.15118226365024, 2,10, 2
0.8811281846604138, 0.3473752708521744, 0.1814467192410898, 0.14979817656732233, 3,10, 3
0.8806625424067053, 0.3473764839659448, 0.18052626743526293, 0.15239530635169024, 2,10, 2
0.8805295017627885, 0.3477100319870085, 0.18328988111276304, 0.1534149952906345, 6,10, 6
0.880795583050622, 0.34735428226812815, 0.1793405161472782, 0.14888034938754957, 1,10, 1
0.8810616643384555, 0.3438055075311898, 0.17988143219248046, 0.15094203184559693, 3,10, 3
0.8815273065921639, 0.3437566404142885, 0.1809537631210185, 0.14848600530378012, 3,10, 3
0.8816603472360807, 0.3447601947090611, 0.187323416618787, 0.15381454038689013, 4,10, 4
0.8825916317434976, 0.34276802797138617, 0.17800681517122288, 0.1531934053523407, 3,10, 3
0.8832568349630813, 0.33952058844809724, 0.17345953696483182, 0.15040146642480356, 3,10, 3
0.8825251114215393, 0.3389288711696251, 0.17542192363299575, 0.1443981086600523, 1,10, 1
0.8835229162509146, 0.33686490709525085, 0.17014911024497234, 0.1461521414793037, 2,10, 2
0.8822590301337059, 0.3388873098200514, 0.17763825824899196, 0.14990078788725447, 6,10, 6
0.8822590301337059, 0.3367844319345593, 0.17989152519441456, 0.14555153614204352, 3,10, 3
0.8841215991485398, 0.3348613480029803, 0.17222175156055294, 0.14727497062469871, 2,10, 2
0.8841215991485398, 0.33806524760093176, 0.17131108156068042, 0.14683334123977826, 3,10, 3
0.10077828776691279, 2.303736140292966, 0.8944213325400786, 0.36684194226088074, 0,10, 0
0.20348566487061798, 2.1380225253193976, 0.8077717751879773, 0.5230506672706554, 3,10, 3
0.34783476352025544, 1.9179022249402098, 0.6719549983535816, 0.4483386094866592, 1,10, 1
0.4828710170957227, 1.5723379724350195, 0.6132101725206535, 0.37240281760156996, 4,10, 4
0.4551985631610457, 1.5583493569989726, 0.6855466213156582, 0.4396327473156251, 1,10, 1
0.5578394199427925, 1.3242132521061856, 0.5539118314254089, 0.3460027868199751, 3,10, 3
0.6671323089203752, 1.1928582465798716, 0.4936629046927498, 0.29738750685138937, 1,10, 1
0.6248919044768176, 1.0966311534607887, 0.5086655147492093, 0.3452968943749199, 2,10, 2
0.7154925829841017, 0.9662883046628886, 0.4557181409515345, 0.2888964064080074, 2,10, 2
0.7011241934410962, 0.9594628288268687, 0.4868070572759271, 0.33533156719958285, 3,10, 3
0.7761591166101244, 0.8204178551052481, 0.37065842681256733, 0.24349059922488558, 2,10, 2
0.76904144216058, 0.7790803684388022, 0.3795850314919722, 0.25466336879988405, 3,10, 3
0.7637863367258697, 0.767694266538158, 0.36029392119060233, 0.234981273717798, 3,10, 3
0.7891305793920043, 0.726468833440503, 0.32658153068661583, 0.23211405525590653, 2,10, 2
0.794851327080423, 0.6760081194866473, 0.32056102554245924, 0.2224261935833567, 2,10, 2
0.80429721279851, 0.6585225952321362, 0.3164316714912559, 0.22143708612623306, 4,10, 4
0.7973790993148406, 0.6443349974115429, 0.32727843182088845, 0.22224216685792983, 2,10, 2
0.8025011641056343, 0.6259908287315872, 0.312680113274728, 0.22111365945048786, 4,10, 4
0.8122796514335129, 0.6036860242277071, 0.2914869880679694, 0.2131631764169045, 1,10, 1
0.8209938136100579, 0.586289926945449, 0.28642117688279806, 0.20725592970393417, 2,10, 2
0.8231224639127254, 0.5739092366600286, 0.28385912720228534, 0.2073555260885245, 4,10, 4
0.8221911794053083, 0.5683162438814893, 0.2685838617903813, 0.20201147311008458, 7,10, 7
0.8235215858444754, 0.5583469310349767, 0.2656990723166847, 0.20218050862706693, 4,10, 4
0.8265815206545599, 0.5447426277525013, 0.27254194423313627, 0.20753632309462547, 2,10, 2
0.8342978780017295, 0.5328843364287745, 0.2754490528999667, 0.20465470419509274, 2,10, 2
0.8342978780017295, 0.5305983632032555, 0.2685532976450641, 0.2044118577944938, 4,10, 4
0.8348965608993547, 0.5173301762620844, 0.25363785484677254, 0.19817078635305385, 2,10, 2
0.8374243331337724, 0.5104360136926953, 0.2599893634881465, 0.20241968790472395, 2,10, 2
0.8420807556708575, 0.49923038814484044, 0.25367650303207473, 0.20233770346350233, 1,10, 1
0.8403512272999402, 0.4968728196292779, 0.26804885935428074, 0.20353364179819536, 4,10, 4
0.8420142353488991, 0.4896087682483367, 0.24157883037780511, 0.19166467861323763, 2,10, 2
0.8416151134171489, 0.48937576207036526, 0.24667361180275324, 0.1931347983732615, 2,10, 2
0.8415485930951906, 0.48817840649920446, 0.2532129253699378, 0.19857019393811787, 2,10, 2
0.8474023814275261, 0.47558198797738704, 0.23945709497879297, 0.18695654310944954, 5,10, 5
0.8480675846471097, 0.46504617163734174, 0.24583766353886297, 0.1902446522126094, 4,10, 4
0.8483336659349431, 0.4646248924505849, 0.24818252563901502, 0.19556736373418748, 4,10, 4
0.8494645114082352, 0.4594199354641878, 0.2340143034581291, 0.18724519831125325, 5,10, 5
0.8511940397791525, 0.45684177041412555, 0.23871230378153463, 0.18678071846675048, 0,10, 0
0.8520588039646112, 0.45955417716166513, 0.24240169876281312, 0.18456536211988894, 4,10, 4
0.8569813077895297, 0.43993329444284585, 0.2226188497692766, 0.1805241527787426, 5,10, 5
0.8566487061797379, 0.43043133263571687, 0.2255274969968666, 0.18387556307205677, 1,10, 1
0.8569147874675713, 0.4304504645166038, 0.21923539060375608, 0.17870556995107342, 1,10, 1
0.8591764784141556, 0.42968620652144196, 0.22312511991025086, 0.18518577602706401, 4,10, 4
0.858710836160447, 0.430762044019755, 0.23345180432461174, 0.18187177704531363, 4,10, 4
0.8585777955165304, 0.4331699383630827, 0.23846569254884997, 0.17719079333465196, 5,10, 5
0.8602408035654893, 0.418878607855908, 0.22148328142800044, 0.1849216405341645, 4,10, 4
0.8620368522583649, 0.4110994556356403, 0.21963514582937285, 0.17852702938332818, 3,10, 3
0.8633672586975321, 0.4054897360663078, 0.21673968803700613, 0.17791754934282522, 3,10, 3
0.8636333399853655, 0.4076302101090419, 0.21683780554320042, 0.17593659724784946, 4,10, 4
0.8656954699660746, 0.40278314964327994, 0.20771919402561292, 0.17400611682986114, 3,10, 3
0.8649637464245327, 0.40612172566169313, 0.22416019651851538, 0.17431122383734188, 3,10, 3
0.865761990288033, 0.3970137801360492, 0.21272262267879147, 0.16945940776622867, 2,10, 2
0.8665602341515333, 0.3915706292635433, 0.20665491289923157, 0.17261938263047402, 1,10, 1
0.8642320228829907, 0.3968539808501596, 0.2194308607800606, 0.17170143082325995, 5,10, 5
0.8662941528636998, 0.3950540897340871, 0.2256212495757921, 0.17471978063159951, 3,10, 3
0.868356282844409, 0.38910360017932083, 0.2029780796710087, 0.1704490212038303, 4,10, 4
0.8682232422004923, 0.3893103121603083, 0.20368702729545568, 0.16915937718543808, 5,10, 5
0.8720149005521187, 0.38236923336504697, 0.1955213801362874, 0.16625512648026344, 4,10, 4
0.8715492582984101, 0.38164405336156354, 0.19836876502719772, 0.16557675460404522, 1,10, 1
0.8712166566886184, 0.3830843100043432, 0.203702493137075, 0.1664598440621422, 3,10, 3
0.8714162176544934, 0.3784305654603259, 0.2017573175975197, 0.16599138866919014, 5,10, 5
0.8723475021619105, 0.3775809312233922, 0.19612174577204264, 0.16182928436945476, 3,10, 3
0.872081420874077, 0.37670229908957364, 0.1894598400284968, 0.16277990739722603, 4,10, 4
0.8722144615179938, 0.3806661343621728, 0.197576602920464, 0.1656936143961409, 6,10, 6
0.8741435508547861, 0.3747927135968682, 0.188708889325975, 0.16268129318271293, 2,10, 2
0.8744761524645779, 0.37135755839775997, 0.19836739853043675, 0.15979935332112274, 2,10, 2
0.8736113882791192, 0.37114267923020156, 0.19154168772835722, 0.1608459161761958, 2,10, 2
0.8726801037717022, 0.36889273569852166, 0.1957092317625458, 0.1623413584673173, 3,10, 3
0.8735448679571609, 0.3653477708802762, 0.19345617131294135, 0.1645244743416385, 4,10, 4
0.8758730792257035, 0.3638026547388631, 0.18872747125407957, 0.16276547560185317, 2,10, 2
0.8749417947182865, 0.36265237084748825, 0.18783680780391127, 0.16143355600079626, 2,10, 2
0.8762722011574536, 0.3635450553235279, 0.18914906174912846, 0.16178076519728019, 2,10, 2
0.8751413556841615, 0.36445860389128304, 0.20086998239465748, 0.16140703722153926, 2,10, 2
0.8766713230892037, 0.35965778486717687, 0.19166880118504004, 0.15839888207082986, 3,10, 3
0.8783343311381627, 0.35830151755694, 0.1752738363791703, 0.15311626434270859, 5,10, 5
0.8759395995476618, 0.3567033051367031, 0.19178937714949926, 0.16259275441905405, 3,10, 3
0.8771369653429123, 0.35921324881651306, 0.1931439541103045, 0.15871690176871198, 4,10, 4
0.8760061198696202, 0.35503921383652126, 0.19260123929621056, 0.16376976879658817, 1,10, 1
0.8779352092064125, 0.3511260080622345, 0.17545366569021287, 0.15843601551208797, 3,10, 3
0.8786669327479545, 0.3542537361849368, 0.18585025016794104, 0.15420191864676322, 3,10, 3
0.8776026075966208, 0.34718926634678815, 0.18637600340585234, 0.1579080965637177, 1,10, 1
0.8792656156455797, 0.348547942212934, 0.19172813886686607, 0.15559674874046342, 1,10, 1
0.8797312578992882, 0.347324717028215, 0.18218711494448692, 0.15462056767496293, 3,10, 3
0.8797977782212466, 0.34386837620159766, 0.1755317913075171, 0.15561365633665403, 5,10, 5
0.878400851460121, 0.3475056030712623, 0.18712062271410587, 0.15529780946528832, 3,10, 3
0.8808621033725803, 0.34699204175804055, 0.18115125245457644, 0.15089896731694874, 2,10, 2
0.8803964611188718, 0.3480345589503445, 0.18597387126617018, 0.15704503231301728, 2,10, 2
0.8802634204749551, 0.3459007765432277, 0.18356833730288255, 0.1553060111973642, 3,10, 3
0.8806625424067053, 0.34866402972533844, 0.17296124671115834, 0.14498129269085785, 6,10, 6
0.8814607862702055, 0.34245429882778294, 0.1651487919827598, 0.1444197970409515, 2,10, 2
0.8811947049823721, 0.3389598475798042, 0.18170849104028516, 0.15176762217960257, 4,10, 4
0.8816603472360807, 0.3382703516073597, 0.1829552035635055, 0.15518021949129712, 2,10, 2
0.8827246723874144, 0.336982926592618, 0.1753472946985503, 0.14940771779116158, 3,10, 3
0.8829242333532894, 0.3388807392217857, 0.1836178635665555, 0.15082017986793686, 4,10, 4
0.8841881194704982, 0.3368453924286931, 0.1728487396673035, 0.14765388280971992, 1,10, 1
0.8830572739972061, 0.33736377946097734, 0.1645620115014877, 0.14251515618088023, 2,10, 2
0.8837224772167898, 0.33665976510769674, 0.17757784275275054, 0.14796012841873665, 4,10, 4
0.8833898756069979, 0.3364839434800242, 0.17525833075096986, 0.146229777248757, 4,10, 4
0.8837889975387481, 0.333804582617329, 0.18054918763513558, 0.15126542573656268, 5,10, 5
0.884321160114415, 0.3310902092680211, 0.17480161381048728, 0.15105376028191894, 1,10, 1
0.8857846071974989, 0.33173775860722776, 0.17384143905532878, 0.14591165631452024, 6,10, 6
0.10077828776691279, 2.303736140292966, 0.8944213325400786, 0.36684194226088074, 0,10, 0
0.21313111155457992, 2.1536911452160714, 0.7968784163404244, 0.42618046840708046, 5,10, 5
0.4030466307456928, 1.8376380705666115, 0.715220245793304, 0.4846676456601535, 2,10, 2
0.5436705913656622, 1.5285662309069805, 0.5741960396341413, 0.3476111229019554, 0,10, 0
0.6598150735049557, 1.2404307888492174, 0.4883784885462802, 0.26387826333188236, 2,10, 2
0.6404576598150735, 1.164680881391293, 0.5247251067949397, 0.3413606988430575, 3,10, 3
0.7356482405374842, 0.9911016529811443, 0.39799507645779186, 0.2403293588214334, 4,10, 4
0.7430985165968204, 0.8772289369426044, 0.43270930602955227, 0.2748334186691569, 4,10, 4
0.729661411561232, 0.8697475013664793, 0.4624061711069883, 0.2821181665160985, 2,10, 2
0.7698396860240804, 0.8078542848360408, 0.39105892327155006, 0.24597711390144691, 3,10, 3
0.7371782079425264, 0.8176347980173483, 0.4715484692320065, 0.30081009187653457, 3,10, 3
0.7657154260626622, 0.7825892789233119, 0.40806617354694025, 0.24579637886092454, 2,10, 2
0.7898623029335462, 0.7493743233330646, 0.3485539254844332, 0.2316970747179305, 0,10, 0
0.791126189050755, 0.7244881729909521, 0.37546888910693577, 0.24573469602791456, 4,10, 4
0.8075567085744695, 0.6897636658923741, 0.34271684080611153, 0.22889647438481275, 2,10, 2
0.786669327479545, 0.703100636746369, 0.3688732581572017, 0.2556839849480294, 4,10, 4
0.8006385950908003, 0.6707254076847476, 0.3462391717245913, 0.2385514317861405, 3,10, 3
0.7997738309053416, 0.6483323654317618, 0.35461604954882453, 0.23380948158880963, 2,10, 2
0.812479212399388, 0.6209983510101349, 0.3254191267971798, 0.23344296970087988, 3,10, 3
0.8163373910729728, 0.5976899107802448, 0.3148760620559948, 0.21876989762085436, 5,10, 5
0.8160713097851393, 0.5944596184683805, 0.3178584594961407, 0.22194829716774286, 2,10, 2
0.8235215858444754, 0.5744935553639711, 0.2713274622114205, 0.2131623582410578, 1,10, 1
0.823055943590767, 0.5697712230061075, 0.2969516187040971, 0.2184469086483717, 2,10, 2
0.8326348699527706, 0.5504431335662814, 0.26756131802197974, 0.20970340307880073, 4,10, 4
0.8329674715625623, 0.5454404636468535, 0.2657742341996127, 0.2096936657830299, 6,10, 6
0.8334331138162708, 0.5388011924877141, 0.27707859857229744, 0.2102935365142033, 3,10, 3
0.8363600079824386, 0.5202468363922474, 0.2607119298047518, 0.2018631499905151, 4,10, 4
0.8356282844408967, 0.5227454481571554, 0.2523089078470708, 0.20280591276291812, 4,10, 4
0.8325018293088539, 0.5235863362106892, 0.2650166341119059, 0.2035530050676991, 4,10, 4
0.8331005122064791, 0.5170119371202536, 0.28766602817161047, 0.21147999737070086, 4,10, 4
0.8375573737776891, 0.5039434195953366, 0.2529176847055287, 0.19824467760809217, 1,10, 1
0.8384886582851061, 0.5000050214779019, 0.25841705589136515, 0.19657783425746098, 4,10, 4
0.8458058937005255, 0.4865777813160193, 0.24777014236866438, 0.19619754394115443, 4,10, 4
0.8445420075833167, 0.48044166168516395, 0.25538835459392084, 0.1949581082492141, 3,10, 3
0.8454067717687753, 0.48052055259528526, 0.24683504540554804, 0.1938762197552785, 6,10, 6
0.8462050156322757, 0.47498068701032287, 0.23718369082471125, 0.1876328418377744, 2,10, 2
0.8496640723741102, 0.4700098484865471, 0.2310931271038806, 0.18686644437441358, 3,10, 3
0.8513270804230693, 0.46130209267156586, 0.2261403316714504, 0.1819063006814798, 4,10, 4
0.8513270804230693, 0.4525744396610238, 0.22131803102804176, 0.1780921107644555, 3,10, 3
0.857047828111488, 0.4486943870239092, 0.22183352290591543, 0.17935778378836914, 1,10, 1
0.8558504623162376, 0.4423827774162413, 0.23845897713721897, 0.1836462926597303, 3,10, 3
0.8590434377702388, 0.4388156746909706, 0.22482484388672655, 0.17543091946259687, 3,10, 3
0.860373844209406, 0.42619096743277096, 0.2211432973762243, 0.18195717330015174, 4,10, 4
0.8607729661411562, 0.4212487594801782, 0.21275183197647912, 0.17929824836522473, 2,10, 2
0.860373844209406, 0.4227780827246708, 0.22509300390185188, 0.1821557357915313, 4,10, 4
0.8616377303266147, 0.419698653718306, 0.2167551073555659, 0.17412694126487746, 3,10, 3
0.8609060067850728, 0.41829535427599357, 0.21968237718462386, 0.17493043280967188, 3,10, 3
0.8621033725803233, 0.42254086190346274, 0.22087669247406125, 0.17358559964445028, 2,10, 2
0.8627685757999068, 0.4142359276998733, 0.220258351077801, 0.17420923986910175, 3,10, 3
0.8652298277123661, 0.40963074525819904, 0.20405800893911585, 0.16900734271066817, 2,10, 2
0.8650302667464911, 0.40205329812785917, 0.20785559317612254, 0.17787688245577127, 3,10, 3
0.8662941528636998, 0.3984089322675034, 0.20820626574720313, 0.17411223429892111, 2,10, 2
0.867624559302867, 0.39810762300043673, 0.2065158349738291, 0.16388639550354892, 3,10, 3
0.8653628683562828, 0.3962089955895342, 0.21521503602021663, 0.17112566279203867, 3,10, 3
0.8670923967272002, 0.39314759000395716, 0.205257767956323, 0.16897867261431496, 2,10, 2
0.8664271935076165, 0.39128210738314767, 0.20343209336283263, 0.16915717272375028, 4,10, 4
0.8668263154393667, 0.3904861824374724, 0.21378473690317995, 0.16881569478326572, 3,10, 3
0.8698197299274929, 0.38461987454851876, 0.1990579165207749, 0.1647796806034762, 1,10, 1
0.8692210470298676, 0.3872026925860999, 0.2027125799119157, 0.16504351780911428, 4,10, 4
0.869487128317701, 0.388610058869439, 0.20451562560434586, 0.16467911221656897, 5,10, 5
0.8700858112153262, 0.38160860843095257, 0.2029722124503526, 0.16601461270811033, 3,10, 3
0.8716822989423268, 0.37863391191672024, 0.1990003133672529, 0.16459817375627542, 2,10, 2
0.8700858112153262, 0.3788956511342597, 0.2052654313404008, 0.16304011630361695, 3,10, 3
0.8710170957227433, 0.3775932947145269, 0.19950084536253684, 0.16058557516762037, 4,10, 4
0.8723475021619105, 0.37720048863854655, 0.19729477780249424, 0.16164514513635508, 3,10, 3
0.8718153395862436, 0.3749412310166785, 0.20481118007440938, 0.16363935607081484, 0,10, 0
0.8717488192642853, 0.36834799784584854, 0.19311787546831458, 0.16308908782163953, 4,10, 4
0.8735448679571609, 0.36605895288900575, 0.19363042707905087, 0.16486176214781087, 4,10, 4
0.8737444289230359, 0.3659234177682128, 0.19751562185714333, 0.1622272528465016, 6,10, 6
0.8750083150402448, 0.3655707134210146, 0.1925235489275006, 0.1603444928993049, 5,10, 5
0.8756735182598284, 0.3622087553269874, 0.1889797248771373, 0.16005552078749796, 6,10, 6
0.8751413556841615, 0.3597585275498212, 0.19221343778371544, 0.156929713871953, 3,10, 3
0.8750748353622032, 0.3588728299845381, 0.19451681314913938, 0.15814722956367736, 3,10, 3
0.8760726401915785, 0.3560374746922631, 0.18942749957098468, 0.15779141551027734, 0,10, 0
0.8764717621233287, 0.3569558755118846, 0.18859677408456058, 0.15784592898761862, 5,10, 5
0.8762056808354952, 0.3568033016192857, 0.19187926370393826, 0.15683356240832574, 1,10, 1
0.8766713230892037, 0.35388982076834125, 0.1896296746111582, 0.15632517885962705, 6,10, 6
0.8778686888844542, 0.3525238735759227, 0.1809428714809015, 0.15085275433034004, 3,10, 3
0.8776691279185791, 0.35391524696674603, 0.1834864492151243, 0.15298674706597262, 4,10, 4
0.8762056808354952, 0.3550447823884553, 0.1818474343964239, 0.1567106170513198, 7,10, 7
0.8780682498503293, 0.348895663568185, 0.18234482052252318, 0.1546415548667758, 3,10, 3
0.878400851460121, 0.3486510022938006, 0.18442084725029648, 0.15288135277093728, 2,10, 2
0.8797312578992882, 0.3473076296109098, 0.17728810063441347, 0.1496205131967986, 3,10, 3
0.8796647375773299, 0.3460002501911301, 0.18317986558355648, 0.15440430357385834, 5,10, 5
0.8771369653429123, 0.3493243226982571, 0.18980320883067286, 0.15435129920669655, 3,10, 3
0.8795982172553715, 0.3465746490613889, 0.1765632854477753, 0.14924967576505158, 4,10, 4
0.8811281846604138, 0.3437866573100648, 0.1802720272605362, 0.1544916001077508, 3,10, 3
0.8813942659482472, 0.3411293624676996, 0.17403447852964027, 0.1477493526310927, 2,10, 2
0.8814607862702055, 0.340481596930235, 0.17899170451020485, 0.15117784746089075, 3,10, 3
0.8822590301337059, 0.33643450312073525, 0.17751469722527166, 0.14875563819267584, 3,10, 3
0.881926428523914, 0.33959489609669735, 0.18231779815640933, 0.14794651949626178, 1,10, 1
0.8825916317434976, 0.33455393731896743, 0.17433096921122965, 0.147491302532638, 2,10, 2
0.8825916317434976, 0.3345480901993912, 0.179983582298031, 0.15159492607730077, 0,10, 0
0.8815273065921639, 0.3368903105859505, 0.1736082142534532, 0.1413819028256042, 3,10, 3
0.880995144016497, 0.33684044754383885, 0.1900852112757537, 0.15155790214343526, 4,10, 4
0.8813277456262888, 0.3366263129537227, 0.18583762130768086, 0.1486847738897623, 3,10, 3
0.8835229162509146, 0.3329014890433774, 0.18264046732930717, 0.14825979693157176, 0,10, 0
0.8831903146411229, 0.3327974037384094, 0.17721513087624627, 0.1509325474548929, 3,10, 3
0.8839220381826648, 0.33467556767620255, 0.16977803474644393, 0.14127024571681526, 1,10, 1
0.8827911927093727, 0.3327724364611029, 0.1822719035833898, 0.1520198074508038, 3,10, 3
0.884321160114415, 0.33089189373615535, 0.17381105886023998, 0.14355975553874656, 4,10, 4
0.10077828776691279, 2.303736140292966, 0.8944213325400786, 0.36684194226088074, 0,10, 0
0.36379964079026145, 1.9114146689502556, 0.7566515798780759, 0.3644522355846977, 3,10, 3
0.4432249052085412, 1.6961468826091752, 0.685814430239044, 0.4353158643469131, 2,10, 2
0.4540677176877536, 1.6358326031554902, 0.6628984589635809, 0.42590198558978826, 2,10, 2
0.5862435974190116, 1.3093313088052398, 0.5339067908273168, 0.33022183400495614, 3,10, 3
0.5845140690480942, 1.2602699461604794, 0.5507962952737668, 0.3111243532207102, 1,10, 1
0.6333399853655292, 1.1266730179709068, 0.5039866946863878, 0.2699930848758408, 4,10, 4
0.6835628284440897, 1.0259498197248698, 0.44234463137568597, 0.27075676572565216, 2,10, 2
0.7171555910330606, 0.9243454746033656, 0.43154872035902225, 0.2650475411264186, 2,10, 2
0.6854253974589237, 0.9471614330679263, 0.4762018159879371, 0.2902044380122338, 2,10, 2
0.7341847934544004, 0.8639055225478666, 0.3940950945772589, 0.2403728555044006, 2,10, 2
0.7381760127719018, 0.8548714637913457, 0.3968935600867915, 0.2631155902377627, 3,10, 3
0.7522783210270738, 0.8285233044762308, 0.37380010714402656, 0.26045723957293637, 1,10, 1
0.7537417681101577, 0.7615503987914549, 0.373078199605277, 0.24988174727138168, 3,10, 3
0.7490188252511142, 0.7718738461666279, 0.38288525547631286, 0.23149807958811044, 1,10, 1
0.7564691013104503, 0.7458498669883694, 0.36246884006288416, 0.23117604718794404, 0,10, 0
0.7670458325018293, 0.7301406951740533, 0.35840480590893997, 0.22801055187462385, 3,10, 3
0.7725670192243731, 0.6995603041662193, 0.344572654069032, 0.22785396701422375, 2,10, 2
0.7850063194305861, 0.6647293486448627, 0.33388087280746925, 0.23887433997796936, 3,10, 3
0.8164704317168895, 0.5985300329370181, 0.28757827549455117, 0.21284395549652577, 1,10, 1
0.8147409033459722, 0.5848872954205827, 0.2962981329185724, 0.2170288860692129, 2,10, 2
0.8188651633073905, 0.5825063762377786, 0.2890522620919266, 0.21135723899249537, 3,10, 3
0.8245859109958092, 0.5692437058061337, 0.282071220425586, 0.20324483877521948, 2,10, 2
0.8235215858444754, 0.5659215106572699, 0.2786442923311897, 0.20189317668201812, 1,10, 1
0.8255837158251846, 0.5604420865918927, 0.27968735107804976, 0.20523391068773122, 1,10, 1
0.8219916184394332, 0.5657566136776166, 0.29928807342044417, 0.21054927360313247, 2,10, 2
0.8278454067717688, 0.5605690781348737, 0.2761603090396388, 0.2052137748725715, 2,10, 2
0.8270471629082685, 0.5517308148581952, 0.29188273917213264, 0.2192179181325203, 4,10, 4
0.8264484800106433, 0.5460576651473703, 0.29315272890695016, 0.21439915896172188, 2,10, 2
0.8307723009379365, 0.5287900283031874, 0.26920775009678843, 0.19814029607502018, 2,10, 2
0.8299740570744363, 0.5196050522124386, 0.2685704919879278, 0.20384873251240598, 2,10, 2
0.8313709838355617, 0.5114674957023783, 0.26548095683662626, 0.20513592304710432, 3,10, 3
0.8348965608993547, 0.5007563977158436, 0.25550135022625425, 0.1936905457055368, 2,10, 2
0.837357812811814, 0.492883001467046, 0.24292168930324162, 0.19246986435633506, 2,10, 2
0.8398190647242733, 0.4853156176858543, 0.262385931437747, 0.1978166084830676, 2,10, 2
0.8358943657287301, 0.48978074218173256, 0.2682268220127772, 0.19520893593545638, 2,10, 2
0.8402847069779817, 0.47355932878479806, 0.24415753610930935, 0.19581643868975396, 0,10, 0
0.8447415685491918, 0.4721137387383446, 0.23682482880800165, 0.1893903931036717, 2,10, 2
0.8440763653296082, 0.47314110096465073, 0.2525926537500986, 0.1917785834440914, 5,10, 5
0.8414820727732322, 0.47612413482358185, 0.26220039083785557, 0.20093530490166628, 1,10, 1
0.8438102840417747, 0.46907812063237564, 0.24794594689400978, 0.19066621705641565, 5,10, 5
0.8443424466174416, 0.46674633215036293, 0.24017140877904314, 0.18294090594618675, 3,10, 3
0.846271535954234, 0.4569134502227609, 0.24300192917979974, 0.18758288618763097, 2,10, 2
0.849797113018027, 0.44681352311405265, 0.23949799560637225, 0.18319858116067803, 2,10, 2
0.8504623162376106, 0.4435262996571414, 0.2420411225893792, 0.18551865294923647, 3,10, 3
0.8532561697598616, 0.4384611448590491, 0.21920949170259413, 0.18248662430556817, 1,10, 1
0.8559835029601544, 0.43116213486759347, 0.2227405062028186, 0.17992917065684433, 1,10, 1
0.8566487061797379, 0.42364070588411745, 0.22381180051472643, 0.18122827315251644, 2,10, 2
0.8567152265016963, 0.4245686350417238, 0.22474555036167584, 0.18038936083916352, 3,10, 3
0.8566487061797379, 0.42711022957769146, 0.23341979229763649, 0.18841296635289662, 2,10, 2
0.8574469500432382, 0.42484861028988136, 0.22503846811911418, 0.17743294779104363, 3,10, 3
0.8583117142286969, 0.42110959323584457, 0.2206214680446768, 0.1788327181918911, 3,10, 3
0.8591764784141556, 0.41380788891544995, 0.21327210795566764, 0.1793846336478584, 2,10, 2
0.860573405175281, 0.40870612555645375, 0.2209642432657444, 0.17735325555585327, 2,10, 2
0.8625024945120734, 0.40231391753881574, 0.21563707488585393, 0.17781368365413402, 3,10, 3
0.862968136765782, 0.4057908998146074, 0.22069791501061342, 0.17994528629066786, 3,10, 3
0.8628350961218653, 0.40241449246759997, 0.22161316165664696, 0.17870827404090833, 2,10, 2
0.8648307057806159, 0.40208960539749267, 0.2179329988704945, 0.17891237506617633, 1,10, 1
0.865761990288033, 0.3971133947824636, 0.21335175945673512, 0.17334375087533238, 0,10, 0
0.8633007383755738, 0.4069464860818429, 0.22260295627347262, 0.17327914170263756, 4,10, 4
0.8658285106099913, 0.4013604754061947, 0.211618135335213, 0.17225686980617333, 1,10, 1
0.8665602341515333, 0.3918776835147726, 0.2006371518619181, 0.16758915030929822, 1,10, 1
0.8681567218785339, 0.3930433038811089, 0.21311222522036638, 0.16943145787791195, 3,10, 3
0.8678241202687421, 0.394658940692432, 0.21659087680435998, 0.1649486965960444, 3,10, 3
0.8654959090001996, 0.3976724540407517, 0.22465188185633053, 0.16939197654334864, 1,10, 1
0.8667597951174084, 0.38570239090513997, 0.21002006215850405, 0.1652248545433153, 3,10, 3
0.8686888844542008, 0.3804285677831275, 0.20704943457571964, 0.17119970977166218, 1,10, 1
0.8703518925031597, 0.37960311404790115, 0.19561385912274326, 0.1647102126175776, 2,10, 2
0.8699527705714095, 0.3780876909340592, 0.2090663621381588, 0.1717567229416085, 2,10, 2
0.8705514534690348, 0.3833901045911324, 0.20558290920373964, 0.16474028033468777, 3,10, 3
0.8726801037717022, 0.373705783860938, 0.19386130891240747, 0.16636680971104856, 3,10, 3
0.8720149005521187, 0.3727856763369515, 0.20570829842081417, 0.1752815271967363, 1,10, 1
0.8722144615179938, 0.37350282526426, 0.1971595601262745, 0.16109642772784824, 1,10, 1
0.8723475021619105, 0.3734587125446628, 0.1951140356360401, 0.15993727731285712, 4,10, 4
0.8732122663473691, 0.37410619819329916, 0.19798872748935822, 0.16018240451746316, 3,10, 3
0.8752078760061198, 0.3696923412777477, 0.18875519460258858, 0.1556698478913125, 1,10, 1
0.8748087540743698, 0.3694344904579479, 0.19195146959462853, 0.15954352983149547, 0,10, 0
0.8741435508547861, 0.367619099911123, 0.19422521802107173, 0.15859731673083613, 1,10, 1
0.8735448679571609, 0.3716540229384738, 0.19217906219846334, 0.15707898319742497, 2,10, 2
0.8755404776159117, 0.36465852498808193, 0.2005337268367583, 0.15994696961302257, 2,10, 2
0.8768043637331204, 0.36149114853750264, 0.1870706223526205, 0.15740663775449135, 4,10, 4
0.87560699793787, 0.3617437289659027, 0.19140820979927098, 0.15809414300093047, 5,10, 5
0.8774695669527041, 0.3583352477181152, 0.1868689547027445, 0.15278711412984206, 3,10, 3
0.8766713230892037, 0.3582810887214158, 0.19490464960153747, 0.15353600255185043, 1,10, 1
0.8767378434111621, 0.35488049194876603, 0.1894844082752903, 0.15474095794302703, 2,10, 2
0.8793321359675381, 0.35172332289638697, 0.18081715549837626, 0.15103227448097775, 3,10, 3
0.878400851460121, 0.35340672212452656, 0.18427109133443598, 0.15211606812300965, 3,10, 3
0.8790660546797047, 0.3582704965187961, 0.1973469234945147, 0.15302589717776072, 1,10, 1
0.8785338921040378, 0.3525527436845543, 0.18833753064293274, 0.1548901214097917, 4,10, 4
0.8780682498503293, 0.34923268171513, 0.1850792858984599, 0.15767464199098477, 1,10, 1
0.8789330140357879, 0.3477344234418396, 0.19268195874394548, 0.15955912121285062, 3,10, 3
0.8776026075966208, 0.34696165989102357, 0.19071526000949438, 0.1505630866452473, 5,10, 5
0.8789330140357879, 0.34554091707014073, 0.18326595322169978, 0.15458816299086198, 3,10, 3
0.8800638595090801, 0.3461642717964658, 0.1837070651273559, 0.15915288350570708, 2,10, 2
0.8772034856648706, 0.34826683441750056, 0.18678794831348228, 0.1603210281620699, 2,10, 2
0.8803299407969134, 0.3459943155104344, 0.18434852825693185, 0.1509543783061548, 2,10, 2
0.8793986562894964, 0.34789998900249897, 0.18614674749187363, 0.15031688716568073, 3,10, 3
0.8790660546797047, 0.3462266401980915, 0.18383749252835815, 0.1510127161486343, 3,10, 3
0.880995144016497, 0.3421331415960963, 0.17832231701487034, 0.15202649031312698, 2,10, 2
0.8827246723874144, 0.3423738198099309, 0.17727054557257887, 0.14951837153789918, 3,10, 3
0.8833233552850396, 0.3394918148543196, 0.18432785161769444, 0.14655776430676049, 3,10, 3
0.10077828776691279, 2.303736140292966, 0.8944213325400786, 0.36684194226088074, 0,10, 0
0.2839752544402315, 2.028128496872834, 0.7628643496951169, 0.47429639042804467, 3,10, 3
0.34377702388079556, 1.8919019985794172, 0.7485497999766112, 0.48512543442102485, 0,10, 0
0.5203219583582784, 1.4169990737839908, 0.5836797304026067, 0.3961619129344963, 2,10, 2
0.6403911394931151, 1.2388054727109432, 0.500323396687324, 0.2729417535677456, 3,10, 3
0.5918313044635136, 1.1801088488688352, 0.5744313746492903, 0.3864217848436272, 2,10, 2
0.6520987161577863, 1.111984516873137, 0.4990587489699251, 0.2998145814792909, 5,10, 5
0.6813676578194638, 0.991402275750136, 0.48971671079670853, 0.28641170134496585, 3,10, 3
0.7521452803831571, 0.9248901944259436, 0.40925750747705786, 0.2504024802413951, 2,10, 2
0.7372447282644848, 0.8918159249178569, 0.3975378738808373, 0.24839620812237978, 3,10, 3
0.7320561431517328, 0.8865094610711088, 0.4358510102444364, 0.26653238993389045, 2,10, 2
0.7337191512006919, 0.8193023567304192, 0.41984047714904443, 0.25364071784863507, 3,10, 3
0.7250049890241469, 0.8187665221630673, 0.43897124796657544, 0.2641300467179185, 3,10, 3
0.7591299141887847, 0.7533071194546336, 0.3830424134336515, 0.24776447299175833, 2,10, 2
0.7739639459854986, 0.7240053748698918, 0.36483997308545263, 0.24859736132539723, 3,10, 3
0.7912592296946718, 0.7070385390323256, 0.31550747839582693, 0.21703685976460907, 4,10, 4
0.7856050023282113, 0.7074561655907476, 0.3313328386929692, 0.2177587348973379, 4,10, 4
0.786669327479545, 0.6813024832375931, 0.33946851759599406, 0.22559539232290754, 4,10, 4
0.8156721878533892, 0.6302998643535598, 0.29420415907914177, 0.2141248251358381, 5,10, 5
0.8150069846338056, 0.6125988621802756, 0.3219585616648262, 0.2352349866822585, 1,10, 1
0.8168030333266812, 0.5999005542154214, 0.3071372693900986, 0.2187249976493964, 0,10, 0
0.8205946916783077, 0.5745541959123552, 0.29674322473292086, 0.22058771445229763, 5,10, 5
0.8319031464112286, 0.5698564172400706, 0.26716051171758864, 0.2064870645826878, 2,10, 2
0.8288432116011442, 0.5654159393339492, 0.2759785426693371, 0.19944444094171068, 4,10, 4
0.8317701057673119, 0.5485266125019137, 0.2707011882054326, 0.19844872147340525, 2,10, 2
0.8331670325284375, 0.5440664129389176, 0.2795522606396615, 0.20690949031189682, 1,10, 1
0.836626089270272, 0.5292079451635696, 0.2625969571042866, 0.1947001302338838, 1,10, 1
0.839752544402315, 0.5230163113948096, 0.24956208467952934, 0.19342377760147147, 2,10, 2
0.8385551786070644, 0.5112404612320645, 0.26395918907598703, 0.20214956002599738, 2,10, 2
0.8392869021486064, 0.5077968568145299, 0.2516481463484528, 0.19073545630094874, 2,10, 2
0.8434111621100246, 0.49923103247236106, 0.2422679138456461, 0.18858083860711047, 4,10, 4
0.8443424466174416, 0.49207588071412595, 0.23726914095526191, 0.18722075257852613, 2,10, 2
0.8467371782079425, 0.48235943267534886, 0.2367454877710749, 0.19017149906042793, 4,10, 4
0.8461384953103173, 0.4745629942050017, 0.24531517620622917, 0.19217737084147038, 2,10, 2
0.8442759262954833, 0.47694389925108144, 0.2517737590260614, 0.1940213862997137, 6,10, 6
0.8489323488325683, 0.4673778623448599, 0.24133101980242855, 0.18317469071922257, 7,10, 7
0.8492649504423602, 0.46440235568022253, 0.2446245626583895, 0.1870537652477298, 3,10, 3
0.8512605601011108, 0.4638868601180578, 0.24789175630375238, 0.17916184778180927, 4,10, 4
0.8513270804230693, 0.45492299282276216, 0.24327280893628045, 0.18603265236217809, 3,10, 3
0.8513936007450276, 0.4498399883379433, 0.23664832155108975, 0.18284561458828172, 3,10, 3
0.8521918446085279, 0.44839966709662915, 0.2360874524514107, 0.1826955526139393, 2,10, 2
0.854054413623362, 0.4425423519883424, 0.23286795566361274, 0.17901334402818392, 4,10, 4
0.8563826248919045, 0.4372480740527196, 0.22658216883867105, 0.17767311355141208, 3,10, 3
0.8589103971263221, 0.43450964408928555, 0.2242970385033801, 0.17565065549343448, 5,10, 5
0.8580456329408634, 0.4300200851455218, 0.23227145973904442, 0.17869064503346302, 1,10, 1
0.8597751613117808, 0.4254521428886707, 0.23305997264316552, 0.17923858706601423, 3,10, 3
0.8630346570877403, 0.419871698552143, 0.22023419768997435, 0.1687993765297309, 3,10, 3
0.8617042506485731, 0.41638002671598606, 0.2268255275623761, 0.1769895383852283, 5,10, 5
0.86223641322424, 0.4126702052129801, 0.21993796215376782, 0.17321803527057356, 3,10, 3
0.860373844209406, 0.41434611561855395, 0.22771708180276332, 0.17789302403782625, 3,10, 3
0.8628350961218653, 0.4091640941884649, 0.2215159557036098, 0.17178538827809647, 0,10, 0
0.8621033725803233, 0.41422542609075397, 0.22561700082772818, 0.17656938721172838, 1,10, 1
0.863899421273199, 0.40064873002572493, 0.22088817625399151, 0.17029848211896595, 5,10, 5
0.8646311448147409, 0.402733259883068, 0.22469226995505018, 0.16928430187593096, 2,10, 2
0.8654293886782412, 0.4025315926824694, 0.21898054895869878, 0.17086196660237413, 2,10, 2
0.867624559302867, 0.39797129280651233, 0.21521983098573266, 0.168519823111335, 6,10, 6
0.8681567218785339, 0.39132754884758764, 0.2153123710160234, 0.1679055181774007, 2,10, 2
0.8666267544734917, 0.3927964506830685, 0.22140959409260297, 0.17246933459191147, 2,10, 2
0.8677575999467837, 0.3909096341972362, 0.21309341275947413, 0.16529299030831265, 2,10, 2
0.8682232422004923, 0.39002876755362476, 0.2126241435205267, 0.16343663276028508, 3,10, 3
0.8672919576930752, 0.38724641208942884, 0.213482884150106, 0.16417623866690412, 3,10, 3
0.8716157786203685, 0.37863545060701975, 0.20036307309554993, 0.16047878961054907, 2,10, 2
0.8703518925031597, 0.37877082743555845, 0.20700639584694566, 0.16388682553158543, 4,10, 4
0.8709505754007849, 0.3765292420654643, 0.20571674744217058, 0.1622492081395842, 2,10, 2
0.8714827379764518, 0.3750655674516849, 0.2031610442975694, 0.1616677601335715, 1,10, 1
0.8745426727865363, 0.3687541583236878, 0.20227242252766, 0.15876915230147812, 1,10, 1
0.8736779086010776, 0.3711733769572746, 0.20239880939794141, 0.15924129816717955, 2,10, 2
0.8748752743963281, 0.36727503937308237, 0.19262859950167704, 0.1622792548539278, 2,10, 2
0.8757400385817867, 0.3662009005063057, 0.1973922155486421, 0.157334557941854, 2,10, 2
0.8739439898889111, 0.3657385513739935, 0.201838828898632, 0.15719267820584085, 3,10, 3
0.8764717621233287, 0.36316229685383145, 0.19039448364760506, 0.15629895486918866, 4,10, 4
0.8770704450209539, 0.3583461144761733, 0.19150265489438495, 0.16327388647078625, 2,10, 2
0.8771369653429123, 0.35776111560892043, 0.1923731083827009, 0.1595731186301486, 1,10, 1
0.8762722011574536, 0.35765524525348763, 0.1953601750652494, 0.1550010354944326, 3,10, 3
0.8764717621233287, 0.3584456158974836, 0.19238698512446795, 0.15452086422190855, 5,10, 5
0.8764717621233287, 0.35537437961433604, 0.19655485731963934, 0.15671770912675476, 4,10, 4
0.8767378434111621, 0.3571247660554754, 0.19579788660829953, 0.1552361755016969, 3,10, 3
0.878400851460121, 0.3530322686233464, 0.19517275112978222, 0.15298661008133907, 2,10, 2
0.8787334530699129, 0.351135661894465, 0.18893832062024074, 0.15468117416296898, 2,10, 2
0.8791990953236214, 0.35569708613208284, 0.18900713483647683, 0.15007561055674123, 3,10, 3
0.8788664937138295, 0.3539193440863917, 0.2025378295615697, 0.15618379891650463, 4,10, 4
0.878400851460121, 0.35658287941477024, 0.19791440691713885, 0.14844081691863, 2,10, 2
0.8791990953236214, 0.35245711685755193, 0.18594411155190485, 0.14496410379417435, 2,10, 2
0.8796647375773299, 0.3512946142029159, 0.18803447435904694, 0.15166196751684236, 3,10, 3
0.8791990953236214, 0.35028472143593836, 0.19185524620785638, 0.15171970190766282, 3,10, 3
0.8796647375773299, 0.348866192277908, 0.19312477113580975, 0.1526629644176035, 4,10, 4
0.8799308188651633, 0.3467332776500776, 0.1880609911841495, 0.14882182781109438, 3,10, 3
0.8813277456262888, 0.3467905266291965, 0.18621840319372138, 0.14799703236837422, 1,10, 1
0.8805960220847469, 0.346355698950397, 0.17630432768940846, 0.14547753790661255, 4,10, 4
0.8814607862702055, 0.3450209797762305, 0.1847377137294329, 0.14703532732058142, 3,10, 3
0.8823255504556642, 0.34373135376924197, 0.18236671328188345, 0.14908700046362472, 3,10, 3
0.8806625424067053, 0.3449513678569037, 0.1820126844267356, 0.1498324029109297, 4,10, 4
0.8815273065921639, 0.33886975178713036, 0.18751563615175543, 0.1479874628568489, 2,10, 2
0.8837889975387481, 0.3356004598988499, 0.18317527829485106, 0.15077088565902744, 1,10, 1
0.8848533226900818, 0.33449071257087054, 0.17300072394438215, 0.1432896674054579, 3,10, 3
0.8818599082019557, 0.33563570598554054, 0.1822258324700053, 0.1488592324911653, 3,10, 3
0.8823920707776226, 0.3359277987253324, 0.1798357004864007, 0.14476040326590164, 3,10, 3
0.8823920707776226, 0.33574964790438255, 0.1800078222222781, 0.14584969893412264, 3,10, 3
0.883589436572873, 0.3308071818644161, 0.17410366405461342, 0.14404474073806525, 1,10, 1
0.8863832900951241, 0.33094183117379317, 0.16774243618922707, 0.13965829978511557, 4,10, 4
0.8847202820461652, 0.33006921302295755, 0.17085772995867024, 0.14140082750008723, 1,10, 1
0.10077828776691279, 2.303736140292966, 0.8944213325400786, 0.36684194226088074, 0,10, 0
0.270139027472893, 2.0011373096095073, 0.7757398241978177, 0.5172651613994873, 4,10, 4
0.4727599281580523, 1.6383509444375044, 0.6395285183211741, 0.370393643747603, 4,10, 4
0.5199228364265283, 1.508874034176381, 0.6052489239913175, 0.369726670440845, 3,10, 3
0.6115213197631877, 1.2171552046739555, 0.5755792168746273, 0.3256684563822414, 3,10, 3
0.6518326348699528, 1.1169332225100699, 0.5151163804098633, 0.331158697050291, 3,10, 3
0.6395928956296149, 1.0817665023405691, 0.5420803977775499, 0.3083665268465123, 3,10, 3
0.7182864365063527, 0.9553002593408174, 0.4509447034519195, 0.28424618987813477, 2,10, 2
0.7351160779618173, 0.9019193568017014, 0.44064745201999933, 0.270862013378355, 3,10, 3
0.7370451672986097, 0.8445480056571374, 0.4468307124982339, 0.2894230398487334, 2,10, 2
0.7458923701190714, 0.8146249862185317, 0.4306798558827671, 0.24833534013168518, 4,10, 4
0.7730326614780816, 0.7508018205858397, 0.39900678891323355, 0.2535211571160405, 2,10, 2
0.8016363999201757, 0.6888583062036917, 0.3338058833578695, 0.21864513690443982, 3,10, 3
0.7889975387480875, 0.6957954310546345, 0.37320140135122104, 0.23849244527601537, 6,10, 6
0.8113483669260959, 0.6598011342945703, 0.3220279633419594, 0.2150758701950768, 4,10, 4
0.8136765781946385, 0.6389334244188448, 0.3333582962340309, 0.22576845540047416, 2,10, 2
0.8128783343311382, 0.6216140417644332, 0.3407188359367189, 0.22447069855758578, 2,10, 2
0.8264484800106433, 0.5806739272165864, 0.2883691945815242, 0.2088550278667652, 3,10, 3
0.8199960087806825, 0.5694486103789509, 0.3228286450583163, 0.21866697705269922, 1,10, 1
0.8178673584780151, 0.5657492276402668, 0.3306572794856794, 0.22557039411578855, 3,10, 3
0.8227898623029335, 0.5475255247252083, 0.3111382921483616, 0.21760039885999533, 3,10, 3
0.8301736180403113, 0.541833630164725, 0.29021827179969123, 0.20953976912544534, 3,10, 3
0.8350296015432714, 0.5262794703459858, 0.26990591744534664, 0.19967649857428, 6,10, 6
0.8382225769972727, 0.5230665910810361, 0.25707625728128514, 0.19336486654920698, 3,10, 3
0.8356282844408967, 0.5194418816267387, 0.28395725150887935, 0.201048743802075, 5,10, 5
0.8379564957094392, 0.49675504998424136, 0.26241216121886113, 0.1988479400258794, 4,10, 4
0.8410164305195237, 0.4876889089575213, 0.25626824500384743, 0.19312864025070212, 3,10, 3
0.8402847069779817, 0.49398911132409834, 0.27795380424378324, 0.19730103032653087, 2,10, 2
0.8426794385684827, 0.496538884114415, 0.27728618537777266, 0.19962749532483845, 3,10, 3
0.8384886582851061, 0.49241160808132006, 0.2865804987828306, 0.2040175861121019, 2,10, 2
0.8446750482272334, 0.4701056197691154, 0.2558639567868061, 0.1900529367312411, 3,10, 3
0.8446085279052751, 0.4752716657115885, 0.2757734437785612, 0.19572961563461472, 3,10, 3
0.8489323488325683, 0.46750764465799316, 0.2593948281318279, 0.189473264815381, 5,10, 5
0.8505288365595689, 0.4547512025251271, 0.23186750808586662, 0.18318089699222356, 4,10, 4
0.8480675846471097, 0.4587204665070544, 0.25198762071000763, 0.19252257112364976, 2,10, 2
0.8511940397791525, 0.44846504673787757, 0.2393093288362181, 0.18361741598624692, 3,10, 3
0.8505953568815273, 0.44740384393105403, 0.2446040723347077, 0.18768374125881, 4,10, 4
0.8559169826381959, 0.43897338630382404, 0.22506176907555964, 0.17772836056132083, 3,10, 3
0.8564491452138628, 0.43449151689089666, 0.2293136269402153, 0.17640251509037644, 2,10, 2
0.856848267145613, 0.43503555917096015, 0.23634946935204101, 0.17946976571935572, 3,10, 3
0.85332269008182, 0.43521262271097916, 0.2483746997923807, 0.18592431202945012, 4,10, 4
0.8543870152331537, 0.4375523136545812, 0.2506380742375029, 0.18603787272669625, 4,10, 4
0.8601742832435308, 0.4253064890254905, 0.22581363307089963, 0.17929825685249123, 2,10, 2
0.8613716490387814, 0.41645658558212034, 0.2226349794703749, 0.17740478156348868, 3,10, 3
0.8606399254972394, 0.41450791631965284, 0.22260793914487845, 0.17784803368450375, 5,10, 5
0.8605068848533227, 0.4149464833449708, 0.22381575609743398, 0.17582677967160282, 3,10, 3
0.8633672586975321, 0.40948094625763365, 0.2144369793410275, 0.17119239267607483, 3,10, 3
0.8626355351559901, 0.40748782346065493, 0.22762713702744758, 0.175805322558782, 2,10, 2
0.864098982239074, 0.40658416009048853, 0.22316749227371713, 0.1751790648216811, 7,10, 7
0.8630346570877403, 0.4085253013096679, 0.2244228562566337, 0.1745888894529108, 3,10, 3
0.8650967870684494, 0.4006679447118696, 0.20704747170180812, 0.16655915848664793, 3,10, 3
0.8652298277123661, 0.4033501526826567, 0.21034634215857903, 0.16802425055419706, 5,10, 5
0.8678241202687421, 0.38773871787172365, 0.20438218787189352, 0.16828229927130295, 3,10, 3
0.866892835761325, 0.3892515170225549, 0.2086303408907996, 0.16902801005823076, 4,10, 4
0.8668263154393667, 0.3901988256786319, 0.2008705173784911, 0.16983012698188232, 4,10, 4
0.8682897625224506, 0.38878674420359255, 0.21793734985735572, 0.16995481776789428, 6,10, 6
0.8678241202687421, 0.391216951937332, 0.21872910921648395, 0.16528336438199298, 2,10, 2
0.8686888844542008, 0.3821418575131417, 0.20110333602045358, 0.16447784698441975, 6,10, 6
0.8715492582984101, 0.3762658524987163, 0.1959588692132939, 0.16279645825758896, 2,10, 2
0.8722809818399521, 0.3741761778909071, 0.20026847842940332, 0.1669250234897572, 0,10, 0
0.8704184128251181, 0.3784847855400732, 0.21013433941754245, 0.16353140347398218, 6,10, 6
0.8728796647375773, 0.37391320414102464, 0.2030366124550292, 0.16160506385379783, 2,10, 2
0.8725470631277855, 0.3704003289603818, 0.19820720299693623, 0.15966108376717103, 3,10, 3
0.8716822989423268, 0.3736884104614825, 0.2081001018171472, 0.1622234089987777, 3,10, 3
0.8730792257034524, 0.36779833532547085, 0.1971984245083482, 0.16193260229486037, 2,10, 2
0.8728796647375773, 0.3707256164285177, 0.19711802328911746, 0.15718620986473983, 3,10, 3
0.8747422337524113, 0.3712209395585361, 0.1895041885590581, 0.15430179984679454, 3,10, 3
0.8733453069912859, 0.36508246798216126, 0.1987629756999408, 0.16147452860096062, 3,10, 3
0.8724805428058272, 0.3701251886402851, 0.19595551611478218, 0.16229725884209678, 1,10, 1
0.8732122663473691, 0.3665841669960105, 0.19410614021236888, 0.16230966178907175, 3,10, 3
0.8750083150402448, 0.3624302327679132, 0.19636588022016252, 0.16392075813115792, 3,10, 3
0.8751413556841615, 0.36257755687859566, 0.19353639903988182, 0.16015611833025678, 3,10, 3
0.8744761524645779, 0.36236235530000427, 0.19777876726946597, 0.16093609351321778, 6,10, 6
0.8738774695669527, 0.3604705822779082, 0.19037072743978883, 0.15902322856325551, 4,10, 4
0.8752743963280782, 0.3631355048403693, 0.20093581619875434, 0.15665554605051513, 2,10, 2
0.8774030466307456, 0.35628342536064844, 0.19567715949194064, 0.16178799202734115, 2,10, 2
0.874675713430453, 0.3581680585407131, 0.20345407160121642, 0.16237243141980656, 2,10, 2
0.8772034856648706, 0.35360454024694327, 0.19107490859497386, 0.1523681815188802, 1,10, 1
0.8789330140357879, 0.35288159458029544, 0.18270164399749944, 0.15155297598820128, 3,10, 3
0.8784673717820795, 0.3508864097924093, 0.18490031478488306, 0.15176647287432302, 2,10, 2
0.8776026075966208, 0.35290922175698003, 0.1916916764895293, 0.15321578244241496, 5,10, 5
0.8792656156455797, 0.35141715418465086, 0.1831654675822894, 0.147942807131673, 2,10, 2
0.8784673717820795, 0.35002541060455333, 0.18463005158255444, 0.15360932084987425, 1,10, 1
0.8797977782212466, 0.34714889287311124, 0.19106326245508165, 0.15054898136085074, 2,10, 2
0.8823920707776226, 0.3433286932942999, 0.17748065714724756, 0.14904382001338498, 2,10, 2
0.8784673717820795, 0.3451222820325299, 0.197786368763685, 0.1538744526766117, 1,10, 1
0.8787999733918712, 0.3517645450095905, 0.19242447388806913, 0.1517693886313798, 3,10, 3
0.880795583050622, 0.3434453028197945, 0.18512339170054093, 0.15175319696030512, 5,10, 5
0.8809286236945387, 0.33939734820446077, 0.1772047344616009, 0.1527033437783806, 1,10, 1
0.8827246723874144, 0.3368717469198412, 0.17365423973917735, 0.14468808108761752, 3,10, 3
0.8818599082019557, 0.340321017035697, 0.1818485792761347, 0.1463250212035973, 3,10, 3
0.8831237943191645, 0.33593918026611636, 0.17524753402919446, 0.14530927154056644, 2,10, 2
0.8831237943191645, 0.3366487595533309, 0.17104099510200826, 0.14575078066800384, 4,10, 4
0.8827246723874144, 0.3370522277576463, 0.1769859299425942, 0.14579382607367433, 3,10, 3
0.8823255504556642, 0.335152617768225, 0.1777575290560383, 0.14660874617871622, 3,10, 3
0.8825916317434976, 0.3370189217124944, 0.18273295310930224, 0.14627662966939553, 4,10, 4
0.8839885585046232, 0.3348886610501761, 0.17151584139299053, 0.14266065165993264, 2,10, 2
0.8816603472360807, 0.33255025999999566, 0.1768631496246508, 0.1490932667372851, 2,10, 2
0.8832568349630813, 0.3298374932072835, 0.17283968111756404, 0.14317270361145154, 5,10, 5
0.8848533226900818, 0.331188429184546, 0.17321359348708726, 0.14310405541736035, 4,10, 4
0.8841881194704982, 0.32996553684317415, 0.17178454145293898, 0.1418307906197735, 5,10, 5
0.10077828776691279, 2.303736140292966, 0.8944213325400786, 0.36684194226088074, 0,10, 0
0.27971795383489656, 2.027744680466643, 0.7601807975298148, 0.5101952984615202, 2,10, 2
0.3506286170425065, 1.974365522296103, 0.7343326638841488, 0.47319934024645327, 3,10, 3
0.5302334863300738, 1.5827585392481853, 0.595994198912578, 0.33362725901544993, 1,10, 1
0.5386815672187854, 1.5094982978143132, 0.5963707837440846, 0.34402048541955443, 3,10, 3
0.5466640058537884, 1.4436847487440883, 0.588265029763075, 0.4076744448746915, 2,10, 2
0.5869753209605535, 1.2717818067894986, 0.5486387849962727, 0.3695106299378588, 4,10, 4
0.5995476618106832, 1.182492389917818, 0.5640941906116056, 0.3775377967783703, 3,10, 3
0.6508348300405774, 1.0858132634080835, 0.48114320993361326, 0.2836095283477597, 3,10, 3
0.6757134304530034, 1.019203780503918, 0.4921848965507706, 0.30034143426785287, 2,10, 2
0.7097718352956829, 0.9397418515963165, 0.4372941170209823, 0.25032931834914224, 6,10, 6
0.7130313310716424, 0.9206090907444033, 0.4092334843403734, 0.24935962323022776, 5,10, 5
0.7233419809751879, 0.8915690655472653, 0.41038700908202175, 0.2615676245395023, 1,10, 1
0.7210137697066454, 0.859135230295063, 0.39060636452388275, 0.24826142535127996, 1,10, 1
0.7318565821858578, 0.8207079256279453, 0.38677115835484244, 0.2449605570238345, 5,10, 5
0.7483536220315307, 0.7780918742217253, 0.34933542348044655, 0.2305165594878318, 2,10, 2
0.7526109226368656, 0.7549159644825467, 0.3563063627183206, 0.24557986550877492, 3,10, 3
0.7984434244661744, 0.6762497800379406, 0.31249350418634053, 0.22039400011753385, 2,10, 2
0.7959156522317568, 0.6677461424628666, 0.33983023799651507, 0.239230113396341, 2,10, 2
0.800039912193175, 0.6540616116453686, 0.3369540049525092, 0.23419645755552412, 4,10, 4
0.8099514401649704, 0.6311032275963718, 0.30257484559925635, 0.22457102018541433, 3,10, 3
0.8228563826248919, 0.6107405448231107, 0.27502771851331614, 0.21207746166075733, 4,10, 4
0.8219916184394332, 0.5958738622800622, 0.2954918847150801, 0.21515774229263102, 1,10, 1
0.8221911794053083, 0.5870332428876796, 0.2760345122457327, 0.21528292324247758, 3,10, 3
0.827712366127852, 0.570558186642945, 0.27395001895790694, 0.21210249972551382, 2,10, 2
0.8309053415818533, 0.5618542786321864, 0.2702773228482629, 0.2108518363236878, 6,10, 6
0.8313044635136034, 0.5511881553717157, 0.2612371139139511, 0.20570630495636277, 3,10, 3
0.8295084148207277, 0.5475607861913069, 0.2630049657325543, 0.20724216164369047, 3,10, 3
0.8297079757866028, 0.5450092982696375, 0.2695454512089251, 0.20943193300117663, 4,10, 4
0.8343643983236879, 0.5318412122515634, 0.25946471305091423, 0.20176913253894704, 2,10, 2
0.8372247721678973, 0.5223614708583314, 0.25229593198830313, 0.20192914295568923, 0,10, 0
0.8380895363533559, 0.5222175922942225, 0.25765236726652163, 0.19703117151327465, 5,10, 5
0.8424133572806493, 0.5165885500353757, 0.2622104854074594, 0.2064484855486736, 4,10, 4
0.8432781214661079, 0.5097380755481109, 0.25221649337435215, 0.19446299427389677, 2,10, 2
0.8445420075833167, 0.4898349817783782, 0.25549737706890385, 0.19566982972550234, 3,10, 3
0.8510609991352358, 0.4830248557931715, 0.2233359707867167, 0.1871051977076354, 2,10, 2
0.849797113018027, 0.4838379597605884, 0.232068281171945, 0.1877641707420789, 4,10, 4
0.8515266413889443, 0.4803697359501108, 0.22352899426831474, 0.1855621590039902, 3,10, 3
0.847934544003193, 0.4819123707907939, 0.2398826949878465, 0.18624004140006334, 4,10, 4
0.8532561697598616, 0.4698785450172553, 0.2212912468270414, 0.18132516954984207, 4,10, 4
0.8553182997405707, 0.4636905832211108, 0.22249116694838894, 0.18864963820502523, 2,10, 2
0.8559835029601544, 0.4591686582450434, 0.2299181611156313, 0.18462537840915644, 3,10, 3
0.8545865761990288, 0.45903311932639757, 0.23017742350011694, 0.1838205797558264, 6,10, 6
0.8555843810284042, 0.4541123137377278, 0.22100378757422992, 0.18374546126449295, 4,10, 4
0.856848267145613, 0.4435143861302857, 0.22904150676696802, 0.18383388027496406, 1,10, 1
0.860573405175281, 0.4377353900709087, 0.2181643306567956, 0.18064099306771766, 0,10, 0
0.8607064458191978, 0.435238268999606, 0.22853898864499467, 0.18507346774735034, 2,10, 2
0.8623694538681568, 0.42626776401888883, 0.21540347827675588, 0.1772028400775885, 4,10, 4
0.8623029335461984, 0.42364086096050074, 0.22018426581695105, 0.1791960946381037, 3,10, 3
0.8612386083948647, 0.42015408598958287, 0.21653069706908412, 0.17668967437082606, 3,10, 3
0.8644981041708242, 0.41964465782141935, 0.20407287840913196, 0.1732670032120311, 4,10, 4
0.8635002993414488, 0.4203518687512935, 0.20765552107815885, 0.1762344396158975, 3,10, 3
0.8639659415951573, 0.41882210319380314, 0.21214927122558436, 0.17749425119902054, 2,10, 2
0.8653628683562828, 0.4113408151962147, 0.20652198600077984, 0.17211413027639338, 5,10, 5
0.8654959090001996, 0.4113559254846024, 0.2090589981817746, 0.17505877365421885, 3,10, 3
0.8655624293221579, 0.41209233514211935, 0.20617952733239936, 0.17205333802026376, 5,10, 5
0.8636333399853655, 0.4130439876748778, 0.21836902549629983, 0.174994855157813, 3,10, 3
0.8644981041708242, 0.41289271365471214, 0.2081314240012895, 0.1732785098828979, 3,10, 3
0.8688884454200758, 0.4033085455693374, 0.20233346288822493, 0.1706231752100366, 4,10, 4
0.865761990288033, 0.40080653239988423, 0.20471540451247164, 0.1703633881263491, 4,10, 4
0.8671589170491585, 0.39583853362402016, 0.19753322879322013, 0.1665910461860687, 0,10, 0
0.8689549657420342, 0.39281452720225635, 0.20112329134035295, 0.16950679275598174, 2,10, 2
0.8686223641322424, 0.3905025984517911, 0.20003184286960757, 0.1704269907154163, 1,10, 1
0.8689549657420342, 0.3928999228532291, 0.20006388559676264, 0.17107448862869848, 4,10, 4
0.8699527705714095, 0.38706716816395265, 0.2030369672182501, 0.16799969326905803, 2,10, 2
0.8701523315372847, 0.38384880244457215, 0.19884209325359709, 0.17089474588001477, 5,10, 5
0.871881859908202, 0.3778228322544728, 0.19810363245010784, 0.16877578856808292, 3,10, 3
0.8716822989423268, 0.3786379924504189, 0.1913908598674419, 0.16478097416372323, 2,10, 2
0.8722809818399521, 0.37913384872621336, 0.19536236126391604, 0.16311514086603274, 4,10, 4
0.8712166566886184, 0.38205177158104503, 0.19651818284647335, 0.16375942594867873, 2,10, 2
0.8712166566886184, 0.38014806482613384, 0.2015997160077906, 0.16490456929432137, 3,10, 3
0.871881859908202, 0.3772734547933506, 0.19852610833552878, 0.1648241773443052, 1,10, 1
0.8730792257034524, 0.3754404175992215, 0.196157016420242, 0.16388771792490392, 5,10, 5
0.872813144415619, 0.37241576443063323, 0.18592240517748415, 0.1641002013198203, 4,10, 4
0.8752078760061198, 0.36607566747845166, 0.18829162309637404, 0.1590205805941984, 2,10, 2
0.8764717621233287, 0.36511915198269534, 0.1885994674555017, 0.15938113895630865, 2,10, 2
0.8765382824452871, 0.36478563066681624, 0.18939939430275948, 0.15753162939682033, 0,10, 0
0.8758065589037451, 0.36386813242287563, 0.1940836128501247, 0.16373581388118005, 1,10, 1
0.8731457460254107, 0.35933196505452736, 0.19389033355030222, 0.1692772841945918, 2,10, 2
0.874675713430453, 0.3588733483482975, 0.18791421010151815, 0.16199111008630662, 3,10, 3
0.8752078760061198, 0.35579870906182715, 0.1876450166801967, 0.16074242556199217, 1,10, 1
0.8758730792257035, 0.3585088384776687, 0.18617226003369752, 0.1552143266560743, 3,10, 3
0.8764052418013704, 0.35792563499650853, 0.18509523017959306, 0.15951117489308111, 5,10, 5
0.8774030466307456, 0.35642131225160606, 0.17906841901612985, 0.15486393297546505, 8,10, 8
0.8784673717820795, 0.35440402840469665, 0.17793355962666768, 0.15454496140658402, 2,10, 2
0.8766713230892037, 0.3535910060663842, 0.18530553268094432, 0.16143321565583107, 5,10, 5
0.877270005986829, 0.35191632792771177, 0.18365119226524723, 0.1547902212422603, 1,10, 1
0.8768708840550788, 0.3548244362939476, 0.17967170190558604, 0.15477158841337457, 4,10, 4
0.877270005986829, 0.35294103357899076, 0.17869083362343038, 0.14882001431484068, 5,10, 5
0.878201290494246, 0.3469073479341462, 0.18910687891312378, 0.15694427754929582, 2,10, 2
0.879132575001663, 0.3469994923339625, 0.18156592336744776, 0.15353611107763213, 3,10, 3
0.8782678108162043, 0.34934751853284496, 0.18008513474432697, 0.1553593746392407, 1,10, 1
0.8787999733918712, 0.3448977055093114, 0.17351132048560927, 0.15481433202229644, 4,10, 4
0.8793321359675381, 0.34586015344485405, 0.18156687298581595, 0.1543655443417438, 4,10, 4
0.8802634204749551, 0.34569584772503237, 0.17973374955646004, 0.1534942086522138, 2,10, 2
0.8799973391871216, 0.3469686037886033, 0.18636596436606653, 0.15307264081407776, 3,10, 3
0.8811281846604138, 0.3414809327113786, 0.1742703429809605, 0.14842505172129059, 1,10, 1
0.8815938269141222, 0.340835584239593, 0.17480908841186651, 0.14938267692333673, 1,10, 1
0.8816603472360807, 0.3409239368653325, 0.17945366619924843, 0.15330318240781413, 4,10, 4
0.8814607862702055, 0.3399312473694441, 0.17869920115972618, 0.15264836461936515, 3,10, 3
0.8804629814408301, 0.33684929742251807, 0.17492775386970258, 0.15179730768900174, 4,10, 4
0.10077828776691279, 2.303736140292966, 0.8944213325400786, 0.36684194226088074, 0,10, 0
0.267544734916517, 2.099229573176577, 0.7842352573681474, 0.44171776636134763, 2,10, 2
0.37411029069380697, 1.8538206116530715, 0.7264219345026128, 0.47718911839554806, 2,10, 2
0.4700991152797179, 1.6035926031687968, 0.6550372473663082, 0.38740987574985836, 1,10, 1
0.578527240071842, 1.3254843948986725, 0.5815839463120297, 0.35404463476807146, 2,10, 2
0.6474422936207012, 1.1839674095235562, 0.528814854069214, 0.31739229448072603, 3,10, 3
0.6960021286503026, 1.0859005221632276, 0.4633310444705965, 0.26318239392069914, 3,10, 3
0.7316570212199827, 0.9846561914102011, 0.442615609640469, 0.25554665318162195, 2,10, 2
0.7022550389143883, 0.9792609371049433, 0.49962183594690396, 0.2857014909931336, 5,10, 5
0.7625889709306193, 0.8251033763223432, 0.3960851305292989, 0.24745754611103052, 2,10, 2
0.7525444023149072, 0.8327015564545226, 0.42141808172268896, 0.2550009020732985, 6,10, 6
0.7619237677110358, 0.8222011657993037, 0.4002958932360455, 0.23284091693455752, 1,10, 1
0.780549457859376, 0.7958474640132569, 0.3518802394569454, 0.2273228072193752, 3,10, 3
0.769773165702122, 0.7788485011770684, 0.37740028598855324, 0.2540580568177455, 3,10, 3
0.7874010510210869, 0.7181073904796692, 0.38321232938101935, 0.2426238068060866, 1,10, 1
0.7968469367391738, 0.6803535564742954, 0.3428666256505703, 0.22121574053965143, 2,10, 2
0.7885984168163374, 0.6761870951137204, 0.36506805270761256, 0.22953938857056513, 2,10, 2
0.809685358877137, 0.6343213256136983, 0.32969518397524467, 0.22382159304788676, 3,10, 3
0.8062263021353023, 0.6224620442273641, 0.3407966023827832, 0.23127213380442468, 1,10, 1
0.8080888711501364, 0.6189654851896457, 0.335146462572219, 0.22676404733310862, 4,10, 4
0.8122131311115546, 0.6048839829716933, 0.3192002255772858, 0.2121548727787108, 3,10, 3
0.8134770172287634, 0.5883892369362732, 0.3083286768254724, 0.22158982671769237, 3,10, 3
0.8217920574735582, 0.5664374499463829, 0.29333766321545435, 0.21595126532201547, 2,10, 2
0.8263154393667266, 0.5635227570536592, 0.28798292440020334, 0.2059931116869458, 3,10, 3
0.8235881061664339, 0.535711562078359, 0.29944841774804715, 0.21161582281956293, 3,10, 3
0.8253176345373512, 0.5257721177397529, 0.29041591701349256, 0.21144277260126845, 4,10, 4
0.8253841548593095, 0.5248495068128862, 0.29049866347308373, 0.2195761829511604, 2,10, 2
0.8336991951041043, 0.5098072257627855, 0.2686167941504049, 0.20212231072797093, 1,10, 1
0.8372912924898557, 0.5002033491828096, 0.25987829125759565, 0.20172137046558766, 2,10, 2
0.8377569347435642, 0.48899679606663393, 0.26015902934431734, 0.19982367935931403, 2,10, 2
0.8405507882658152, 0.4866996738202455, 0.26217366529858405, 0.1993541462461282, 5,10, 5
0.8376904144216059, 0.48893838995216393, 0.27064989386711336, 0.20059232197330673, 4,10, 4
0.8463380562761924, 0.480851908769088, 0.2432622015897245, 0.18714913196326166, 3,10, 3
0.8465376172420674, 0.4747571579462477, 0.237196212772828, 0.19111592193573249, 4,10, 4
0.8485332269008182, 0.46574070579452653, 0.2423891183224998, 0.1909879020426134, 4,10, 4
0.8494645114082352, 0.46416885628493176, 0.2371422661147404, 0.18573347207180546, 1,10, 1
0.8454732920907337, 0.4575207979977054, 0.24234791657214477, 0.1921428623784274, 3,10, 3
0.8512605601011108, 0.4480767043421051, 0.24185981365309808, 0.19047904744712824, 6,10, 6
0.8493979910862769, 0.44587949414933353, 0.24334670552688822, 0.19281481228718952, 2,10, 2
0.8539878933014036, 0.4404350532528314, 0.2326328830048811, 0.1871779386863883, 4,10, 4
0.8545200558770705, 0.43951105370040816, 0.23981776411218547, 0.18765454496869796, 6,10, 6
0.8518592429987362, 0.4500314691376283, 0.2507756675007047, 0.19187696381861832, 5,10, 5
0.8571143484334465, 0.4309115667230614, 0.21827544493362652, 0.18230601866309687, 1,10, 1
0.8574469500432382, 0.4267292935176984, 0.22372017917319592, 0.18158345377210927, 6,10, 6
0.860373844209406, 0.41952704163111026, 0.2177204745841207, 0.1784507257231388, 4,10, 4
0.8571808687554048, 0.4201923945006337, 0.22810904827888973, 0.1842433882141441, 4,10, 4
0.8583117142286969, 0.41487121098819285, 0.23069502563967487, 0.1796931394238952, 2,10, 2
0.8593095190580723, 0.41612086985330565, 0.2280318395703803, 0.1824552311426544, 1,10, 1
0.8595090800239473, 0.4161574116804558, 0.22050012072197323, 0.17959725999543752, 5,10, 5
0.8639659415951573, 0.4065931021203841, 0.20901864290649086, 0.1786217588050525, 1,10, 1
0.8652963480343245, 0.4018407607980694, 0.21062003159638792, 0.17467917188682022, 2,10, 2
0.861305128716823, 0.40805298446262356, 0.22257061695217517, 0.17896143627273073, 2,10, 2
0.8649637464245327, 0.3949922480987588, 0.20536200909036775, 0.17507185352625287, 2,10, 2
0.8649637464245327, 0.39651999675456123, 0.2135278744318714, 0.1756861648133682, 2,10, 2
0.8656289496441163, 0.391092363413368, 0.20477598594826216, 0.17360403507524327, 4,10, 4
0.8678241202687421, 0.39052713834865677, 0.20112768918935153, 0.17096468073626703, 2,10, 2
0.8650302667464911, 0.3934770758023333, 0.20703541614344648, 0.17445093092450623, 2,10, 2
0.8678241202687421, 0.3856407759554545, 0.1993682022510752, 0.17299588214198963, 2,10, 2
0.8686888844542008, 0.38229759274779546, 0.198407106627006, 0.17118468056561112, 3,10, 3
0.8688219250981175, 0.3812140472324091, 0.2005557026989064, 0.17336522194876078, 5,10, 5
0.8703518925031597, 0.3804856659177693, 0.20441551750415382, 0.1660483710415394, 1,10, 1
0.8692210470298676, 0.3802172014425567, 0.20273294334513065, 0.16938403355920686, 4,10, 4
0.8709505754007849, 0.37771726320287125, 0.20328713711290894, 0.16782641458328243, 1,10, 1
0.8703518925031597, 0.37560769523492205, 0.20233073782446392, 0.1670022514824203, 5,10, 5
0.8710836160447016, 0.37426120017408326, 0.19784153095488274, 0.16703109223065024, 2,10, 2
0.8714827379764518, 0.37209566681018197, 0.20300861379810375, 0.16483349228868216, 3,10, 3
0.8712831770105768, 0.37580240041552637, 0.2026865202145526, 0.16622961195542418, 1,10, 1
0.8691545267079093, 0.37548671378280496, 0.20492327705709623, 0.16663282236722804, 4,10, 4
0.8727466240936607, 0.36820474107297657, 0.20163199225756667, 0.16204157380354978, 1,10, 1
0.8734783476352026, 0.36713443358972625, 0.19421620033365813, 0.16203441886935813, 2,10, 2
0.8740105102108694, 0.36712816581468627, 0.19138282441526552, 0.16068331196128793, 3,10, 3
0.8752743963280782, 0.36535327455390965, 0.18646929691586853, 0.1602642968056491, 3,10, 3
0.8750748353622032, 0.3604403678116688, 0.19188881345299388, 0.16405790360877287, 2,10, 2
0.8758065589037451, 0.3569719630462651, 0.18804916420805806, 0.16190162535309185, 2,10, 2
0.8748752743963281, 0.3585847354079965, 0.19257301289035297, 0.1655716598884544, 2,10, 2
0.8747422337524113, 0.3617755362026097, 0.18991701561799576, 0.1564387452302743, 3,10, 3
0.87560699793787, 0.35884001443928953, 0.1884880274206294, 0.16059129162917607, 2,10, 2
0.8761391605135369, 0.35958088915688646, 0.1928056353605667, 0.16112033178319393, 2,10, 2
0.878201290494246, 0.35302479073500453, 0.18067147779544215, 0.15462530377692427, 4,10, 4
0.8795982172553715, 0.34951146168649294, 0.18247627701699468, 0.1543848998034697, 2,10, 2
0.8780682498503293, 0.3521937288932251, 0.19477759853004709, 0.16262546425627733, 4,10, 4
0.878400851460121, 0.3519448298326851, 0.18341384577822864, 0.15509176075614664, 2,10, 2
0.8782678108162043, 0.349395532126409, 0.17730873482396664, 0.15405069593906817, 3,10, 3
0.8780682498503293, 0.3534657713792194, 0.19094349599638785, 0.15524806262521965, 3,10, 3
0.878400851460121, 0.3494580428065811, 0.1860188224578828, 0.1539862010159198, 2,10, 2
0.8774695669527041, 0.35258953067454213, 0.19091028762087336, 0.15288698634665715, 5,10, 5
0.8797312578992882, 0.35123797103504106, 0.18094086570608126, 0.1530595705311305, 3,10, 3
0.8796647375773299, 0.3529405576979306, 0.1825245141883138, 0.15182710578324915, 5,10, 5
0.8788664937138295, 0.35054140015667495, 0.19208839315139858, 0.15505398372864027, 3,10, 3
0.8798642985432049, 0.35112197636236464, 0.18124990245731687, 0.1477120926291366, 3,10, 3
0.8815938269141222, 0.348575972368602, 0.18047574311317985, 0.15159240717469746, 2,10, 2
0.8825916317434976, 0.34274498682975213, 0.17193558074045712, 0.14819478621722526, 3,10, 3
0.8825251114215393, 0.34193279216815703, 0.17179217769726202, 0.14928102654662165, 3,10, 3
0.8822590301337059, 0.3458849389836554, 0.18596270258844622, 0.1503027398407884, 2,10, 2
0.8841881194704982, 0.3395418776444164, 0.16933740697756006, 0.14413829105157874, 3,10, 3
0.8834563959289563, 0.34014038420064735, 0.17441577859818289, 0.14498072616179003, 2,10, 2
0.8814607862702055, 0.3355692662548452, 0.1752516061421505, 0.14731455022960163, 4,10, 4
0.884321160114415, 0.33039333682124483, 0.17787638060899938, 0.15068574038088223, 3,10, 3
0.8831903146411229, 0.3307483643171848, 0.1724665957008767, 0.15332951967896752, 3,10, 3
0.8832568349630813, 0.33377922599419735, 0.176537526019052, 0.14980676590920633, 3,10, 3
0.8856515665535821, 0.3309219041183853, 0.16352109337017562, 0.14052922124053888, 5,10, 5
0.10077828776691279, 2.303736140292966, 0.8944213325400786, 0.36684194226088074, 0,10, 0
0.27319896228297746, 2.046523434638993, 0.7710612275187338, 0.5042436963132357, 3,10, 3
0.43637331204683033, 1.6385856306969997, 0.7014474976553268, 0.467911658092685, 3,10, 3
0.5195237144947782, 1.5377433217946321, 0.645245157688388, 0.33228513048081365, 2,10, 2
0.6588837889975387, 1.2178512231581795, 0.5299195382846456, 0.3195823120521335, 2,10, 2
0.6219650103106499, 1.18092352855277, 0.5627525946317437, 0.3542657758624619, 4,10, 4
0.678241202687421, 1.040434118818601, 0.5106550097484329, 0.35375771450047483, 3,10, 3
0.6807024545998802, 1.0408661739912728, 0.5083822533041988, 0.3333261534426973, 3,10, 3
0.7382425330938601, 0.9336850510692299, 0.4290798734303681, 0.27115353102815953, 4,10, 4
0.7100379165835162, 0.9393151917470269, 0.4537066200974173, 0.271246216584587, 6,10, 6
0.7334530699128584, 0.9080500131506895, 0.42171719863498924, 0.265275483544537, 2,10, 2
0.7776225636932083, 0.808788947343023, 0.4099616552782017, 0.27395393918561484, 5,10, 5
0.7687753608727467, 0.7914984608604558, 0.37137378739896465, 0.2513470490223225, 2,10, 2
0.8003059934810084, 0.723589926847469, 0.3433659572695781, 0.2414815632643288, 3,10, 3
0.8116144482139294, 0.6768874036687048, 0.31008089515158377, 0.22901615846179882, 4,10, 4
0.8179338787999734, 0.6585415719686915, 0.31413657022585617, 0.2219607983103608, 3,10, 3
0.8163373910729728, 0.6496732261151418, 0.30195057458440294, 0.22066048184284567, 4,10, 4
0.8117474888578461, 0.6358333793870841, 0.3174057399061323, 0.2283914902801273, 0,10, 0
0.8199294884587242, 0.598213888288952, 0.29654882399338883, 0.2260873270569759, 4,10, 4
0.8212598948978913, 0.5969794335331398, 0.3057250021706183, 0.22612737166795097, 4,10, 4
0.8232555045566421, 0.5873754461333105, 0.3011740794608557, 0.23262597125340956, 2,10, 2
0.8225903013370585, 0.576948379664043, 0.29058930598295074, 0.2190688969539711, 2,10, 2
0.8299740570744363, 0.5604855557406648, 0.25401935058512864, 0.20225545416474822, 0,10, 0
0.833832235748021, 0.5442073040918193, 0.25247192425561615, 0.2058984986154614, 7,10, 7
0.8354952437969799, 0.5443755747619962, 0.25506231674608054, 0.20544189738017912, 4,10, 4
0.8363600079824386, 0.5242131261410344, 0.26415844976867675, 0.20741129570285147, 3,10, 3
0.8368921705581055, 0.5183757195174241, 0.26218276133798896, 0.20960149935450093, 5,10, 5
0.8392869021486064, 0.5145242138145267, 0.25830606618927887, 0.20641412563479264, 1,10, 1
0.839752544402315, 0.513361137948824, 0.26144263645168186, 0.20693979655490724, 3,10, 3
0.842745958890441, 0.49733143927517415, 0.24248760710017248, 0.20129312277026043, 4,10, 4
0.8440098450076499, 0.4895550627446898, 0.24151555613750886, 0.2005104119431252, 4,10, 4
0.8438102840417747, 0.488920400995328, 0.24224833599557793, 0.20012187778583193, 2,10, 2
0.8494645114082352, 0.47561146154742356, 0.23178726625541585, 0.19652138730620486, 3,10, 3
0.8495310317301936, 0.46924656944933274, 0.23582669083476093, 0.19670912339119165, 5,10, 5
0.8495975520521519, 0.46802316224285057, 0.24296732385690376, 0.19346796245157283, 4,10, 4
0.8511940397791525, 0.4644641457823408, 0.24360080306475784, 0.19788187799041057, 3,10, 3
0.8525244462183197, 0.45825605403133957, 0.24346708696979438, 0.19528657082771492, 4,10, 4
0.8537883323355285, 0.45475990102886743, 0.23787066845736893, 0.1892128594912719, 5,10, 5
0.8561830639260294, 0.4515441131945386, 0.22968116929166577, 0.18779784951495476, 3,10, 3
0.8603073238874476, 0.4426808832819092, 0.21768094171546656, 0.1834004741896505, 2,10, 2
0.859642120667864, 0.441269482289488, 0.2165041535546373, 0.18407575404213883, 4,10, 4
0.8608394864631145, 0.43299573370301253, 0.21357349972007508, 0.18094747829028104, 3,10, 3
0.8607729661411562, 0.4328357181720435, 0.21418113129231425, 0.18429256845112985, 3,10, 3
0.8614381693607397, 0.4245209690871775, 0.21669765066368754, 0.18222822646340603, 3,10, 3
0.8625690148340318, 0.42588330193035107, 0.20944463199281269, 0.1772860164301853, 3,10, 3
0.8623694538681568, 0.41999503380000264, 0.21386798849302963, 0.17733179443335284, 5,10, 5
0.865761990288033, 0.41225008764536, 0.20644207343515095, 0.1760105238547823, 2,10, 2
0.8649637464245327, 0.4104879763059508, 0.20701665860997578, 0.17610596185803812, 1,10, 1
0.8659615512539081, 0.40356573926524003, 0.20856535913814206, 0.17440483287773215, 3,10, 3
0.8660945918978248, 0.40730352485412563, 0.20400735101063613, 0.17141881877262657, 1,10, 1
0.8675580389809087, 0.40297174902502025, 0.20136912821277267, 0.17558418284028107, 5,10, 5
0.8684893234883256, 0.3992687352490944, 0.20557631913123917, 0.17538878615737763, 1,10, 1
0.8690214860639925, 0.39593012900926156, 0.19966710171715427, 0.16974322676081702, 3,10, 3
0.8688219250981175, 0.3942228285432812, 0.20728526053951948, 0.1729100042473509, 2,10, 2
0.8687554047761591, 0.38852400759310557, 0.20108833906126977, 0.17142930259928588, 6,10, 6
0.869487128317701, 0.38533040247319855, 0.20151346667698847, 0.17062455664713505, 3,10, 3
0.8696201689616178, 0.38050786567480555, 0.2029969438192319, 0.16717004828964047, 3,10, 3
0.871881859908202, 0.3810791047937103, 0.20016782567178026, 0.168726549796045, 1,10, 1
0.8713496973325351, 0.3785289044348169, 0.19293483309818985, 0.16604095183498724, 5,10, 5
0.8725470631277855, 0.38020535815071915, 0.19584584563462934, 0.16429846092651879, 5,10, 5
0.8728796647375773, 0.3770789096489336, 0.18927666380235092, 0.16402148246036735, 1,10, 1
0.8727466240936607, 0.37976768934561156, 0.19311537906908513, 0.16002755916840106, 1,10, 1
0.8743431118206613, 0.37212634022713403, 0.19004860832482065, 0.1612156642902297, 5,10, 5
0.8737444289230359, 0.37054383119236334, 0.19323100473085209, 0.1615838235552776, 3,10, 3
0.8740770305328278, 0.36925748069000236, 0.1945945078253627, 0.16024791556036966, 6,10, 6
0.8758065589037451, 0.3703632946073664, 0.1904565507578987, 0.16387095303218838, 6,10, 6
0.8763387214794119, 0.3651292597606214, 0.19295921551027687, 0.16136508627368143, 2,10, 2
0.8760726401915785, 0.3571912685369239, 0.18836826004786192, 0.16230317213620535, 2,10, 2
0.8769374043770372, 0.3579898562486017, 0.19626495231522484, 0.1639308102084117, 3,10, 3
0.8771369653429123, 0.3542374070471784, 0.18588048450609526, 0.1577514029963107, 4,10, 4
0.8768043637331204, 0.35321053825032284, 0.18589594726083614, 0.1560917632207016, 5,10, 5
0.8778686888844542, 0.35523809016309765, 0.1891272100207677, 0.15906936355116053, 3,10, 3
0.8779352092064125, 0.3561781991652361, 0.19093577035514148, 0.15687548313229982, 3,10, 3
0.8786669327479545, 0.3541658076367855, 0.1831186400507216, 0.1555418069565451, 3,10, 3
0.8803964611188718, 0.3552701413094975, 0.18043499785901765, 0.1540458841262098, 4,10, 4
0.8803299407969134, 0.3465104730762393, 0.1760455100298983, 0.14964612157536158, 4,10, 4
0.8788664937138295, 0.34880774921505847, 0.18422488017617059, 0.15557901903773416, 2,10, 2
0.8811281846604138, 0.3484201779032947, 0.18336374913267797, 0.15194775628368362, 5,10, 5
0.8810616643384555, 0.34829816625171944, 0.17826528758423024, 0.151071888851833, 3,10, 3
0.880795583050622, 0.3519114386170096, 0.18722418353104275, 0.15322698884430344, 4,10, 4
0.8808621033725803, 0.34452197485108466, 0.18303090506329187, 0.15251986891214495, 3,10, 3
0.8825916317434976, 0.3433692264141309, 0.17397230312177392, 0.1477996969826349, 3,10, 3
0.8820594691678307, 0.34391651543040286, 0.17759020911554974, 0.14664354851329323, 3,10, 3
0.8825251114215393, 0.3406698273018945, 0.1850853259239759, 0.15160116002416335, 3,10, 3
0.8818599082019557, 0.34135722850934413, 0.17439818385617514, 0.14855504791399274, 4,10, 4
0.8825916317434976, 0.33811647813951407, 0.17264578334960756, 0.149057740458011, 2,10, 2
0.8833898756069979, 0.3372566098980664, 0.17532888320286985, 0.14961788452650512, 4,10, 4
0.8843876804363733, 0.33474317506003154, 0.1718504893956117, 0.14682650418650095, 1,10, 1
0.8837224772167898, 0.33501181769112925, 0.16958288167803454, 0.14346623281923432, 2,10, 2
0.8843876804363733, 0.33477101945051124, 0.1744750796680802, 0.14799368283576317, 3,10, 3
0.884321160114415, 0.33166556916061946, 0.1731360403541555, 0.14465822717488702, 2,10, 2
0.8842546397924566, 0.33291483830961505, 0.17854070686218754, 0.15150016629823304, 5,10, 5
0.8848533226900818, 0.3340879661725628, 0.16923852720782648, 0.14479766679457606, 3,10, 3
0.8856515665535821, 0.3294221344263093, 0.17042699423718102, 0.14733183900432886, 2,10, 2
0.8853189649437904, 0.3317553234268234, 0.17669991456939876, 0.14602649126670736, 5,10, 5
0.8848533226900818, 0.3315040150155615, 0.17621244547978607, 0.1444512675312626, 1,10, 1
0.8877136965342912, 0.328644749525946, 0.16221013312227178, 0.1377495560351602, 3,10, 3
0.8857180868755404, 0.3284273469338901, 0.1732307259075436, 0.1460189888804188, 4,10, 4
0.8859841681633739, 0.3332982292832922, 0.1730770492193544, 0.1418214868272725, 2,10, 2
0.8866493713829575, 0.327654507374353, 0.17285551547738043, 0.14434463010170032, 3,10, 3
0.8851194039779152, 0.3268043065638439, 0.17397851606489328, 0.14533239303069026, 2,10, 2
