acuracia,loss,frr,fpr, removed, n_clf, tp_removed
0.09825051553249518, 2.3036959122288754, 0.8944041643372586, 0.40467750686587217, 0,0, 0
0.18266480409765185, 2.1572747310859066, 0.8403159274593837, 0.5571080309342729, 0,0, 0
0.17188851194039778, 2.1360263939227506, 0.8530701633579535, 0.5604842364787794, 4,7, 4
0.3061265216523648, 1.9971840142309645, 0.7297394491354282, 0.46908762883103117, 4,5, 4
0.3971263220913989, 1.895501706452823, 0.6300081618887207, 0.35268950980034297, 6,7, 6
0.44828044967737646, 1.6777920017351844, 0.6068510541538255, 0.3457169734951681, 10,11, 10
0.43105168629016166, 1.6476794227419735, 0.6433633442875473, 0.43972246576961127, 6,8, 6
0.47967804164172156, 1.5746416571790878, 0.5945130552373475, 0.3668865237339986, 9,9, 9
0.6408567817468237, 1.5369564592124603, 0.4871927273549256, 0.3120366026391451, 6,11, 6
0.5259096654027805, 1.3818549573858734, 0.568414027975968, 0.37711716922784466, 4,4, 4
0.5960220847468902, 1.2967766303344883, 0.5347983228419608, 0.3621140244321213, 6,6, 6
0.6004124259961419, 1.2591857795115757, 0.5208816376835046, 0.35425279698467327, 6,6, 6
0.6244262622231092, 1.19150070082632, 0.5173077197477227, 0.35117762791137536, 11,11, 11
0.7168229894232688, 1.1129149014867672, 0.3971714954935348, 0.2835423859479043, 8,8, 8
0.726335395463314, 1.0422362614022307, 0.42288459816064694, 0.28921479214147394, 8,8, 8
0.7623894099647442, 0.9781491287493466, 0.3577616116421066, 0.24476690582094288, 7,7, 7
0.7596620767644515, 1.046080349447345, 0.36353926451173746, 0.25372371947459926, 6,7, 6
0.7909266280848799, 0.936220633599605, 0.33489929392246204, 0.2528430210725856, 8,8, 8
0.7903279451872547, 0.9077617719248912, 0.3566069463432695, 0.26230598352409445, 5,5, 5
0.7875340916650037, 0.8693351219970467, 0.35251273648369236, 0.2546134851548236, 9,9, 9
0.798376904144216, 0.8273141143156695, 0.32613427747690626, 0.2596255095895888, 11,11, 11
0.806891505354886, 0.769584610344292, 0.3167430970449327, 0.24102533542590732, 7,7, 7
0.8030333266813011, 0.7563916152701379, 0.32942755318340977, 0.24594150774203047, 7,7, 7
0.8015698795982172, 0.7467210808467842, 0.3385723255853395, 0.2519069705609176, 9,9, 9
0.800771635734717, 0.7474007147596518, 0.3260820851948168, 0.24195221674928016, 7,7, 7
0.8150069846338056, 0.6969388422216857, 0.2955805768117098, 0.246819528340345, 10,10, 10
0.8215924965076831, 0.6776181014602874, 0.26542640042140886, 0.22627488289309025, 7,7, 7
0.8232555045566421, 0.6726061886890553, 0.2703601119280885, 0.22319428834976407, 11,11, 11
0.8181999600878068, 0.6697884842095911, 0.28102315563848285, 0.22050302300817073, 7,7, 7
0.8184660413756403, 0.6493779411944794, 0.29055440777957176, 0.22501029119490773, 8,8, 8
0.8205281713563494, 0.62341495170272, 0.2678669593587826, 0.21471290240618393, 8,8, 8
0.8263154393667266, 0.6067892934970479, 0.2614615217171627, 0.2156251098165008, 6,6, 6
0.8237211468103506, 0.6021854794065453, 0.2737288906847258, 0.22198508752267349, 7,7, 7
0.8315040244794785, 0.5824606202769645, 0.2409828948542575, 0.21570192813429576, 5,5, 5
0.8287766912791857, 0.5876079360588762, 0.2611366470605423, 0.21407919385897042, 7,7, 7
0.8328344309186456, 0.5837797747124289, 0.2515799574701182, 0.21309443186195967, 7,7, 7
0.8302401383622696, 0.584452260147351, 0.2614888556900085, 0.22545420274772648, 6,6, 6
0.8344309186456462, 0.5690713984274995, 0.2588695991236577, 0.21526781041521645, 9,9, 9
0.8330339918845208, 0.5650051747473428, 0.26182158499869745, 0.20820879506843845, 8,8, 8
0.8327013902747289, 0.5575948441866014, 0.2625992050883482, 0.2147368755707953, 6,6, 6
0.8362934876604803, 0.5441993880429432, 0.2551920354968032, 0.21151697417138052, 9,9, 9
0.8268476019423934, 0.6517347063003027, 0.27340393906137095, 0.2305886699211891, 10,11, 10
0.83103838222577, 0.6014895274132154, 0.25909205889780845, 0.22054575165638457, 8,8, 8
0.8233220248786004, 0.5977218711669707, 0.3010937523564012, 0.23814188326085406, 11,11, 11
0.8317035854453536, 0.5642892996692498, 0.2551591044260333, 0.2187583486856643, 7,7, 7
0.8396195037583982, 0.5385069979431585, 0.23620306517882297, 0.21271469208517235, 10,10, 10
0.8398855850462317, 0.5207116119050899, 0.23234947963436386, 0.209829246555393, 5,5, 5
0.8426129182465243, 0.5165480396534852, 0.23769954401087687, 0.20534831840337467, 4,4, 4
0.8398190647242733, 0.5121604402390856, 0.22898696367345053, 0.20797057326949697, 6,6, 6
0.8438768043637331, 0.5016737176611786, 0.23796017353379897, 0.21054001417456814, 8,8, 8
0.8440763653296082, 0.5008148348516268, 0.23980730684465212, 0.20643574216356914, 7,7, 7
0.845340251446817, 0.4972737956509816, 0.2381440504229641, 0.20205547552761113, 6,6, 6
0.8466706578859842, 0.4938355032858954, 0.2290564944288568, 0.2000768904802575, 4,4, 4
0.8472693407836094, 0.4891298500844804, 0.2298185291761385, 0.19921010862322996, 7,7, 7
0.8471363001396927, 0.4867886298289769, 0.23259869301775538, 0.20252751024191012, 10,10, 10
0.8464710969201091, 0.4806304522856514, 0.2318290091954259, 0.19778957693215557, 12,12, 12
0.847934544003193, 0.4759074741955033, 0.2316877617317513, 0.20457567732372936, 5,5, 5
0.8507949178474024, 0.4767599122804805, 0.22952258649993992, 0.19376556206605153, 8,8, 8
0.8494645114082352, 0.4624214148734322, 0.21592428507423012, 0.1949126569478076, 5,5, 5
0.8508614381693608, 0.4641695495410748, 0.2260024488070692, 0.19002504290166197, 7,7, 7
0.8543204949111953, 0.4564354634284434, 0.2087083508888123, 0.1873536322010837, 8,8, 8
0.854985698130779, 0.44916972802452276, 0.20438451187046552, 0.19131896237564092, 7,7, 7
0.8567817468236546, 0.4455545163781657, 0.20964537996292013, 0.18812168044792807, 5,5, 5
0.8573804297212798, 0.4408164312675934, 0.21208729400223134, 0.18499387499573877, 4,4, 4
0.8561165436040711, 0.4413172136283085, 0.22607451358635683, 0.18348663840662233, 7,7, 7
0.8571808687554048, 0.4414622066559256, 0.2164489893796846, 0.18740865603372214, 10,10, 10
0.8557839419942792, 0.43730131287635415, 0.2223496281472447, 0.19026109675267158, 6,6, 6
0.8558504623162376, 0.43923375035188456, 0.21664232905224487, 0.18052723174913557, 6,6, 6
0.8595090800239473, 0.43171337513928265, 0.2076456697920022, 0.17905446431451227, 2,2, 2
0.8586443158384887, 0.4281135452245118, 0.22266368103026601, 0.18447876050372947, 8,8, 8
0.8598416816337391, 0.43088468952114367, 0.20648314015451802, 0.17304208425558001, 7,7, 7
0.8592429987361139, 0.43092171971732074, 0.2165016834598684, 0.17552835138736242, 7,7, 7
0.8601742832435308, 0.42541451077023446, 0.2073364666899332, 0.17713578518080372, 7,7, 7
0.8613716490387814, 0.42365272740487653, 0.2084800946531306, 0.18087390464199385, 7,7, 7
0.8601742832435308, 0.42320260383105585, 0.2144533628435951, 0.1777304369222891, 7,7, 7
0.8607064458191978, 0.4200390174632608, 0.2116352868337679, 0.17812037693970545, 7,7, 7
0.8619038116144482, 0.4155445952358544, 0.19913443339926806, 0.17705685358022089, 8,8, 8
0.863167697731657, 0.4121078463004179, 0.19432565259268098, 0.17249810346445657, 4,4, 4
0.8633672586975321, 0.4106118256689182, 0.19967118069857898, 0.17540774591375896, 6,6, 6
0.8626355351559901, 0.40649537075974124, 0.19364324280917755, 0.17477812445215515, 8,8, 8
0.8644315838488659, 0.40539776572605535, 0.1930729481704256, 0.1697732260405437, 8,8, 8
0.8625690148340318, 0.4045842358293817, 0.19408934964331453, 0.1719008960188927, 6,6, 6
0.863167697731657, 0.40090581176064544, 0.19759532404073976, 0.17273096761931042, 10,10, 10
0.8652298277123661, 0.40014904432491344, 0.18823807904937606, 0.1677974633588885, 4,4, 4
0.8652963480343245, 0.3968062874312524, 0.19512469388351783, 0.17035234316372003, 7,7, 7
0.8662276325417415, 0.43623806423710043, 0.1963208544421015, 0.17702176762056976, 4,5, 4
0.8645646244927826, 0.4156635059325583, 0.19988332615250182, 0.17537530674513682, 2,2, 2
0.8656954699660746, 0.40535639534672496, 0.18864326472257736, 0.16950245419915078, 9,9, 9
0.8642320228829907, 0.40575950855027804, 0.1952096160685575, 0.17057929558297322, 7,7, 7
0.8661611122197831, 0.39289456547766377, 0.19397957719185527, 0.17293052509956447, 8,8, 8
0.8673584780150336, 0.39095688366579084, 0.18622332222470997, 0.16822899912427997, 7,7, 7
0.866892835761325, 0.38888847053947045, 0.18306013486896042, 0.16769272126983534, 5,5, 5
0.8670923967272002, 0.38760738353912383, 0.189298159680497, 0.1663965338116831, 10,10, 10
0.865761990288033, 0.3872496097433781, 0.18859809496941446, 0.16656078011517234, 5,5, 5
0.8658950309319497, 0.3926898572590443, 0.19723416350529768, 0.16790430333164655, 5,5, 5
0.8658950309319497, 0.3928425214814225, 0.20219711912597627, 0.1748125125339621, 7,7, 7
0.8665602341515333, 0.3903335340832564, 0.20202687240586, 0.17033445362164387, 9,9, 9
0.8675580389809087, 0.3870224748980787, 0.18555790312914192, 0.1664660625240788, 6,6, 6
0.8684228031663673, 0.3906266589093784, 0.19479709129541042, 0.16813057658458852, 10,10, 10
0.8679571609126588, 0.3884108782893943, 0.18835760441300972, 0.16420542921847184, 7,7, 7
0.8671589170491585, 0.3882601908043193, 0.20119832741269228, 0.1673727943502633, 7,7, 7
0.10031264551320429, 2.3037277037041286, 0.9333922589603897, 0.39058948575616226, 0,0, 0
0.237277988425464, 2.055513315967859, 0.7888374533193983, 0.5172633554375122, 0,0, 0
0.37783542872347503, 1.8207967644275476, 0.7007061568720975, 0.3843738441386401, 7,8, 7
0.4911860573405175, 1.5821048250251017, 0.6484531478855438, 0.3731883284364018, 4,4, 4
0.49670724406306127, 1.5865752420363444, 0.6428907677924891, 0.44093963337779757, 3,8, 3
0.5744029801104238, 1.3344445709200565, 0.6182222654230674, 0.38687664668348803, 7,9, 7
0.6359342779219052, 1.1826845198054232, 0.5399693938881902, 0.35069928239660425, 6,8, 6
0.6653362602274995, 1.0807723783423935, 0.4847262791317311, 0.29131077883116896, 7,7, 7
0.6805694139559636, 1.146845105380268, 0.4769674387477461, 0.3061217430479993, 5,8, 5
0.6938734783476352, 0.9967333186013164, 0.4549948489693022, 0.3184944529431411, 1,1, 1
0.7071775427393069, 0.9581931689353764, 0.44231572933043317, 0.26204888750500765, 6,6, 6
0.7039845672853057, 0.9860678626429645, 0.4267446168448709, 0.2830794709076359, 5,6, 5
0.6898822590301337, 0.9288200516867762, 0.42194186072045975, 0.278598560479156, 6,6, 6
0.7720348566487062, 0.8439909680455205, 0.35288347627615535, 0.256977908908494, 8,8, 8
0.7694405640923302, 0.8238070924380448, 0.3593931418075585, 0.2650974165985041, 7,8, 7
0.7800838156056675, 0.7889629060167312, 0.3593365379980751, 0.2569882223201169, 5,5, 5
0.7794186123860839, 0.775378409934647, 0.34995799946953704, 0.2583017650210729, 6,7, 6
0.7680436373312047, 0.7649196347888784, 0.37700649498010896, 0.25104032283124483, 6,6, 6
0.7965808554513404, 0.7139596294182602, 0.3320599605522898, 0.2366844340849947, 6,6, 6
0.7986429854320495, 0.7068505787314548, 0.3182268981368202, 0.23084762832057756, 5,5, 5
0.7995742699394665, 0.6752531320973504, 0.3137856333725603, 0.22712667340282233, 6,6, 6
0.8156056675314308, 0.6601506041624652, 0.29988658279543484, 0.22289628388033983, 9,9, 9
0.8091531963014701, 0.6555737221274563, 0.3048065200170901, 0.2237950288987099, 8,8, 8
0.8123461717554713, 0.639806605339922, 0.28664474171221127, 0.22576954953238615, 4,4, 4
0.8154726268875141, 0.6374616280405758, 0.29711639127186695, 0.22232846668430944, 7,7, 7
0.8114148872480543, 0.6247343240041129, 0.2866411362676763, 0.21288878750318896, 3,3, 3
0.8112818466041376, 0.6389878616064987, 0.2856483920319068, 0.21374618269399515, 6,7, 6
0.8111488059602209, 0.6243429109324761, 0.2769826997812805, 0.21457726534263014, 7,7, 7
0.8156721878533892, 0.6157484363848417, 0.287531253331047, 0.2148047150395222, 9,9, 9
0.8146078627020554, 0.604784758533642, 0.28836310620650624, 0.21673906516785735, 5,5, 5
0.8101510011308455, 0.6047653428757905, 0.2910424053339594, 0.21024765247191612, 5,5, 5
0.8207942526441828, 0.6052706406443462, 0.27041992703781786, 0.21169846254882066, 4,4, 4
0.828444089669394, 0.5743607037588004, 0.2662317088112786, 0.21197019354441946, 8,8, 8
0.8290427725670192, 0.5686703381830486, 0.27760591327537315, 0.21355613234580595, 7,7, 7
0.8274462848400186, 0.5679030700445814, 0.26209254090966233, 0.21105149758621086, 4,4, 4
0.8286436506352691, 0.5473801353092111, 0.2600930882807501, 0.20702333927696354, 5,5, 5
0.8356948047628551, 0.5377290870926436, 0.2518137613215392, 0.20594954210894822, 6,6, 6
0.8350296015432714, 0.528441880426668, 0.2530964614431429, 0.20489752645167786, 5,5, 5
0.836626089270272, 0.5253664443803366, 0.24803655195306734, 0.2022715754110694, 6,6, 6
0.8362269673385219, 0.5283990375982477, 0.25074103819807675, 0.19981984961866836, 6,6, 6
0.842745958890441, 0.5102519435640834, 0.23661686966278908, 0.193924319948232, 4,4, 4
0.8419477150269408, 0.5052186974537346, 0.2421153680675481, 0.19299186074171068, 8,8, 8
0.8470697798177343, 0.49541817940997857, 0.23703358927058968, 0.1906607174741856, 8,8, 8
0.8494645114082352, 0.4912127112480436, 0.22420676638860076, 0.18645129700852614, 5,5, 5
0.8508614381693608, 0.4839054519494211, 0.2278817272428257, 0.19572979237832688, 6,6, 6
0.849797113018027, 0.4992765784745253, 0.23062295420695642, 0.1889337526284341, 4,5, 4
0.8487327878666933, 0.4959183919006459, 0.2349330716657782, 0.1920125782715699, 8,8, 8
0.8493314707643185, 0.4902577818783158, 0.24024981790839242, 0.1978921605306782, 7,7, 7
0.8533892104037784, 0.4630386562575826, 0.2283426259037697, 0.18835489916540682, 6,6, 6
0.8533892104037784, 0.46713027879868874, 0.23172959721930297, 0.1825872957314256, 3,3, 3
0.8515931617109027, 0.4649456129204438, 0.22676995459405005, 0.187978569006847, 3,3, 3
0.8551187387746957, 0.45501847961231184, 0.22816510314497052, 0.19461426836332762, 5,5, 5
0.8572473890773631, 0.4454717395878496, 0.21620292678243236, 0.19210733832928906, 3,3, 3
0.8563161045699461, 0.44925996316864336, 0.21328650319949638, 0.1848232313959372, 7,7, 7
0.8584447548726136, 0.4433120084959994, 0.21627490414066552, 0.18928478268254195, 9,9, 9
0.8573804297212798, 0.4403320301995823, 0.21909554726030767, 0.1855239061464847, 3,3, 3
0.858710836160447, 0.4364240539441586, 0.2171154339608846, 0.18475421806659983, 6,6, 6
0.8591764784141556, 0.43823093857086637, 0.22217147654723615, 0.18368089638708388, 7,7, 7
0.8609060067850728, 0.4290904103271115, 0.2118890653314473, 0.18797472563734727, 7,7, 7
0.8612386083948647, 0.42143186132621524, 0.2092994637946778, 0.18118652452259648, 6,6, 6
0.8605068848533227, 0.42022148938962, 0.20808870686834136, 0.1799084569212734, 5,5, 5
0.8630346570877403, 0.4159689102153984, 0.21055076505205478, 0.17910814260101948, 7,7, 7
0.8625024945120734, 0.41405170545261494, 0.20561844836266427, 0.1755961588224963, 5,5, 5
0.8632342180536153, 0.412305666119446, 0.21125354448444764, 0.17768730502855842, 8,8, 8
0.8639659415951573, 0.4061823067036416, 0.20602111532465106, 0.1793717898762485, 5,5, 5
0.8649637464245327, 0.40828135030416074, 0.20995370710087305, 0.17580825936471847, 6,6, 6
0.8652963480343245, 0.4075152629703049, 0.2038656205958816, 0.17816994463153826, 3,3, 3
0.8648307057806159, 0.40412116294621714, 0.20598376304364208, 0.17805292307987622, 7,7, 7
0.8659615512539081, 0.3968771514808778, 0.19659835700513742, 0.1726953117656165, 6,6, 6
0.8649637464245327, 0.3958934337497352, 0.20150522762102693, 0.17264155669902095, 7,7, 7
0.8659615512539081, 0.3958073773742637, 0.20398686719901588, 0.18116530118884772, 8,8, 8
0.8662941528636998, 0.3949918491011783, 0.2040545550329799, 0.17148897006926064, 4,4, 4
0.8680236812346172, 0.38986816655993767, 0.2044492920238395, 0.17371621069985174, 9,9, 9
0.8679571609126588, 0.39032911654395175, 0.20240045983548047, 0.17761468051512416, 5,5, 5
0.8672254373711169, 0.3835493838317877, 0.2011806944729464, 0.17327622203246976, 3,3, 3
0.8686223641322424, 0.3871128041071928, 0.19755004686562597, 0.17320685566085087, 4,5, 4
0.8688884454200758, 0.3873573327336306, 0.19889552016378584, 0.1694674404853479, 8,8, 8
0.8694206079957427, 0.3845131203719206, 0.19726033909133903, 0.16714504136074698, 6,6, 6
0.8700192908933679, 0.38237703669488826, 0.19223363221284967, 0.16337899543713189, 7,7, 7
0.8689549657420342, 0.38299106091968493, 0.1938476825259864, 0.16758925313380357, 5,5, 5
0.8697532096055345, 0.38101810254342816, 0.20113091180243717, 0.17005948327133574, 5,5, 5
0.8698862502494512, 0.38023418400518705, 0.19020796782483557, 0.16997327850626917, 7,7, 7
0.8700192908933679, 0.3773954856203274, 0.20621787577107248, 0.1737986110456785, 4,4, 4
0.8735448679571609, 0.37314849665233873, 0.1862812947417962, 0.15992417786029478, 5,5, 5
0.8706844941129515, 0.3753454966235616, 0.19680694522770958, 0.16865560347515704, 8,8, 8
0.8714162176544934, 0.3742545155007939, 0.19512862354352756, 0.16710566519580425, 7,7, 7
0.8719483802301603, 0.3714275325489168, 0.1828158491398623, 0.16739188424644078, 6,6, 6
0.8709505754007849, 0.3692200787384286, 0.18672718831642585, 0.16998425137099438, 4,4, 4
0.8735448679571609, 0.3671673906711401, 0.19149095096758628, 0.16499929623725557, 4,4, 4
0.8741435508547861, 0.3691620952566405, 0.18605725858721875, 0.1603241559694719, 6,6, 6
0.8740105102108694, 0.3683832367882788, 0.19812067561924493, 0.16326654925401354, 7,7, 7
0.8745426727865363, 0.36961767150963826, 0.18985187288408611, 0.16219074613978665, 5,5, 5
0.8754739572939533, 0.3663777389265419, 0.19795968110649664, 0.1678774306451922, 11,11, 11
0.8752743963280782, 0.36762214654175707, 0.19046611857464008, 0.1624545406053589, 8,8, 8
0.875407436971995, 0.366751297096951, 0.18274015054415757, 0.16353783912053182, 6,6, 6
0.8757400385817867, 0.36694426874804664, 0.18365228229332456, 0.15884654197317694, 3,3, 3
0.8766048027672454, 0.3667751161714399, 0.19075752101521712, 0.1595418197810191, 2,2, 2
0.874675713430453, 0.3693932377379572, 0.19379052205712044, 0.16071134338255663, 6,6, 6
0.8769374043770372, 0.35727817586523314, 0.17638234773322525, 0.1566232901639331, 6,6, 6
0.8774030466307456, 0.3588291898065243, 0.1807868588450197, 0.15458998298279897, 5,5, 5
0.8772034856648706, 0.359449785281398, 0.1879970744129253, 0.1593780144341801, 7,7, 7
0.08873810949244994, 2.3048118999727087, 0.8923507445935261, 0.4322252031340082, 0,0, 0
0.21565888378899753, 2.1683547073738674, 0.8545879203968102, 0.4861004058212592, 0,0, 0
0.3199627486197033, 1.9990647604202927, 0.7446577513132708, 0.38715222552252504, 3,6, 3
0.4087673784341116, 1.7120320517499155, 0.7369329930955323, 0.47839337731316944, 4,6, 4
0.4872613583449744, 1.4635934976441218, 0.6705352792416527, 0.4494733373209578, 5,8, 5
0.5751347036519657, 1.4355011722898159, 0.592687321985605, 0.3083206864974331, 10,11, 10
0.5461983636000798, 1.3281919296252356, 0.638123611503257, 0.4146652071889006, 6,7, 6
0.6373312046830306, 1.2368700479592234, 0.5306253707641673, 0.33808953472154224, 4,6, 4
0.5921639060733054, 1.265079101252584, 0.5642602196444436, 0.34220616001760407, 3,7, 3
0.7037184859974722, 1.1705705767862564, 0.4398217181142867, 0.28480661213822256, 4,7, 4
0.6892835761325085, 1.0875414107860026, 0.46369791433828794, 0.29997001864250983, 8,8, 8
0.6940730393135103, 1.0257714910407978, 0.4617903474375886, 0.28372512107884423, 6,7, 6
0.7114348433446418, 0.9122806734703818, 0.4211916928562027, 0.2765923373953834, 3,3, 3
0.7277988425463979, 0.8847245994450641, 0.4201435237657244, 0.26557379045099294, 7,8, 7
0.744894565289696, 0.8108174264775406, 0.3809334256058219, 0.2557988298135856, 6,6, 6
0.7528104836027406, 0.8069509888654263, 0.4148835714260336, 0.2795118793312374, 11,11, 11
0.777955165303, 0.7350075232991883, 0.3892614269421908, 0.2609244304944267, 6,6, 6
0.7752943524246657, 0.7499399714379023, 0.3937729078963004, 0.26622243378858285, 8,10, 8
0.78646976651367, 0.726035442354686, 0.36179590695865327, 0.24450264185911674, 6,6, 6
0.7907270671190049, 0.7045661571092819, 0.3619220543752382, 0.24376936726268025, 6,6, 6
0.7872014900552119, 0.6954527527025214, 0.38155370924512233, 0.2716463964361773, 8,8, 8
0.7921239938801303, 0.674600704400404, 0.36132981867085406, 0.24830753856348003, 7,7, 7
0.7900618638994212, 0.6745366686779306, 0.3582219592374854, 0.2596912598935546, 3,3, 3
0.7967138960952571, 0.6500076093371974, 0.346936475335758, 0.24368520258551984, 7,7, 7
0.8045632940863434, 0.6346533076262567, 0.3209091944900652, 0.23330435160945023, 6,6, 6
0.8030998470032595, 0.6277742905332222, 0.32448381423202227, 0.24071731831926468, 6,6, 6
0.8054945785937604, 0.6191695969898531, 0.33155335210232145, 0.23627763936496557, 8,8, 8
0.8049624160180935, 0.6200847009823853, 0.32910962763247137, 0.23545701257427099, 7,7, 7
0.8051619769839686, 0.6117112944280596, 0.3286351836890356, 0.24048285403045433, 7,7, 7
0.8075567085744695, 0.6118539763437361, 0.33082342670272685, 0.23738044902170025, 4,4, 4
0.8114148872480543, 0.610078073044793, 0.31891226893450664, 0.22876939312555578, 7,7, 7
0.8096188385551786, 0.6160253846609947, 0.3357012754605201, 0.2356786776301485, 7,7, 7
0.8110157653163041, 0.5911593209597682, 0.3235779296404, 0.22915328529820533, 7,7, 7
0.8153395862435974, 0.5844058714389471, 0.31167628406124065, 0.225993820309785, 9,9, 9
0.8240537484201423, 0.5695165762684092, 0.2837422334001101, 0.21736765204878797, 10,10, 10
0.8295084148207277, 0.5558155950866116, 0.28035590880273437, 0.21310523964735967, 4,4, 4
0.8299075367524779, 0.5509374181652982, 0.28404435424493996, 0.21136161436202744, 7,7, 7
0.8349630812213131, 0.5313802619876439, 0.2671729525695762, 0.2126140165004642, 7,7, 7
0.8378899753874809, 0.5227152861719889, 0.2597632762975425, 0.2149532932741232, 6,6, 6
0.8400186256901483, 0.5179427470945743, 0.24610390234864216, 0.20147479212276934, 9,9, 9
0.8395529834364398, 0.5206666143280847, 0.2572257554861394, 0.2042451947905404, 6,6, 6
0.8415485930951906, 0.5094076801619076, 0.25906556454983837, 0.20596801467639664, 4,4, 4
0.8398855850462317, 0.5091955224866546, 0.2536558613351077, 0.2096470383295923, 8,8, 8
0.8394199427925231, 0.5050458198375234, 0.2673542753389022, 0.20641477847109105, 8,8, 8
0.8433446417880662, 0.492537127029706, 0.2487946387447976, 0.2011811234349764, 7,7, 7
0.8433446417880662, 0.48641893226997296, 0.2544842493853515, 0.20329758989461233, 7,7, 7
0.8449411295150668, 0.4818548419313301, 0.24975623941179212, 0.20125692974223233, 9,9, 9
0.8459389343444422, 0.477206219634993, 0.2444803936299916, 0.19380517729446914, 9,9, 9
0.8419477150269408, 0.4794301464492423, 0.25584848826221357, 0.1962900278993179, 7,7, 7
0.8473358611055678, 0.46551126736975884, 0.2489570054552945, 0.19594268205838616, 8,8, 8
0.8469367391738176, 0.4646044827083385, 0.2435796060562521, 0.19139376909906886, 8,8, 8
0.8491984301204017, 0.46593927528665, 0.25047959333691433, 0.19547812089520222, 6,6, 6
0.850728397525444, 0.45762062687064947, 0.236003170993013, 0.18930492084106765, 8,8, 8
0.8518592429987362, 0.4574498117221941, 0.22893098055462255, 0.1866482802541785, 7,7, 7
0.8529235681500699, 0.46967684573848684, 0.2159602259003632, 0.19251181131377063, 4,6, 4
0.8538548526574868, 0.4554329687594179, 0.22807865100600075, 0.19687494768668568, 9,9, 9
0.8527240071841947, 0.4520028030595276, 0.24539478226375924, 0.20430511684706276, 7,7, 7
0.8549191778088205, 0.4457516777708099, 0.23016443397260278, 0.19140818115451652, 6,6, 6
0.8541874542672786, 0.44539526672471796, 0.22634105737365487, 0.18926649592773528, 5,5, 5
0.8527905275061531, 0.44394420245949884, 0.25523047613181454, 0.20394573520503442, 6,6, 6
0.8556509013503625, 0.4359108748901495, 0.22605980650955593, 0.1918679809192385, 6,6, 6
0.8543870152331537, 0.4313229919346096, 0.21983707269324637, 0.18520439326707844, 7,7, 7
0.8571808687554048, 0.4373131674855683, 0.21385651441857362, 0.18340804818399, 6,7, 6
0.8581786735847802, 0.43282856276187603, 0.21608575992247442, 0.1849129642890467, 9,9, 9
0.8573139093993215, 0.4298737256743997, 0.22780388639665866, 0.18262650023255553, 9,9, 9
0.8563826248919045, 0.4300845377595545, 0.22184739866890815, 0.17793434348840909, 4,4, 4
0.857579990687155, 0.4245116406035913, 0.21062997219066557, 0.17570725045351332, 6,6, 6
0.8531896494379033, 0.4291616669629334, 0.22785300261356714, 0.1809078402382708, 8,8, 8
0.854253974589237, 0.42127471442616865, 0.22734356273122802, 0.19417826655713458, 8,8, 8
0.8571808687554048, 0.4132961734852401, 0.20985145412046108, 0.18398274803684944, 8,8, 8
0.8601742832435308, 0.41152816248035484, 0.20789305163757665, 0.1832869841801234, 12,12, 12
0.8601077629215725, 0.4145176244967946, 0.21660265371658802, 0.17901253901638078, 10,10, 10
0.8609725271070312, 0.4102296447797556, 0.20881618658327838, 0.17665193545380792, 7,7, 7
0.8589103971263221, 0.48334691257037987, 0.21650094749098042, 0.18714135775408888, 5,11, 5
0.8572473890773631, 0.4434473799332929, 0.21599610041722314, 0.19592137197048157, 9,9, 9
0.8554513403844874, 0.4298774588161098, 0.21776777979273787, 0.18730553964431132, 11,11, 11
0.8593095190580723, 0.4219153941398014, 0.22447616946068905, 0.1903919396673439, 7,7, 7
0.8585112751945719, 0.4184255878199072, 0.2192629763878714, 0.17996913405370368, 6,6, 6
0.8619703319364066, 0.4109902179316741, 0.1942377225772327, 0.17245734816609082, 6,6, 6
0.8594425597019889, 0.41043057497425506, 0.212472574374164, 0.1828535118767881, 8,8, 8
0.8610390474289895, 0.40658635351153205, 0.1931005012309238, 0.1775796854525116, 5,5, 5
0.8620368522583649, 0.406043983842917, 0.1945071286311399, 0.17494532245153002, 10,10, 10
0.860373844209406, 0.40763233437408136, 0.20273847374263285, 0.1717733983120114, 5,5, 5
0.8612386083948647, 0.40566196075329825, 0.2008101859214817, 0.1701665624010591, 11,11, 11
0.8624359741901151, 0.4057265156516983, 0.21585466027097902, 0.16936876679522012, 7,7, 7
0.8614381693607397, 0.40051622424328465, 0.20192580616782624, 0.16940376818386604, 8,8, 8
0.86223641322424, 0.39965710596351384, 0.20494803300704864, 0.1715896967401106, 7,7, 7
0.8630346570877403, 0.39812150287487097, 0.20357527387696756, 0.1715047564640525, 7,7, 7
0.8627685757999068, 0.391074127374612, 0.19211708728525326, 0.16681193126527927, 4,4, 4
0.8631011774096987, 0.3908926202182448, 0.20013250575252747, 0.16964900653648443, 10,10, 10
0.8624359741901151, 0.39368672362316576, 0.205912008006809, 0.1776948010114811, 8,8, 8
0.8648972261025744, 0.3840011849983757, 0.19232139539583112, 0.16635001829216958, 7,7, 7
0.8653628683562828, 0.3848616999017332, 0.19478282417132115, 0.1690071699788987, 5,5, 5
0.8644315838488659, 0.3871214471590097, 0.19669855529290955, 0.17042734502536877, 7,7, 7
0.8659615512539081, 0.3894922840120947, 0.19503941961284116, 0.16610660921996181, 6,6, 6
0.8647641854586576, 0.38557331919383, 0.20074497600009408, 0.16821334591497764, 10,10, 10
0.8648307057806159, 0.3826713513585243, 0.1977969968126409, 0.16973009323600244, 8,8, 8
0.8656289496441163, 0.3809626674250033, 0.19061629166492508, 0.1643656549686081, 8,8, 8
0.8677575999467837, 0.3834301530642843, 0.1837580424721814, 0.16034093386718332, 8,8, 8
0.8659615512539081, 0.3772592203378361, 0.191537510267758, 0.16305235536309573, 7,7, 7
0.8659615512539081, 0.37882380661047627, 0.1966887265700879, 0.16184799262425098, 9,9, 9
0.11341714893900086, 2.3016086189933844, 0.887809090387139, 0.2954599946980068, 0,0, 0
0.24326481740171624, 2.164107427469851, 0.8119446333176558, 0.4175262923125774, 0,0, 0
0.263087873345307, 2.0787695010967027, 0.7917244409711596, 0.5217110124182972, 5,7, 5
0.48606399254972393, 1.9618414031573497, 0.6311286619697946, 0.3774652942655567, 4,10, 4
0.4397658484667066, 1.7845788303350572, 0.6687017667582472, 0.3897012302545066, 4,6, 4
0.5050888046298144, 1.659145175591919, 0.6507591802002266, 0.4277910509036145, 5,9, 5
0.5450009978048294, 1.5031628410997826, 0.6117644134630206, 0.4160502020607141, 5,7, 5
0.5265748686223641, 1.475490235871016, 0.6188936133960338, 0.42616182920471407, 5,5, 5
0.537151599813743, 1.4422036444778012, 0.5939951713222157, 0.4139427392605331, 8,8, 8
0.5630280050555445, 1.3751988918502545, 0.5785946390174839, 0.4063683872841755, 7,7, 7
0.6040045233818931, 1.2346454403451206, 0.5014132791711698, 0.3366080881405154, 4,4, 4
0.593560832834431, 1.217788087710217, 0.5562969387733832, 0.3828404311878772, 9,9, 9
0.6447814807423667, 1.1453761216692746, 0.493834267652827, 0.3258649001795104, 10,10, 10
0.7185525177941862, 1.045273731711129, 0.4286165918925201, 0.26743692112356293, 8,8, 8
0.673784341116211, 1.03057445739621, 0.4864964819693368, 0.30126298925832423, 5,5, 5
0.730592696068649, 0.9843840514415402, 0.42840554845481016, 0.28027467748783236, 10,10, 10
0.7434311182066121, 0.9075298264270159, 0.41655953830006803, 0.29086466257110916, 5,5, 5
0.7577329874276592, 0.8696937685607526, 0.3998936229724624, 0.284149054357935, 9,9, 9
0.771436173751081, 0.8394273876891398, 0.38933030963448656, 0.28134975628519165, 3,3, 3
0.7750282711368323, 0.8193656805010527, 0.35986633525742406, 0.25889594553105416, 6,6, 6
0.7763586775759995, 0.8253224456292404, 0.3738831501226627, 0.25822198390002815, 7,7, 7
0.7874675713430453, 0.7792516465780491, 0.3586862669932851, 0.2418618658556236, 7,7, 7
0.7970464977050489, 0.7688754228441179, 0.3528967627443873, 0.24097222030943155, 7,7, 7
0.799108627685758, 0.7358411437398003, 0.32619737483868927, 0.23900479386024157, 5,6, 5
0.7991751480077164, 0.7228942680670243, 0.32950968895820465, 0.2382938776813968, 9,9, 9
0.7951174083682565, 0.7158184843990774, 0.331470362820409, 0.24277083083193582, 7,7, 7
0.7885984168163374, 0.7117124342313859, 0.34876470216528865, 0.24385667047188156, 7,7, 7
0.79538348965609, 0.6987388462430497, 0.31674990171361855, 0.23271596358316132, 5,5, 5
0.7997738309053416, 0.6803825279361055, 0.3143584514317049, 0.2361402660640982, 8,8, 8
0.8069580256768443, 0.6546251750346723, 0.30350247353754845, 0.2289598703274822, 6,6, 6
0.8059602208474689, 0.6563039008261803, 0.31038337821756445, 0.23275937210509035, 7,7, 7
0.8087540743697199, 0.641350327948123, 0.29880662459585056, 0.22741265592432502, 9,9, 9
0.8106831637065124, 0.6361563137486261, 0.3070638448093808, 0.22610714646499436, 8,8, 8
0.8156721878533892, 0.62506293450706, 0.2895356596796855, 0.21937041703735147, 3,3, 3
0.8245193906738508, 0.5964246046958503, 0.26179450352375316, 0.21255869005475028, 5,5, 5
0.8248519922836427, 0.5979421003656595, 0.271451487978447, 0.22395611785418532, 6,6, 6
0.8248519922836427, 0.5865735232807274, 0.27131305790570276, 0.21765787138190656, 3,3, 3
0.8250515532495177, 0.5762252931691562, 0.263259449977768, 0.2142404672450191, 8,8, 8
0.8208607729661411, 0.5832177816965719, 0.2867524395182687, 0.22118510417487453, 4,4, 4
0.8222576997272667, 0.5762825265629201, 0.2822286653408249, 0.2139084889383969, 7,7, 7
0.8219916184394332, 0.5633726106232856, 0.2861030422925062, 0.2152390700981678, 7,7, 7
0.824918512605601, 0.5518068183752404, 0.2813178057064621, 0.21075210308608136, 3,3, 3
0.824918512605601, 0.5544193332164533, 0.2771951079559564, 0.21347046404710848, 6,6, 6
0.825650236147143, 0.5419762819601557, 0.2765193157008998, 0.21211110190672153, 5,5, 5
0.8304396993281448, 0.5364534376803557, 0.26702330373788746, 0.2107601771626085, 5,6, 5
0.8291758132109359, 0.53681426414734, 0.2689540839150772, 0.21158606555454637, 5,5, 5
0.8323022683429788, 0.5324805233706814, 0.2595174391793864, 0.212937403868493, 6,6, 6
0.8313709838355617, 0.523049280602135, 0.2670711492185281, 0.21332135233220437, 1,1, 1
0.8325683496308122, 0.5202218876227831, 0.257531600707453, 0.21612306095844716, 4,4, 4
0.8316370651233952, 0.5184974446288799, 0.26209397897379033, 0.21256705588423006, 4,4, 4
0.8293753741768111, 0.5209450127399776, 0.26465662415644564, 0.20916962885174048, 4,4, 4
0.834763520255438, 0.5138322827040779, 0.2537198358951839, 0.20399506195357037, 3,3, 3
0.8382225769972727, 0.49858788641145446, 0.24613526842417163, 0.20926139615760175, 3,3, 3
0.8366926095922305, 0.4980002950982512, 0.25518802576014343, 0.21058318164125814, 7,7, 7
0.8406838289097319, 0.4971630967749214, 0.2453945144654974, 0.2052928349649258, 8,8, 8
0.839220381826648, 0.4924455097418594, 0.2503168625735659, 0.20816089633555357, 3,3, 3
0.8413490321293156, 0.49218654113663185, 0.2475519631569896, 0.20377506377382226, 8,8, 8
0.8418811947049823, 0.4851163820255881, 0.24219909595314043, 0.20162891684076537, 4,4, 4
0.8428124792123994, 0.4823701309197003, 0.24445303582092237, 0.20481529065934667, 8,8, 8
0.8437437637198164, 0.4724616134406165, 0.23957540034365238, 0.20078035480557863, 8,8, 8
0.8443424466174416, 0.46602557262150945, 0.22845826721967138, 0.1974867910840709, 6,6, 6
0.8454732920907337, 0.4636783170819643, 0.23054163428047617, 0.1997390642778914, 5,5, 5
0.845539812412692, 0.4645932335031237, 0.24403648190458901, 0.19962418547791586, 6,6, 6
0.846071974988359, 0.4642533085375605, 0.2360382241077026, 0.20054541848366875, 7,7, 7
0.8477349830373179, 0.4553663360955867, 0.23009924792124384, 0.19320518406887877, 6,6, 6
0.8466041375640259, 0.4563901765341506, 0.23804889811746968, 0.19344564666734876, 5,5, 5
0.8482006252910264, 0.45254903450024175, 0.2336790128369781, 0.18999821572978376, 7,7, 7
0.848666267544735, 0.44746413075285685, 0.2296099325982462, 0.1957846006965789, 6,6, 6
0.8505288365595689, 0.4417737013360698, 0.21811817200084874, 0.19049389306162146, 7,7, 7
0.8512605601011108, 0.44650280610767906, 0.2321622760959322, 0.19085451478216908, 10,10, 10
0.8520588039646112, 0.44280518227220766, 0.22850474522425743, 0.19569550521429613, 7,7, 7
0.8525909665402781, 0.44160328619790545, 0.2277375492051488, 0.19007312416527594, 9,9, 9
0.8522583649304862, 0.4375843416717067, 0.21830724738327847, 0.1902066003114224, 4,4, 4
0.8507949178474024, 0.43755867907547596, 0.2224250064347534, 0.1856879959577494, 6,6, 6
0.8504623162376106, 0.4365915188637845, 0.2266429434511752, 0.18485122250541486, 7,7, 7
0.8503957959156523, 0.4397152458582504, 0.23215741323076866, 0.18618220672576047, 7,7, 7
0.8528570478281114, 0.43122431674754064, 0.22092970317199714, 0.1861394456443623, 2,2, 2
0.8519257633206945, 0.43006743097328165, 0.2278146396467621, 0.18831762080770648, 4,4, 4
0.8546530965209872, 0.42757567236217064, 0.2191316224437448, 0.18279255236094624, 5,5, 5
0.8556509013503625, 0.4385089451051233, 0.20978410791483726, 0.18677872650570776, 5,6, 5
0.854453535555112, 0.4300849675285601, 0.21007964245245908, 0.18892616123040473, 6,6, 6
0.854985698130779, 0.41880213912493663, 0.207288379377728, 0.18686808928463083, 7,7, 7
0.8563161045699461, 0.41802623413823464, 0.2122430399595514, 0.18755999129837952, 8,8, 8
0.8552517794186124, 0.41693011012858, 0.21325610476223783, 0.18324487533951822, 6,6, 6
0.8566487061797379, 0.4161242029478908, 0.207651013976783, 0.18268671517882218, 6,6, 6
0.8572473890773631, 0.41326325174426165, 0.196985453634444, 0.18112283114903957, 3,3, 3
0.8573139093993215, 0.40847857550198935, 0.2043276559228103, 0.1857537727988521, 6,6, 6
0.8585112751945719, 0.40997484327043365, 0.20197587173956666, 0.18196632414124708, 8,8, 8
0.8581786735847802, 0.40334700070838675, 0.2059988465334908, 0.18280010179368536, 4,4, 4
0.8586443158384887, 0.40548070591826285, 0.2048530624883262, 0.18161343207283553, 7,7, 7
0.8601742832435308, 0.40936271305001376, 0.20105726484391212, 0.17477112539461018, 7,7, 7
0.8591099580921971, 0.40833984844180843, 0.20247974417836648, 0.17445561186100536, 8,8, 8
0.8591099580921971, 0.4045988202327442, 0.2085729208937424, 0.18270831919284558, 8,8, 8
0.8603073238874476, 0.4073576648027079, 0.2071023439714066, 0.17603359054816006, 5,5, 5
0.860573405175281, 0.4064476169359302, 0.2040350187967033, 0.17836264643282684, 8,8, 8
0.8618372912924899, 0.39991222563566575, 0.2041789034225863, 0.18115261162814345, 7,7, 7
0.8612386083948647, 0.39657459588341387, 0.19855075235726885, 0.17523291555480547, 8,8, 8
0.8632342180536153, 0.3983717427685001, 0.193456167018799, 0.1725932964457083, 7,7, 7
0.8608394864631145, 0.3974078988768215, 0.20771606067515738, 0.17468232691299693, 6,6, 6
0.8617707709705315, 0.3912242444324339, 0.19481731544004902, 0.17284943308897457, 3,3, 3
0.8634337790194905, 0.39049670515130713, 0.20601795077378474, 0.17119536582059125, 2,2, 2
0.10071176744495443, 2.304162439040412, 0.9016475516812446, 0.33387288328501685, 0,0, 0
0.18532561697598615, 2.155574985466531, 0.8241403602521271, 0.540419647959114, 0,0, 0
0.29681367657819463, 1.971539811353551, 0.7381906368536053, 0.4915477225071938, 5,6, 5
0.4265283043969933, 1.9485397618156164, 0.6546572213495717, 0.3340049897022246, 3,7, 3
0.469367391738176, 1.7165665765796179, 0.5887278273713665, 0.308011212886325, 2,5, 2
0.4973059269606865, 1.5746345708394747, 0.5818176264528558, 0.3068338873604781, 5,5, 5
0.47076431849930156, 1.5074053295602223, 0.6045039618144361, 0.3779836862556521, 2,3, 2
0.5723408501297146, 1.4000160509565813, 0.5395220256321884, 0.30986338606914055, 7,9, 7
0.6135834497438968, 1.286423087276144, 0.4961784657639472, 0.28978564027332476, 5,6, 5
0.6081287833433113, 1.1975666915500411, 0.521643429248333, 0.34602465957400486, 12,12, 12
0.6165103439100645, 1.1643098435518515, 0.4870872054332913, 0.28532748974765554, 6,6, 6
0.6558238541874543, 1.0750518511889517, 0.45189063018725967, 0.28155895086481375, 10,10, 10
0.6455797246058671, 1.033116608835502, 0.4697820997754954, 0.2975866954424718, 6,6, 6
0.6926095922304264, 0.9395974613818737, 0.41175468510239993, 0.2696822248098065, 3,3, 3
0.7226767777556043, 0.936812314571895, 0.4177177677357232, 0.27133630097037337, 9,9, 9
0.7063127785538482, 0.9149400633190528, 0.4170054943794851, 0.2764158824087894, 7,7, 7
0.7305261757466907, 0.8950080170292387, 0.40815965511716407, 0.26212783140679025, 9,9, 9
0.7494179471828644, 0.8502075523394508, 0.380295688166743, 0.2581109213670585, 7,7, 7
0.7532761258564491, 0.8406756119938298, 0.379463976164921, 0.2567380553287349, 9,9, 9
0.775161311780749, 0.8134197296713915, 0.35086486007458606, 0.25814024318740925, 11,11, 11
0.7824785471961684, 0.7824875936199821, 0.34534903148006924, 0.2501136834157217, 8,8, 8
0.8046963347302601, 0.7317661061748526, 0.2921922493729383, 0.23354159839423821, 7,7, 7
0.8014368389543005, 0.7147816486544568, 0.30326826525489325, 0.23205423898835306, 5,5, 5
0.8037650502228431, 0.7033667312841999, 0.3015596414798999, 0.22788239254018192, 10,10, 10
0.8088871150136366, 0.6918674147340527, 0.2741072086134282, 0.22919387575556616, 6,6, 6
0.809685358877137, 0.6845822822746399, 0.2960502739775796, 0.2371314320685689, 7,7, 7
0.8135435375507217, 0.6798320899548501, 0.2787792340380174, 0.2255629010810049, 7,7, 7
0.8193308055610989, 0.6685527310578475, 0.2664332512211022, 0.22139592389364374, 3,3, 3
0.8241202687421008, 0.6579950227339746, 0.2597116497122343, 0.22297543825622476, 7,7, 7
0.8222576997272667, 0.6443451615847301, 0.2721095902552048, 0.2204023954203719, 11,11, 11
0.8257167564691014, 0.6213061692702605, 0.2650166207452729, 0.22687408157099614, 5,5, 5
0.8215924965076831, 0.6204588771118453, 0.2652000064516482, 0.21499139468823789, 7,7, 7
0.8263154393667266, 0.6150109810503488, 0.25739292651914036, 0.2177545603245913, 8,8, 8
0.8269141222643518, 0.6006109534070726, 0.25660965489638754, 0.22088688171309873, 7,7, 7
0.8280449677376438, 0.5959934846105441, 0.2615218317426626, 0.2136316904795243, 7,7, 7
0.8263819596886849, 0.6103628706480032, 0.26258185401943324, 0.21387169211414586, 7,8, 7
0.8308388212598949, 0.5906678701684698, 0.25323551920729853, 0.21697366566077966, 7,7, 7
0.8265815206545599, 0.5856463251618451, 0.2642171289477479, 0.21721715257867216, 5,5, 5
0.8297744961085611, 0.5657095681191473, 0.24936242249412696, 0.2121208428001124, 8,8, 8
0.8320361870551454, 0.5654588689450286, 0.25299551899458217, 0.2174811653686849, 8,8, 8
0.8302401383622696, 0.5637518572226342, 0.26056604063688904, 0.21184018763734355, 7,7, 7
0.8304396993281448, 0.5566943025055516, 0.2532196850114687, 0.21312312127473543, 8,8, 8
0.8299740570744363, 0.5547595761852385, 0.25291125818384974, 0.20613460982498727, 8,8, 8
0.8335661544601876, 0.5503030408222399, 0.24487216007569398, 0.21346394142807756, 4,4, 4
0.8342978780017295, 0.5501167782393004, 0.2612476798136141, 0.21770656522574008, 5,5, 5
0.8342313576797712, 0.5444190621395261, 0.24649754746410618, 0.21651110111774133, 6,6, 6
0.8358278454067718, 0.5305470912363772, 0.23248611415018236, 0.20744521103066677, 6,6, 6
0.8376238940996474, 0.5252326264617001, 0.2532034553446265, 0.20921514025837104, 4,4, 4
0.8368921705581055, 0.5182816040312102, 0.2500343170905924, 0.2111595484889078, 7,7, 7
0.8380895363533559, 0.5175323918370944, 0.24432847162696802, 0.20809162645586227, 7,7, 7
0.8406838289097319, 0.5139474088147045, 0.24095007693914305, 0.2051204016585163, 8,8, 8
0.8411494711634404, 0.5033775898333077, 0.23835815481583855, 0.20635842254557032, 6,6, 6
0.8408168695536486, 0.5066834476919351, 0.2514931363240609, 0.20032074098518668, 7,7, 7
0.8423468369586908, 0.5085133577490175, 0.24746859323795975, 0.20227789205889027, 9,9, 9
0.845140690480942, 0.48999747068651345, 0.22580500464249156, 0.20372893712533602, 5,5, 5
0.8474689017494844, 0.48578421062349453, 0.22077585503185337, 0.19802079644770443, 7,7, 7
0.8449411295150668, 0.4805015327072207, 0.2245129464073667, 0.2006994126396131, 6,6, 6
0.8470032594957759, 0.47393777938513026, 0.21468624572821035, 0.2084817562038081, 4,4, 4
0.8489988691545267, 0.4685569330170661, 0.2163052764569099, 0.19986898046767007, 5,5, 5
0.8464710969201091, 0.470960005449798, 0.21769982280969763, 0.1958547806737887, 7,8, 7
0.8501297146278188, 0.46490901595178036, 0.21228911398758027, 0.1937754916395625, 7,7, 7
0.849065389476485, 0.46166563833438506, 0.2115970706445844, 0.1888943113131491, 6,6, 6
0.8496640723741102, 0.45970888627611434, 0.21404911097456022, 0.19276509558966665, 7,7, 7
0.8522583649304862, 0.4556603783927081, 0.2120499356357149, 0.18936972504138602, 5,5, 5
0.8535887713696534, 0.4542616363683794, 0.22099814489527755, 0.1941782461132583, 4,4, 4
0.8458058937005255, 0.5771547364538063, 0.22903492768209027, 0.20727935202022024, 8,9, 8
0.8485332269008182, 0.5146381453145018, 0.22425796906022696, 0.19451240525759161, 11,11, 11
0.849797113018027, 0.47429736432095454, 0.2162874274488453, 0.19546093222010838, 4,4, 4
0.8511940397791525, 0.46650344404910765, 0.21773465572992312, 0.19430956738081878, 7,7, 7
0.8520588039646112, 0.45709530719578584, 0.2092583578537365, 0.19091644314363737, 5,5, 5
0.851460121066986, 0.456591064043664, 0.2196241894137048, 0.19717050631549593, 10,10, 10
0.8549191778088205, 0.4438763307095589, 0.21010841430423174, 0.19272549471334952, 3,3, 3
0.8559835029601544, 0.4448542943344693, 0.21862897964871114, 0.1965842808958695, 7,7, 7
0.8569147874675713, 0.44085430069370674, 0.22255894479566724, 0.18615208008908277, 6,6, 6
0.8567152265016963, 0.43703983684040354, 0.21831547659504114, 0.18473499750678124, 8,8, 8
0.8589103971263221, 0.4325954190655902, 0.204108251374646, 0.18668877031299438, 8,8, 8
0.8585777955165304, 0.4324070584850929, 0.21400696456603188, 0.18658740085459247, 7,7, 7
0.8588438768043637, 0.4332978549117763, 0.21697343789195792, 0.1849443004545538, 6,6, 6
0.860373844209406, 0.42529968928982614, 0.20839305254421606, 0.17995498763706244, 5,5, 5
0.8578460719749884, 0.427658044361131, 0.2167242135056487, 0.18599251272833894, 5,5, 5
0.8592429987361139, 0.4297755657588639, 0.21008159882545047, 0.18408133375675473, 6,8, 6
0.8584447548726136, 0.4269618814708927, 0.21684616610104182, 0.1824424584216167, 4,4, 4
0.8582451939067385, 0.4296780878814637, 0.21559329506885283, 0.17683854924270961, 6,6, 6
0.8601077629215725, 0.42242461839914963, 0.2090093754868864, 0.17776426948317692, 6,6, 6
0.8597086409898224, 0.4246547004478131, 0.20314249634914097, 0.17703444292410853, 6,6, 6
0.8591099580921971, 0.42267874734521976, 0.2147931659914848, 0.1755472484938509, 8,8, 8
0.8613716490387814, 0.4121459612751287, 0.20417794947353493, 0.18324363702583607, 7,7, 7
0.8600412425996142, 0.4149343600208604, 0.21513728647614372, 0.18471324260700847, 8,8, 8
0.8612386083948647, 0.4109316883443524, 0.2110724971290605, 0.1843374457831948, 10,10, 10
0.8599082019556975, 0.41075841460084317, 0.21663018217467633, 0.18829245243268564, 8,8, 8
0.8609725271070312, 0.4082133347253545, 0.19773222848503738, 0.1812739584811645, 8,8, 8
0.8606399254972394, 0.4065831139048404, 0.20021458836522213, 0.17860186186917987, 6,6, 6
0.8626355351559901, 0.4039005389183698, 0.19937881292985693, 0.18038565070589513, 5,5, 5
0.8621033725803233, 0.4054494134385137, 0.1985533802560503, 0.17545274294015387, 10,10, 10
0.8639659415951573, 0.4052725564524838, 0.19485811432243177, 0.174538229984629, 6,6, 6
0.8632342180536153, 0.4024209511826781, 0.2008463103720708, 0.17734749979262596, 5,5, 5
0.8625690148340318, 0.40309773259313797, 0.20485508756303378, 0.17516075943309786, 7,7, 7
0.862968136765782, 0.39910474861207734, 0.19432062664176153, 0.16953830829818764, 8,8, 8
0.8631011774096987, 0.39786568533047895, 0.20134198993179378, 0.17493464968435218, 8,8, 8
0.86669327479545, 0.39099642419331687, 0.1965384411084562, 0.1711054990243692, 5,5, 5
0.8638329009512407, 0.3945812183154541, 0.2046788342691983, 0.17447552172999728, 5,5, 5
0.08634337790194904, 2.303767249928829, 0.9242763327955354, 0.28002995023621674, 0,0, 0
0.31943058604403646, 2.119337671524527, 0.7419679083929145, 0.3013983474121941, 0,0, 0
0.28676910796248256, 1.9560387735282012, 0.7849654385572193, 0.5033498981673723, 8,9, 8
0.33140424399654095, 1.820000098097735, 0.7459279757381561, 0.47567476443401985, 5,6, 5
0.4542672786536287, 1.5714803262805022, 0.6774019847592736, 0.4163326402197894, 6,7, 6
0.5841814674383023, 1.4496270140630136, 0.5555899266493279, 0.3238895019191891, 6,8, 6
0.6127852058803964, 1.4084314033035965, 0.5395266602505339, 0.2782669349367261, 5,7, 5
0.5459988026342047, 1.5153897404353522, 0.6003608905017583, 0.39537204711602036, 7,12, 7
0.6159116610124393, 1.324518166633859, 0.5607122462696982, 0.3818593091958902, 2,5, 2
0.628484001862569, 1.2675341472724957, 0.5361959936515823, 0.3363465234262448, 6,6, 6
0.6520321958358278, 1.1868346340304567, 0.5036476103279806, 0.3199370933519112, 7,7, 7
0.6527639193773698, 1.131561194504522, 0.5231326855410642, 0.3639223453906819, 11,11, 11
0.685092795849132, 1.097523110481838, 0.44842120483054626, 0.2615805755917265, 7,7, 7
0.6964012505820528, 1.0058525807517664, 0.45930737532241345, 0.2893997123267177, 7,7, 7
0.7210137697066454, 1.0021614596430333, 0.4045283146934515, 0.25561601634148007, 5,5, 5
0.7117009246324753, 0.9645272297704197, 0.45478285215669784, 0.32852145277183015, 8,8, 8
0.7368456063327347, 0.913158061905254, 0.38982397831852755, 0.2670165377744972, 8,8, 8
0.736912126654693, 0.9059730149783812, 0.3988136469485965, 0.2887479151666604, 4,4, 4
0.7821459455863766, 0.8283097660589208, 0.3340962738014447, 0.2338479898747427, 5,5, 5
0.7638528570478281, 0.8203074085517184, 0.3729241259977322, 0.2606248229129326, 7,7, 7
0.7472227765582385, 0.8331987152655627, 0.3903851081771904, 0.24917424014633113, 11,11, 11
0.7645180602674116, 0.8010823733664334, 0.36107706243717985, 0.2534196760384419, 11,11, 11
0.7787534091665004, 0.7508882098994333, 0.3400291359426606, 0.2357575348359148, 4,4, 4
0.7937204816071309, 0.712917716228963, 0.3294225277744443, 0.2334223967914873, 7,7, 7
0.800971196700592, 0.7022068895897293, 0.30396370755994534, 0.23624222485644902, 9,9, 9
0.7988425463979245, 0.6866314705815656, 0.33017771759461995, 0.23430532228420314, 4,4, 4
0.8008381560566753, 0.6727443538958584, 0.3251197388282111, 0.2310812156782777, 7,7, 7
0.8014368389543005, 0.6642737359285393, 0.3353299098036021, 0.24671142737053434, 10,10, 10
0.8013703186323422, 0.6663498646478874, 0.3338257131371735, 0.24095213020398987, 5,5, 5
0.8090866759795118, 0.6516952224991379, 0.3017465213800484, 0.22701583525973582, 4,4, 4
0.807290627286636, 0.6535727293537851, 0.30611307122724496, 0.22178991655635533, 10,10, 10
0.809884919843012, 0.6425276856256131, 0.30563300710270386, 0.2256766522033741, 9,9, 9
0.8152065455996808, 0.6066914537732543, 0.291610751975619, 0.21972938094169447, 6,6, 6
0.8137430985165969, 0.6020398732886872, 0.29183503243188036, 0.2303311048955089, 6,6, 6
0.809685358877137, 0.6106826385914468, 0.3108979972758519, 0.2177111574101516, 9,9, 9
0.8221911794053083, 0.590649414257551, 0.2698856794338058, 0.20650461343908535, 7,7, 7
0.8135435375507217, 0.6009179710799794, 0.3106060236485825, 0.2159248403856367, 5,5, 5
0.8179338787999734, 0.5845005286630237, 0.3041324740984614, 0.2156044642358041, 6,6, 6
0.8225237810151002, 0.5676671343409931, 0.28601049821604674, 0.21984077570186009, 8,8, 8
0.8278454067717688, 0.5542827559540041, 0.26938475931596034, 0.21220622919440757, 4,4, 4
0.8259163174349764, 0.5413776683585046, 0.27589435748690816, 0.21688279181734132, 6,6, 6
0.8329674715625623, 0.5352960336890829, 0.2697715378863757, 0.21816306878739097, 9,9, 9
0.8335661544601876, 0.5318923237833312, 0.26856237298167, 0.21563889039166054, 6,6, 6
0.8341648373578128, 0.5292334805506053, 0.26321362429771816, 0.21298336353503614, 7,7, 7
0.8360939266946052, 0.5176657703090938, 0.25488243185796905, 0.209591975457073, 9,9, 9
0.8396860240803565, 0.5100781255551012, 0.24638533451810748, 0.19848794627361735, 6,6, 6
0.8398855850462317, 0.5067697879274036, 0.24619330339813128, 0.20086537931683218, 7,7, 7
0.8378899753874809, 0.5055508102799897, 0.2609226239360332, 0.20491371291135527, 7,7, 7
0.8419477150269408, 0.491678970102528, 0.24228920981627977, 0.20237287720116004, 5,5, 5
0.8426794385684827, 0.48868149366886554, 0.23205899347518802, 0.20272777083777502, 8,8, 8
0.8446085279052751, 0.48610763175625993, 0.23130664850533858, 0.1909289019319551, 10,10, 10
0.8368256502361472, 0.4989107295205299, 0.26505298211025946, 0.200721877967125, 12,12, 12
0.840883389875607, 0.48738670526652755, 0.25161711934444364, 0.20069869447207964, 5,5, 5
0.8456728530566088, 0.47666925078903116, 0.23307772162697016, 0.19653164150077232, 6,6, 6
0.8483336659349431, 0.4687668160097584, 0.22957953464418857, 0.19627508037984295, 8,8, 8
0.8450741701589836, 0.465670887255665, 0.22678524794780686, 0.1979172432510831, 5,5, 5
0.8500631943058604, 0.46086861561806847, 0.22195733454121097, 0.19234146934016935, 10,10, 10
0.8496640723741102, 0.4575090230631902, 0.23240353408891742, 0.19533046933963358, 8,8, 8
0.8513936007450276, 0.4548762375866698, 0.2259450621000639, 0.19377668143158502, 9,9, 9
0.8521918446085279, 0.4488284139611586, 0.22677147124441557, 0.19207411098162017, 8,8, 8
0.8508614381693608, 0.4539026014208373, 0.23537114134374915, 0.19626875590984563, 8,8, 8
0.8519922836426528, 0.448497587637173, 0.22575001196968925, 0.1930201391869637, 5,5, 5
0.8549191778088205, 0.4417744289679069, 0.2141644543004514, 0.18750059528051138, 9,9, 9
0.8550522184527373, 0.4368267568102961, 0.2140510520939952, 0.1836761131870489, 9,9, 9
0.854985698130779, 0.4447277177248938, 0.20534003725799643, 0.1853634299508244, 8,9, 8
0.8553848200625291, 0.4363172125747948, 0.20916154697396727, 0.1846351284883462, 8,8, 8
0.8555178607064459, 0.43301581263086547, 0.2062022070424124, 0.1871000011039542, 10,10, 10
0.8558504623162376, 0.43045197741997576, 0.20831565329269186, 0.1857487508215749, 8,8, 8
0.8557839419942792, 0.4311230818244966, 0.2144659181643525, 0.18876083196065319, 9,9, 9
0.8561165436040711, 0.4293530614577982, 0.20797939442390587, 0.1895619811994105, 7,7, 7
0.8597086409898224, 0.41997036876691707, 0.19656915213393195, 0.18073976455006688, 6,6, 6
0.8588438768043637, 0.4211373210989821, 0.2017179122497318, 0.1885604177025393, 7,7, 7
0.8592429987361139, 0.4161626553388519, 0.21246751636038375, 0.18477188127265, 5,5, 5
0.8583782345506552, 0.4174749825403659, 0.21102369267330928, 0.18024177884757417, 3,3, 3
0.8606399254972394, 0.4087231101201148, 0.19887373344403145, 0.17768085672760148, 5,5, 5
0.8573804297212798, 0.41561206211992546, 0.2255491012320159, 0.1825238271399362, 6,6, 6
0.8600412425996142, 0.41081244017448704, 0.20131378734654093, 0.17381299909288386, 5,5, 5
0.8619703319364066, 0.4067726023364342, 0.19517963805817903, 0.17755908917473753, 7,7, 7
0.8608394864631145, 0.4070395332821391, 0.20330199830227313, 0.1757228264962736, 6,6, 6
0.8600412425996142, 0.4069350026621038, 0.2039634699888679, 0.18174004787192094, 9,9, 9
0.859642120667864, 0.4087673234665034, 0.20672985416688397, 0.17598025400715367, 6,6, 6
0.8601077629215725, 0.4079030419138449, 0.20754144650665307, 0.1786778218577083, 4,4, 4
0.8617707709705315, 0.4023769617810596, 0.2095044383768375, 0.17601772016988101, 6,6, 6
0.8641655025610324, 0.39786724317711003, 0.19322465241837022, 0.1709920919714503, 9,9, 9
0.8636998603073239, 0.3958683357965316, 0.20325198454056553, 0.1769292036611223, 9,9, 9
0.864098982239074, 0.39548868119419817, 0.1926315170034361, 0.17555998103729706, 7,7, 7
0.8638329009512407, 0.3966359075817494, 0.1927153365462692, 0.17049877431875315, 9,9, 9
0.8646311448147409, 0.39265764806860765, 0.19517953564157597, 0.17107108980415492, 9,9, 9
0.8644981041708242, 0.38891889225851367, 0.19175055637152533, 0.17342166687078475, 6,6, 6
0.8636333399853655, 0.3974069520107773, 0.19728765762954217, 0.1693494512386316, 8,8, 8
0.8641655025610324, 0.3924277947720238, 0.19543445916566632, 0.1738754918257843, 4,4, 4
0.863167697731657, 0.39076996705973166, 0.19503675633305545, 0.17411868094453856, 6,6, 6
0.8652963480343245, 0.38959977443702265, 0.19680462799062406, 0.17248779576205084, 7,7, 7
0.865761990288033, 0.3918841747916286, 0.20280164947081503, 0.17243603826670006, 7,7, 7
0.8658285106099913, 0.39172504419761894, 0.19386968076108943, 0.16764377861050744, 9,9, 9
0.8653628683562828, 0.3895693886780075, 0.2019331485691406, 0.16572858067997262, 8,8, 8
0.8646311448147409, 0.38923528394886, 0.21049110490671544, 0.17272004526411633, 7,7, 7
0.8648972261025744, 0.3896741263419305, 0.2120451180346534, 0.16582935912856414, 8,8, 8
0.8676910796248254, 0.38387862082207513, 0.19848509637226516, 0.16733759790042277, 6,6, 6
0.8659615512539081, 0.38191843823054794, 0.20592980675993722, 0.1759683461726966, 7,7, 7
0.8664271935076165, 0.381231904294176, 0.1933104823740303, 0.1649531836114092, 9,9, 9
0.10596687287966473, 2.3019931340006656, 0.8852709187843435, 0.27988871723233283, 0,0, 0
0.2103372580323289, 2.1633362029393832, 0.8157528730658108, 0.5046095123104246, 0,0, 0
0.41122863034657087, 1.8656168049945412, 0.6847560927129002, 0.3838505008587513, 2,4, 2
0.49032129315505885, 1.6110204318665309, 0.6268697887627481, 0.3352535948763559, 4,5, 4
0.5708774030466307, 1.4603416750991762, 0.5187507140327526, 0.2984952286465415, 4,5, 4
0.5823854187454267, 1.3563000847644848, 0.5432230834530138, 0.30950492369534993, 4,5, 4
0.5812545732721346, 1.3638059327945404, 0.558311304397821, 0.31848465502943346, 6,7, 6
0.6155790594026475, 1.18245338496774, 0.5312895113465836, 0.307629764822433, 6,7, 6
0.6858245193906739, 1.0925229502457914, 0.4500773536938913, 0.2664493887281534, 4,4, 4
0.6950708441428857, 1.0693608564772048, 0.4347532142878724, 0.2518943919140009, 6,8, 6
0.7277988425463979, 0.9502013962972763, 0.41634708616117555, 0.24416149212610694, 7,8, 7
0.6886848932348832, 0.9335018603679233, 0.4497449287801602, 0.27141423644828033, 6,6, 6
0.7021219982704716, 0.9145396633241554, 0.42635623704640224, 0.2755768432599572, 6,7, 6
0.7166234284573937, 0.9122834086264991, 0.4226946015387123, 0.27877997993148435, 5,7, 5
0.7477549391339054, 0.8518814227607597, 0.40577558743746794, 0.2421166811763104, 5,6, 5
0.7553382558371583, 0.8284837647714777, 0.4150398378934606, 0.26350034621921914, 8,8, 8
0.7713031331071643, 0.7851768798274829, 0.3781474743521469, 0.24179217457775426, 3,3, 3
0.7798177343178341, 0.7440560180336693, 0.3661222373280416, 0.2468591964472183, 2,2, 2
0.7836759129914189, 0.726134524473689, 0.36673703755809806, 0.23615416587951268, 4,4, 4
0.797246058670924, 0.6947008118272818, 0.3176536551717979, 0.217526384440326, 4,4, 4
0.799108627685758, 0.6720340441349844, 0.3317814289192971, 0.22810579596217195, 4,4, 4
0.7915918313044635, 0.6663097291388554, 0.33916755956773115, 0.22825943697236098, 5,6, 5
0.8011042373445088, 0.6558786897188049, 0.3120890648136616, 0.21244264015347325, 6,6, 6
0.807290627286636, 0.6400241984753153, 0.31500650225250054, 0.21187917499814723, 5,5, 5
0.8187321226634737, 0.615753670485497, 0.3088536109471314, 0.2186223532210985, 4,4, 4
0.8136765781946385, 0.6160880074759796, 0.3240517391915914, 0.22765564906831437, 5,5, 5
0.8118140091798044, 0.6184383968110371, 0.33386833535561783, 0.22475538650428484, 8,8, 8
0.8189316836293488, 0.5985742662245144, 0.3174798613366974, 0.21989729280100612, 9,9, 9
0.8240537484201423, 0.5740722697221727, 0.28023706527764236, 0.2030080180282243, 5,5, 5
0.828444089669394, 0.5554619947460543, 0.2764634568419508, 0.2100714907939062, 5,5, 5
0.8186656023415153, 0.5596442151085895, 0.30122132295113135, 0.22183794219792244, 6,6, 6
0.8217920574735582, 0.5564990228431107, 0.2986007707414117, 0.21930847096669392, 5,6, 5
0.8361604470165636, 0.5208143737314249, 0.259835410181518, 0.2055089168592661, 7,7, 7
0.8342978780017295, 0.5205966397238959, 0.25926020187695936, 0.1967634006289601, 7,7, 7
0.8351626421871882, 0.5101005476307175, 0.27097497958446, 0.20568584728847855, 5,5, 5
0.8368256502361472, 0.507750948094086, 0.2564187594314877, 0.1980225912509294, 8,8, 8
0.8402847069779817, 0.5002280663190739, 0.2580149803184833, 0.20326533304439579, 9,9, 9
0.8419477150269408, 0.4989872327846495, 0.2557992905213091, 0.20102179635979245, 10,10, 10
0.8421472759928158, 0.4971858811035023, 0.2594976979049267, 0.1949425708772268, 5,5, 5
0.8424133572806493, 0.4946882279642311, 0.2602399707358046, 0.19948336250525642, 7,7, 7
0.8433446417880662, 0.49320701327061117, 0.2509144503609076, 0.1946520762249223, 8,8, 8
0.8456063327346505, 0.488105514182758, 0.24264942082478588, 0.19069047474495376, 5,5, 5
0.8458058937005255, 0.5299273817693119, 0.2535510688794455, 0.19807154846782837, 6,7, 6
0.8447415685491918, 0.5083841741089614, 0.24058280458269743, 0.18986079690165217, 4,4, 4
0.8456728530566088, 0.49114511965306207, 0.23714068367698826, 0.18748346170219313, 5,5, 5
0.8466706578859842, 0.476897118404106, 0.26176839265754426, 0.2010466397067712, 8,8, 8
0.849065389476485, 0.46992553830106504, 0.24869463275034412, 0.19494537565721526, 8,8, 8
0.8461384953103173, 0.46613389507048686, 0.2479031518494458, 0.19260737730400923, 7,7, 7
0.8482006252910264, 0.465971938502265, 0.24650823171424674, 0.19806993294190073, 6,6, 6
0.8483336659349431, 0.4832257443302211, 0.2476180137262081, 0.1942038441310716, 6,8, 6
0.8519257633206945, 0.46172368623069016, 0.2278093844983912, 0.1903218293887687, 4,4, 4
0.8532561697598616, 0.45367412787544925, 0.23737854265832606, 0.18827520224493557, 6,7, 6
0.8527905275061531, 0.4530903411506111, 0.2475841815573947, 0.19695105261160556, 7,7, 7
0.8525909665402781, 0.44775780627763373, 0.21845304154378165, 0.18586903091768497, 8,8, 8
0.8521918446085279, 0.446294677682803, 0.24764353319091806, 0.19530254742569825, 5,5, 5
0.8531896494379033, 0.4441550846328165, 0.22682664662789193, 0.18476765774794365, 6,7, 6
0.854985698130779, 0.4389769759214129, 0.22039569408448714, 0.17952359688564745, 3,3, 3
0.854054413623362, 0.43779291349992067, 0.22561202456106455, 0.18670258643977838, 9,9, 9
0.8553182997405707, 0.43524447341434674, 0.22028742380819338, 0.1854342199680065, 6,6, 6
0.8536552916916118, 0.434217159612971, 0.22633209579387992, 0.1799087825538091, 5,5, 5
0.8550522184527373, 0.42860225942880364, 0.23631531776112027, 0.18365779512235383, 5,5, 5
0.8557839419942792, 0.4246885530706559, 0.21937647553759645, 0.17941942680604722, 5,5, 5
0.8577130313310717, 0.4202210571843191, 0.22950422690729258, 0.1790335208273534, 9,9, 9
0.8557839419942792, 0.4219103151228677, 0.24076102028158303, 0.19194247032638745, 5,5, 5
0.8583782345506552, 0.4203542613418281, 0.2188891038424904, 0.17579144107237304, 8,8, 8
0.8559835029601544, 0.41893474084851956, 0.22032743636136798, 0.17918332674547835, 7,7, 7
0.8567152265016963, 0.41733238931370964, 0.21488017383235827, 0.17859206879878894, 9,9, 9
0.8587773564824054, 0.41352779185875826, 0.20982057853178993, 0.16943927720427474, 6,6, 6
0.8600412425996142, 0.408016231810452, 0.2154052297590269, 0.17879891234165954, 3,3, 3
0.858710836160447, 0.41221610559040156, 0.21528838046957305, 0.17649653588552597, 7,7, 7
0.8608394864631145, 0.4061785254612964, 0.21322921538471665, 0.17738057284198605, 4,4, 4
0.8602408035654893, 0.40847528165160646, 0.21419851548181623, 0.1746616185655452, 2,3, 2
0.860573405175281, 0.407526287319128, 0.225110462935044, 0.18728781908818617, 7,7, 7
0.8615712100046564, 0.4036756776613045, 0.20540178516534088, 0.17725345413063193, 7,7, 7
0.8610390474289895, 0.4037593571083666, 0.22420014590623802, 0.18126683014636527, 6,6, 6
0.8623694538681568, 0.4082106746239357, 0.22922304706335792, 0.18266213775927154, 6,6, 6
0.862968136765782, 0.4035011545196902, 0.2221862611382889, 0.17563566361583405, 5,5, 5
0.861305128716823, 0.4049931835842794, 0.22873441314567747, 0.18474102969333883, 6,6, 6
0.8629016164438236, 0.39901116762066224, 0.21131444175286557, 0.17189616783598805, 4,4, 4
0.8630346570877403, 0.400933500779842, 0.21501361186440857, 0.17017073961977633, 6,6, 6
0.8646976651366992, 0.3959746846414004, 0.20693573754244615, 0.17019967468772593, 6,7, 6
0.8635002993414488, 0.39764028293225195, 0.21160353052829084, 0.17156152745572353, 3,3, 3
0.8637663806292822, 0.39304417018258625, 0.2079614272481115, 0.16941023715181688, 3,3, 3
0.8634337790194905, 0.3926373120126704, 0.20295934751986905, 0.16690026123674298, 7,8, 7
0.8633007383755738, 0.39614522622905823, 0.20672959358038942, 0.16906926818810125, 7,7, 7
0.8647641854586576, 0.38643942781058704, 0.20748500706036255, 0.17040191145700445, 7,7, 7
0.8670258764052418, 0.38459203068054465, 0.2011489239153173, 0.16401073905794863, 5,5, 5
0.8635668196634072, 0.44313218908820257, 0.20405971222457076, 0.17287831140427465, 4,7, 4
0.8643650635269075, 0.41291543692927235, 0.20076183342724524, 0.17027722348765656, 5,5, 5
0.862968136765782, 0.39874113773792375, 0.2147108692695216, 0.1816318733678085, 3,3, 3
0.8636998603073239, 0.39708260994498384, 0.21583161122820957, 0.1760553684733799, 6,6, 6
0.8630346570877403, 0.39389911660337035, 0.2055999980902759, 0.1689135031534465, 8,8, 8
0.8637663806292822, 0.3939637357000852, 0.2104459011858985, 0.17120410460709984, 3,3, 3
0.8652963480343245, 0.3864072076924101, 0.21176254545404383, 0.17422510171634645, 8,8, 8
0.8654293886782412, 0.38526201579084335, 0.19710226955582386, 0.17005230067416147, 4,4, 4
0.8639659415951573, 0.38485316386190027, 0.20540910654259018, 0.17011944700319528, 4,4, 4
0.8660945918978248, 0.38405250363897886, 0.20202501224920522, 0.16965235025322778, 4,4, 4
0.8663606731856582, 0.3867962686913123, 0.20897756850649948, 0.17075087314852733, 6,6, 6
0.866493713829575, 0.386895002426528, 0.210634070914409, 0.17240909722179112, 5,5, 5
0.8670923967272002, 0.38185083700977, 0.21231447467169978, 0.1703436553908413, 8,8, 8
0.8668263154393667, 0.3783489968655378, 0.203538589950028, 0.16715571897760206, 4,4, 4
0.08521253242865695, 2.3057984013856547, 0.9150754330143636, 0.32115150748698407, 0,0, 0
0.21599148539878932, 2.182087969948081, 0.7901359422492255, 0.4549069650371582, 0,0, 0
0.33473026009445883, 1.998190566577225, 0.6947133510181674, 0.3934766076166756, 4,6, 4
0.42340184926495045, 1.8125717122673861, 0.7117555015849475, 0.42252230801699203, 5,8, 5
0.47468901749484466, 1.6100948952943304, 0.6473302056215567, 0.4343201001871694, 4,6, 4
0.5043570810882725, 1.441788447464488, 0.6548583093710453, 0.43927602440827535, 3,5, 3
0.6136499700658551, 1.283275728281653, 0.5362796219600068, 0.30731555398205646, 5,7, 5
0.7030532827778887, 1.155943057812621, 0.4341448964355228, 0.26259946558547553, 4,9, 4
0.6872879664737578, 1.0434396108169461, 0.4898078310873377, 0.30815658730455897, 4,6, 4
0.6941395596354686, 0.9614066944498688, 0.47324318603640203, 0.2980293565929464, 2,2, 2
0.7059801769440565, 0.9388250901758981, 0.46300976540930117, 0.3290435799919165, 6,7, 6
0.7212798509944788, 0.9292453880783105, 0.4543555457275933, 0.3181002664203704, 7,8, 7
0.7523448413490321, 0.8489387831855812, 0.41838215432181003, 0.2815621407942181, 5,5, 5
0.7432315572407371, 0.8536490059415414, 0.42007968783400707, 0.2893580921369996, 5,6, 5
0.740437703718486, 0.8141811598044506, 0.4110339283833252, 0.2721999277193487, 4,4, 4
0.7576664671057007, 0.7678707308121763, 0.3888844390074553, 0.2864331838384652, 7,7, 7
0.772367458258498, 0.7284061975262074, 0.38463282234673046, 0.25149444570897894, 7,7, 7
0.7921905142020887, 0.6855524921341555, 0.3481216909467365, 0.24397017231732365, 8,8, 8
0.7902614248652964, 0.6696290282964577, 0.3536248258870544, 0.2521292681303972, 5,5, 5
0.8004390341249251, 0.6706780481494168, 0.3382049201362405, 0.24424370641619164, 8,8, 8
0.8004390341249251, 0.6537019333295179, 0.33733115344965875, 0.24179466277708697, 9,9, 9
0.792057473558172, 0.6612013399812373, 0.34390836237661526, 0.23884429551931313, 8,8, 8
0.7995742699394665, 0.6490604647127912, 0.32480060287766627, 0.23249587642798797, 6,6, 6
0.8120800904676378, 0.6405021229273179, 0.30556093886019353, 0.22416641316956867, 7,9, 7
0.8104170824186789, 0.6254115529353031, 0.3037701566191657, 0.22736285643808374, 5,5, 5
0.8044302534424267, 0.619015822180927, 0.31555352684537075, 0.2388498835466684, 7,7, 7
0.8094857979112619, 0.6061150239302395, 0.3160336005645345, 0.23408386783784374, 6,6, 6
0.8126787733652631, 0.5956212446009536, 0.31846739584891515, 0.23208559000551923, 9,9, 9
0.8195968868489324, 0.5795761222288274, 0.29654011809703046, 0.224405140086318, 8,8, 8
0.8215924965076831, 0.5674807111741704, 0.2947164363832321, 0.2214518303461997, 5,5, 5
0.8228563826248919, 0.5599672101557398, 0.29136755579826634, 0.22279230671669756, 4,4, 4
0.8226568216590169, 0.5563895896489769, 0.3041299056542679, 0.22181758969156973, 8,8, 8
0.8197299274928491, 0.5617561254573524, 0.30593656516971013, 0.22335242900863453, 5,5, 5
0.8247854719616843, 0.5717870012363163, 0.2849435261877568, 0.22308493044481373, 7,8, 7
0.8209272932880995, 0.5630468566202905, 0.2970534395524281, 0.2190754144728546, 9,9, 9
0.8232555045566421, 0.550936436671449, 0.2869969680260672, 0.21931433616313206, 7,8, 7
0.8241202687421008, 0.5480432933229679, 0.29058956246491563, 0.21569822952893467, 7,7, 7
0.8266480409765183, 0.5293328564775229, 0.29242945919912905, 0.21802905351959903, 7,7, 7
0.831237943191645, 0.5209667923348648, 0.2770134424825868, 0.21197832944364808, 7,7, 7
0.8241867890640591, 0.5263479131140726, 0.3070592228368659, 0.21798840984448845, 7,7, 7
0.8340983170358545, 0.5154542921337595, 0.2706831696845435, 0.21008441831198968, 4,4, 4
0.8323022683429788, 0.5182759639753227, 0.27430106788367337, 0.21172438044237166, 6,6, 6
0.8280449677376438, 0.51915783391314, 0.2883534692863519, 0.21587641140217262, 8,8, 8
0.8313044635136034, 0.509828803980183, 0.279844556173948, 0.2076593972292887, 8,8, 8
0.8354952437969799, 0.5039826607384641, 0.2767656371350762, 0.21066359806339327, 7,7, 7
0.8368921705581055, 0.4996573032965838, 0.268303618090012, 0.2054833071755403, 7,7, 7
0.8344309186456462, 0.5029214168954758, 0.2714265157544507, 0.20331483841938525, 7,7, 7
0.8386216989290228, 0.4915134278557551, 0.259302413686186, 0.20738207594664174, 8,8, 8
0.8412159914853988, 0.4854451873136154, 0.2567000419989912, 0.20242594965002486, 5,5, 5
0.8417481540610656, 0.4790266640321501, 0.2678125725405561, 0.2109621630578543, 6,6, 6
0.8410164305195237, 0.4786074897712116, 0.2571617591397369, 0.19930904781399147, 8,8, 8
0.8480675846471097, 0.4645580595434229, 0.2321091992398413, 0.19098211753917094, 8,8, 8
0.8474689017494844, 0.46041516638879476, 0.241769893298467, 0.19889260857100285, 4,4, 4
0.8483336659349431, 0.4566385838837968, 0.24465743613209132, 0.2012481861275086, 9,9, 9
0.8478680236812346, 0.45541177461821514, 0.22851112263324758, 0.19019145091767325, 5,5, 5
0.8466041375640259, 0.4636548628941686, 0.2401210742006938, 0.19401801516392844, 9,9, 9
0.8476684627153596, 0.4645595084447651, 0.25522861716484785, 0.19261084988696361, 11,11, 11
0.8506618772034856, 0.4510503264461116, 0.2331922579677679, 0.19374135343083598, 12,12, 12
0.8501297146278188, 0.4517741526740706, 0.25037180463729136, 0.19682992384228296, 9,9, 9
0.849797113018027, 0.4514535638844099, 0.2464532339189331, 0.19425674282084973, 10,10, 10
0.8515931617109027, 0.4459088007881336, 0.2325984949629888, 0.18916170439162974, 4,4, 4
0.8549191778088205, 0.4351180741494764, 0.2193391582230294, 0.18770225694382725, 7,7, 7
0.8548526574868622, 0.4353704133876187, 0.2331539294262747, 0.18484658912633908, 7,7, 7
0.8535887713696534, 0.4345941031442586, 0.229712476155244, 0.19047844805294953, 7,7, 7
0.8543870152331537, 0.43415669784672045, 0.22336502625245938, 0.19429704059213043, 8,8, 8
0.8559835029601544, 0.43350994609382487, 0.21658405562434993, 0.18390766822125315, 10,10, 10
0.8561165436040711, 0.43016362038330586, 0.21918271110295642, 0.1857247242045252, 5,7, 5
0.8559835029601544, 0.4282877073157552, 0.21729970354762848, 0.18403563343101617, 4,4, 4
0.8535222510476951, 0.43402261132281317, 0.22803203417497617, 0.183882851113081, 10,10, 10
0.856848267145613, 0.4323571239577759, 0.2201433557435726, 0.18380349864668813, 8,8, 8
0.8575134703651965, 0.4234564541737868, 0.21464966636394894, 0.18339518395021615, 3,3, 3
0.8574469500432382, 0.42376109240005677, 0.22445595442254088, 0.1810141795807676, 8,8, 8
0.8572473890773631, 0.4154907423518433, 0.21944397763203846, 0.18009885304429532, 6,6, 6
0.8585112751945719, 0.4132857193675691, 0.21109087955513778, 0.18467489252701288, 7,7, 7
0.8592429987361139, 0.4112454211123209, 0.20885301148985938, 0.1778007212154145, 6,6, 6
0.8602408035654893, 0.4081876373629898, 0.20706292738018392, 0.1809748070087425, 8,8, 8
0.8602408035654893, 0.40769579347877277, 0.20563468961022566, 0.1773195863233554, 5,5, 5
0.8590434377702388, 0.410540376814698, 0.21288228360953415, 0.1772747140806121, 3,3, 3
0.8610390474289895, 0.40916281590699016, 0.21163908267686335, 0.18468453271600102, 8,8, 8
0.8613716490387814, 0.4077599126079394, 0.21302447151717768, 0.17997059595370557, 8,8, 8
0.860573405175281, 0.40766603309383054, 0.21327142950552427, 0.1794917766617985, 11,11, 11
0.860373844209406, 0.4040517041103034, 0.2073702563110288, 0.17941024755163884, 8,8, 8
0.8607064458191978, 0.39994848907688396, 0.20151036280567072, 0.17340963653932548, 5,5, 5
0.8615046896826981, 0.39987963678920907, 0.19562266963994326, 0.17388896931500786, 7,7, 7
0.8614381693607397, 0.40053215819399035, 0.20148534667626872, 0.1699868367461903, 9,9, 9
0.863167697731657, 0.40040280170051157, 0.20580693716297685, 0.17533101313789345, 5,5, 5
0.8631011774096987, 0.40012637505336723, 0.2064966402567702, 0.17220658178878964, 4,4, 4
0.8648307057806159, 0.3973379790927084, 0.19875890008840447, 0.16763791758027488, 8,8, 8
0.8638329009512407, 0.39574985320437567, 0.20714351654220914, 0.16988778632586501, 8,8, 8
0.8629016164438236, 0.39546442840234036, 0.21488249326175254, 0.1752713327482653, 8,8, 8
0.8636333399853655, 0.3911661957997024, 0.20495501231295557, 0.1707268230949177, 7,7, 7
0.8646976651366992, 0.39424122699005276, 0.2068501692946149, 0.175326588189079, 9,9, 9
0.8654293886782412, 0.3866637604023862, 0.20532707233881722, 0.16639206877817966, 7,7, 7
0.8654959090001996, 0.3944967933461445, 0.211105848685197, 0.1739245162324773, 7,8, 7
0.863899421273199, 0.39440778918331343, 0.21197302017822842, 0.16873758714390852, 4,4, 4
0.8658285106099913, 0.3908446145134062, 0.2077337013305404, 0.16961582407475817, 4,4, 4
0.8671589170491585, 0.3905272142298082, 0.19999916886648963, 0.16839579882822697, 9,9, 9
0.8671589170491585, 0.3905098522041868, 0.1893712916820731, 0.16388652705290685, 8,8, 8
0.8678241202687421, 0.38541295215536664, 0.19153736801672683, 0.16869103114057832, 7,7, 7
0.866892835761325, 0.38696849932232535, 0.2019815905276044, 0.1666896347604934, 5,5, 5
0.8670258764052418, 0.3857081654248587, 0.20206991422896473, 0.16678775084920994, 8,8, 8
0.1068316370651234, 2.3035458974128376, 0.8828031711323058, 0.36153384596381366, 0,0, 0
0.254174150202887, 2.0698796092000844, 0.7764120243934323, 0.504714112808211, 0,0, 0
0.32209139892237076, 1.9051086928781926, 0.7265175710091154, 0.4806008148606966, 5,5, 5
0.3556841615113417, 1.9027218451051402, 0.759554812914394, 0.48393571870894975, 11,11, 11
0.47695070844142884, 1.6736697528454538, 0.6365386083669072, 0.35382913211494565, 6,8, 6
0.5241801370318633, 1.5671865662148134, 0.5984923654830683, 0.3363858383036703, 5,7, 5
0.5505887048493314, 1.3784484581273206, 0.6226168495053725, 0.4154066333224292, 4,7, 4
0.6473092529767844, 1.1934791665607198, 0.5238231763329335, 0.30620973382785105, 3,6, 3
0.7072440630612652, 1.1260278369621288, 0.45280726446825165, 0.2723696344690566, 7,8, 7
0.6837623894099647, 1.0704476799830482, 0.4676109826459053, 0.2692265478124478, 3,4, 3
0.650768309718619, 1.0589119762035473, 0.5115572463754752, 0.30992160447283235, 6,7, 6
0.6628750083150402, 0.9900878696931612, 0.5105952454400595, 0.32897895346147626, 8,9, 8
0.7083083882125989, 0.9312654492633293, 0.467112019798719, 0.27733021620989956, 2,2, 2
0.7243397858045633, 0.9031371213094148, 0.4337575535473932, 0.2561616403778924, 5,5, 5
0.7330539479811082, 0.8581679126237991, 0.4293388472936599, 0.2686983202890794, 5,5, 5
0.7438302401383623, 0.8253090298469633, 0.4164622789085012, 0.2891491000101392, 5,5, 5
0.7363134437570678, 0.8195215699350902, 0.4233845329680108, 0.27445151781022475, 6,6, 6
0.754007849397991, 0.8057658581838243, 0.4058727547427541, 0.24465151098672763, 6,6, 6
0.7657819463846205, 0.7686054437975856, 0.36307652396876733, 0.231589832204057, 5,5, 5
0.7744961085611655, 0.7376048949947306, 0.3686633094025005, 0.2546913804812341, 6,7, 6
0.7766247588638329, 0.7294258070378086, 0.37155816106279405, 0.25019178126293673, 6,6, 6
0.7911927093727134, 0.6958620930438, 0.35613321182730817, 0.23234103732734987, 4,4, 4
0.784075034923169, 0.7465581112195923, 0.3730815259643831, 0.25440199116980244, 5,6, 5
0.7788864498104171, 0.7164112705149848, 0.3833785460691206, 0.2517305436889696, 9,9, 9
0.7951839286902148, 0.6792440798140422, 0.3481547541270826, 0.2304030491015184, 5,5, 5
0.7971795383489656, 0.6581143854299164, 0.3262385889549932, 0.22650316603780815, 4,4, 4
0.7971130180270073, 0.6457843467650602, 0.33200747920407003, 0.2274322597704775, 7,7, 7
0.7910596687287966, 0.6332158986901536, 0.3458438525650223, 0.2400291338745453, 8,8, 8
0.8025676844275926, 0.6128567734951864, 0.3234955797384537, 0.23320655282275343, 3,3, 3
0.8037650502228431, 0.6100755512721293, 0.3284333560209617, 0.22524578533324327, 8,8, 8
0.8038315705448015, 0.6004098231816659, 0.3320491589086237, 0.2331102178285219, 7,7, 7
0.8062263021353023, 0.5923385951802971, 0.3179478147833016, 0.22098478304588892, 5,5, 5
0.8125457327213463, 0.5851714398522749, 0.286576877436979, 0.21093729290829027, 5,5, 5
0.8114814075700126, 0.5830480932467804, 0.3206083202336785, 0.2237480552074878, 8,8, 8
0.8149404643118473, 0.5747749506336998, 0.2994143041515613, 0.21445735428241813, 6,6, 6
0.8131444156189715, 0.5711677793762525, 0.3088225372830269, 0.21640183135857693, 7,7, 7
0.818599082019557, 0.5613061500111224, 0.27973176997981203, 0.20739573669740452, 8,8, 8
0.8231224639127254, 0.5443015089231487, 0.26812266187843914, 0.20894146762617238, 3,3, 3
0.8231889842346837, 0.541934733417084, 0.2684691951698755, 0.20629273216542202, 4,4, 4
0.8260493580788931, 0.5362363540563878, 0.2787074793064493, 0.21019060808166493, 8,8, 8
0.8307723009379365, 0.5262710046907544, 0.2693289171617337, 0.20688671776761947, 5,5, 5
0.8295084148207277, 0.520132059378166, 0.27551431861095965, 0.20748259311329142, 7,7, 7
0.8357613250848134, 0.5126860448194868, 0.26475533810986696, 0.20777768359228913, 4,4, 4
0.8390873411827313, 0.5140310413145247, 0.2649140311825458, 0.20092256437859138, 6,6, 6
0.8374908534557307, 0.5128685297520164, 0.2724525939429565, 0.20224128027026692, 7,7, 7
0.8440098450076499, 0.49678383647874885, 0.25706728930116585, 0.19915444645606573, 4,4, 4
0.8489323488325683, 0.4831375828832164, 0.2393907457599938, 0.19636665573078713, 6,6, 6
0.8482671456129848, 0.4824487771614173, 0.23502872541060618, 0.1907942720873049, 6,6, 6
0.8476684627153596, 0.4794204057147768, 0.24524961176685076, 0.1910388553865472, 6,6, 6
0.8485332269008182, 0.47596537893334867, 0.24081172411915655, 0.1946395100466568, 7,7, 7
0.8498636333399854, 0.47033196485987094, 0.2492032802044213, 0.1939295841710622, 3,3, 3
0.8491319097984434, 0.46510907788119427, 0.24541250748122004, 0.19207904875738793, 6,6, 6
0.8496640723741102, 0.4629735408712896, 0.2463866706869817, 0.19074613145124633, 6,6, 6
0.8519257633206945, 0.45947503326422157, 0.22685602660007823, 0.18570989232075757, 8,8, 8
0.8529235681500699, 0.45600477040624277, 0.23221127899547653, 0.18724770130842497, 6,6, 6
0.8525909665402781, 0.4545319258257067, 0.22431874014705225, 0.19170244048714402, 7,7, 7
0.8525244462183197, 0.45074601241484435, 0.23547775393137527, 0.19439760232999365, 9,9, 9
0.8527905275061531, 0.4505400567034013, 0.23803621228336677, 0.18848140680274272, 6,6, 6
0.8537883323355285, 0.4493229718827326, 0.23145427257578555, 0.18473696203380027, 2,2, 2
0.8550522184527373, 0.4470686485018476, 0.22908037252572766, 0.18394987425095366, 7,7, 7
0.8562495842479878, 0.44148794667939417, 0.22513790990619975, 0.18469903781150576, 4,4, 4
0.8560500232821127, 0.4401632311792006, 0.22533409375603672, 0.18714285878912498, 7,7, 7
0.8576465110091133, 0.43719453846440287, 0.21869208936258264, 0.18358825980896107, 6,6, 6
0.8530566087939866, 0.44285896311857664, 0.23449095730170458, 0.1888100912708177, 6,6, 6
0.8563826248919045, 0.43693503384669424, 0.22322350546134384, 0.1798542124611029, 6,6, 6
0.8548526574868622, 0.43536166703487944, 0.23425018020383048, 0.18232548948838942, 7,7, 7
0.85777955165303, 0.4245011836938013, 0.2185153130360212, 0.178494533093732, 9,9, 9
0.8578460719749884, 0.4209602141331104, 0.22117851458873997, 0.17579267003022683, 6,6, 6
0.8588438768043637, 0.4211982513032283, 0.21596166370753292, 0.1791712325629905, 5,5, 5
0.8579125922969467, 0.41789466017934823, 0.21788409716530893, 0.1828785452778839, 4,4, 4
0.8599082019556975, 0.4140411050732753, 0.21891605088425087, 0.1823342082059667, 7,7, 7
0.860373844209406, 0.41406543449109123, 0.21462031851602315, 0.17300714379176324, 5,5, 5
0.8578460719749884, 0.41998431864250574, 0.2170778994760052, 0.1757422731679738, 10,10, 10
0.857979112618905, 0.42339946893385133, 0.2114470409531503, 0.17100963754451368, 4,4, 4
0.8597751613117808, 0.4129198872190526, 0.2093173697208022, 0.1691643702936949, 7,7, 7
0.8608394864631145, 0.4094906092425544, 0.20702423500665212, 0.17414499642764927, 3,3, 3
0.8621033725803233, 0.40952017410376645, 0.212650579891027, 0.1719450462828998, 10,10, 10
0.8614381693607397, 0.41038975849835374, 0.21712444937941963, 0.1724600555475336, 8,8, 8
0.86223641322424, 0.4079470034745677, 0.2100627309727076, 0.17553156926858107, 4,4, 4
0.8609060067850728, 0.40500668515429444, 0.2096703333472977, 0.16912367727193328, 7,7, 7
0.8627685757999068, 0.4046172656092815, 0.2070494811809528, 0.16844949575744042, 7,7, 7
0.862968136765782, 0.40784864648627284, 0.20562534898660548, 0.16801610964742308, 9,9, 9
0.8635668196634072, 0.4005980480520417, 0.20647958919769568, 0.1642438381378109, 9,9, 9
0.8631011774096987, 0.39864841157710373, 0.20524937374917887, 0.16344683686872677, 7,7, 7
0.8632342180536153, 0.39509386112752753, 0.20226443177684533, 0.16934830534342102, 5,5, 5
0.8607729661411562, 0.3970561716635956, 0.20947043900855125, 0.1669091583619622, 6,6, 6
0.8636333399853655, 0.39644411247082767, 0.20394832970630639, 0.16258694088827322, 7,7, 7
0.8623694538681568, 0.39941238955344666, 0.20784649941883632, 0.16524937276273538, 6,6, 6
0.8621033725803233, 0.40367409687523537, 0.2109880682187547, 0.16497787481590584, 5,5, 5
0.8635002993414488, 0.39788217872532716, 0.2063237323590601, 0.16198108850311482, 5,5, 5
0.8658285106099913, 0.3907301684111246, 0.1967835013519072, 0.16201598739730663, 5,5, 5
0.8684893234883256, 0.3840902482342117, 0.19211936001105706, 0.1622082520756192, 8,8, 8
0.8677575999467837, 0.38507459471874034, 0.20546810396144674, 0.1648092368188417, 6,6, 6
0.868356282844409, 0.38228591668230616, 0.20523863450992938, 0.16371874832835748, 5,5, 5
0.8694206079957427, 0.3817608609976293, 0.19621992915933315, 0.15801448911881436, 6,6, 6
0.8672254373711169, 0.3787598785322832, 0.19552519177284716, 0.15834813649968957, 6,6, 6
0.8681567218785339, 0.3801185958781303, 0.19771758965351308, 0.15786917055766841, 6,6, 6
0.8682897625224506, 0.39009590466396826, 0.19892158751227482, 0.16529637016228463, 7,8, 7
0.8698862502494512, 0.3829832010995254, 0.20080881769529824, 0.16153605846416108, 4,4, 4
0.8695536486396594, 0.3815986349158833, 0.19282724881263044, 0.16107871270763524, 10,10, 10
0.868356282844409, 0.3857939613592146, 0.20767157289637744, 0.16345846482671814, 6,6, 6
0.09638794651766115, 2.3063874037086722, 0.928925194572643, 0.42756043432495444, 0,0, 0
0.27180203552185195, 2.0665976467234386, 0.7716412861057755, 0.4962214762665553, 0,0, 0
0.36153794984367726, 1.8881503287666868, 0.7087633247339425, 0.4532765500548943, 4,7, 4
0.4081686955364864, 1.7561763472692034, 0.6667629584226747, 0.35751197928516915, 2,6, 2
0.46976651366992617, 1.5441387072103943, 0.6262146741681415, 0.3584813496879526, 5,7, 5
0.47981108228563824, 1.5064224488351752, 0.6538499978403799, 0.41949147791895874, 7,13, 7
0.5463979245659549, 1.3891492913574572, 0.6030460951535196, 0.4108687950783122, 7,9, 7
0.5340251446817003, 1.340004470842043, 0.594099827039561, 0.38029314826625005, 6,6, 6
0.5562429322157919, 1.3105765111104177, 0.5573936101680819, 0.33260382354337154, 3,5, 3
0.5634271269872946, 1.265751811143096, 0.5480514697063582, 0.31334895259245976, 5,8, 5
0.5862435974190116, 1.1477132899415443, 0.5338699599363416, 0.37305372058280334, 6,6, 6
0.6729860972527107, 1.0438018465466943, 0.42613462590208656, 0.28390781899293493, 7,8, 7
0.6448480010643252, 1.0054752165888383, 0.4885495568605057, 0.3291257629472132, 5,5, 5
0.680103771702255, 0.9705691560595269, 0.40933820135218285, 0.27254304556249803, 8,8, 8
0.695137364464844, 0.942491118352905, 0.410981078760452, 0.26475043538137416, 7,8, 7
0.6922769906206346, 0.9064972222698346, 0.4270017198285879, 0.2813458263341843, 7,7, 7
0.6811015765316304, 0.8602159606551433, 0.42734818884604936, 0.29482602786297296, 9,9, 9
0.6757799507749618, 0.845377888550389, 0.43265363849188104, 0.286400609684568, 6,6, 6
0.7108361604470166, 0.8285552583998518, 0.432852112524456, 0.2714609331108515, 9,9, 9
0.7767577995077496, 0.7758057443960498, 0.3280079905714403, 0.22795449043849444, 7,7, 7
0.7790860107762921, 0.7667126005879334, 0.3554683976884225, 0.24367061723159833, 5,5, 5
0.7881992948845873, 0.7379330231544036, 0.32934023904521664, 0.2359049902709628, 6,6, 6
0.7956495709439234, 0.720733140346286, 0.33126431331053147, 0.24398683013394604, 7,7, 7
0.7825450675181268, 0.7345097066939467, 0.36483570582419733, 0.23855995120263934, 9,9, 9
0.7951174083682565, 0.7093693420402893, 0.3198662297339397, 0.23992519492958878, 10,10, 10
0.7917913922703386, 0.7176813529861029, 0.32247112127905575, 0.2233928323565587, 8,8, 8
0.8016363999201757, 0.6936027628165796, 0.303296201291735, 0.23020196243771643, 3,3, 3
0.8043637331204683, 0.6861930051180085, 0.2972882536995932, 0.2221330293278878, 8,8, 8
0.8055610989157187, 0.6663306545944749, 0.2992487667203369, 0.23169931172679079, 6,6, 6
0.8093527572673451, 0.6548524344136171, 0.2945840075863811, 0.2223962166170785, 5,5, 5
0.8074236679305528, 0.6527596831015644, 0.2956119671630492, 0.22803432184311379, 6,7, 6
0.8028337657154261, 0.6329269515663664, 0.3241460205318457, 0.23284474018504597, 11,11, 11
0.8144748220581388, 0.6135217292520103, 0.30346035813394934, 0.2229002242107896, 8,8, 8
0.8127452936872215, 0.6067538768474318, 0.30081310018544016, 0.22297946691376744, 7,7, 7
0.8180003991219318, 0.6030602404943761, 0.2818582661087591, 0.2181746853524033, 3,3, 3
0.8175347568682232, 0.6032499266538905, 0.2962673314723548, 0.21460120747794914, 7,7, 7
0.8245193906738508, 0.5781673873710415, 0.26695213739508716, 0.21679099940429772, 7,7, 7
0.8267145612984766, 0.5702108051860172, 0.25621883081263397, 0.21091803457927047, 9,9, 9
0.8267810816204351, 0.5654009819785119, 0.2636295436669082, 0.21487862765871676, 5,5, 5
0.8278454067717688, 0.5630058007196289, 0.2640165505959258, 0.20837387548593003, 9,9, 9
0.8267810816204351, 0.5601906823497653, 0.272406097531496, 0.2129048419917484, 8,8, 8
0.8268476019423934, 0.5541419127700623, 0.26110609496318643, 0.2030220005756186, 7,7, 7
0.8293753741768111, 0.5498137612566716, 0.25105847007919324, 0.20080736405535388, 10,10, 10
0.8304396993281448, 0.5411453891592704, 0.24597605693072055, 0.20319214892064547, 10,10, 10
0.8295084148207277, 0.5504040109596204, 0.263495205341594, 0.21154525208027575, 10,11, 10
0.8290427725670192, 0.5467736257103646, 0.2650861069643355, 0.21203607140157404, 8,8, 8
0.8348300405773964, 0.5291580923830896, 0.24206837556642555, 0.20413310700022969, 6,6, 6
0.8337657154260627, 0.5259151885400741, 0.24817250244513875, 0.20554709184023523, 6,6, 6
0.8363600079824386, 0.5192799968017249, 0.2529590699500505, 0.19945221824772394, 7,7, 7
0.8400186256901483, 0.5120649935011015, 0.23942144596987205, 0.19680710809165455, 8,8, 8
0.8406173085877736, 0.5016991566323642, 0.24243070342692544, 0.1948124981391742, 7,7, 7
0.8434111621100246, 0.5025627128612487, 0.23910358893319092, 0.19556985958156428, 10,10, 10
0.8445420075833167, 0.49850375771170646, 0.2511066594628689, 0.1940999432873589, 7,7, 7
0.8477349830373179, 0.48722435184887036, 0.2386065252622535, 0.19081360237881984, 8,8, 8
0.8482671456129848, 0.4911629121633089, 0.2367752073363959, 0.19063744770084384, 7,7, 7
0.8489323488325683, 0.48745958168283005, 0.2355398390428563, 0.18786056342006296, 2,2, 2
0.8504623162376106, 0.47198300013478006, 0.22904678376903423, 0.18559093788502168, 6,6, 6
0.8526574868622364, 0.46566597584877634, 0.2208323351756883, 0.18550176681987984, 9,9, 9
0.85332269008182, 0.46291363926111495, 0.21945506865765674, 0.1819390297658667, 7,7, 7
0.8529235681500699, 0.46190936227401747, 0.23017675882913885, 0.1835707213618352, 8,8, 8
0.8517262023548194, 0.45484696542833275, 0.22909207285779204, 0.19244459752207438, 3,3, 3
0.8579125922969467, 0.44460333217764436, 0.20774975568168735, 0.1769104131811961, 8,8, 8
0.8572473890773631, 0.4441260374631034, 0.2184915347394455, 0.18289576924541412, 7,7, 7
0.8583117142286969, 0.43704715556333884, 0.22194927515361332, 0.18020803448093337, 4,4, 4
0.85777955165303, 0.43592303504395874, 0.21303545284046188, 0.17869787718115904, 8,8, 8
0.858710836160447, 0.4353612985362327, 0.21053856644085, 0.18273175971477426, 7,7, 7
0.8602408035654893, 0.4291170823986605, 0.20914233032765878, 0.17899936265481248, 4,4, 4
0.8603073238874476, 0.4277270843488933, 0.21999530081362562, 0.18584100382391341, 7,7, 7
0.8603073238874476, 0.42901814445269604, 0.215069168643061, 0.17974214791193796, 7,7, 7
0.8589769174482804, 0.42834057190709274, 0.2236045647110682, 0.18186788359936018, 8,8, 8
0.8597751613117808, 0.4256474626531354, 0.21991134016315184, 0.18072738457451987, 7,7, 7
0.8591099580921971, 0.4284171735709408, 0.22428117767682487, 0.17617023782443858, 4,4, 4
0.8610390474289895, 0.4198277376843268, 0.20949572087490526, 0.1730699117767196, 8,8, 8
0.8608394864631145, 0.41457909764881085, 0.2095213908885517, 0.1710017775113517, 8,8, 8
0.8623029335461984, 0.40942369155988273, 0.2064206928784573, 0.17234498830214545, 7,7, 7
0.862968136765782, 0.4098224051402655, 0.2080117430954222, 0.17141119856802306, 8,8, 8
0.8619038116144482, 0.4065690438053388, 0.21270118851487943, 0.17786325745221018, 5,5, 5
0.8634337790194905, 0.40461271121244885, 0.20713564205549084, 0.171271709285122, 7,7, 7
0.8649637464245327, 0.40798239096553757, 0.20514716548195044, 0.16966235209225278, 10,10, 10
0.865761990288033, 0.4052575185361991, 0.2016417446075533, 0.16788305209696822, 9,9, 9
0.8653628683562828, 0.40346525128878685, 0.20001201758269574, 0.17084784289619825, 9,9, 9
0.8659615512539081, 0.3991101274696411, 0.20205887482520624, 0.1660006654934251, 8,8, 8
0.8654959090001996, 0.39504236279339205, 0.20601401341462208, 0.16429833407264202, 5,5, 5
0.866493713829575, 0.39370868617311644, 0.2045947110821639, 0.17229892992944434, 4,4, 4
0.8673584780150336, 0.3965231276482433, 0.19711894656312062, 0.16109884568657434, 8,8, 8
0.8665602341515333, 0.3951468715081562, 0.20233211317946218, 0.16870984108750745, 4,4, 4
0.8686223641322424, 0.39135779408308885, 0.19593090904665317, 0.16467894130629052, 7,7, 7
0.8678906405907004, 0.39123496662840607, 0.20000529299721911, 0.16534781243536073, 7,7, 7
0.8677575999467837, 0.3849895690788551, 0.1957005399047108, 0.16029039294702396, 7,7, 7
0.8688219250981175, 0.3827044912607396, 0.19118507089003647, 0.16348089283386202, 6,6, 6
0.8678906405907004, 0.38614461898527, 0.20183138885685423, 0.16392312630881117, 7,7, 7
0.8697532096055345, 0.383401030257837, 0.1899557976312618, 0.15950129140150443, 5,5, 5
0.8686888844542008, 0.3798563861388977, 0.19296810632480288, 0.1654968232584257, 6,6, 6
0.8701523315372847, 0.38040989065952946, 0.1830049864892981, 0.15450349350088563, 5,5, 5
0.8704849331470764, 0.38693019621752434, 0.18715459335028062, 0.1585366505433444, 9,9, 9
0.8695536486396594, 0.3818079365331898, 0.186853178641996, 0.15937050480097423, 6,6, 6
0.8712166566886184, 0.37798390651382985, 0.18690151381686648, 0.158945311118611, 7,7, 7
0.8702853721812014, 0.3799970032599213, 0.19455477536042948, 0.1602772614996567, 7,7, 7
0.8699527705714095, 0.3800724160569338, 0.19256760873304707, 0.16257368552915014, 6,6, 6
0.8716157786203685, 0.37451743680246663, 0.1802823201685663, 0.15063303201198863, 2,2, 2
0.8724140224838688, 0.3731515682022455, 0.1922200768680542, 0.16000584283133157, 8,8, 8
