acuracia,loss,frr,fpr, removed, n_clf, tp_removed
0.09825051553249518, 2.3036959122288754, 0.8944041643372586, 0.40467750686587217, 0,0, 0
0.09904875939599547, 2.3387848086630854, 0.8938837418790088, 0.5731155171389767, 0,0, 0
0.09991352358145414, 2.3846586826738463, 0.8931908568310124, 0.5762727732195627, 0,0, 0
0.10111088937670458, 2.4873683155078594, 0.9116167084157132, 0.5787435847067777, 0,0, 0
0.11108893767045833, 2.363132092050788, 0.8720120606066025, 0.42026063069775366, 0,0, 0
0.11108893767045833, 2.3631827592183625, 0.8858898559943974, 0.5182049216246005, 0,0, 0
0.10723075899687355, 2.5332357170877917, 0.8775540238733066, 0.49221697993023633, 0,0, 0
0.1629082684760194, 2.3274174185401226, 0.8349711396632084, 0.35830700140979077, 0,0, 0
0.14494778154726268, 2.3550245274820547, 0.8364526356184427, 0.43264774350053237, 0,0, 0
0.14454865961551253, 2.3125961005374487, 0.8478061618099598, 0.4386797255997923, 0,0, 0
0.19650103106499037, 2.2670902754663667, 0.7974189115022995, 0.27009211211589623, 0,0, 0
0.18505953568815273, 2.1907932202409843, 0.8669662112881139, 0.37894111405810016, 0,0, 0
0.230226834297878, 2.1092817313750567, 0.7956030157061135, 0.28648951669095163, 0,0, 0
0.20661212000266083, 2.1308587509334616, 0.777775520070207, 0.29722752816111997, 0,0, 0
0.1578527240071842, 2.2306291706260866, 0.8697678863602394, 0.4422611499216414, 0,0, 0
0.23561498037650502, 2.034642829923091, 0.761154720012908, 0.2896703009390985, 0,0, 0
0.17694405640923302, 2.148045172686508, 0.8157075399227715, 0.3652542870058244, 0,0, 0
0.27000598682897625, 1.9725937557293414, 0.7252059721747925, 0.2423429946619833, 0,0, 0
0.2184527373112486, 2.0868473383038295, 0.7529372314981095, 0.29486169065003137, 0,0, 0
0.23781015100113084, 1.9926464196483127, 0.7547072153921325, 0.28309306712545323, 0,0, 0
0.23967272001596487, 2.0671547376561574, 0.766974802282848, 0.3047537685550117, 0,0, 0
0.2238408833898756, 2.07744507378291, 0.7678376948633355, 0.33214811283210066, 0,0, 0
0.2409366061331737, 2.0600866783401144, 0.7769618448852319, 0.28801049880273816, 0,0, 0
0.2544402314907204, 1.9494082554446273, 0.7370029118335657, 0.26711636826630136, 0,0, 0
0.27146943391206013, 1.9792340887542066, 0.7223459284760044, 0.2572823896189974, 0,0, 0
0.2587640524180137, 1.9701293897210088, 0.7885555072217918, 0.29962513408060404, 0,0, 0
0.2458591099580922, 2.0731253822803146, 0.7504689495131041, 0.2818974756492677, 0,0, 0
0.25869753209605534, 2.0261334114697043, 0.7385688599695311, 0.27451345163927376, 0,0, 0
0.29661411561231954, 1.950122307146697, 0.688019895023573, 0.2506043313038668, 0,0, 0
0.3047961152131976, 1.8703944874461647, 0.6790733891927166, 0.24049079957944128, 0,0, 0
0.30951905807224106, 1.8636624295657753, 0.6718499985683841, 0.23068018061265877, 0,0, 0
0.27732322224439565, 1.9178914255303061, 0.7125365815728983, 0.26891761586410323, 0,0, 0
0.25177941861238606, 1.9477492845011655, 0.7360825997438579, 0.30676542753729036, 0,0, 0
0.28138096188385553, 1.949981972469126, 0.6989821623081103, 0.2540578494130844, 0,0, 0
0.33093860174283246, 1.8011982447609551, 0.6672962091010932, 0.22984004006936345, 0,0, 0
0.201822656821659, 2.102492033215068, 0.8007223030659065, 0.35175824691850593, 0,0, 0
0.32614913856183064, 1.8344507445112592, 0.6598110234314076, 0.22949863784288077, 0,0, 0
0.285372181201357, 1.887360690581, 0.760476768977208, 0.2785481304359059, 0,0, 0
0.34843344641788065, 1.7565437580351582, 0.6585282855241608, 0.2287210489306308, 0,0, 0
0.31151466773099185, 1.8569368028969042, 0.6725970759595724, 0.24168722640629262, 0,0, 0
0.2335528503957959, 2.0977004875360765, 0.7520542272122502, 0.3295880160019646, 0,0, 0
0.3327346504357081, 1.8081184342173469, 0.688481458090737, 0.23973260382333225, 0,0, 0
0.305793920042573, 1.8624667897879947, 0.6899140685913587, 0.2699295511629282, 0,0, 0
0.3055943590766979, 1.87073082304529, 0.6680890249771388, 0.25038243674155963, 0,0, 0
0.27146943391206013, 2.016253136651987, 0.7064795020309497, 0.27268657149784514, 0,0, 0
0.3286769107962483, 1.7862990423873426, 0.6606726433109436, 0.25554546411792756, 0,0, 0
0.3798975587041841, 1.7080506210173945, 0.6133033355286083, 0.21877667395572611, 0,0, 0
0.3603405840484268, 1.705313107426641, 0.6275611991288066, 0.2288872514376412, 0,0, 0
0.3375906339386683, 1.7626102384610272, 0.6863918754442773, 0.2521490525524562, 0,0, 0
0.299474489456529, 1.8247935329348013, 0.6850665925427347, 0.2933729514359468, 0,0, 0
0.29874276591498705, 1.8180065845341722, 0.6850334847014242, 0.2952732361557065, 0,0, 0
0.3639326814341781, 1.7749602587648647, 0.6148772674844646, 0.22864873383624387, 0,0, 0
0.2922237743630679, 2.012881931211649, 0.6857740201975533, 0.26072468388784037, 0,0, 0
0.3473026009445886, 1.7396273676751814, 0.6732108456557724, 0.26319032932344927, 0,0, 0
0.36991951041043036, 1.7053203347673642, 0.6559499385849086, 0.23094114319802547, 0,0, 0
0.36419876272201157, 1.7032722168343277, 0.6573573702336831, 0.2425244993551359, 0,0, 0
0.33000731723541543, 1.8071195503820332, 0.6815647019034695, 0.25247022826682175, 0,0, 0
0.32900951240604004, 1.8259818196784376, 0.7019841196578867, 0.2520539730452665, 0,0, 0
0.31291159449211736, 1.8309872089267205, 0.7000446038173898, 0.2728829435046858, 0,0, 0
0.32708042306924767, 1.7547948130031692, 0.6604641482454738, 0.2691691837879955, 0,0, 0
0.31198030998470033, 1.9292201688607946, 0.6698589185446582, 0.2552365789312738, 0,0, 0
0.35149338122796514, 1.7046286712020788, 0.6429590722005597, 0.2475438309142134, 0,0, 0
0.3122463912725338, 1.8570771404951345, 0.707925577226796, 0.2720674863916728, 0,0, 0
0.375041575201224, 1.6549477051441235, 0.6242282929038762, 0.23094677009766829, 0,0, 0
0.3186988625024945, 1.7598250913106934, 0.6787621934163751, 0.27013989216557976, 0,0, 0
0.3378567152265017, 1.7550179132024408, 0.6756369080287722, 0.2520775926783276, 0,0, 0
0.3636666001463447, 1.6779349696770611, 0.6341112008154801, 0.24205343610225213, 0,0, 0
0.3594758198629681, 1.677365824077639, 0.6324205573178437, 0.251898459273506, 0,0, 0
0.3548193973258831, 1.7244883851897, 0.6412040351581318, 0.25549515639279025, 0,0, 0
0.3731124858644316, 1.6702897914479071, 0.6119538654239245, 0.23782328234150257, 0,0, 0
0.3856848267145613, 1.6524374109597404, 0.6045540065706665, 0.2325389338152455, 0,0, 0
0.3464378367591299, 1.813044451361489, 0.6791500869497205, 0.25535707056609835, 0,0, 0
0.3842213796314774, 1.6468149973132222, 0.6349894680491773, 0.22995346593188926, 0,0, 0
0.37717022550389145, 1.7261791656507843, 0.6087895555485878, 0.2306203907180743, 0,0, 0
0.3941329076032728, 1.6215843201498386, 0.6023849199957901, 0.2322248447137646, 0,0, 0
0.2927559369387348, 1.9142103547914684, 0.7027428991188566, 0.2782316613025761, 0,0, 0
0.3942659482471895, 1.6252649306580904, 0.6030140420420077, 0.2228492228674045, 0,0, 0
0.3772367458258498, 1.6442162738896762, 0.6093088829432011, 0.23722911563904284, 0,0, 0
0.35495243796979975, 1.7282592601405562, 0.6494578536149227, 0.2431122317229109, 0,0, 0
0.391937736978647, 1.6398673475181194, 0.6339320903915491, 0.23153115857094803, 0,0, 0
0.41994279252311584, 1.6037911008261623, 0.6078892851798335, 0.21325100962316795, 0,0, 0
0.4028470697798177, 1.6171156949182315, 0.6008994582441549, 0.22751985566238045, 0,0, 0
0.37111687620568085, 1.690762281660698, 0.6135395276150067, 0.22830465394282004, 0,0, 0
0.3848200625291026, 1.6737035296613019, 0.6205790200562245, 0.22582098898989234, 0,0, 0
0.3864165502561032, 1.6411286927826556, 0.6067160208736229, 0.22051834810883716, 0,0, 0
0.3665934943125125, 1.6960776970206775, 0.6363591604586101, 0.24058646656362181, 0,0, 0
0.3856848267145613, 1.6622079195082882, 0.5971867256957513, 0.22427029365117174, 0,0, 0
0.41635069513736445, 1.585303678710145, 0.5735970132609076, 0.21705379939453004, 0,0, 0
0.4327146943391206, 1.5556597394290967, 0.556145094232855, 0.20552503759876348, 0,0, 0
0.43697199494445554, 1.5310233398694078, 0.5464404960930608, 0.20586627157750712, 0,0, 0
0.3952637530765649, 1.664233661965522, 0.6118380773420347, 0.22241214975547066, 0,0, 0
0.3789662741967671, 1.6730961343665676, 0.6010785055914052, 0.24427765848820132, 0,0, 0
0.4000532162575667, 1.6483730977314528, 0.5715148281789777, 0.2141092342146111, 0,0, 0
0.4164837357812812, 1.6313292121491507, 0.5626532078064197, 0.21831903648324844, 0,0, 0
0.41096254905873747, 1.6055987381609202, 0.6177006332517126, 0.233589224381041, 0,0, 0
0.4136233619370718, 1.593682600700343, 0.5688475548308104, 0.22429119091188546, 0,0, 0
0.4073704516729861, 1.5979845185884258, 0.5896822941294773, 0.2168839600491027, 0,0, 0
0.37657154260626624, 1.7131953371088657, 0.6044767248048091, 0.22732011783777742, 0,0, 0
0.36246923435109424, 1.7624955768729489, 0.6268459369024185, 0.2375923720436438, 0,0, 0
0.42606266214328475, 1.5709705821872908, 0.5712538169469907, 0.2153925263512518, 0,0, 0
0.383955298343644, 1.6949470574154568, 0.6001970990954404, 0.22868493533862957, 0,0, 0
0.09266280848799308, 2.302819624225005, 0.9142707797011692, 0.37465699368518324, 0,0, 0
0.1028404177476219, 2.326973727416637, 0.9237900788520175, 0.4863681938127035, 0,0, 0
0.09904875939599547, 2.450949307902086, 0.8938837418790088, 0.5762132684616663, 0,0, 0
0.10084480808887115, 2.6149411415265544, 0.8915742471382824, 0.5748076456465073, 0,0, 0
0.1331071642386749, 2.4183838060815233, 0.8512102992643878, 0.4277731561810398, 0,0, 0
0.1551253908068915, 2.288733717980185, 0.8419678866569744, 0.30040589520938055, 0,0, 0
0.1844608527905275, 2.252503507827036, 0.8324610643780318, 0.28848728757727765, 0,0, 0
0.20062529102640858, 2.256462904568451, 0.7868257953365297, 0.28136230697106407, 0,0, 0
0.19344109625490588, 2.273434442554906, 0.8087341418056814, 0.28589645027178867, 0,0, 0
0.20667864032461916, 2.1511440406514604, 0.7854448903292018, 0.26793117803361705, 0,0, 0
0.18273132441961018, 2.190740139678052, 0.8270451464536954, 0.3212662851296807, 0,0, 0
0.22277655823854187, 2.1406350518616266, 0.7673166595814298, 0.26550100517570646, 0,0, 0
0.21293155058870486, 2.1218822565231306, 0.7910127625079093, 0.25796451274364157, 0,0, 0
0.2082086077296614, 2.142987484486447, 0.7794325979531865, 0.2871523291084293, 0,0, 0
0.23887447615246457, 2.107598065596446, 0.7719221702130742, 0.2564988385415685, 0,0, 0
0.24738907736313442, 2.051603345086552, 0.7766190369772862, 0.2581622501730868, 0,0, 0
0.19862968136765782, 2.077711934030853, 0.8239318018732494, 0.3697582408078336, 0,0, 0
0.19457194172819797, 2.1816596635672765, 0.8074867984559814, 0.3284370174127568, 0,0, 0
0.2045499900219517, 2.1734064291561226, 0.7945860874375356, 0.30496512519150715, 0,0, 0
0.171555910330606, 2.2077569335942924, 0.8136192033152285, 0.362931478421213, 0,0, 0
0.24226701257234085, 2.00071530960471, 0.7442435066070788, 0.2663670165241313, 0,0, 0
0.24605867092396727, 1.9972616699548695, 0.7661886470095501, 0.2650030436492865, 0,0, 0
0.20787600611986962, 2.0819054179338132, 0.7913038805645601, 0.2840083964452005, 0,0, 0
0.24925164637796848, 2.018722433954436, 0.768984256260335, 0.2603491297655183, 0,0, 0
0.2803166367325218, 2.020611976210105, 0.7056007774203147, 0.24713626225988466, 0,0, 0
0.22244395662875008, 2.1174504278480573, 0.7813927661556056, 0.3291818684250138, 0,0, 0
0.23860839486463115, 2.0446230628620814, 0.7681169728270869, 0.2835389433700552, 0,0, 0
0.23475021619104636, 2.0529934589451897, 0.7605891137488844, 0.2860962082947218, 0,0, 0
0.2889642785871084, 1.9264272298354839, 0.7336868867227593, 0.24699301493201298, 0,0, 0
0.23674582584979711, 2.0231496453590516, 0.8024450050998435, 0.31108625511285737, 0,0, 0
0.2370784274595889, 2.012330451342253, 0.7475192706842197, 0.2957531325568182, 0,0, 0
0.2935541808022351, 1.9455973922587801, 0.7447994770684845, 0.24070388375793614, 0,0, 0
0.197365795250449, 2.1812112326374757, 0.7863021915159881, 0.36091578283468123, 0,0, 0
0.280915319630147, 1.9405110049158927, 0.7526529424877354, 0.2649237225618851, 0,0, 0
0.2605601011108894, 1.9369990700044406, 0.7494920178147219, 0.31108133122062237, 0,0, 0
0.2925563759728597, 1.9534596715558354, 0.7507127857757828, 0.26031883572374326, 0,0, 0
0.3035987494179472, 1.917684389779979, 0.7273643739624162, 0.24214361162763914, 0,0, 0
0.32488525244462185, 1.8636303571838584, 0.7100583648013935, 0.23075136964591839, 0,0, 0
0.2508481341049691, 1.954136156226191, 0.7407306032475226, 0.3160639414473329, 0,0, 0
0.268476019423934, 1.910815222748008, 0.7638335367988265, 0.3027980836356398, 0,0, 0
0.28324353089868953, 1.925940828496869, 0.767122754504707, 0.29186028958189053, 0,0, 0
0.28317701057673117, 1.9082374017962453, 0.7330920458454189, 0.26582578676129187, 0,0, 0
0.30872081420874076, 1.8643286878545786, 0.6851809575946923, 0.248827810329032, 0,0, 0
0.2882990753675248, 1.9640096586391151, 0.6913918265187314, 0.2660637678374552, 0,0, 0
0.2834430918645646, 1.8905919890620073, 0.6976959661229004, 0.26433228149208676, 0,0, 0
0.2810483602740637, 1.9116653347335746, 0.7377247037539294, 0.3004749695795773, 0,0, 0
0.2973458391538615, 1.8567413034643994, 0.7151858112068372, 0.2769420090149931, 0,0, 0
0.35328942992084084, 1.7625580820615108, 0.6400700784952231, 0.2231159163035647, 0,0, 0
0.30872081420874076, 1.8506312464070656, 0.7167682269023153, 0.24923936075075978, 0,0, 0
0.3419809751879199, 1.7964321714944567, 0.6749642032863018, 0.23442088527507804, 0,0, 0
0.3188984234683696, 1.7801124842800653, 0.6667985240585185, 0.2648986297846588, 0,0, 0
0.27526109226368656, 1.9343055367989193, 0.7139975501897002, 0.3085595285401762, 0,0, 0
0.3514268609060068, 1.746689216425531, 0.6788668591205226, 0.23634301894814144, 0,0, 0
0.36140490919976054, 1.7109061680728705, 0.6576668077056442, 0.22733093662656817, 0,0, 0
0.36153794984367726, 1.775335639372229, 0.6427258060934746, 0.22843643290433682, 0,0, 0
0.32189183795649573, 1.8009082330309654, 0.6666599566732322, 0.2681645161154571, 0,0, 0
0.38575134703651964, 1.6782012173517777, 0.6323770016326699, 0.21868430460303948, 0,0, 0
0.31198030998470033, 1.8160832017146684, 0.6797420683261347, 0.2502445056064374, 0,0, 0
0.3481008448080889, 1.7266852354268658, 0.6322288405860635, 0.2306722163318339, 0,0, 0
0.3685891039712632, 1.6940020458915392, 0.6221734822478662, 0.2255825958706315, 0,0, 0
0.3512272999401317, 1.7267920524575773, 0.6660826478068558, 0.23886169727671686, 0,0, 0
0.3126455132042839, 1.8622597569176864, 0.7218643000325842, 0.27017995881047324, 0,0, 0
0.34377702388079556, 1.7264398434438217, 0.6601501309625694, 0.2532499057753266, 0,0, 0
0.36220315306326084, 1.7206046989783947, 0.6176241818645769, 0.2271090846024139, 0,0, 0
0.37124991684959757, 1.7019407489523317, 0.6191782586253859, 0.227736587502464, 0,0, 0
0.3787001929089337, 1.6613167375088262, 0.6142976405334841, 0.22515177422216415, 0,0, 0
0.3961950375839819, 1.6413294307202118, 0.6251695636035965, 0.21776940298101255, 0,0, 0
0.3489656089935475, 1.724914566595334, 0.6505753516159375, 0.24621740541984583, 0,0, 0
0.3765050222843079, 1.6599814991780735, 0.6530223386730245, 0.22923342927651238, 0,0, 0
0.37743630679172485, 1.668827862266112, 0.6381574891047089, 0.22933067661210366, 0,0, 0
0.39686024080356547, 1.6383974966805892, 0.6060800743598689, 0.21389404298887368, 0,0, 0
0.32774562628883125, 1.8933964479784762, 0.6483862983294805, 0.2450613383467302, 0,0, 0
0.3711833965276392, 1.675875931673918, 0.621646025087213, 0.2297713948646578, 0,0, 0
0.4061065655557773, 1.625725568306309, 0.598991955380701, 0.21227290392912646, 0,0, 0
0.3525577063792989, 1.720505473137235, 0.636353303700012, 0.24315509637722077, 0,0, 0
0.33346637397725004, 1.7825482224219495, 0.6607020759130893, 0.26084950082167785, 0,0, 0
0.34377702388079556, 1.8020810298980976, 0.6835296984225779, 0.24176134071222954, 0,0, 0
0.3758398190647243, 1.6786639111520827, 0.621735497928753, 0.2303851206852989, 0,0, 0
0.3746424532694738, 1.7021096640451776, 0.6391407221997653, 0.23629387541477745, 0,0, 0
0.36140490919976054, 1.7141400601756729, 0.6205316691575666, 0.2318407673646857, 0,0, 0
0.35535155990154993, 1.7200826146390031, 0.655561635250097, 0.24465464584365926, 0,0, 0
0.34497438967604604, 1.7713321464956857, 0.6758398787189701, 0.25632290812851216, 0,0, 0
0.39260294019823055, 1.6503746597821036, 0.6052478094921411, 0.22307041054363386, 0,0, 0
0.35368855185259096, 1.742622796022582, 0.6232462950184501, 0.254390523717867, 0,0, 0
0.37271336393268145, 1.6776220846993317, 0.6107024286228322, 0.23526687141325886, 0,0, 0
0.38927692410031267, 1.642730667060113, 0.6084382002268282, 0.2257879026925972, 0,0, 0
0.3723142420009313, 1.7564969641207728, 0.6366556141648969, 0.24021615988346745, 0,0, 0
0.37703718485997473, 1.6719631684787544, 0.6091301137738108, 0.23716135738851032, 0,0, 0
0.3961950375839819, 1.6282291924512164, 0.5878804360176073, 0.21902659265790947, 0,0, 0
0.44076365329608197, 1.5469226059369727, 0.5749327393970952, 0.20698072011627183, 0,0, 0
0.4298543204949112, 1.5692595664806046, 0.5707126887142708, 0.20681159369457577, 0,0, 0
0.4518725470631278, 1.520865732763672, 0.5608562670293964, 0.20264190021321796, 0,0, 0
0.4104969068050289, 1.6007894504683258, 0.5913947432290827, 0.21728429117408712, 0,0, 0
0.3937337856715227, 1.6236133142539557, 0.6039055500410815, 0.22969101420861396, 0,0, 0
0.3869487128317701, 1.6937793676935888, 0.6336686168971862, 0.23389176821551974, 0,0, 0
0.42739306858245196, 1.6067561249842244, 0.5946676682487101, 0.2062177386095314, 0,0, 0
0.4277921905142021, 1.567309370146083, 0.5692988824049272, 0.21567940149000311, 0,0, 0
0.44003192975454003, 1.5373339820651961, 0.5551829156437842, 0.20488055166729294, 0,0, 0
0.4032461917115679, 1.5925047714068052, 0.6016505510755664, 0.22560482042230645, 0,0, 0
0.4385019623494978, 1.5346898046596429, 0.5677518775123784, 0.20736537647518585, 0,0, 0
0.4293886782412027, 1.5629358073535544, 0.5792870415528113, 0.21486214024812927, 0,0, 0
0.10031264551320429, 2.303824790214133, 0.8817123114680165, 0.47165397770238743, 0,0, 0
0.10210869420607996, 2.3666715782131016, 0.9106771840398187, 0.5315475126807102, 0,0, 0
0.10230825517195503, 2.6484108149612813, 0.9102745211599803, 0.5771475794002455, 0,0, 0
0.10057872680103772, 2.3921019553559306, 0.8986095188412173, 0.5694356548249165, 0,0, 0
0.16237610590035256, 2.3624023783827846, 0.8302232723425367, 0.33333756811713927, 0,0, 0
0.16743165036918778, 2.2766080342358572, 0.8546062477834709, 0.36811468500572003, 0,0, 0
0.15199893567484868, 2.4533096647092876, 0.8516330314528153, 0.3943398696270538, 0,0, 0
0.15359542340184926, 2.278826334523574, 0.8538226506661478, 0.3811160169291181, 0,0, 0
0.15206545599680701, 2.2531013976216814, 0.8656769907216584, 0.4542188675701809, 0,0, 0
0.13337324552650834, 2.2545962229441447, 0.8520490494473519, 0.4890968599318032, 0,0, 0
0.19942792523115813, 2.136543196367978, 0.8128251960026818, 0.2921729113703413, 0,0, 0
0.1686955364863966, 2.3004455917658526, 0.8273209324770997, 0.34852352523864605, 0,0, 0
0.16989290228164705, 2.307700809735877, 0.8190249423170272, 0.35350300128584533, 0,0, 0
0.1921106898157387, 2.2507287378218535, 0.8111495176988569, 0.3136214979857529, 0,0, 0
0.23973924033792324, 2.1000628059498605, 0.7516826555680676, 0.2685549944437228, 0,0, 0
0.21818665602341517, 2.1187730492021735, 0.7746260351226246, 0.29207678679730215, 0,0, 0
0.21645712765249783, 2.2258110525864514, 0.7825055889876377, 0.30144667505901385, 0,0, 0
0.21233286769107962, 2.080283314423798, 0.7843700625145573, 0.30329390115181387, 0,0, 0
0.2517128982904277, 2.0313153669782276, 0.7328881396666334, 0.25452743446101955, 0,0, 0
0.24838688219250982, 2.047634673627687, 0.7590091553406446, 0.2665542735452047, 0,0, 0
0.24878600412425997, 2.018674486504021, 0.7421708649360308, 0.26370578334367145, 0,0, 0
0.2473225570411761, 2.1405542692064103, 0.7442466744079351, 0.26607923657465465, 0,0, 0
0.2463247522118007, 2.087912107236782, 0.7536533429836669, 0.2760283663222851, 0,0, 0
0.20641255903678574, 2.0533089967598057, 0.7781456811475266, 0.34056384263924855, 0,0, 0
0.25630280050555443, 2.0114597458765826, 0.7393273727964221, 0.2627540744795693, 0,0, 0
0.259562296281514, 2.008574756218083, 0.7285513846016843, 0.2508374564484518, 0,0, 0
0.2926228962948181, 1.9196216649501805, 0.6954880930460661, 0.2433861654098151, 0,0, 0
0.23268808621033726, 2.092955227784908, 0.7672464119582094, 0.29290593626735284, 0,0, 0
0.24512738641655027, 2.0140581178600137, 0.7376620442514388, 0.2969240799648536, 0,0, 0
0.29674715625623627, 1.8810954083089049, 0.7395874026448738, 0.2664169306366325, 0,0, 0
0.280915319630147, 1.989444033020169, 0.6954391077857055, 0.250722315506262, 0,0, 0
0.2798509944788133, 2.037730679884409, 0.7059855200436052, 0.2574497766234167, 0,0, 0
0.2474555976850928, 2.0904329180576715, 0.7417296570669651, 0.29379683273868507, 0,0, 0
0.3002727333200293, 1.8831450906904017, 0.7035028437986113, 0.2458324615046725, 0,0, 0
0.30206878201290494, 1.880743554250166, 0.707141852948471, 0.25939769609886054, 0,0, 0
0.28962948180669196, 1.9444324091856948, 0.7228751363400561, 0.26759562504414736, 0,0, 0
0.2664138894432249, 1.9552617479998662, 0.7324872542500984, 0.2817337883351555, 0,0, 0
0.28690214860639923, 1.8954149107124438, 0.6984378554653933, 0.2633401615689707, 0,0, 0
0.2644848001064325, 2.0063039685829285, 0.7585480912208091, 0.2827423175725851, 0,0, 0
0.2861704250648573, 1.8398888721157118, 0.7135476746185938, 0.2867850939889619, 0,0, 0
0.28909731923102505, 1.868821370849858, 0.7219333617401006, 0.2734244165359206, 0,0, 0
0.29874276591498705, 1.9271300088770096, 0.6748003634429867, 0.25042005510210386, 0,0, 0
0.29980709106632075, 1.868264103038086, 0.6925937656413598, 0.26323914901133644, 0,0, 0
0.3436439832368789, 1.774976999320916, 0.6597835020604544, 0.23261052140858599, 0,0, 0
0.2767910596687288, 1.9312888995721924, 0.713910312607522, 0.26037093143381546, 0,0, 0
0.28417481540610656, 1.8970303472082177, 0.6968861850935271, 0.2693268769922745, 0,0, 0
0.33712499168495974, 1.7566088745394668, 0.6503976346688393, 0.2367356951909626, 0,0, 0
0.2960819530366527, 1.9032318446826595, 0.6980821787871052, 0.25295276649771115, 0,0, 0
0.3223574802102042, 1.829726567198113, 0.657319106829793, 0.2398431849544999, 0,0, 0
0.3408501297146278, 1.7681272201002662, 0.6477130162813869, 0.22794264308368464, 0,0, 0
0.33439765848466707, 1.8024745337391996, 0.6469819369582733, 0.23569592682372695, 0,0, 0
0.3494977715692144, 1.741267740869208, 0.6306840025074867, 0.22681828301775175, 0,0, 0
0.36626089270272066, 1.7128154602560195, 0.6375302744353837, 0.22360258369120406, 0,0, 0
0.35408767378434114, 1.7405226531975095, 0.6606441976385768, 0.23348966441551766, 0,0, 0
0.3428457393733786, 1.7425708555218893, 0.663789517991095, 0.250307380053025, 0,0, 0
0.3071908468036985, 1.8454337156989384, 0.7068780702037794, 0.27725308331356086, 0,0, 0
0.3357280649238342, 1.7462509389118481, 0.6554143511097924, 0.24874520071308648, 0,0, 0
0.33632674782145944, 1.7957674570008444, 0.6877160678541547, 0.25522508538963734, 0,0, 0
0.3922703385884388, 1.6596413363356841, 0.6166139419800402, 0.21558664550072446, 0,0, 0
0.35914321825317636, 1.7820101931115264, 0.6329996535628556, 0.2250993327676479, 0,0, 0
0.3422470564757533, 1.8034534857835802, 0.6407439747382847, 0.23579145143774127, 0,0, 0
0.34623827579325483, 1.7346962586611256, 0.6514529925316994, 0.2459994601075034, 0,0, 0
0.34317834098317035, 1.7704799096479487, 0.6384124016456805, 0.2467188530630948, 0,0, 0
0.339586243597419, 1.8069607727618653, 0.6385312825802569, 0.24054641408585664, 0,0, 0
0.34011840617308586, 1.8184116143357338, 0.6503617973992274, 0.24432092585283585, 0,0, 0
0.39646111887181534, 1.6479992120010858, 0.6120985194634304, 0.22106026864036923, 0,0, 0
0.3787001929089337, 1.6519789384632286, 0.6034703497006871, 0.23070388535278177, 0,0, 0
0.36426528304396993, 1.7262277144219818, 0.6169222402487855, 0.2250660533059329, 0,0, 0
0.38575134703651964, 1.7437376058500922, 0.603749742852778, 0.22053122146214932, 0,0, 0
0.3801636399920176, 1.6547630563539903, 0.6146977707212036, 0.22664963248881367, 0,0, 0
0.3509612186522983, 1.742370835303277, 0.6384113414957029, 0.24513256998654082, 0,0, 0
0.3254174150202887, 1.8402400672453603, 0.6519290858620992, 0.2764140371159947, 0,0, 0
0.36885518525909666, 1.6983413379784356, 0.6072554050343557, 0.2318793101142144, 0,0, 0
0.33971928424133574, 1.7686130887270766, 0.6709518902899575, 0.24675365203079203, 0,0, 0
0.3469699993347968, 1.745216283199594, 0.6384358815692702, 0.24266505879622532, 0,0, 0
0.3511607796181733, 1.7214712153889498, 0.6509193688523318, 0.25072887821023754, 0,0, 0
0.3391871216656689, 1.7565444841592373, 0.652004952315074, 0.25723849797927256, 0,0, 0
0.3655956894831371, 1.7437281772382307, 0.6102256281358804, 0.22991268635190637, 0,0, 0
0.36852258364930485, 1.6968343411425761, 0.6367190468147564, 0.23021093637737514, 0,0, 0
0.4118273132441961, 1.5983391794379358, 0.5831178762129422, 0.2114623259334717, 0,0, 0
0.3536220315306326, 1.7153527849406323, 0.6236242492970552, 0.2385589707840946, 0,0, 0
0.37703718485997473, 1.673327267259163, 0.654288893650616, 0.2355834183217551, 0,0, 0
0.3990554114281913, 1.6298625098636412, 0.611838431284395, 0.2185455958853799, 0,0, 0
0.4336459788465376, 1.5510830372514455, 0.5809102295028605, 0.2114466916626106, 0,0, 0
0.42380097119670057, 1.5507229382284609, 0.5665086008383952, 0.21544550822824263, 0,0, 0
0.40298011042373444, 1.5911896854167227, 0.588466123577415, 0.21538568247518217, 0,0, 0
0.4393002062129981, 1.5322504779557493, 0.5570672985117457, 0.2082049819861394, 0,0, 0
0.4071043703851527, 1.5997137399516101, 0.5879263763553033, 0.21772615543435866, 0,0, 0
0.4092995410097785, 1.5969960988583913, 0.5948075326036468, 0.22058423984871578, 0,0, 0
0.38894432249052086, 1.6956904038161422, 0.5955949853989004, 0.2190072619904757, 0,0, 0
0.4387680436373312, 1.542296775089309, 0.5550403830981206, 0.20902103772135716, 0,0, 0
0.4465509213064591, 1.5170512661652071, 0.5774372372462936, 0.2097409995218764, 0,0, 0
0.4242666134504091, 1.5486616905108823, 0.5819271329697736, 0.2111704641157831, 0,0, 0
0.3349963413822923, 1.7934417124174256, 0.6570768469040952, 0.2606912759617786, 0,0, 0
0.40045233818931686, 1.6122128279576249, 0.6187638230640643, 0.23376399674933585, 0,0, 0
0.41109558970265414, 1.5778850626007395, 0.5758891111963296, 0.2115658302103619, 0,0, 0
0.4647774895230493, 1.495428669389625, 0.5383257688077968, 0.1991697403899789, 0,0, 0
0.43537550721745494, 1.5373228232280933, 0.5606641281497167, 0.21106156349429278, 0,0, 0
0.40111754140890044, 1.6388123541106914, 0.5779568861899261, 0.21640741532392213, 0,0, 0
0.3906738508614382, 1.6299496511277314, 0.6347913081480263, 0.24042290804840113, 0,0, 0
0.3882791192709373, 1.6818126245075746, 0.5907155556237723, 0.2234795846560075, 0,0, 0
0.10836160447016563, 2.3024809210154378, 0.8921704768732954, 0.28092798334287095, 0,0, 0
0.14827379764518062, 2.3273801232561064, 0.8573806517217794, 0.3698116751915566, 0,0, 0
0.1072972793188319, 2.5021526797805995, 0.902179022486969, 0.3910589415573121, 0,0, 0
0.14720947249384686, 2.5222625724809227, 0.8576066665521824, 0.3853697055341368, 0,0, 0
0.1181400917980443, 2.435504182967995, 0.8744757991561438, 0.4670348431551367, 0,0, 0
0.147608594425597, 2.3460570337814715, 0.8500272667560038, 0.3824918888638856, 0,0, 0
0.14228696866892837, 2.2952970006084805, 0.8801779270427862, 0.3763205722648684, 0,0, 0
0.1686955364863966, 2.2488240501421193, 0.87651221829345, 0.36783514001519707, 0,0, 0
0.17827446284840018, 2.329359369499038, 0.8156290916566649, 0.3401768371696114, 0,0, 0
0.17847402381427527, 2.1729026755704255, 0.8185315582531771, 0.3324577387410579, 0,0, 0
0.19264285239140558, 2.2344507668765807, 0.7941596981058184, 0.2993497757208357, 0,0, 0
0.20415086809020155, 2.1405188476921184, 0.7707524000593574, 0.2844037273214499, 0,0, 0
0.16956030067185526, 2.3618404394272026, 0.8735883612958488, 0.3939928861285262, 0,0, 0
0.19976052684094991, 2.1653866895196887, 0.7955263861983588, 0.31780306468799985, 0,0, 0
0.14774163506951374, 2.2672978085108575, 0.8387187456442473, 0.44857676786738787, 0,0, 0
0.17415020288698196, 2.209855722312893, 0.8143298298743447, 0.37737972561914446, 0,0, 0
0.2045499900219517, 2.1251046840503673, 0.7994044520682562, 0.31803944903446374, 0,0, 0
0.19304197432315573, 2.1183284019540505, 0.8032589231260959, 0.3649162743456179, 0,0, 0
0.17335195902348166, 2.3177961901753106, 0.8314179446172076, 0.3718570682459459, 0,0, 0
0.23781015100113084, 2.0509012185241824, 0.755997124929713, 0.2640843474414968, 0,0, 0
0.20348566487061798, 2.044281541567668, 0.7916722267221208, 0.3518477558948537, 0,0, 0
0.24532694738242533, 1.99952129889318, 0.7513289626713582, 0.26819181336677667, 0,0, 0
0.24007184194771503, 2.0180074229121785, 0.7799421099150292, 0.2837245141240782, 0,0, 0
0.24326481740171624, 2.1549168014977576, 0.7950589665644301, 0.28792791060339495, 0,0, 0
0.26967338521918444, 2.0050690393164623, 0.7569462581177135, 0.2576937199976264, 0,0, 0
0.2356815006984634, 2.0620097347693727, 0.7590462510199949, 0.27691669126768315, 0,0, 0
0.23827579325483936, 2.0259524103347504, 0.7691651916392339, 0.2750095672068545, 0,0, 0
0.2692742632874343, 2.0160428998491398, 0.7014196431381883, 0.2521112946103951, 0,0, 0
0.2887647176212333, 1.9760355385352313, 0.7038524644891969, 0.2399299790797929, 0,0, 0
0.3118472693407836, 1.8951816584371977, 0.6853007345838642, 0.22600222810275408, 0,0, 0
0.27625889709306195, 1.9199040465580761, 0.7172383076901468, 0.2558449408153694, 0,0, 0
0.27845406771768777, 1.939676018513931, 0.7713529383034676, 0.27065488027299556, 0,0, 0
0.28417481540610656, 1.918798196807812, 0.7296625235368882, 0.25231534686340634, 0,0, 0
0.26634736912126655, 1.9465525432125597, 0.766073009739945, 0.27686964152823246, 0,0, 0
0.27386416550256104, 1.9078784287035335, 0.7537367272808504, 0.2627427989038836, 0,0, 0
0.2719350761657686, 2.009309275476374, 0.7554967150635996, 0.26786922822952486, 0,0, 0
0.2603605401450143, 1.9604498368453687, 0.7256305907061673, 0.27698685592231115, 0,0, 0
0.27399720614647777, 1.9358731757995413, 0.7515476921873495, 0.2686502720007965, 0,0, 0
0.3063926029401982, 1.8426569336960235, 0.6805709953959392, 0.239665051260396, 0,0, 0
0.32515133373245525, 1.836100020289207, 0.6599595245237885, 0.2409769097707527, 0,0, 0
0.3149072041508681, 1.8575337514155386, 0.6925406601167023, 0.24100496499143698, 0,0, 0
0.23827579325483936, 2.002182967383443, 0.7520220649593603, 0.31644365913674133, 0,0, 0
0.31963014700991155, 1.8085079516692368, 0.671184678642334, 0.24603925957592895, 0,0, 0
0.3053947981108229, 1.818852546116648, 0.6714317485590974, 0.24802110746761938, 0,0, 0
0.3206279518392869, 1.8238904180501676, 0.6823491829519499, 0.23810980008897084, 0,0, 0
0.3144415618971596, 1.8466134898194548, 0.6845410644901057, 0.24305932947719625, 0,0, 0
0.25138029668063594, 1.9897942764014611, 0.7634279508777869, 0.34532708466397033, 0,0, 0
0.3027339852324885, 1.825013104058752, 0.6920127925919897, 0.26733605856363235, 0,0, 0
0.3388545200558771, 1.7969510686169172, 0.6517699708533907, 0.23300499254100437, 0,0, 0
0.3641322424000532, 1.736383741716183, 0.6428101942049206, 0.22820762749007384, 0,0, 0
0.3153063260826182, 1.8778321767256962, 0.6714821993322329, 0.24859772379417738, 0,0, 0
0.34803432448613053, 1.8132024231780466, 0.6467857551938582, 0.22655423726205337, 0,0, 0
0.280915319630147, 1.8977322487816881, 0.7057084818526661, 0.2947793230212141, 0,0, 0
0.29714627818798645, 1.840490997652407, 0.6877326544129214, 0.2840366819594516, 0,0, 0
0.32089403312712034, 1.829680182207751, 0.6554333137470928, 0.2538265685915886, 0,0, 0
0.3181001796048693, 1.8268492725857883, 0.6843682074071189, 0.2636818074773446, 0,0, 0
0.3185658218585778, 1.8454351283127635, 0.6551503490113039, 0.26447802201998144, 0,0, 0
0.3365263087873345, 1.7776769432512132, 0.6403189480747161, 0.23381392398475945, 0,0, 0
0.36785738042972127, 1.6946989486220354, 0.6516819992959975, 0.22998128656021272, 0,0, 0
0.38368921705581055, 1.6464195095742604, 0.612439760259928, 0.22335022348362316, 0,0, 0
0.3914720947249385, 1.6373743095068385, 0.6137124309217471, 0.22127659797425167, 0,0, 0
0.37078427459588903, 1.6738606034492152, 0.6169082193929112, 0.22865232361558394, 0,0, 0
0.36586177077097054, 1.6825796200559342, 0.6507028921630966, 0.234659902507755, 0,0, 0
0.3346637397725005, 1.7433057853288298, 0.6510735834107833, 0.23966573062927277, 0,0, 0
0.3547528770039247, 1.6825840793030113, 0.6410471632553545, 0.24235552523734838, 0,0, 0
0.3823588106166434, 1.6808060089870023, 0.6259263397596994, 0.22372869546987834, 0,0, 0
0.29854320494911196, 1.867519344553388, 0.6924252288854893, 0.26467493649390145, 0,0, 0
0.37637198164039115, 1.6799289161105349, 0.6195659493623632, 0.22401029022255975, 0,0, 0
0.3876139160513537, 1.6734271520948343, 0.6138446464589035, 0.2181607822998829, 0,0, 0
0.37351160779618175, 1.7145636247458955, 0.6229828449842153, 0.21899455507855592, 0,0, 0
0.380429721279851, 1.6610264568898458, 0.6298063877548504, 0.2272012844231111, 0,0, 0
0.35914321825317636, 1.671141958719225, 0.6301812336573834, 0.24043597960606852, 0,0, 0
0.4075034923169028, 1.6044591472553, 0.6038500054949977, 0.21452527996820422, 0,0, 0
0.37218120135701455, 1.6837875951468837, 0.6196441267848808, 0.23158107965115593, 0,0, 0
0.3961285172620235, 1.6156857541572038, 0.5895568267787593, 0.21770866367457603, 0,0, 0
0.361870551453469, 1.6964727795581804, 0.6172879839750824, 0.23276782233505858, 0,0, 0
0.3728464045765982, 1.663213089497525, 0.6070132635954667, 0.22368503780409796, 0,0, 0
0.36379964079026145, 1.7257010896522857, 0.6138438018543833, 0.22970876348728875, 0,0, 0
0.35289030798909066, 1.708689467809851, 0.6238542708912072, 0.23324727222185132, 0,0, 0
0.3436439832368789, 1.7355896180153274, 0.6590019746839215, 0.2569869469482387, 0,0, 0
0.3502960154327147, 1.7360674308353117, 0.6357304467207983, 0.2374120629408635, 0,0, 0
0.4020488259163174, 1.6154850815664878, 0.6038303845305287, 0.21883953857216482, 0,0, 0
0.4192775893035322, 1.589036684127686, 0.5941025686715564, 0.21085850916487542, 0,0, 0
0.4028470697798177, 1.5903190793292985, 0.5922322051608547, 0.22143843157707344, 0,0, 0
0.3418479345440032, 1.867068772259915, 0.6262347161225198, 0.2451691718585398, 0,0, 0
0.3617375108095523, 1.7203256288212645, 0.6305551197764686, 0.24268477587647083, 0,0, 0
0.3791658351626422, 1.6720828320956203, 0.6356840561711044, 0.23114869392657428, 0,0, 0
0.39074037118339655, 1.6515776021879987, 0.61198267011775, 0.22574204533356618, 0,0, 0
0.3554180802235083, 1.7417485511053952, 0.6561484724050767, 0.2441479589138692, 0,0, 0
0.38189316836293485, 1.6867086930795319, 0.6349436620708906, 0.23051737145004406, 0,0, 0
0.37597285970864097, 1.7323600904331993, 0.6015557495985054, 0.23477798988335347, 0,0, 0
0.3823588106166434, 1.721176131158177, 0.6239612150786368, 0.23904823616924806, 0,0, 0
0.39852324885252444, 1.6195683452615257, 0.6104643894253777, 0.22963741314710323, 0,0, 0
0.3950641921106898, 1.6351780716763724, 0.594268086548177, 0.2243269869449477, 0,0, 0
0.35974190115080157, 1.7459451514861544, 0.6155591789811637, 0.23203423410194543, 0,0, 0
0.39646111887181534, 1.6447198072359535, 0.585085117030122, 0.21942580167485626, 0,0, 0
0.40411095589702656, 1.5842030767745652, 0.5921189932036919, 0.2328915094511931, 0,0, 0
0.4396993281447482, 1.5340576242113562, 0.5791828718600028, 0.21188592640998827, 0,0, 0
0.43557506818333, 1.5527294561735752, 0.5837614775672404, 0.20694519516663146, 0,0, 0
0.3969932814474822, 1.6461149933485582, 0.6173633753248652, 0.22702978683273783, 0,0, 0
0.3971263220913989, 1.5810119768695459, 0.5929849548163225, 0.22803397317255278, 0,0, 0
0.10403778354287235, 2.3023249436097255, 0.8956375096706843, 0.32365040281498353, 0,0, 0
0.09998004390341249, 2.3459663546696747, 0.8923696388189956, 0.409373939254632, 0,0, 0
0.09924832036187055, 2.432350012393782, 0.89955361777549, 0.5741718160921178, 0,0, 0
0.12765249783808955, 2.4020684670126857, 0.8675501190554072, 0.42037935280487965, 0,0, 0
0.16490387813477017, 2.431585161024436, 0.8358737867792194, 0.3073172257267445, 0,0, 0
0.13004722942859043, 2.338018366377455, 0.8707468873587898, 0.4674181287758508, 0,0, 0
0.10217521452803832, 2.3023986248946877, 0.9252159512762187, 0.5733854638075242, 0,0, 0
0.20142353488990886, 2.329948789597763, 0.7845729668673522, 0.29262703420467356, 0,0, 0
0.17089070711102242, 2.3435171010259035, 0.82411313035737, 0.34311547639721257, 0,0, 0
0.1737510809552318, 2.2342852461340423, 0.8341712858858716, 0.3156693194627569, 0,0, 0
0.23854187454267278, 2.1290004751143528, 0.7484153162500907, 0.2530972798235812, 0,0, 0
0.22936207011241935, 2.0819387619092398, 0.7932353315710879, 0.2644344562220932, 0,0, 0
0.22889642785871084, 2.103391894567499, 0.7755159083784194, 0.2743208583684518, 0,0, 0
0.21512672121333068, 2.1685965675631422, 0.7848359754740577, 0.30436460432088075, 0,0, 0
0.22949511075633605, 2.125956648299931, 0.7474982381772669, 0.2557184884492285, 0,0, 0
0.22051486729195768, 2.1326302924667186, 0.768428882571327, 0.29088123242329256, 0,0, 0
0.2406040045233819, 2.0426705130550316, 0.7790989045622255, 0.286656712936699, 0,0, 0
0.2521120202221779, 2.0429564742780943, 0.7350943284048421, 0.267978413062836, 0,0, 0
0.1994944455531165, 2.0342883010281065, 0.7853358220108072, 0.3491532200982252, 0,0, 0
0.2693407836093927, 1.9651252893577482, 0.7191452328613501, 0.243648708282498, 0,0, 0
0.24938468702188518, 2.0707146549588833, 0.7368620180329521, 0.25063953422230695, 0,0, 0
0.23215592363467039, 2.005281696988541, 0.7714145511877899, 0.2967295635963175, 0,0, 0
0.2117341847934544, 2.279256766801393, 0.7644941931539617, 0.31748623749102167, 0,0, 0
0.272932880995144, 2.008277957238639, 0.7309114371026803, 0.24963376173010857, 0,0, 0
0.27931883190314644, 1.9438883028233083, 0.7444780540821564, 0.2520048140714354, 0,0, 0
0.19610190913324022, 2.1047595775822066, 0.7958162939997078, 0.3738849557637681, 0,0, 0
0.2209805095456662, 2.0803433151799573, 0.807382771114775, 0.33834610594875336, 0,0, 0
0.30186922104702985, 1.9338433138665854, 0.7231751172788893, 0.24334246126280742, 0,0, 0
0.2343510942592962, 1.9876093198175735, 0.7460837124093054, 0.3139532455192242, 0,0, 0
0.27226767777556043, 2.0093308767460067, 0.7120695994092447, 0.25523108902216995, 0,0, 0
0.25118073571476085, 2.0142905397669866, 0.7305243744981847, 0.2765656751956566, 0,0, 0
0.32934211401583185, 1.8545408300722874, 0.6890065611205379, 0.22529708254094602, 0,0, 0
0.30107097718352954, 1.9206420532213684, 0.7265870326409665, 0.2540109315678763, 0,0, 0
0.2989423268808621, 1.8965321956165837, 0.7357079485565577, 0.2572547283525212, 0,0, 0
0.29295549790460984, 1.9081423932354757, 0.7269353287539241, 0.24768876806614798, 0,0, 0
0.30971861903811615, 1.9446068299290091, 0.6762338400618307, 0.2337993842168784, 0,0, 0
0.3023348633007384, 1.8902526857736683, 0.682754945374347, 0.26558464177291435, 0,0, 0
0.3228231224639127, 1.8422699019175077, 0.6759330731083654, 0.24307086136513534, 0,0, 0
0.3231557240737045, 1.8117100036739788, 0.6753219370698474, 0.23628868638400127, 0,0, 0
0.3320694472161245, 1.8243502756518883, 0.646903842323536, 0.22705741871198207, 0,0, 0
0.3312712033526242, 1.7985134455410376, 0.6623803551551763, 0.23120547823859725, 0,0, 0
0.3132441961019091, 1.8563113761449348, 0.6901540613893071, 0.2495655449324589, 0,0, 0
0.279052750615313, 1.9410303601541499, 0.7145254727417071, 0.27797603327291437, 0,0, 0
0.32614913856183064, 1.8211549748515112, 0.6611525835673815, 0.24668730711915768, 0,0, 0
0.354619836360008, 1.7357033336582055, 0.6481648567111715, 0.23132414459326167, 0,0, 0
0.27432980775626953, 1.90593420378559, 0.7093492295302424, 0.2657029660712233, 0,0, 0
0.31178074901882524, 1.8336164501405148, 0.6811709469571867, 0.24106990792644034, 0,0, 0
0.34524047096387944, 1.8045742032568841, 0.6463814778264191, 0.22594228998076285, 0,0, 0
0.33971928424133574, 1.7766593274008862, 0.6565508144773713, 0.24977750507897986, 0,0, 0
0.2743963280782279, 1.9791921896566724, 0.7102449660432582, 0.3058707221862267, 0,0, 0
0.355551120867425, 1.7571753493161335, 0.630699770218108, 0.22588362557355224, 0,0, 0
0.3819596886848932, 1.677833759631256, 0.6462594637636145, 0.2186425817790678, 0,0, 0
0.3401849264950442, 1.7930547698171506, 0.6500432158845351, 0.22945716441456415, 0,0, 0
0.3239539679372048, 1.8185871970395417, 0.659937211031307, 0.24942427429369107, 0,0, 0
0.3521585844475487, 1.7652205065688726, 0.6475880785861514, 0.24321276185254245, 0,0, 0
0.33566154460187586, 1.7861279428197516, 0.6561543283158404, 0.24306332652536455, 0,0, 0
0.3542207144282578, 1.730893125691782, 0.6594560885693805, 0.24002085338835552, 0,0, 0
0.3033326681301137, 1.7990001396074775, 0.6842114933811261, 0.277748864094519, 0,0, 0
0.35980842147275993, 1.7064391323995631, 0.6720287408670838, 0.23901303793844278, 0,0, 0
0.3806958025676844, 1.6694744700646595, 0.6385411065228133, 0.22421758533418285, 0,0, 0
0.33725803232887647, 1.7898335053586027, 0.6858525217912436, 0.2583970704210269, 0,0, 0
0.3149072041508681, 1.8709984501375376, 0.6739922811713565, 0.24830218152070643, 0,0, 0
0.3659282910929289, 1.6899107211292175, 0.6276547174392154, 0.22635265547134206, 0,0, 0
0.35960886050688484, 1.7007497119715627, 0.6616107702932811, 0.23980967980468962, 0,0, 0
0.3586775759994678, 1.6935218397565353, 0.6518477193791982, 0.23869374045823322, 0,0, 0
0.3436439832368789, 1.7837695267140916, 0.6568800156716459, 0.24261094156739, 0,0, 0
0.383955298343644, 1.664598694696268, 0.613955434034179, 0.2190940696505327, 0,0, 0
0.3639326814341781, 1.7270601273875572, 0.6321840909794709, 0.23436866701014916, 0,0, 0
0.39246989955431383, 1.6407104838907873, 0.6127136765952717, 0.21611512834202196, 0,0, 0
0.4030466307456928, 1.6529128394502053, 0.624294013937497, 0.21615672741441633, 0,0, 0
0.3874143550854786, 1.6407897378016492, 0.595192983225665, 0.22044147480177032, 0,0, 0
0.3608727466240937, 1.701238827494291, 0.6292876784165317, 0.23317889079118345, 0,0, 0
0.3886782412026874, 1.6447470255504864, 0.6337541883516562, 0.23162031892608895, 0,0, 0
0.3870152331537285, 1.6420895206417174, 0.6343468128621393, 0.23199175923532395, 0,0, 0
0.3628683562828444, 1.6984832346903258, 0.6483474122677403, 0.24038022383435925, 0,0, 0
0.39133905408102176, 1.6727147435082144, 0.6098144679375544, 0.21754775239122817, 0,0, 0
0.3588771369653429, 1.776093385259699, 0.6224265232724576, 0.23176735169553997, 0,0, 0
0.3727798842546398, 1.734865770931413, 0.6427833164175106, 0.22973436947472592, 0,0, 0
0.3536220315306326, 1.7909076209752801, 0.6491703804437505, 0.23871009972439386, 0,0, 0
0.3592762588970931, 1.7234787375442617, 0.6396850725637687, 0.23020730480521798, 0,0, 0
0.3636666001463447, 1.7228978393775458, 0.6706845415209395, 0.23642480560259152, 0,0, 0
0.37158251845938933, 1.7043399964258206, 0.6391386936731656, 0.23034979767370178, 0,0, 0
0.34843344641788065, 1.727931881923027, 0.6497287579163796, 0.24880597100150081, 0,0, 0
0.3792988758065589, 1.6728188833167894, 0.619339709741456, 0.23603644999440324, 0,0, 0
0.3711833965276392, 1.7042977166092181, 0.6051621620933825, 0.22523563005935948, 0,0, 0
0.3910729727931883, 1.6440836821698797, 0.5972478503810271, 0.2207194218776783, 0,0, 0
0.42845739373378566, 1.5586874676323268, 0.5906959910425584, 0.21541750752917335, 0,0, 0
0.3904742898955631, 1.657140474970934, 0.6227714828492344, 0.22234926114332254, 0,0, 0
0.4178806625424067, 1.5820159465713883, 0.5951201954609612, 0.21635362779055256, 0,0, 0
0.4311847269340784, 1.571112223902775, 0.576771354758913, 0.20793564761740768, 0,0, 0
0.40677176877536086, 1.5837747100694828, 0.5877526477403936, 0.22138500948867532, 0,0, 0
0.38940996474422934, 1.628764754902307, 0.5861590717709917, 0.2217615317486874, 0,0, 0
0.37351160779618175, 1.7095377597563093, 0.6029125243336331, 0.22719295156299998, 0,0, 0
0.36965342912259697, 1.7068678940919744, 0.6117477300070451, 0.23402273560196285, 0,0, 0
0.423135767977117, 1.5654414262478122, 0.5787893915589027, 0.21144837948713427, 0,0, 0
0.3706512339519723, 1.7481533172976818, 0.6085252828033755, 0.23393987263100052, 0,0, 0
0.39825716756469104, 1.6822518666712163, 0.6074890401957526, 0.2207877919950038, 0,0, 0
0.4100977848732788, 1.618572095196293, 0.5874234079367787, 0.22055646630384407, 0,0, 0
0.4108960287367791, 1.606163405348328, 0.5828245765151064, 0.2229875946836526, 0,0, 0
0.4095656222976119, 1.6156944038426575, 0.6005034028780668, 0.2289206149028914, 0,0, 0
0.4263287434311182, 1.5764856236126739, 0.5868643073940165, 0.21127455431997627, 0,0, 0
0.09605534490786935, 2.3018082935938713, 0.9277148532385796, 0.5210927700345236, 0,0, 0
0.09904875939599547, 2.305032464928679, 0.8938837418790088, 0.5720342081211978, 0,0, 0
0.0996474422936207, 2.448751764597868, 0.9424463317291131, 0.5920683745351987, 0,0, 0
0.1634404310516863, 2.3155460583507868, 0.8277230481581622, 0.3396819604258545, 0,0, 0
0.14887248054280583, 2.273309360132209, 0.8630216344503455, 0.38042170202803194, 0,0, 0
0.16809685358877138, 2.2558561636446353, 0.8030063562685344, 0.34264156544201024, 0,0, 0
0.16510343910064526, 2.3416059861075005, 0.8291125975942925, 0.356936370013535, 0,0, 0
0.15080156987959822, 2.498111322271382, 0.8516083679216853, 0.40873157687318273, 0,0, 0
0.1497372447282645, 2.433697122157409, 0.852101146458431, 0.4207693409027426, 0,0, 0
0.16749817069114614, 2.2355941283419756, 0.8368570274412659, 0.33414434786416547, 0,0, 0
0.19137896627419676, 2.1947823779268796, 0.8026027130081361, 0.3705772928277982, 0,0, 0
0.1887846737178208, 2.256194512850271, 0.8119384815901755, 0.3222159068917159, 0,0, 0
0.24040444355750681, 2.134085994371673, 0.7559383860593026, 0.25831706969366414, 0,0, 0
0.1886516330739041, 2.306226694773416, 0.7959359878382116, 0.30700798788753686, 0,0, 0
0.20714428257832768, 2.2113745832410725, 0.8307362830289177, 0.3269384845920433, 0,0, 0
0.1778088205946917, 2.1868664137159195, 0.8119416745933323, 0.33435881287728536, 0,0, 0
0.2826448480010643, 2.0071215121671364, 0.7195952974170506, 0.2410337035044385, 0,0, 0
0.2020222177875341, 2.100626898443898, 0.7967269938926036, 0.3578788579077187, 0,0, 0
0.22809818399521054, 2.0248910821555484, 0.7675724733340544, 0.30171912323633265, 0,0, 0
0.21545932282312247, 2.086598237411059, 0.7742575394544084, 0.29181786943205984, 0,0, 0
0.2190514202088738, 2.102829130682523, 0.7767792857244444, 0.3288312496677245, 0,0, 0
0.21798709505754008, 2.184594886968103, 0.7751584432305373, 0.2874715517210015, 0,0, 0
0.2501829308853855, 2.0650152960362362, 0.7632031721387297, 0.2832756208626194, 0,0, 0
0.27951839286902147, 2.0103520652471185, 0.7158744340799384, 0.24690277438384722, 0,0, 0
0.20222177875340916, 2.1447603598475924, 0.8030153742987922, 0.34109223151793217, 0,0, 0
0.22843078560500232, 2.0608932735526158, 0.7636951241345211, 0.2929885350753229, 0,0, 0
0.2474555976850928, 2.0285775683632408, 0.7689560723709465, 0.3046365676068911, 0,0, 0
0.2662808487993082, 1.9733573068824188, 0.7203468572301738, 0.25593991848869746, 0,0, 0
0.29634803432448614, 1.9886961282826086, 0.6928914113288235, 0.2384702003051467, 0,0, 0
0.2859043437770239, 1.957122799050964, 0.7040517354322061, 0.25258567201025806, 0,0, 0
0.27047162908268474, 1.9709059276845984, 0.7131495898439784, 0.2601986752598489, 0,0, 0
0.29568283110490257, 1.9125743831242026, 0.6811935931864412, 0.2562799243334591, 0,0, 0
0.3085212532428657, 1.9042894982144971, 0.6877456688731272, 0.23976235982869626, 0,0, 0
0.3284108295084148, 1.839439872804694, 0.6619269394577522, 0.22737901240553524, 0,0, 0
0.3211601144149538, 1.8281347238556762, 0.6840672697775781, 0.24391537830445614, 0,0, 0
0.3272799840351227, 1.8066373232127362, 0.7027792433385865, 0.24329493864043616, 0,0, 0
0.31118206612120003, 1.7983177258116212, 0.6741149263436099, 0.2429131455152314, 0,0, 0
0.24432914255304997, 1.9763023394877932, 0.7576184961168257, 0.3136631276239361, 0,0, 0
0.3094525377502827, 1.8412917080976954, 0.7269576532991521, 0.26325607313887, 0,0, 0
0.3349298210603339, 1.81219556131525, 0.6801552243346191, 0.24970552256037593, 0,0, 0
0.2970797578660281, 1.8750647505501077, 0.6863488011858994, 0.25719627636221676, 0,0, 0
0.3351959023481674, 1.7646304152141208, 0.6690444518322737, 0.2365714717620514, 0,0, 0
0.277389742566354, 1.9194307438694678, 0.7170441185649288, 0.27176944380335155, 0,0, 0
0.26475088139426595, 1.9830803148746332, 0.7363346403725517, 0.28410980465359276, 0,0, 0
0.26375307656489055, 1.9905328100145374, 0.730627980273104, 0.28749798022912854, 0,0, 0
0.28623694538681566, 1.9303694811678056, 0.7150460602992679, 0.2821333774031085, 0,0, 0
0.36326747821459454, 1.7028593774256746, 0.6567098778916699, 0.22884660810382054, 0,0, 0
0.2882990753675248, 1.8952296774682984, 0.6936546025162527, 0.30476279336138945, 0,0, 0
0.3272134637131644, 1.750141947066872, 0.686064556085476, 0.2650770648826979, 0,0, 0
0.38515266413889443, 1.673427018403674, 0.6457842917170565, 0.217171156539681, 0,0, 0
0.3065921639060733, 1.7920881073421595, 0.6866556465187631, 0.26318420609500504, 0,0, 0
0.3866161112219783, 1.668191790406293, 0.6177165693471339, 0.21932167365434757, 0,0, 0
0.32182531763453737, 1.8352413859991765, 0.6565559271217876, 0.24544355278451785, 0,0, 0
0.36792390075167963, 1.6996554166925077, 0.6536400446884276, 0.23177008672654412, 0,0, 0
0.3731124858644316, 1.6890455186882474, 0.6569615474455581, 0.2265233594555265, 0,0, 0
0.3687886649371383, 1.7106451319288623, 0.6548750335559568, 0.23094890886884464, 0,0, 0
0.261424865296348, 1.993958696554475, 0.7402030563189405, 0.2984861313189424, 0,0, 0
0.3118472693407836, 1.8526614711183216, 0.6843641501997404, 0.261153476279589, 0,0, 0
0.29335461983636, 1.9422648896414336, 0.6873643729731346, 0.2680411241480719, 0,0, 0
0.3233552850395796, 1.8034468429523782, 0.6608336450770396, 0.24539685577910372, 0,0, 0
0.35182598283775696, 1.7267247765645735, 0.6397033767567065, 0.23716393507032044, 0,0, 0
0.3856848267145613, 1.6353573424973697, 0.6306013004414845, 0.22273243675130555, 0,0, 0
0.41322424000532165, 1.597155146449973, 0.5914820756578969, 0.21139219088811487, 0,0, 0
0.3965276391937737, 1.6385562095759134, 0.6056471137846674, 0.21846114050239024, 0,0, 0
0.3651300472294286, 1.741767012647928, 0.6414103121131209, 0.230007027294514, 0,0, 0
0.4052418013703186, 1.6332502070855754, 0.6050176542151062, 0.21349542017192633, 0,0, 0
0.33566154460187586, 1.7456487343384344, 0.6560104347207898, 0.24826200515994187, 0,0, 0
0.3856848267145613, 1.6608397606298102, 0.6001384088765278, 0.22789968454579734, 0,0, 0
0.36326747821459454, 1.7302837137935532, 0.6254905560991549, 0.24184627373162343, 0,0, 0
0.38049624160180934, 1.6843323079220018, 0.6269086582221577, 0.2304209891799899, 0,0, 0
0.3755072174549325, 1.6729554648841998, 0.6705839075432917, 0.24693810305728178, 0,0, 0
0.4182132641521985, 1.5874798007134485, 0.5845350587045749, 0.2078777501739098, 0,0, 0
0.38102840417747624, 1.668186657032091, 0.6012942419727499, 0.22659385600088186, 0,0, 0
0.3533559502427992, 1.7659213474384763, 0.6143121013456496, 0.23883144822161637, 0,0, 0
0.39772500498902413, 1.630295227318239, 0.6310919146007636, 0.22757261332279122, 0,0, 0
0.4038448746091931, 1.6634946739190688, 0.6328971753577006, 0.22400709645042322, 0,0, 0
0.37411029069380697, 1.6508415590631964, 0.6368995006067357, 0.23627491336366305, 0,0, 0
0.39785804563294086, 1.6116048558304459, 0.5913588001298793, 0.22169841830499099, 0,0, 0
0.3828244528703519, 1.6872460002104759, 0.6223211182821453, 0.22977896728327443, 0,0, 0
0.3289429920840817, 1.811384867435423, 0.6560103179719985, 0.2954677075816501, 0,0, 0
0.3939333466373977, 1.6202433184973772, 0.6058984908813613, 0.23461316043091873, 0,0, 0
0.336792390075168, 1.7856419527746956, 0.6488637734700815, 0.2832604555482072, 0,0, 0
0.3854187454267279, 1.6414230863045116, 0.6207276937611219, 0.22877184791686658, 0,0, 0
0.41575201223973923, 1.6498653203772347, 0.5734202006609779, 0.21209308307742106, 0,0, 0
0.3638661611122198, 1.6646341796096338, 0.6285593730941297, 0.24303017436571847, 0,0, 0
0.40697132974123595, 1.5855628333746423, 0.5951561503023794, 0.22097459939836053, 0,0, 0
0.3758398190647243, 1.6995816352566362, 0.6105371529082889, 0.23790602963120833, 0,0, 0
0.4115612319563627, 1.5953926399646543, 0.5935801602341515, 0.2268726215293119, 0,0, 0
0.4332468569147875, 1.5249923935615635, 0.5660089640312397, 0.21316573648946702, 0,0, 0
0.40803565489256965, 1.584153256565481, 0.5827171391288936, 0.22007247203318067, 0,0, 0
0.43391206013437106, 1.545725674072497, 0.5685729504974628, 0.20857662480369865, 0,0, 0
0.332535089469833, 1.819936448098942, 0.646877806686829, 0.24817347296921177, 0,0, 0
0.3944655092130646, 1.6194461640844062, 0.6026207040423622, 0.2286508365444244, 0,0, 0
0.3914055744029801, 1.6463191870143772, 0.5997729904530604, 0.2238684206891446, 0,0, 0
0.3746424532694738, 1.7017654835095404, 0.6245065060363474, 0.2477591662413551, 0,0, 0
0.42340184926495045, 1.5888097369596723, 0.5989533555639244, 0.21686562228299483, 0,0, 0
0.45659548992217125, 1.5099719880054725, 0.5478383828501198, 0.2039052703877588, 0,0, 0
0.4347768243198297, 1.5504282974204815, 0.5949166427814397, 0.21435556908809286, 0,0, 0
0.40171622430652565, 1.6257916843907796, 0.5992374624220167, 0.222631536819676, 0,0, 0
0.43737111687620567, 1.5245325542381247, 0.5550811026670279, 0.20965496825611207, 0,0, 0
0.4214062396061997, 1.569943349600544, 0.5980905280882701, 0.21893501946337904, 0,0, 0
0.10297345839153861, 2.303934286607047, 0.8826302958662793, 0.3592189741973562, 0,0, 0
0.10024612519124593, 2.3507313602327358, 0.88033626681359, 0.5611334247542379, 0,0, 0
0.11335062861704251, 2.3420132577819737, 0.8814447372340165, 0.44508340116581907, 0,0, 0
0.0996474422936207, 2.406448073074076, 0.9424463317291131, 0.5841884580653658, 0,0, 0
0.10796248253841549, 2.3301086822907653, 0.8890073918826906, 0.5377149402846523, 0,0, 0
0.09904875939599547, 2.349216511821601, 0.8938837418790088, 0.5735043365552567, 0,0, 0
0.14009179804430252, 2.4149697716781846, 0.8516547484319082, 0.47992127803252244, 0,0, 0
0.16623428457393732, 2.4237757738317107, 0.8171074275487915, 0.37020802905891587, 0,0, 0
0.19264285239140558, 2.1627588499086405, 0.7923165524471933, 0.2887598732128022, 0,0, 0
0.20674516064657752, 2.20226210661454, 0.7826785559248273, 0.2888126751274059, 0,0, 0
0.22277655823854187, 2.0966792846165325, 0.7734104955713942, 0.26034080929051834, 0,0, 0
0.19909532362136634, 2.166118516549612, 0.7875108079107415, 0.2998778341757751, 0,0, 0
0.2189183795649571, 2.1415286266120983, 0.7808425948234047, 0.2692389542076617, 0,0, 0
0.2475886383290095, 2.0658495223729156, 0.784229412034857, 0.2604631963422911, 0,0, 0
0.19091332402048825, 2.3394201555263496, 0.8036413102096772, 0.30649091219870284, 0,0, 0
0.16889509745227166, 2.236190463360584, 0.8175162918894086, 0.36781179853577006, 0,0, 0
0.19610190913324022, 2.130159430119089, 0.8003590261906006, 0.35033853114463376, 0,0, 0
0.2189183795649571, 2.1548635151178024, 0.769688351348349, 0.29678345156476704, 0,0, 0
0.24100312645513206, 2.043676711691756, 0.7901956176622381, 0.28267605146550695, 0,0, 0
0.20268742100711767, 2.1684305720987305, 0.79537257751875, 0.32318245203670065, 0,0, 0
0.28623694538681566, 1.9485905289586525, 0.7028854147549033, 0.23482778229590162, 0,0, 0
0.22836426528304396, 2.083714299649843, 0.8008506773512103, 0.3455533424200546, 0,0, 0
0.2863699860307324, 1.945159814572339, 0.7407203817393097, 0.2510635708151183, 0,0, 0
0.26009445885718085, 2.0343077162390086, 0.7850728917440313, 0.27670563681399823, 0,0, 0
0.2717355151998936, 1.9551806920783878, 0.7614174125510462, 0.2779247455240509, 0,0, 0
0.24499434577263354, 1.9575794145295398, 0.7570631358803642, 0.3062102197519732, 0,0, 0
0.2800505554446884, 2.0270588729982326, 0.7101433958639944, 0.24731461235102298, 0,0, 0
0.26601476751147474, 2.0423944982267193, 0.7687634134802341, 0.2780404613541709, 0,0, 0
0.2910264085678175, 1.919098540130493, 0.704136409683564, 0.2516735889913139, 0,0, 0
0.2080755670857447, 2.1198286148536423, 0.7824989968768062, 0.34384636825495063, 0,0, 0
0.26149138561830637, 2.1102114511148375, 0.7286618975281881, 0.28760349295529086, 0,0, 0
0.23155724073704517, 2.074377148663507, 0.7585463586092067, 0.3084750357078956, 0,0, 0
0.22803166367325217, 2.2403286179188266, 0.7571970138270939, 0.31724459535462673, 0,0, 0
0.28178008381560565, 2.020369847754332, 0.7138038919737728, 0.2566728006330203, 0,0, 0
0.24931816669992682, 1.9775299778865942, 0.7476987125203262, 0.2848567302659419, 0,0, 0
0.33060600013304065, 1.8308585350491096, 0.669494680840112, 0.2391487319130388, 0,0, 0
0.3078560500232821, 1.9103762337977972, 0.6754354742804503, 0.24311467012298604, 0,0, 0
0.32288964278587107, 1.8141562033716983, 0.6638679855668478, 0.25357696921948664, 0,0, 0
0.314707643184993, 1.848199510440723, 0.7097186130455555, 0.250439711735687, 0,0, 0
0.3015366194372381, 1.8227425525871284, 0.6926863199844405, 0.2595374794497033, 0,0, 0
0.30872081420874076, 1.8477721422650988, 0.7121651207748045, 0.25962074040760214, 0,0, 0
0.34111621100246126, 1.811588083425777, 0.6633390187873656, 0.22727111657058707, 0,0, 0
0.2688751413556842, 2.020652736298086, 0.7610985600577443, 0.29942716285787013, 0,0, 0
0.3458391538615047, 1.7429857417184784, 0.6519890329007508, 0.2400185685208559, 0,0, 0
0.39599547661810686, 1.686269476858115, 0.6251299075531973, 0.2141840130116842, 0,0, 0
0.3391871216656689, 1.8223682535941244, 0.6661641269539917, 0.23605971991163885, 0,0, 0
0.2911594492117342, 1.8839400081395279, 0.7165172336479942, 0.26007265743542884, 0,0, 0
0.3016696600811548, 1.8645861779910746, 0.6934145986074123, 0.26709511561490923, 0,0, 0
0.34603871482737975, 1.7597477849428425, 0.636840766306289, 0.22746564617240886, 0,0, 0
0.38368921705581055, 1.6917838188373844, 0.6149860102738285, 0.21865327788623037, 0,0, 0
0.34497438967604604, 1.7209597846205296, 0.6406347865164139, 0.25389205676381743, 0,0, 0
0.35328942992084084, 1.7266517029085822, 0.6395482581817191, 0.2301738000946804, 0,0, 0
0.312845074170159, 1.8055606428081543, 0.6745283484786223, 0.259882477697237, 0,0, 0
0.3531563892769241, 1.7458243046954809, 0.6820341974332971, 0.24682709943948875, 0,0, 0
0.3158384886582851, 1.86589431146968, 0.6672862131070332, 0.24989894754978972, 0,0, 0
0.3264817401716224, 1.8220283165608766, 0.6673522339737569, 0.24145995215888236, 0,0, 0
0.4060400452338189, 1.6398055201232422, 0.6092350831238598, 0.21113496963408676, 0,0, 0
0.34297878001729526, 1.7614096997106639, 0.6739344982051145, 0.24108939589066608, 0,0, 0
0.3638661611122198, 1.6850110916810495, 0.6392765440376819, 0.24289933574394046, 0,0, 0
0.3665934943125125, 1.7186208543345567, 0.6416278175077905, 0.23191333354406926, 0,0, 0
0.36606133173684563, 1.7562704577983548, 0.6337859119895969, 0.22549977775235605, 0,0, 0
0.3363932681434178, 1.761008159459125, 0.6539997753107047, 0.2551232793473569, 0,0, 0
0.32834430918645646, 1.7423878255962675, 0.6595133539039729, 0.2734330073636428, 0,0, 0
0.35355551120867423, 1.7557855296506066, 0.6310086508829404, 0.235170739837172, 0,0, 0
0.3933346637397725, 1.6704861031319735, 0.6175508612156755, 0.2193123533257358, 0,0, 0
0.3785006319430586, 1.6834439464051718, 0.6143320707197081, 0.23372802722586236, 0,0, 0
0.3584114947116344, 1.757574182511494, 0.650264787026606, 0.23859957597894688, 0,0, 0
0.3288764717621233, 1.7961057333238133, 0.6679421485448129, 0.24628507725206514, 0,0, 0
0.3453069912858378, 1.729349442319976, 0.6933205703258508, 0.26042385493230474, 0,0, 0
0.3558172021552584, 1.7394847830441915, 0.6342517880606062, 0.23351610594107058, 0,0, 0
0.32189183795649573, 1.8071313439404062, 0.696339675155295, 0.26383050271531516, 0,0, 0
0.3606731856582186, 1.7246476570604599, 0.6337610670268301, 0.24458554511303504, 0,0, 0
0.35734716956030066, 1.6903431377256732, 0.6278153195292322, 0.23794596119218855, 0,0, 0
0.4182132641521985, 1.6062212412947547, 0.5956471748139006, 0.2160906693945864, 0,0, 0
0.3714494778154726, 1.6779213322469402, 0.6076118084004766, 0.22978160776852946, 0,0, 0
0.4251313776358678, 1.5711367287835556, 0.5950906975975854, 0.2111051941551736, 0,0, 0
0.357413689882259, 1.695179935441889, 0.6323654692446593, 0.24422285897500484, 0,0, 0
0.38954300538814607, 1.6385187623640864, 0.5878990317528234, 0.21859235526139323, 0,0, 0
0.33186988625024944, 1.8425586733434032, 0.6580778484476905, 0.248610562734925, 0,0, 0
0.4029135901017761, 1.6482675075094864, 0.5984030930777943, 0.21525402131782323, 0,0, 0
0.40171622430652565, 1.611780543461901, 0.6026096983369522, 0.22229703556031752, 0,0, 0
0.39586243597419013, 1.6337301235217054, 0.608397976014665, 0.21889468693202796, 0,0, 0
0.3657287301270538, 1.729248376302374, 0.6130837841804424, 0.2469855563644692, 0,0, 0
0.4040444355750682, 1.6133259597045413, 0.5964859225147058, 0.2209996937325319, 0,0, 0
0.42785871083616045, 1.5661327914429435, 0.5939536195052818, 0.21357441520569076, 0,0, 0
0.42745958890441027, 1.5731781162259615, 0.5888445638684198, 0.2195589282755658, 0,0, 0
0.4248652963480343, 1.5805210054137826, 0.6022698715106661, 0.21516761775273804, 0,0, 0
0.4251313776358678, 1.591677457096175, 0.5885449388802183, 0.21353049684625394, 0,0, 0
0.38754739572939534, 1.7272559061724768, 0.6488425035438784, 0.23534502618937925, 0,0, 0
0.38635002993414486, 1.6771283438543847, 0.628983978159049, 0.229246104613832, 0,0, 0
0.421472759928158, 1.569016862773399, 0.5841597894146257, 0.210552004396162, 0,0, 0
0.3043969932814475, 1.8527538343829872, 0.6946480928990382, 0.28344531571331205, 0,0, 0
0.39692676112552383, 1.6234201227875993, 0.6145754769068712, 0.22677432430894778, 0,0, 0
0.4308521253242866, 1.5998785029010134, 0.5778716660836312, 0.20405235382924036, 0,0, 0
0.40949910197565353, 1.6400335265751855, 0.5862084119263893, 0.21404460383497864, 0,0, 0
0.3999866959356083, 1.6699403986926564, 0.5945616858235656, 0.22726327065854668, 0,0, 0
0.3316703252843744, 1.845999055492924, 0.662657743826039, 0.27881897804142247, 0,0, 0
0.3652630878733453, 1.708408224356077, 0.6288680488535051, 0.2685305589043706, 0,0, 0
0.4423601410230826, 1.5336393487732591, 0.5631734611407704, 0.2058010144052788, 0,0, 0
0.4234683695869088, 1.560067508547858, 0.5871454680075489, 0.21425221050418244, 0,0, 0
0.39519723275460655, 1.624831913460485, 0.5971092873044765, 0.22066728797373336, 0,0, 0
0.10270737710370519, 2.3047443266313947, 0.886403684513527, 0.26568078507710413, 0,0, 0
0.1009113284108295, 2.351873736732664, 0.9398516803798143, 0.5449877067840557, 0,0, 0
0.11308454732920907, 2.3321084141897788, 0.8864727169320805, 0.48447723854961283, 0,0, 0
0.09991352358145414, 2.649658040682221, 0.9273376082964652, 0.5901542069743128, 0,0, 0
0.10909332801170758, 2.584147311649438, 0.9091306505335848, 0.4013617233498653, 0,0, 0
0.14009179804430252, 2.4257345871876823, 0.8481995518671421, 0.38668500728554056, 0,0, 0
0.12811814009179803, 2.392823472586346, 0.8543871397018142, 0.43947376267249444, 0,0, 0
0.15246457792855717, 2.3988044330882334, 0.8328729275545428, 0.39488441152245335, 0,0, 0
0.14787467571343046, 2.343475608588423, 0.8540691123996563, 0.40422561912303473, 0,0, 0
0.15618971595822523, 2.2335410035156897, 0.8509966249324121, 0.3649593060500076, 0,0, 0
0.19477150269407303, 2.2243932093767036, 0.8037060013916948, 0.3068212349058982, 0,0, 0
0.14820727732322225, 2.369530734727699, 0.8521834171056081, 0.42049584881317226, 0,0, 0
0.1992948845872414, 2.1574976891209836, 0.7933047862118277, 0.3228113990185324, 0,0, 0
0.21612452604270604, 2.15417395745543, 0.7816681215854245, 0.280948537390321, 0,0, 0
0.2625557107696401, 2.044350240339675, 0.7583258493284982, 0.23845977349939765, 0,0, 0
0.21965010310649905, 2.210133180269056, 0.7671933200165164, 0.26962664119608254, 0,0, 0
0.20880729062728665, 2.129280224758684, 0.7905293535486192, 0.30881250967290597, 0,0, 0
0.2343510942592962, 2.144110804065484, 0.7635870464692638, 0.2679647683285848, 0,0, 0
0.25424067052484534, 2.017573799264175, 0.7545188340415643, 0.2524971125119402, 0,0, 0
0.19670059203086543, 2.187849967686516, 0.8051469282978188, 0.33270531058926295, 0,0, 0
0.2072773232222444, 2.1456889641671126, 0.7855477617349632, 0.2906924550318174, 0,0, 0
0.21353023348633007, 2.092811934590966, 0.8144500967607807, 0.32476324158978803, 0,0, 0
0.19709971396261558, 2.108920872072684, 0.7944865792104986, 0.3475168748507352, 0,0, 0
0.2481208009046764, 2.037420455986635, 0.7529442041988306, 0.2748812299482095, 0,0, 0
0.26149138561830637, 2.005746840262995, 0.7640163553230628, 0.25967905415724996, 0,0, 0
0.20129049424599216, 2.147435170311553, 0.7884783508155473, 0.3379076956620471, 0,0, 0
0.22630213530233487, 2.1056658798393943, 0.78197279558193, 0.2818935385248609, 0,0, 0
0.24306525643584115, 2.0534957099094098, 0.7454122196774731, 0.2723228965822909, 0,0, 0
0.23388545200558772, 2.0825412248289212, 0.7684504748520726, 0.27543990554501385, 0,0, 0
0.23415153329342114, 2.12160061164498, 0.7754960310710741, 0.29200748731439286, 0,0, 0
0.22856382624891905, 2.0497804059978653, 0.7525407593699356, 0.31352125006484954, 0,0, 0
0.26601476751147474, 1.934874752033243, 0.721571730795644, 0.2603323678373501, 0,0, 0
0.305793920042573, 1.8912303913779929, 0.7093104913708767, 0.24101618706243616, 0,0, 0
0.2495177276658019, 1.993428709735685, 0.7711610823729864, 0.29365978417110283, 0,0, 0
0.2831104902547728, 2.006935402573539, 0.7529272080927266, 0.2520541313387573, 0,0, 0
0.24772167897292624, 2.012166594399161, 0.744885321626574, 0.2952997976594985, 0,0, 0
0.25597019889576267, 1.9991827335042376, 0.7296951599631796, 0.27028595838132385, 0,0, 0
0.2517128982904277, 1.998249539257341, 0.7378569627589073, 0.2936774739420374, 0,0, 0
0.2917581321093594, 1.9215898795580821, 0.7262868081032324, 0.25492824445969725, 0,0, 0
0.30792257034524045, 1.8704999476395656, 0.7028635419960308, 0.24645841570155863, 0,0, 0
0.29328809951440166, 1.9015034634236097, 0.7604278724385414, 0.27004437701356493, 0,0, 0
0.3357280649238342, 1.8155857187532929, 0.6993066536566491, 0.23184857315023344, 0,0, 0
0.34464178806625423, 1.79132844109418, 0.6588024105359966, 0.2277077713241279, 0,0, 0
0.3177675779950775, 1.8563620895018464, 0.6660589631568226, 0.2369275786739984, 0,0, 0
0.30812213131111554, 1.8781416650167888, 0.6896391274758882, 0.2470774344526807, 0,0, 0
0.29880928623694536, 1.9003707127130047, 0.6901829570709002, 0.2511799037648466, 0,0, 0
0.3166367325217854, 1.887819983496809, 0.6594155814576007, 0.24125877235746093, 0,0, 0
0.2662143284773498, 1.9109365127047466, 0.74220603434747, 0.3057351564941777, 0,0, 0
0.33632674782145944, 1.771526162653541, 0.6936533404538219, 0.2432914592131392, 0,0, 0
0.2852391405574403, 1.8965944453349317, 0.6998820201500336, 0.26711361630563113, 0,0, 0
0.3447083083882126, 1.7537658610882687, 0.6469356710035412, 0.23658854823292136, 0,0, 0
0.36180403113151066, 1.7644443622029073, 0.6529471028724955, 0.2227674370047353, 0,0, 0
0.3369254307190847, 1.7480299979367038, 0.6448042270759514, 0.23459347109264594, 0,0, 0
0.3511607796181733, 1.7543407920860747, 0.630150727030647, 0.22673462345890225, 0,0, 0
0.36852258364930485, 1.7130246455352764, 0.6407258965889856, 0.2245549665810351, 0,0, 0
0.29821060333932015, 1.8434625886153184, 0.689303913696845, 0.2714720485377879, 0,0, 0
0.33506286170425065, 1.794948544097757, 0.6407127533599788, 0.23230061818956804, 0,0, 0
0.320827512805162, 1.8366341544521518, 0.6872890197009335, 0.2621267187169868, 0,0, 0
0.360939266946052, 1.6917737865530469, 0.6326294495365606, 0.2309185767751508, 0,0, 0
0.32488525244462185, 1.8435319979431457, 0.6598421374373966, 0.24201838283175345, 0,0, 0
0.36153794984367726, 1.7439130390030588, 0.6323260300615867, 0.22390440817935997, 0,0, 0
0.37078427459588903, 1.679317611797297, 0.616946798056638, 0.22435210314994003, 0,0, 0
0.38635002993414486, 1.669026057706545, 0.6188845448270153, 0.2149281541814096, 0,0, 0
0.35548460054546666, 1.7370958486615893, 0.6327189982868591, 0.2356836613583656, 0,0, 0
0.3363932681434178, 1.7447509155473349, 0.659155466373448, 0.2558600995382334, 0,0, 0
0.35881061664338454, 1.7440756727008773, 0.6316434147908739, 0.22767259318853153, 0,0, 0
0.32854387015233155, 1.7976497582615965, 0.680775626432877, 0.2575878743932309, 0,0, 0
0.3809618838555179, 1.6853442870386266, 0.6425953188722837, 0.23075550462430935, 0,0, 0
0.3341315771968336, 1.818662963620736, 0.6614799426046457, 0.24964636113489333, 0,0, 0
0.40317967138960953, 1.630010996336773, 0.6180983165913351, 0.2220403151044136, 0,0, 0
0.36932082751280515, 1.7573553054686246, 0.6573885252197134, 0.23511051182072976, 0,0, 0
0.37856715226501697, 1.6725650269532961, 0.6230531048836078, 0.22657046549407653, 0,0, 0
0.3592097385751347, 1.713481310298305, 0.6242487512495347, 0.2280164783071826, 0,0, 0
0.39260294019823055, 1.6561023186009334, 0.614717290949168, 0.22467873065120286, 0,0, 0
0.38428789995343576, 1.65823622806886, 0.6214339735769695, 0.23087202822425185, 0,0, 0
0.37124991684959757, 1.6825280052645115, 0.603231319081205, 0.22771063213450662, 0,0, 0
0.3827579325483935, 1.641211510027731, 0.6167671223665944, 0.2280006555454706, 0,0, 0
0.32794518725470634, 1.7848911099009495, 0.6683652957286397, 0.26684854739198316, 0,0, 0
0.3681234617175547, 1.7052299003476417, 0.6575684594643313, 0.23310933887440557, 0,0, 0
0.3757067784208076, 1.6704726102578857, 0.6218130780277821, 0.229905367472119, 0,0, 0
0.3936672653495643, 1.6471025491274458, 0.5985047222303238, 0.21780640656884273, 0,0, 0
0.35082817800838156, 1.7620257097683307, 0.6371353141114448, 0.2373429456891069, 0,0, 0
0.34623827579325483, 1.7296884993535668, 0.6793282618848123, 0.2582137724584056, 0,0, 0
0.3604736246923435, 1.722011787771905, 0.6403916167740956, 0.24220353927037774, 0,0, 0
0.38994212731989625, 1.693730391495077, 0.6445053659281099, 0.2250385349492797, 0,0, 0
0.4085012971462782, 1.5980575067319929, 0.6162699270534557, 0.21897998179975986, 0,0, 0
0.3241535289030799, 1.8266957881419648, 0.6941093732557749, 0.2638488613872804, 0,0, 0
0.4148207277323222, 1.5981199528249066, 0.6161233939020654, 0.22208331923504754, 0,0, 0
0.39300206212998073, 1.6505716885071129, 0.6120560191074539, 0.21956225080745562, 0,0, 0
0.41495376837623893, 1.6114972973229889, 0.6027954340837655, 0.20824370751247978, 0,0, 0
0.3914720947249385, 1.6655876981681164, 0.6012143947022053, 0.22795483802060498, 0,0, 0
0.39965409432581656, 1.613778914197876, 0.5899512531709411, 0.21934219836723826, 0,0, 0
0.4091665003658618, 1.6222359259909422, 0.5739743380291293, 0.21228528373166658, 0,0, 0
0.43005388146078627, 1.557740452088084, 0.5728037321874119, 0.2093094935531773, 0,0, 0
0.3829574935142686, 1.704085227135991, 0.6353669296115607, 0.2306897303310314, 0,0, 0
0.41834630479611523, 1.565925548956723, 0.5823108152542548, 0.21294798432457604, 0,0, 0
0.4423601410230826, 1.5272670114880145, 0.5642846433971905, 0.20841481021958747, 0,0, 0
0.40091798044302535, 1.6002069198527866, 0.619974142444522, 0.23518010057560823, 0,0, 0
0.4045100778287767, 1.603833213145208, 0.5942894979327321, 0.21986089323824534, 0,0, 0
0.4148207277323222, 1.5825211854602876, 0.5845539994101849, 0.2248773989113811, 0,0, 0
0.34923169028138096, 1.7209131262102646, 0.6298481502808503, 0.2796928357824867, 0,0, 0
0.09359409299541009, 2.304057502638736, 0.8993925336370806, 0.4485987559960266, 0,0, 0
0.09971396261557906, 2.336906062520241, 0.9424135448438672, 0.5861915444390821, 0,0, 0
0.0996474422936207, 2.36693053187498, 0.9424463317291131, 0.5873499933598298, 0,0, 0
0.10190913324020488, 2.474851833666219, 0.9108018119999521, 0.562097586442574, 0,0, 0
0.10111088937670458, 2.361222457153818, 0.9116167084157132, 0.5848521862479199, 0,0, 0
0.09991352358145414, 2.4514373280581285, 0.9273376082964652, 0.5940513523225173, 0,0, 0
0.11168762056808355, 2.4693021526880976, 0.8859977563208559, 0.5027551190782812, 0,0, 0
0.14168828577130313, 2.3826951333317603, 0.8859088516730179, 0.44859757593452637, 0,0, 0
0.14009179804430252, 2.288823907190412, 0.8682980160678639, 0.38577041694120867, 0,0, 0
0.18532561697598615, 2.2672975539590183, 0.8246094706521322, 0.29498076995116207, 0,0, 0
0.1698263819596887, 2.3435629900959465, 0.8306233191770421, 0.3508594085498429, 0,0, 0
0.1696268209938136, 2.2180716336320625, 0.8279975036663657, 0.34294306106328987, 0,0, 0
0.230226834297878, 2.1391314429127593, 0.7549849122934268, 0.2581224373456201, 0,0, 0
0.1895829175813211, 2.314244437493671, 0.8085981186141415, 0.3497780983300545, 0,0, 0
0.16104569946118538, 2.331200639678437, 0.8474203511115498, 0.3761831491007593, 0,0, 0
0.15678839885585047, 2.288566508701063, 0.8746293215210433, 0.4348648235049561, 0,0, 0
0.18020355218519257, 2.142696244412297, 0.8126157056732243, 0.3597210976959483, 0,0, 0
0.22084746890174947, 2.205998319098393, 0.7712714316449089, 0.29136408105097006, 0,0, 0
0.22557041176079293, 2.1224763688273214, 0.7641844316355892, 0.27928015882080887, 0,0, 0
0.22231091598483338, 2.0989868711435586, 0.7719352898159609, 0.2904724977329534, 0,0, 0
0.2134637131643717, 2.2074511909464247, 0.7748337363660919, 0.3020573792268174, 0,0, 0
0.2082086077296614, 2.0730599645392145, 0.8173580675218739, 0.32716208479408443, 0,0, 0
0.22197831437504156, 2.0342467732988716, 0.7810047178261728, 0.31417835749491496, 0,0, 0
0.254174150202887, 1.9745717348353335, 0.740851167031442, 0.27023300772762915, 0,0, 0
0.24419610190913324, 2.1571033896462914, 0.7354068430220861, 0.2695937404491435, 0,0, 0
0.21632408700858113, 2.2384494565021393, 0.7774302164618283, 0.324784865774155, 0,0, 0
0.2791857912592297, 1.9931132694700002, 0.7119231203889658, 0.25768017946047406, 0,0, 0
0.21552584314508083, 2.0450036068313304, 0.776272293089291, 0.3180196780566906, 0,0, 0
0.2944854653096521, 1.9918295562104742, 0.704839777651774, 0.22991867248007847, 0,0, 0
0.2709372713363933, 1.9989814089656646, 0.7197898667150991, 0.27454652498877236, 0,0, 0
0.20335262422670125, 2.1990126521416244, 0.7752686219139542, 0.3236051163483864, 0,0, 0
0.2983436439832369, 1.8848273907165791, 0.7376403709696171, 0.26447810731203647, 0,0, 0
0.313776358677576, 1.864517545815849, 0.6881708697862337, 0.2357779956371568, 0,0, 0
0.3059269606864897, 1.8783252202650906, 0.7080429661020101, 0.23768118018830445, 0,0, 0
0.25849797113018025, 2.024500659213034, 0.7484340735389976, 0.2781017930568741, 0,0, 0
0.25676844275926297, 1.981997368541186, 0.7336843269030539, 0.295089571503448, 0,0, 0
0.25883057273997206, 1.9877834761443272, 0.7345960213410906, 0.2912764772280956, 0,0, 0
0.29940796913457063, 1.8685092739733618, 0.6965930013388288, 0.24426971554994711, 0,0, 0
0.2964145546464445, 1.8550072600921932, 0.6850929440326701, 0.259434604281204, 0,0, 0
0.2688086210337258, 1.9590934997212979, 0.7122853525313304, 0.28436613665549487, 0,0, 0
0.268476019423934, 1.9279657596947626, 0.7282361918104759, 0.292878869554124, 0,0, 0
0.3286769107962483, 1.8285111395599662, 0.6560665685569935, 0.23593107112975015, 0,0, 0
0.3289429920840817, 1.8195369640688757, 0.659759990368011, 0.23629237753768004, 0,0, 0
0.36586177077097054, 1.7408710823740732, 0.6505584676910203, 0.22198477915319997, 0,0, 0
0.32794518725470634, 1.794174811202181, 0.6599934053314476, 0.24435382025700902, 0,0, 0
0.25769972726667995, 1.9710748720187306, 0.7575631489698845, 0.2904282263150724, 0,0, 0
0.3035322290959888, 1.8649328502004974, 0.706248477219143, 0.24623226651809635, 0,0, 0
0.3252178540544136, 1.8600774220242549, 0.653722683616132, 0.24590716764623508, 0,0, 0
0.3579458524579259, 1.7450648671331928, 0.6306105675523053, 0.22411989815452826, 0,0, 0
0.328078227898623, 1.8365296122299526, 0.6554589664843377, 0.2446524731169024, 0,0, 0
0.3006718552517794, 1.908965421787146, 0.6792526298084447, 0.24563722933561835, 0,0, 0
0.2878999534357746, 1.931390242828411, 0.6892025794070963, 0.26000512661410424, 0,0, 0
0.3595423401849265, 1.7476727695515997, 0.6489325710601812, 0.22957120100923809, 0,0, 0
0.3362602274995011, 1.8069278965538422, 0.6754469853906119, 0.23348468353387122, 0,0, 0
0.32628217920574737, 1.8433376781531914, 0.6788371491041021, 0.24827201865641207, 0,0, 0
0.3820262090068516, 1.6811441985391804, 0.6506325317881818, 0.22634942288801468, 0,0, 0
0.31111554579924167, 1.8596618356227652, 0.6849574750823685, 0.25551007398371517, 0,0, 0
0.33286769107962483, 1.7927166311418368, 0.6592680580005873, 0.23861563453658177, 0,0, 0
0.285372181201357, 1.8975709574110595, 0.7022695744349575, 0.30366869788344286, 0,0, 0
0.34909864963746423, 1.7236942233245054, 0.6687904138524662, 0.2509808930992923, 0,0, 0
0.3563493647309253, 1.7283906555735629, 0.6215327517809793, 0.23188576287251186, 0,0, 0
0.3282777888644981, 1.841409414314759, 0.6480055199991515, 0.24117651679262764, 0,0, 0
0.350162974788798, 1.7309447848605735, 0.6334774157926172, 0.24451772598436938, 0,0, 0
0.327878666932748, 1.8077111097182421, 0.6711014963419609, 0.2558448321305329, 0,0, 0
0.31071642386749154, 1.8319211553283883, 0.6798877638467389, 0.26103279102302984, 0,0, 0
0.39220381826648043, 1.6180656531171822, 0.6030932221635041, 0.21706294732430423, 0,0, 0
0.3661943723807623, 1.7424209152114098, 0.6320010279549748, 0.2314450307896907, 0,0, 0
0.3866161112219783, 1.6492008654808226, 0.6003009606886033, 0.21788699097622322, 0,0, 0
0.33180336592829107, 1.7537145296409444, 0.6556406296288817, 0.2586621855299509, 0,0, 0
0.37823455065522515, 1.6666003397882068, 0.6156164287556307, 0.2294524503600276, 0,0, 0
0.323621366327413, 1.7923974027240268, 0.6582848245986436, 0.25898426441748673, 0,0, 0
0.3349963413822923, 1.7714075794060502, 0.6606508357766887, 0.2522460116857104, 0,0, 0
0.37430985165968206, 1.6980359690684026, 0.6136302938189908, 0.22373322201639606, 0,0, 0
0.36912126654693006, 1.6663081272202465, 0.6126311525181078, 0.22367833627825218, 0,0, 0
0.3817601277190182, 1.6516262905452015, 0.6380747394779968, 0.23053593088965318, 0,0, 0
0.3519590234816736, 1.7295256705752335, 0.633900281859989, 0.2389787673001364, 0,0, 0
0.3504290560766314, 1.731001110849925, 0.6458658656696749, 0.2427270097531348, 0,0, 0
0.3710503558837225, 1.7086386618492553, 0.6086438136504219, 0.23183978607604838, 0,0, 0
0.3584780150335928, 1.6785865283366062, 0.6356897911718087, 0.26072126262922696, 0,0, 0
0.3347967804164172, 1.7792505244538908, 0.6640691697158922, 0.26983579007755315, 0,0, 0
0.3734450874742234, 1.6727485719661563, 0.6123986115960912, 0.24405069919915123, 0,0, 0
0.3069912858378235, 1.8309251835554499, 0.6820282836107946, 0.2772587431751674, 0,0, 0
0.3629348766048028, 1.7160999669713792, 0.6265048383348244, 0.2338082859313253, 0,0, 0
0.39399986695935607, 1.6347060962437965, 0.6135386455090284, 0.22717518017447838, 0,0, 0
0.40391139493115147, 1.6068903239805574, 0.5937892577514786, 0.22591851196364615, 0,0, 0
0.4259961418213264, 1.5672333357682335, 0.5751834068603666, 0.2106541572114863, 0,0, 0
0.35169294219384023, 1.7499394097652834, 0.658547501295206, 0.24996761119371783, 0,0, 0
0.3637331204683031, 1.738658144858944, 0.6610033134766611, 0.2383969562574414, 0,0, 0
0.3657287301270538, 1.709207798130124, 0.6444033891723003, 0.23908057073725075, 0,0, 0
0.38322357480210206, 1.6687469282124021, 0.6171416080771612, 0.22912446690001617, 0,0, 0
0.34617175547129647, 1.7794529107574424, 0.6596700927549702, 0.24644381977050286, 0,0, 0
0.3864830705780616, 1.6619906156099398, 0.6225217309528238, 0.22952521469844217, 0,0, 0
0.425730060533493, 1.575132512387295, 0.5811667318010396, 0.21127110398055698, 0,0, 0
0.412359475819863, 1.5916139397824436, 0.5915678300820094, 0.21976421204196012, 0,0, 0
0.4048426794385685, 1.6238872561997055, 0.5994594021894247, 0.21582269821870267, 0,0, 0
0.3860174283243531, 1.6345849042716343, 0.6342006518430006, 0.243698577165643, 0,0, 0
0.4096986629415286, 1.5989421232013274, 0.5879041462612755, 0.2160022672163789, 0,0, 0
0.4178806625424067, 1.6005043794392255, 0.5937887294170421, 0.21302763461505148, 0,0, 0
0.4045100778287767, 1.6258587045404858, 0.6100520085140944, 0.2193062448865373, 0,0, 0
0.4232688086210337, 1.5728174688277554, 0.5824025244728065, 0.21340168584713443, 0,0, 0
0.44954433579458525, 1.510287394686797, 0.5478861718336124, 0.20418384677543253, 0,0, 0
0.0972527107031198, 2.304622965452795, 0.8907759407927404, 0.3235294726197844, 0,0, 0
0.10051220647907935, 2.320402089234543, 0.8777699163158681, 0.5722269114195002, 0,0, 0
0.12712033526242267, 2.3235931620105874, 0.8609850904739207, 0.4680048778442671, 0,0, 0
0.10011308454732921, 2.582060359543783, 0.9416145369166372, 0.5744589467168901, 0,0, 0
0.1710902680768975, 2.3153327143312032, 0.8137228474514123, 0.3230311399690513, 0,0, 0
0.11095589702654161, 2.505191345093676, 0.9028498608704614, 0.516092766573752, 0,0, 0
0.18020355218519257, 2.2275706166747815, 0.8009170080707448, 0.33022316615642966, 0,0, 0
0.13776358677576, 2.3641444954465807, 0.853302844059622, 0.4208640921318444, 0,0, 0
0.1881194704982372, 2.323756637080323, 0.8089262116403372, 0.27213828061469736, 0,0, 0
0.19876272201157455, 2.203537765269602, 0.7906187685503699, 0.27573130931149864, 0,0, 0
0.1779418612386084, 2.173112216172941, 0.8254106389209065, 0.3463726903665421, 0,0, 0
0.16523647974456196, 2.5248766617726432, 0.8238522689895572, 0.3346875188291335, 0,0, 0
0.18565821858577797, 2.2040854435294386, 0.8420924884297465, 0.35451808199654516, 0,0, 0
0.20687820129049425, 2.268315532012732, 0.8212047221691222, 0.287279291635293, 0,0, 0
0.22809818399521054, 2.135274337733378, 0.8058879834044328, 0.272808725679725, 0,0, 0
0.19397325883057273, 2.171385287861858, 0.8175543280683428, 0.3245867956780257, 0,0, 0
0.23927359808421472, 2.1342776288872334, 0.7458277123847386, 0.25573418070579146, 0,0, 0
0.21678972926228962, 2.1439918120020143, 0.7673907770375047, 0.29098968844432105, 0,0, 0
0.21219982704716292, 2.135243682176031, 0.7659851391877942, 0.3121080384486985, 0,0, 0
0.21306459123262156, 2.13388863899176, 0.7789767016794942, 0.288597520385151, 0,0, 0
0.2759928158052285, 1.9729621093969245, 0.7292567998536471, 0.24213281684452784, 0,0, 0
0.2765914987028537, 1.9846076623040474, 0.7089157895982513, 0.24188018878168868, 0,0, 0
0.22477216789729262, 2.0512931901466693, 0.7633709303487052, 0.31439291662340835, 0,0, 0
0.2246391272533759, 2.079801653714219, 0.7682649825332646, 0.3162984217646902, 0,0, 0
0.285372181201357, 2.001257033858924, 0.7042371601144909, 0.23960077768020635, 0,0, 0
0.27266679970731056, 1.9778044979300937, 0.7233236573649039, 0.24928411133061018, 0,0, 0
0.2306924765515865, 1.9878124399416097, 0.760345358181588, 0.3352647670296606, 0,0, 0
0.2662143284773498, 2.0176918269520088, 0.7207332126688282, 0.2573714445032418, 0,0, 0
0.26980642586310116, 1.9987266555895373, 0.7480081497365273, 0.2602025024176133, 0,0, 0
0.2958823920707776, 1.9283182399957899, 0.6981044421346305, 0.2390194582918193, 0,0, 0
0.29315505887048493, 1.950908113886304, 0.7109112849719065, 0.24188274890953235, 0,0, 0
0.2155923634670392, 2.042438970087595, 0.7770412402593355, 0.3614585419042447, 0,0, 0
0.26794385684826716, 2.0142417364528713, 0.7165119985939525, 0.2535333133146313, 0,0, 0
0.3067917248719484, 1.9048179717253586, 0.7190754514984089, 0.2549058346820289, 0,0, 0
0.2638861172088073, 1.966077215608259, 0.7371305895585714, 0.28263336846092707, 0,0, 0
0.23907403711833966, 2.0503532433235456, 0.741524373240184, 0.2962986578369879, 0,0, 0
0.23814275261092263, 2.1029667211159384, 0.7507907133592434, 0.30925319125086964, 0,0, 0
0.25071509346105236, 2.058054155918967, 0.7503644659517812, 0.2922701429594794, 0,0, 0
0.26295483270139025, 2.009464697398754, 0.7562651076613508, 0.26361673197195507, 0,0, 0
0.3250182930885385, 1.8797711438482603, 0.6797001716025691, 0.23447513869313394, 0,0, 0
0.33280117075766646, 1.9033453143795578, 0.6921802419605058, 0.23432036487171806, 0,0, 0
0.3122463912725338, 1.8848550443615035, 0.6817588305314181, 0.24004243349917873, 0,0, 0
0.33180336592829107, 1.7932775859933314, 0.6991594175989551, 0.2410671083160291, 0,0, 0
0.36566220980509545, 1.7361252201750934, 0.6563731595709554, 0.2190419868451653, 0,0, 0
0.356482405374842, 1.7685740987301222, 0.6772752619512213, 0.22900213206901857, 0,0, 0
0.352956828311049, 1.7646640470536543, 0.6605706853233193, 0.23205562012297626, 0,0, 0
0.31557240737045167, 1.8187749223053944, 0.709813489699743, 0.25999505288884167, 0,0, 0
0.27546065322956165, 1.9004383640304214, 0.7190556557861505, 0.2929411991548826, 0,0, 0
0.3210935940929954, 1.7964175230850283, 0.7074694517114741, 0.2594896581753595, 0,0, 0
0.2798509944788133, 1.8609789498970593, 0.7078613065693824, 0.3184437370997184, 0,0, 0
0.3560167631211335, 1.7527059244770955, 0.6383650538624664, 0.21869039781073757, 0,0, 0
0.3509612186522983, 1.8003186147952677, 0.6430497947563333, 0.22457828102497734, 0,0, 0
0.3284108295084148, 1.8329752785637097, 0.6793049312065789, 0.24780809673446985, 0,0, 0
0.3190314641122863, 1.8419844914396977, 0.6642531593018047, 0.26119749223286237, 0,0, 0
0.3361271868555844, 1.7571808442851071, 0.6778868388450031, 0.23951758339396123, 0,0, 0
0.3472360806226302, 1.7658423891094388, 0.683072280959177, 0.23622975121392645, 0,0, 0
0.35914321825317636, 1.739354496057151, 0.6712200738945, 0.23066011325370364, 0,0, 0
0.3566819663407171, 1.7253429475919713, 0.6611041678653247, 0.22832193088753017, 0,0, 0
0.37597285970864097, 1.6935262562057687, 0.6264999376438065, 0.21718392156608343, 0,0, 0
0.37963147741635067, 1.6861944138658806, 0.6070803213942925, 0.21944727598971775, 0,0, 0
0.3641322424000532, 1.7345155562164938, 0.6278001430306376, 0.2279050273750201, 0,0, 0
0.3530233486330074, 1.767675785446075, 0.6530780705814828, 0.24358618735196494, 0,0, 0
0.33586110556775095, 1.7780435113001511, 0.6497255489100935, 0.2452559601669946, 0,0, 0
0.3586110556775095, 1.7757646233539242, 0.6282008798525809, 0.225447588404174, 0,0, 0
0.33971928424133574, 1.8173324611125445, 0.6482190038467185, 0.24597190163470956, 0,0, 0
0.37697066453801636, 1.681780500878817, 0.6273657223250113, 0.2266639163658213, 0,0, 0
0.3592097385751347, 1.7324262542344928, 0.6520181052704117, 0.22773527702776375, 0,0, 0
0.28517262023548196, 1.922725732875213, 0.6971322349293649, 0.2789491138238775, 0,0, 0
0.37657154260626624, 1.677997513402169, 0.6231112139177141, 0.22434641890348994, 0,0, 0
0.3338654959090002, 1.7631026254953845, 0.6561425560140149, 0.2580589455753308, 0,0, 0
0.35714760859442557, 1.710027934345888, 0.6388868071492839, 0.24126461692371953, 0,0, 0
0.3219583582784541, 1.8552388836273033, 0.669380927214863, 0.25021461249070703, 0,0, 0
0.3410496906805029, 1.7521000869464614, 0.6406413374756998, 0.23533055086356464, 0,0, 0
0.35308986895496575, 1.7365470673376704, 0.63483283902236, 0.2416887279049287, 0,0, 0
0.33073904077695737, 1.839017050923491, 0.6692468365013892, 0.2676978340246378, 0,0, 0
0.34238009711967005, 1.7415071065596919, 0.640238155398189, 0.23827045733601396, 0,0, 0
0.34178141422204483, 1.7671522438746206, 0.6409118677158011, 0.23810478607153893, 0,0, 0
0.287966473757733, 1.9271154913367097, 0.7056121287637663, 0.28473926552023565, 0,0, 0
0.29042772567019226, 1.943239801470085, 0.6982644930602889, 0.31501438916218805, 0,0, 0
0.34577263353954635, 1.775264582246877, 0.6523287615570438, 0.24019022940467888, 0,0, 0
0.3793653961285173, 1.668175683411773, 0.620096183923665, 0.23694064611337784, 0,0, 0
0.383955298343644, 1.6659575828341107, 0.6296706566600365, 0.23499379180534727, 0,0, 0
0.3675912991418879, 1.7044019588415933, 0.637382627599295, 0.23279485041691272, 0,0, 0
0.37697066453801636, 1.699210197242967, 0.5993448176819709, 0.2193599397145039, 0,0, 0
0.3886782412026874, 1.6691562873985069, 0.6017107065693914, 0.21901390050059708, 0,0, 0
0.41462116676644717, 1.588936545651116, 0.5886597322959256, 0.20934723528694987, 0,0, 0
0.34903212931550587, 1.7664127534450287, 0.682649941005088, 0.260074141668306, 0,0, 0
0.391937736978647, 1.6276659600207217, 0.5903337791602682, 0.21728591439110484, 0,0, 0
0.34065056874875277, 1.7390277193214796, 0.6763226213450108, 0.25321957928273653, 0,0, 0
0.37883323355285037, 1.6951309693955554, 0.6174579522465947, 0.22299752813694323, 0,0, 0
0.40105102108694207, 1.6386348238995567, 0.6109783695086574, 0.2200824763596067, 0,0, 0
0.38309053415818534, 1.6450789235653709, 0.608989425535004, 0.22696458989342047, 0,0, 0
0.4180802235082818, 1.5775457477903427, 0.5868022239281856, 0.21447843738052083, 0,0, 0
0.3878799973391871, 1.65627459943917, 0.5940515742698077, 0.2297173125141376, 0,0, 0
0.4243331337723675, 1.566495440808637, 0.5840133944935314, 0.20915298045937455, 0,0, 0
0.4313842878999534, 1.5587197868899973, 0.5691392976856794, 0.20640852311237542, 0,0, 0
0.3671921772101377, 1.7218828182757944, 0.6569189493695867, 0.24235112585988128, 0,0, 0
0.3995875740038582, 1.6546881292950788, 0.6281470362920905, 0.22874435528153003, 0,0, 0
0.3911394931151467, 1.6661490633016194, 0.6157528474732349, 0.23776827114248092, 0,0, 0
0.4379697997738309, 1.5473348282256272, 0.5795893147913934, 0.20565270062302488, 0,0, 0
0.387480875407437, 1.6232127603105044, 0.6024631204384515, 0.23169999018598245, 0,0, 0
