acuracia,loss,frr,fpr, removed, n_clf, tp_removed
0.09825051553249518, 2.3036959122288754, 0.8944041643372586, 0.40467750686587217, 0,0, 0
0.24146876870884054, 2.039542891088617, 0.8000228526362845, 0.5163622612376215, 0,0, 0
0.4411627752278321, 1.6534542212086683, 0.6715352470981375, 0.4434192107312815, 0,0, 0
0.5422736646045366, 1.414171157445084, 0.5915572867940877, 0.35715266147987884, 0,0, 0
0.6267544734916517, 1.1409637520438827, 0.564004411376484, 0.34564644370981745, 0,0, 0
0.6697931217987095, 1.0643698114663929, 0.49434531246678665, 0.2768698265998725, 0,0, 0
0.705913656622098, 0.9678615613485666, 0.46538472720264534, 0.2677287559642298, 0,0, 0
0.7341182731324419, 0.877296619042515, 0.48456038882834723, 0.3313100446491895, 0,0, 0
0.7544734916516996, 0.8569570628153859, 0.4469118745911391, 0.2653363944707882, 0,0, 0
0.7812146610789596, 0.7439007819371518, 0.39162574524248484, 0.2467554398605277, 0,0, 0
0.7854719616842946, 0.7225538440115905, 0.38532107498085577, 0.24730459103332236, 0,0, 0
0.8087540743697199, 0.6835733863520268, 0.3437111508969729, 0.22477552026540512, 0,0, 0
0.8093527572673451, 0.624841562091877, 0.3524358264692749, 0.23404333906558394, 0,0, 0
0.8037650502228431, 0.6297100667738675, 0.36366124469860106, 0.24216076059130298, 0,0, 0
0.8191977649171822, 0.5911371513913045, 0.32054098157888083, 0.22724683316746522, 0,0, 0
0.8224572606931417, 0.5938915763859324, 0.3142041607905839, 0.22125151664206755, 0,0, 0
0.8273132441961019, 0.5600589829280617, 0.2824304393930065, 0.20953093433193878, 0,0, 0
0.8300405773963946, 0.5462760506382349, 0.2845106900966353, 0.21904019848842612, 0,0, 0
0.8323687886649371, 0.5394446253200088, 0.28144595128111766, 0.21526958020772483, 0,0, 0
0.8352956828311049, 0.5303599695773238, 0.2743765483780492, 0.20408188544971856, 0,0, 0
0.8409499101975654, 0.5111940497445863, 0.2593821354235233, 0.200568612105445, 0,0, 0
0.8391538615046897, 0.4963474797285754, 0.26054779023685204, 0.20026485021073157, 0,0, 0
0.8421472759928158, 0.47778005970000637, 0.2657871143682193, 0.20126559311751857, 0,0, 0
0.8424133572806493, 0.48698298497441994, 0.27435186687707847, 0.20237179644878903, 0,0, 0
0.845539812412692, 0.475345018486984, 0.24817509693686987, 0.1974169784739827, 0,0, 0
0.8463380562761924, 0.4658927686124754, 0.2542802692622821, 0.19591182300102425, 0,0, 0
0.8482006252910264, 0.45353243356538125, 0.24232430957738824, 0.19663095402732197, 0,0, 0
0.8503957959156523, 0.4473169698423685, 0.24841396078179617, 0.19344381301743907, 0,0, 0
0.8497305926960687, 0.4428785219270682, 0.2430645528642166, 0.19308204453948632, 0,0, 0
0.8496640723741102, 0.4389735952641218, 0.24881104757119882, 0.19522838173382098, 0,0, 0
0.8502627552717356, 0.43703417162692887, 0.25036149595199614, 0.19540566260054879, 0,0, 0
0.8522583649304862, 0.43225513830029944, 0.22556848195720122, 0.18967807755188243, 0,0, 0
0.8555178607064459, 0.4242080711354276, 0.21662007575863093, 0.18414711016111027, 0,0, 0
0.8561830639260294, 0.419339870082607, 0.22121549271517138, 0.18246376407986872, 0,0, 0
0.8567152265016963, 0.4147850580406576, 0.230407008243373, 0.18430058449131934, 0,0, 0
0.8557839419942792, 0.4190631935987046, 0.24067936846804674, 0.19171882827418407, 0,0, 0
0.8581786735847802, 0.4116555427128874, 0.228002974525596, 0.18772469249882998, 0,0, 0
0.858710836160447, 0.405662072941058, 0.21942696354096014, 0.18300160583047934, 0,0, 0
0.859642120667864, 0.40556672960357165, 0.2166542840644969, 0.17498947837285797, 0,0, 0
0.8607729661411562, 0.4063117148382541, 0.21465625146899414, 0.17862339119910317, 0,0, 0
0.8590434377702388, 0.4071960522059251, 0.21341359716163438, 0.17661491977903374, 0,0, 0
0.8586443158384887, 0.3990578175248218, 0.21638641241656256, 0.18110624933373182, 0,0, 0
0.8625024945120734, 0.39969854649212494, 0.21243054230429828, 0.17896852146789713, 0,0, 0
0.8620368522583649, 0.3939067838988879, 0.2210069536202531, 0.18135344142676194, 0,0, 0
0.8656954699660746, 0.3871971995703653, 0.2102147403989714, 0.1716387889913125, 0,0, 0
0.8646976651366992, 0.3878636579967407, 0.20805229233239741, 0.17286627848102146, 0,0, 0
0.8660945918978248, 0.3839260954090529, 0.2068588662099753, 0.16977084743880158, 0,0, 0
0.8640324619171157, 0.3861758244687356, 0.2088964487938882, 0.17364805793266236, 0,0, 0
0.8645646244927826, 0.3844962467937209, 0.21158105385202858, 0.1720576793621876, 0,0, 0
0.8658950309319497, 0.38132474022890556, 0.20553822976529065, 0.17098041357622779, 0,0, 0
0.8658285106099913, 0.37931623514150076, 0.20217372232851752, 0.1684224488012735, 0,0, 0
0.867624559302867, 0.3767142597410229, 0.2033934545715515, 0.1683652931716651, 0,0, 0
0.867624559302867, 0.370102410588082, 0.20509068552513424, 0.17104501533821337, 0,0, 0
0.868356282844409, 0.3698213085976925, 0.20383339519765975, 0.16717064703522372, 0,0, 0
0.8684893234883256, 0.3734055654960611, 0.2026779277952544, 0.16431229270236666, 0,0, 0
0.8706179737909931, 0.3691805317565531, 0.19698089232614976, 0.1671638219821786, 0,0, 0
0.8701523315372847, 0.37018244722822513, 0.19706818004754798, 0.16475058274981882, 0,0, 0
0.8708175347568682, 0.37075726845076273, 0.19934944169961188, 0.1628601140682271, 0,0, 0
0.8712831770105768, 0.3631929106017145, 0.1905429862388019, 0.16646851663932558, 0,0, 0
0.8715492582984101, 0.365711407081883, 0.19486530718246087, 0.16158884376513227, 0,0, 0
0.8730792257034524, 0.36043110806271095, 0.18883223531542245, 0.16068218791334188, 0,0, 0
0.8724140224838688, 0.35965006639335584, 0.19761438886447563, 0.1645206203919724, 0,0, 0
0.873012705381494, 0.3578872147803585, 0.19597606709762985, 0.16411905549401096, 0,0, 0
0.8700192908933679, 0.36221143689842744, 0.2034642666669441, 0.16546419269857984, 0,0, 0
0.8728796647375773, 0.3601225337644512, 0.2001588205942522, 0.15598516361156214, 0,0, 0
0.8735448679571609, 0.3575616305645627, 0.19993612228187582, 0.1593674006817123, 0,0, 0
0.8722809818399521, 0.35644585022478653, 0.20229366641731375, 0.1645177753819752, 0,0, 0
0.8733453069912859, 0.355422960412001, 0.19870577776862397, 0.16034021383843122, 0,0, 0
0.875407436971995, 0.35308639447809714, 0.18311187828417805, 0.15557321248214143, 0,0, 0
0.8742100711767445, 0.3543955414343308, 0.1925336590248039, 0.15874420602603762, 0,0, 0
0.8762722011574536, 0.3506039320147236, 0.18157335155764798, 0.15396551944623563, 0,0, 0
0.8770704450209539, 0.35078527389529224, 0.1878460342251054, 0.15955763246003302, 0,0, 0
0.8750748353622032, 0.3497047278152341, 0.19235084929510132, 0.1570278460943203, 0,0, 0
0.8762722011574536, 0.34655846760188713, 0.18906385371936574, 0.15760065569897824, 0,0, 0
0.8781347701722876, 0.34466913060333093, 0.17658551584893709, 0.15180912355327073, 0,0, 0
0.8776691279185791, 0.34677370961890797, 0.18224353392209047, 0.15144309221158608, 0,0, 0
0.8779352092064125, 0.3426235504953566, 0.1812104977867777, 0.15235117853868585, 0,0, 0
0.8785338921040378, 0.33858838471715924, 0.1804653605168146, 0.15519492542361557, 0,0, 0
0.8789995343577462, 0.33837065929927446, 0.18146738098891327, 0.1539999962288482, 0,0, 0
0.878001729528371, 0.33873545377604664, 0.18377951401713447, 0.153594907981481, 0,0, 0
0.8801303798310384, 0.3382148042978225, 0.18060901595973367, 0.15411479741740672, 0,0, 0
0.8795982172553715, 0.33694565731223686, 0.18874415025552177, 0.15902331934513536, 0,0, 0
0.8816603472360807, 0.33558131648136225, 0.17668631785039154, 0.1492510002359808, 0,0, 0
0.8805295017627885, 0.3379776364895794, 0.18054867320095114, 0.1494091447370202, 0,0, 0
0.8814607862702055, 0.33494347660569224, 0.18209770481186255, 0.15246838702846566, 0,0, 0
0.8825251114215393, 0.3333691038691001, 0.17568138436065808, 0.14810479211779276, 0,0, 0
0.8814607862702055, 0.331810728482643, 0.1778441036213244, 0.14795315435175124, 0,0, 0
0.8814607862702055, 0.3343670279175969, 0.18622889074539678, 0.150252010137503, 0,0, 0
0.882658152065456, 0.3290135333660121, 0.18009073606540377, 0.1475934792550539, 0,0, 0
0.8827246723874144, 0.3291286893328727, 0.17942942453408478, 0.15036108569294504, 0,0, 0
0.8817933878799974, 0.3299649348504279, 0.17672116537272753, 0.14835133583364762, 0,0, 0
0.8834563959289563, 0.32788634503413977, 0.1777137661714862, 0.14994854629686188, 0,0, 0
0.8821259894897892, 0.33130821750821754, 0.17384972816811003, 0.14765802107904627, 0,0, 0
0.8824585910995809, 0.33023886751916876, 0.18064086108143365, 0.14676131531070918, 0,0, 0
0.8843876804363733, 0.32874866358103594, 0.16885412321720408, 0.14305876230147418, 0,0, 0
0.883589436572873, 0.3298410582468825, 0.18024111541816995, 0.1495906460416495, 0,0, 0
0.8849198430120402, 0.3254339038277835, 0.176872645089592, 0.14750400285892748, 0,0, 0
0.8839885585046232, 0.3264869084281903, 0.17784474893143123, 0.1500231872979984, 0,0, 0
0.8848533226900818, 0.32584090361962803, 0.1758562764995733, 0.14931018045683175, 0,0, 0
0.8840550788265815, 0.32667622139265257, 0.17840120726299985, 0.14678873175952611, 0,0, 0
0.8844542007583317, 0.32796761808626756, 0.1676282962739286, 0.14217345015896593, 0,0, 0
0.08295084148207277, 2.3035359385959926, 0.9066111684626776, 0.34709458072829585, 0,0, 0
0.2791857912592297, 2.0250059552775688, 0.7500708273337026, 0.49699721373993533, 0,0, 0
0.4437570677842081, 1.7100325437479609, 0.656882516787118, 0.3787300791368726, 0,0, 0
0.464910530166966, 1.595065509063357, 0.6198501472165652, 0.3408150165001672, 0,0, 0
0.525444023149072, 1.375769981250887, 0.5939121955409239, 0.4021505968885611, 0,0, 0
0.6091931084946451, 1.234358695966976, 0.4971404245460506, 0.2712023948286658, 0,0, 0
0.6682631543936672, 1.1466172876511984, 0.4492725760505303, 0.25525944326012323, 0,0, 0
0.7760925962881661, 0.8308838243937425, 0.41112885219879447, 0.2532024265133209, 0,0, 0
0.7905940264750881, 0.7933465099798662, 0.3594240801673567, 0.23123545638548954, 0,0, 0
0.7961817335195902, 0.7412274371747921, 0.37113308675641965, 0.2660744218774516, 0,0, 0
0.7969134570611321, 0.7002084131942633, 0.3613358397037513, 0.24196269071774013, 0,0, 0
0.7999733918712166, 0.6607500390158605, 0.36819933516456976, 0.2355297567608211, 0,0, 0
0.7988425463979245, 0.643247322676688, 0.3712652951754258, 0.25861575455583113, 0,0, 0
0.8234550655225171, 0.5953202708949396, 0.30017560629088047, 0.2126778177551674, 0,0, 0
0.8243863500299341, 0.5764851464258359, 0.3026904765433953, 0.21442855859089016, 0,0, 0
0.8207942526441828, 0.5784933127505131, 0.32632198616066466, 0.23218439810977506, 0,0, 0
0.8241867890640591, 0.5595016558790087, 0.3022114111789268, 0.2253615167539641, 0,0, 0
0.830306658684228, 0.5524576231257093, 0.2981308961108632, 0.22054190002751145, 0,0, 0
0.8314375041575202, 0.537796297138937, 0.2943801158024883, 0.21604118049349896, 0,0, 0
0.8311714228696867, 0.5265100144230056, 0.29858925200632, 0.21963967009761134, 0,0, 0
0.8338987560699794, 0.5131338487314916, 0.2840804396493819, 0.21355456338130654, 0,0, 0
0.8357613250848134, 0.49963624311501265, 0.29717737636833996, 0.21814913391136492, 0,0, 0
0.8368256502361472, 0.4958490704241692, 0.2864528383959943, 0.20891542507886604, 0,0, 0
0.8388877802168563, 0.4873375715692382, 0.280074261404487, 0.20283494801315713, 0,0, 0
0.8369586908800638, 0.48376992045252915, 0.2847862501582103, 0.2185433272463595, 0,0, 0
0.8404177476218985, 0.4749132606598388, 0.2754077318727853, 0.20705795662710286, 0,0, 0
0.8407503492316902, 0.47431214730623794, 0.27727044571087, 0.20277641453502313, 0,0, 0
0.8436772433978581, 0.4529082033668743, 0.2568192343293947, 0.20423212409583896, 0,0, 0
0.8456063327346505, 0.44925147355092654, 0.2570048909785188, 0.19808898235284794, 0,0, 0
0.8472028204616511, 0.43894623631350005, 0.23512776023609855, 0.1922047854103421, 0,0, 0
0.8483336659349431, 0.43970369627337486, 0.24451879331242346, 0.1958810146381436, 0,0, 0
0.851460121066986, 0.440464448377573, 0.23827111727335568, 0.19107079646428096, 0,0, 0
0.8537883323355285, 0.42615686178200046, 0.2199130175423689, 0.18813176961665584, 0,0, 0
0.8503292755936939, 0.432410231070426, 0.24406494151809457, 0.19900868732667365, 0,0, 0
0.8524579258963614, 0.4253717024252238, 0.2440898156339018, 0.195830727045779, 0,0, 0
0.8511940397791525, 0.42898493863679243, 0.2487534596515628, 0.18995216694551986, 0,0, 0
0.8547861371649039, 0.42117945406476076, 0.2360757108311887, 0.19187055734309083, 0,0, 0
0.8585777955165304, 0.41153787288407706, 0.21203437614805853, 0.18335070458678143, 0,0, 0
0.8591764784141556, 0.40738842684086307, 0.21738096180672228, 0.18467371770883234, 0,0, 0
0.8602408035654893, 0.40394897206892927, 0.21122097125406916, 0.17859577936832807, 0,0, 0
0.8601077629215725, 0.40610057662528276, 0.22129501680648328, 0.1821349388927465, 0,0, 0
0.8613716490387814, 0.40096127927924446, 0.2099944025119045, 0.1776397221024437, 0,0, 0
0.8611055677509479, 0.3988778427821928, 0.21214483990550562, 0.1738759933550773, 0,0, 0
0.8621698929022816, 0.3924685572629391, 0.20458516967469406, 0.17612360401972255, 0,0, 0
0.8633672586975321, 0.39248410416706664, 0.20548926568483078, 0.18199158001869833, 0,0, 0
0.8629016164438236, 0.3934653208938506, 0.2128479602637934, 0.1770107458117874, 0,0, 0
0.8650967870684494, 0.39050712736411164, 0.21138892370516305, 0.17852194504967303, 0,0, 0
0.8646311448147409, 0.3923053094709595, 0.2137739003858328, 0.1758539846511525, 0,0, 0
0.8650967870684494, 0.386903235588324, 0.21309205156086364, 0.17595768094751413, 0,0, 0
0.8644981041708242, 0.38771656161043794, 0.211548824432387, 0.17282917063052788, 0,0, 0
0.8640324619171157, 0.38225970207236903, 0.216617774768503, 0.17523685919585724, 0,0, 0
0.8677575999467837, 0.37645802925915, 0.20433230585623563, 0.1710064998252246, 0,0, 0
0.8680902015565756, 0.37789070712124895, 0.19997957473512176, 0.1667066136790387, 0,0, 0
0.8666267544734917, 0.37647053157605936, 0.19818660299182322, 0.17078335586177354, 0,0, 0
0.8684893234883256, 0.3772780083272945, 0.20546759020524882, 0.1692885415948675, 0,0, 0
0.868356282844409, 0.3732605813307256, 0.19843753032932032, 0.16905534090798036, 0,0, 0
0.8701523315372847, 0.3677759595695339, 0.1946657377949703, 0.1708142587813026, 0,0, 0
0.8700858112153262, 0.3731191536150589, 0.19391390286309007, 0.16883168929925416, 0,0, 0
0.8712166566886184, 0.367254864336735, 0.19179535498205216, 0.1713141213836426, 0,0, 0
0.8712831770105768, 0.3663775113919768, 0.1946758684569036, 0.16567353165654863, 0,0, 0
0.8704184128251181, 0.36228060084464897, 0.20024649646429893, 0.16590001760248158, 0,0, 0
0.8718153395862436, 0.3609161048427385, 0.19142634468613068, 0.16281341380739828, 0,0, 0
0.8714827379764518, 0.3665172215002243, 0.19477251798653036, 0.1651093090436367, 0,0, 0
0.872813144415619, 0.3607883063163175, 0.18843687135672174, 0.15586897221865403, 0,0, 0
0.8738774695669527, 0.356577905901186, 0.18612774819657799, 0.160594438673711, 0,0, 0
0.8742100711767445, 0.3556578457865012, 0.19241286622524412, 0.16005198813278926, 0,0, 0
0.8742765914987028, 0.35323602475882776, 0.19043814882610022, 0.16384268218910203, 0,0, 0
0.8744761524645779, 0.3527597014111795, 0.1898783403055612, 0.15980461653788094, 0,0, 0
0.8749417947182865, 0.34967661933498617, 0.1918128267930828, 0.16170212761611794, 0,0, 0
0.8758065589037451, 0.3512159442749013, 0.18816056682204851, 0.1529704947850369, 0,0, 0
0.8764052418013704, 0.3532213429039263, 0.19463606514117351, 0.15508995111006424, 0,0, 0
0.8771369653429123, 0.349740687877966, 0.18916654657929868, 0.15922810694437348, 0,0, 0
0.878201290494246, 0.3468773612832129, 0.18557789597737875, 0.15968683354247434, 0,0, 0
0.8773365263087873, 0.344231068804533, 0.18153445879550859, 0.16058626749240507, 0,0, 0
0.8787334530699129, 0.3441897177431244, 0.18890549109328025, 0.1560556189735176, 0,0, 0
0.8785338921040378, 0.33923626092706, 0.17936759339599093, 0.1530526757268157, 0,0, 0
0.8793986562894964, 0.34187438279756127, 0.18563090942187008, 0.1546721664974171, 0,0, 0
0.8790660546797047, 0.3407962676073979, 0.18610384925441775, 0.155112099329394, 0,0, 0
0.8792656156455797, 0.3371318500202454, 0.1783307392625993, 0.153664556545821, 0,0, 0
0.8814607862702055, 0.3376804235237685, 0.1821945537280026, 0.1566638809950906, 0,0, 0
0.8816603472360807, 0.3377300935884509, 0.17603440005570176, 0.15149269358775044, 0,0, 0
0.8804629814408301, 0.3377923445649046, 0.18181818361076835, 0.15100255408614752, 0,0, 0
0.880995144016497, 0.333625310108925, 0.17790634634349145, 0.15036758148876606, 0,0, 0
0.8821925098117475, 0.33409510293475464, 0.17558084878056007, 0.1500811251025281, 0,0, 0
0.8827246723874144, 0.337401094659309, 0.18377105047752276, 0.15096976033719797, 0,0, 0
0.8837224772167898, 0.3341788150118951, 0.17903710733130218, 0.14733384075005967, 0,0, 0
0.882658152065456, 0.33303511499379645, 0.17287328860517057, 0.14194812367173198, 0,0, 0
0.8825251114215393, 0.33066834931933264, 0.18319976118332945, 0.1543614598277809, 0,0, 0
0.8841881194704982, 0.33095789930180963, 0.17536137696088472, 0.14439418278820065, 0,0, 0
0.8853854852657487, 0.3311118341450673, 0.1778949566041227, 0.15026588388918283, 0,0, 0
0.8851859242998736, 0.32699833285666474, 0.16974142269495046, 0.1474681710231388, 0,0, 0
0.8853854852657487, 0.32657192335809987, 0.1764778705771575, 0.14815262537066257, 0,0, 0
0.8862502494512073, 0.3264851119125332, 0.1699094696389027, 0.14699978789307433, 0,0, 0
0.8855185259096654, 0.32647953793753975, 0.17561028974108567, 0.14689121769872276, 0,0, 0
0.8837224772167898, 0.32809315324424115, 0.17541386033091083, 0.14746146804895713, 0,0, 0
0.8847868023681235, 0.32620465292675754, 0.1725487726569678, 0.14711430313198962, 0,0, 0
0.8859841681633739, 0.32277238297407085, 0.1698732962317866, 0.14657693142049075, 0,0, 0
0.8863167697731656, 0.32254938515444675, 0.16783188179034944, 0.1438598426588768, 0,0, 0
0.8858511275194572, 0.32353552821664605, 0.17506611629479546, 0.14595741221248995, 0,0, 0
0.8862502494512073, 0.3216942642426175, 0.17415825886086939, 0.14567723234902905, 0,0, 0
0.8873810949244995, 0.3228163434523368, 0.17476344862150445, 0.14239835811304052, 0,0, 0
0.09539014168828577, 2.3032285872154716, 0.8959613134866121, 0.2950667998393825, 0,0, 0
0.2944189449876937, 1.9410020529149352, 0.8014992171059214, 0.5108891412575612, 0,0, 0
0.44814740903345973, 1.7622894549016637, 0.6447393367610958, 0.30647673940679654, 0,0, 0
0.49151865895030933, 1.6049550485738433, 0.6206374198434927, 0.296908616719746, 0,0, 0
0.6318765382824453, 1.2300642204524768, 0.538298545173363, 0.2883759975245421, 0,0, 0
0.6749151865895031, 1.0735576242735583, 0.4821485342983803, 0.27099830060685526, 0,0, 0
0.6985964212066786, 1.0129450026008926, 0.46334339818271636, 0.2931374280241093, 0,0, 0
0.7206811680968536, 0.9328985455569571, 0.4564131635453536, 0.28254550943681883, 0,0, 0
0.7559369387347835, 0.8872117603902459, 0.40029906422576944, 0.25590215638641606, 0,0, 0
0.7522783210270738, 0.8331410184134572, 0.44054433683720673, 0.28500677736248337, 0,0, 0
0.7758930353222909, 0.7613250169355339, 0.38497299313458755, 0.23739825957874394, 0,0, 0
0.7681766779751213, 0.7495359856766933, 0.3823839214770935, 0.24291501286404177, 0,0, 0
0.7786203685225837, 0.7175906430270964, 0.3801151210342813, 0.24119060223079966, 0,0, 0
0.8015033592762589, 0.6624619727281859, 0.3473893834883041, 0.23576144756617687, 0,0, 0
0.7979112618905075, 0.6701045971093084, 0.34945047653592065, 0.2296662474209709, 0,0, 0
0.8156056675314308, 0.6123593900887508, 0.32303449614908386, 0.23154397521953154, 0,0, 0
0.818798642985432, 0.5972853424091566, 0.311602724824149, 0.2125833768577255, 0,0, 0
0.8241202687421008, 0.5907913326075886, 0.3019601491503374, 0.21342342684693918, 0,0, 0
0.8317701057673119, 0.5524795653208373, 0.2802289110996826, 0.20880778809797124, 0,0, 0
0.8320361870551454, 0.541641171991844, 0.28367766431751334, 0.21185942987742298, 0,0, 0
0.8340983170358545, 0.5134705002468883, 0.2871442890669961, 0.21432790908644847, 0,0, 0
0.8287766912791857, 0.5174864597401125, 0.3036447319264824, 0.2202523031730952, 0,0, 0
0.8317701057673119, 0.511549306579777, 0.2898915024939098, 0.2106566879804549, 0,0, 0
0.8369586908800638, 0.4868964804439772, 0.28737319558975044, 0.21274608922288357, 0,0, 0
0.8416151134171489, 0.47376934083474637, 0.26016780690240243, 0.20356630062588377, 0,0, 0
0.8428789995343577, 0.4718769312207333, 0.2573068382844694, 0.1998770004448089, 0,0, 0
0.846271535954234, 0.4584881358434918, 0.24018421830255446, 0.1958092177490794, 0,0, 0
0.8463380562761924, 0.45933738991629913, 0.24163457886472792, 0.19445038560299543, 0,0, 0
0.8487327878666933, 0.45343977627671767, 0.2493673564014401, 0.19041993473858232, 0,0, 0
0.8472693407836094, 0.45436639942016777, 0.25555610450368393, 0.19534480027925782, 0,0, 0
0.8487327878666933, 0.4507279630239611, 0.24237699117817946, 0.1957597381666044, 0,0, 0
0.8470697798177343, 0.4563829280537445, 0.24489566077046981, 0.19204732279236214, 0,0, 0
0.8506618772034856, 0.4440870400173322, 0.23394413442687706, 0.19346847466237208, 0,0, 0
0.8532561697598616, 0.44071548470987704, 0.2279174038565049, 0.18997630194055581, 0,0, 0
0.8539213729794453, 0.43059648921114346, 0.23611331775542319, 0.19072197019539458, 0,0, 0
0.8549191778088205, 0.4242320651593602, 0.22628296327755826, 0.18761970691637964, 0,0, 0
0.8569813077895297, 0.41626075269018387, 0.2253683390615038, 0.18336064538134578, 0,0, 0
0.8569147874675713, 0.4192960468752439, 0.23920363581853665, 0.1883787904774131, 0,0, 0
0.8587773564824054, 0.4116410184050922, 0.21520644600051975, 0.17737313785981867, 0,0, 0
0.8591764784141556, 0.4084017367556909, 0.21298967590456996, 0.17948540857508433, 0,0, 0
0.8610390474289895, 0.4048122807148407, 0.22328584741142435, 0.17958696523065376, 0,0, 0
0.8588438768043637, 0.4045047327881887, 0.22293239161810155, 0.1883894202852298, 0,0, 0
0.8615712100046564, 0.39701457551350305, 0.2147734977042856, 0.17981613383418144, 0,0, 0
0.8599082019556975, 0.4011602972809735, 0.21332421447403757, 0.18274630734506278, 0,0, 0
0.8639659415951573, 0.3917759359323445, 0.21793746310305237, 0.17867598801856885, 0,0, 0
0.8650967870684494, 0.38960728539047346, 0.21091337543263972, 0.17709194185555469, 0,0, 0
0.8655624293221579, 0.3854518226615627, 0.20900317447813566, 0.1756880239417805, 0,0, 0
0.8674249983369919, 0.38431941305278583, 0.20106522896109816, 0.17228850956773095, 0,0, 0
0.8669593560832835, 0.3833053597265576, 0.1990455736405727, 0.16941358787987265, 0,0, 0
0.8678906405907004, 0.3792073110422904, 0.19528007548174323, 0.1696202034914375, 0,0, 0
0.8687554047761591, 0.37997898351119297, 0.1983520092234734, 0.16825782577787243, 0,0, 0
0.867624559302867, 0.3820962021275488, 0.20222653500189128, 0.17103450448803145, 0,0, 0
0.8693540876737843, 0.3831062472274201, 0.2003288821785613, 0.1682647745694511, 0,0, 0
0.869487128317701, 0.3740889887250294, 0.20559221097300706, 0.16927287374715327, 0,0, 0
0.869088006385951, 0.36898411137344217, 0.19781098973223948, 0.17185573410713617, 0,0, 0
0.8698197299274929, 0.3661631789236162, 0.19153452168367463, 0.16464349631235603, 0,0, 0
0.8715492582984101, 0.36634232808678036, 0.19199569912717063, 0.16147800890137584, 0,0, 0
0.87115013636666, 0.36215707138636366, 0.18984019219166748, 0.16678531616825867, 0,0, 0
0.8731457460254107, 0.36231650063769105, 0.1912158605823333, 0.15835461430460854, 0,0, 0
0.871881859908202, 0.3654832315754535, 0.19975170138653098, 0.16369383902544804, 0,0, 0
0.872813144415619, 0.3636261361964254, 0.19439559433556058, 0.15972808300774707, 0,0, 0
0.8732787866693275, 0.35858822666867657, 0.19385526843128095, 0.15980589582835258, 0,0, 0
0.8729461850595357, 0.359121148951266, 0.19470265082311777, 0.1645487486934828, 0,0, 0
0.8730792257034524, 0.3580693700011488, 0.18644029503613851, 0.1585970014441954, 0,0, 0
0.8744761524645779, 0.3548351113006481, 0.18668069336212928, 0.1605698196877932, 0,0, 0
0.8733453069912859, 0.35596129065343807, 0.18491364061350293, 0.1587057055530204, 0,0, 0
0.8734783476352026, 0.3542517301089033, 0.18253451640667023, 0.16102628380357287, 0,0, 0
0.8742765914987028, 0.3526799782896161, 0.18889191142902784, 0.16197399167260504, 0,0, 0
0.8755404776159117, 0.35329136402852573, 0.18318443870398848, 0.1538273014363358, 0,0, 0
0.8755404776159117, 0.35204752786814997, 0.182382279659802, 0.1593847785699203, 0,0, 0
0.8752743963280782, 0.35210326178551354, 0.1840470483077076, 0.1569665991636904, 0,0, 0
0.8768708840550788, 0.35284294413437206, 0.18601075249276203, 0.15245661371381153, 0,0, 0
0.8766713230892037, 0.34777303920640185, 0.18129107308217324, 0.1553133018409646, 0,0, 0
0.877270005986829, 0.3498390342995777, 0.17869342892212006, 0.1527369972058347, 0,0, 0
0.8768708840550788, 0.3488544135842646, 0.18319137311302464, 0.1543056430292025, 0,0, 0
0.8763387214794119, 0.3520264954979265, 0.19141591630623586, 0.15309014429361786, 0,0, 0
0.8786669327479545, 0.3420115372388724, 0.17748960477126366, 0.14997921926257402, 0,0, 0
0.8779352092064125, 0.33875497726469045, 0.17510724258405566, 0.15444603625135778, 0,0, 0
0.8795316969334132, 0.3384127684447676, 0.17522491819932207, 0.15723797006524998, 0,0, 0
0.8783343311381627, 0.3426853667834792, 0.17905721048797596, 0.15520209013983588, 0,0, 0
0.8797977782212466, 0.33930841472011414, 0.17457146294171083, 0.15724377842567158, 0,0, 0
0.8783343311381627, 0.339422097192168, 0.17831229321205241, 0.1527670354547611, 0,0, 0
0.8807290627286636, 0.3377432525780464, 0.17642231839607497, 0.14997113497091155, 0,0, 0
0.8805960220847469, 0.33502823858042463, 0.17635889368565139, 0.14558740154904234, 0,0, 0
0.8803964611188718, 0.3346328267945818, 0.17425223521240324, 0.15470478636549553, 0,0, 0
0.8797977782212466, 0.335946593134148, 0.17599432671240423, 0.15063077710969375, 0,0, 0
0.880995144016497, 0.33158509839825295, 0.17306789451304005, 0.14815250528036594, 0,0, 0
0.8803299407969134, 0.33033383368959557, 0.17904633194065628, 0.14985580983042063, 0,0, 0
0.8808621033725803, 0.3348598156270098, 0.17966686911156246, 0.14911083296131208, 0,0, 0
0.8822590301337059, 0.32939028878466514, 0.16968621813863546, 0.1508759726016089, 0,0, 0
0.8827246723874144, 0.32989921826043905, 0.1726062623130256, 0.14787828223496652, 0,0, 0
0.8837224772167898, 0.3311068086846372, 0.17497542232811436, 0.14719592899158232, 0,0, 0
0.8821259894897892, 0.3318013059800631, 0.1843380971331759, 0.149624963819975, 0,0, 0
0.8839885585046232, 0.3279420752512323, 0.16921587590913545, 0.1433793958225517, 0,0, 0
0.8832568349630813, 0.32827444136627915, 0.17933905180803478, 0.14409293939246884, 0,0, 0
0.8830572739972061, 0.33411495655011103, 0.18682430616309317, 0.1474719142135754, 0,0, 0
0.8844542007583317, 0.33010624346829065, 0.17174096474837264, 0.14483087135276945, 0,0, 0
0.8831237943191645, 0.3296504488895198, 0.17724000385845304, 0.14705474267910829, 0,0, 0
0.8839885585046232, 0.329211981415569, 0.16822827266116047, 0.14346150458865004, 0,0, 0
0.8841881194704982, 0.3269371221213788, 0.1772435505438894, 0.1474106625403401, 0,0, 0
0.8851859242998736, 0.3269859223844693, 0.16975191960412087, 0.142849214382967, 0,0, 0
0.09864963746424532, 2.3065433979415055, 0.8838951880727888, 0.4778889816056383, 0,0, 0
0.21452803831570544, 2.125891321660801, 0.7986501943649285, 0.529970327979136, 0,0, 0
0.34011840617308586, 1.8503053738030417, 0.7581419496276309, 0.4976460373191704, 0,0, 0
0.455996807024546, 1.7506208977939137, 0.6307777550499073, 0.34852963865690484, 0,0, 0
0.5819197764917182, 1.385975932125898, 0.4989571594673747, 0.2890988199829593, 0,0, 0
0.6211002461251912, 1.2010239236993239, 0.5086790191080339, 0.28790344861030015, 0,0, 0
0.6809020155657554, 1.056075016750718, 0.4795949244138304, 0.3054019868024324, 0,0, 0
0.7279318831903147, 0.9696919202156642, 0.42766560887284377, 0.27140707976623984, 0,0, 0
0.7778886449810417, 0.8553503177703088, 0.3578372416268179, 0.23367808175603016, 0,0, 0
0.7759595556442493, 0.8171987204697639, 0.3908357613602109, 0.25736674857595343, 0,0, 0
0.7850063194305861, 0.7927971331577426, 0.3535055420019717, 0.24413050842969125, 0,0, 0
0.8058271802035522, 0.6812497630037555, 0.33735021472122634, 0.2319679195738655, 0,0, 0
0.8042306924765515, 0.6974303821356841, 0.3464500254973873, 0.22702374859321334, 0,0, 0
0.8134770172287634, 0.6544198662631842, 0.3434614946161632, 0.24308985057288957, 0,0, 0
0.8232555045566421, 0.5917706109795733, 0.31417814779763964, 0.23189571701968262, 0,0, 0
0.8201290494245992, 0.5969373965716898, 0.33835695488281364, 0.25630651346598254, 0,0, 0
0.825849797113018, 0.5828404444158122, 0.29706823972665575, 0.22191300890477103, 0,0, 0
0.8293088538548526, 0.5715341886379196, 0.2843289321820029, 0.21512254256062524, 0,0, 0
0.8307057806159782, 0.5761483840750746, 0.29231762514893667, 0.20669913713122645, 0,0, 0
0.8332335528503958, 0.5284162811798468, 0.2733058890057834, 0.20702073949535144, 0,0, 0
0.8333665934943125, 0.5230977691003341, 0.26740851349694655, 0.20530570355226252, 0,0, 0
0.8331670325284375, 0.5096322741672221, 0.2795302143969776, 0.20916734507364665, 0,0, 0
0.8332335528503958, 0.5052672250663865, 0.2770300870652983, 0.20729327222342028, 0,0, 0
0.8370252112020222, 0.49131267894276204, 0.2550556423866258, 0.20160474615985438, 0,0, 0
0.8377569347435642, 0.4875729345548693, 0.2739903194129187, 0.2055544369975092, 0,0, 0
0.8402181866560234, 0.47845972005156656, 0.2603306454346105, 0.20210504166558227, 0,0, 0
0.8409499101975654, 0.46826274637915144, 0.24469481323374356, 0.19979705329157266, 0,0, 0
0.8416151134171489, 0.47241666703002116, 0.26025585882039903, 0.20371630578010524, 0,0, 0
0.8462050156322757, 0.4647079784763918, 0.23910352766524062, 0.1919000997454796, 0,0, 0
0.8457393733785672, 0.45557709320111733, 0.23641959708714194, 0.19546611522663324, 0,0, 0
0.8477349830373179, 0.4557393223113483, 0.23344352064957863, 0.19449592449807562, 0,0, 0
0.8511275194571942, 0.44812799555380295, 0.23221366299219823, 0.18638903854839037, 0,0, 0
0.8534557307257367, 0.4421174775515847, 0.22639682687815108, 0.1883955246005539, 0,0, 0
0.8519257633206945, 0.4297749022594956, 0.2427250886551172, 0.19394846536977473, 0,0, 0
0.855185259096654, 0.4256098052628878, 0.22491100546766837, 0.1840571983460553, 0,0, 0
0.8555178607064459, 0.4236718461296414, 0.2255618225737722, 0.18707919539068804, 0,0, 0
0.8557174216723209, 0.4181615083527552, 0.22288435755673913, 0.18616952409225324, 0,0, 0
0.8575134703651965, 0.4136498545890051, 0.22044010196028455, 0.18455143853210096, 0,0, 0
0.8561165436040711, 0.418435725230496, 0.2347370671009796, 0.18812721894640835, 0,0, 0
0.8589103971263221, 0.41033943265233, 0.22345818672923265, 0.18026418280422585, 0,0, 0
0.8588438768043637, 0.40635172827743293, 0.21233166244094678, 0.18154198863416637, 0,0, 0
0.8599747222776558, 0.4036264023469474, 0.21694836859204453, 0.1797379377069564, 0,0, 0
0.860573405175281, 0.3994474615571897, 0.22403698137483746, 0.17879634591973517, 0,0, 0
0.86223641322424, 0.39605623903118514, 0.2103941590457036, 0.17860784508688013, 0,0, 0
0.8625690148340318, 0.39378790226241783, 0.21235555574403742, 0.17856879141091248, 0,0, 0
0.8621698929022816, 0.3913316592897632, 0.21150897348922, 0.18058473887134724, 0,0, 0
0.8613716490387814, 0.3904030859284556, 0.2158792500568185, 0.18262661514817183, 0,0, 0
0.8635002993414488, 0.3835529642719407, 0.21303260918354855, 0.1788019245272768, 0,0, 0
0.8639659415951573, 0.38614903734188377, 0.21939407111955908, 0.1829367420043306, 0,0, 0
0.8635002993414488, 0.3866034409417536, 0.20915007686681153, 0.17535832061071902, 0,0, 0
0.8650967870684494, 0.38205277452913855, 0.21160303474358216, 0.1783286452114955, 0,0, 0
0.8664271935076165, 0.378961443682081, 0.2073144218605495, 0.1724012864916966, 0,0, 0
0.8665602341515333, 0.37781949869970516, 0.2122358301902109, 0.1710417750350036, 0,0, 0
0.8679571609126588, 0.3790243304439262, 0.21292849689785373, 0.16933894351469964, 0,0, 0
0.8678906405907004, 0.3772211961700812, 0.20714296427431947, 0.17139216013444888, 0,0, 0
0.869487128317701, 0.3768478198808752, 0.21147219612699872, 0.17199364026141756, 0,0, 0
0.8686888844542008, 0.3748023310011302, 0.2035454505268468, 0.17338392929442836, 0,0, 0
0.867624559302867, 0.3748118902515885, 0.218275803459453, 0.17426337797596422, 0,0, 0
0.8699527705714095, 0.3698996693927909, 0.20227915755060444, 0.16627326452032856, 0,0, 0
0.8682897625224506, 0.3714101341941061, 0.21587446980672115, 0.1779749195457688, 0,0, 0
0.8698197299274929, 0.36726383604520685, 0.20678025661149643, 0.16935608114751247, 0,0, 0
0.8701523315372847, 0.3628738893959965, 0.20440132420375245, 0.17248936917466146, 0,0, 0
0.8697532096055345, 0.36189674868956956, 0.197691315043805, 0.16899652120846903, 0,0, 0
0.8716822989423268, 0.36066115444827485, 0.19865968206313084, 0.16953023957643001, 0,0, 0
0.8719483802301603, 0.35958451830381855, 0.1959850310877001, 0.16358953355746778, 0,0, 0
0.8722809818399521, 0.35875892129612547, 0.18643719660692074, 0.15954521902284266, 0,0, 0
0.870218851859243, 0.3585726897091854, 0.19514932063598497, 0.17117561695090353, 0,0, 0
0.8728796647375773, 0.35816725079252953, 0.18982156233993186, 0.16170968162571106, 0,0, 0
0.873012705381494, 0.35627593362493953, 0.1900000189041369, 0.16121371862588316, 0,0, 0
0.8730792257034524, 0.35584429466252987, 0.1953386376274838, 0.16838631054955108, 0,0, 0
0.8734783476352026, 0.35337612683113456, 0.19833752843643257, 0.16428366108277392, 0,0, 0
0.8739439898889111, 0.349092449332131, 0.18545112160828137, 0.16086757102158014, 0,0, 0
0.8748752743963281, 0.3469377235799032, 0.187847862979314, 0.1603128449285063, 0,0, 0
0.8751413556841615, 0.3463069518496914, 0.19209816765636967, 0.16025465821695786, 0,0, 0
0.8745426727865363, 0.3460562270878589, 0.19079314176633297, 0.1625449934486532, 0,0, 0
0.8758065589037451, 0.3447113684428691, 0.19114688391732013, 0.1608835634414179, 0,0, 0
0.8758065589037451, 0.34690825657551777, 0.1877503009318849, 0.16011578493181278, 0,0, 0
0.874675713430453, 0.3482331858969087, 0.19888490105538692, 0.15867874870243537, 0,0, 0
0.8764052418013704, 0.3425317390197626, 0.18830756233367446, 0.15607748969915072, 0,0, 0
0.8774695669527041, 0.34155685781810435, 0.18952626791955246, 0.15442925608492244, 0,0, 0
0.878201290494246, 0.3392620237460455, 0.18426274409374016, 0.15606849815205218, 0,0, 0
0.8786004124259962, 0.33848467401273463, 0.18189543342342304, 0.1528534858571912, 0,0, 0
0.8783343311381627, 0.3378114089729482, 0.18763226832194493, 0.15316743274779265, 0,0, 0
0.878201290494246, 0.3406590235584658, 0.1865595577463525, 0.1573881231993785, 0,0, 0
0.8786669327479545, 0.3387032530972568, 0.17845658283484803, 0.15204814589758728, 0,0, 0
0.8787334530699129, 0.3389844961666961, 0.17272075128869013, 0.14998141393836278, 0,0, 0
0.8789995343577462, 0.3370687893392896, 0.1843150942798359, 0.15468559771091234, 0,0, 0
0.8795316969334132, 0.3383223739265526, 0.1835017462514109, 0.15206515876923252, 0,0, 0
0.8799973391871216, 0.3368488237369903, 0.17951896521563768, 0.14996066563922947, 0,0, 0
0.8807290627286636, 0.3379050670893278, 0.17809103496635614, 0.1484087960049389, 0,0, 0
0.8805295017627885, 0.33341430852416126, 0.17308911259730575, 0.1483566206231825, 0,0, 0
0.8805960220847469, 0.3316324797106282, 0.18012903763464938, 0.15016295257951284, 0,0, 0
0.8819929488458724, 0.3277979077525649, 0.17126583067411874, 0.1471382673749113, 0,0, 0
0.8818599082019557, 0.32858029352418366, 0.16986799896171767, 0.14867106558815324, 0,0, 0
0.8817933878799974, 0.3288122225038467, 0.1707113423812422, 0.14545846837465307, 0,0, 0
0.8817933878799974, 0.3278640974956669, 0.17701097169941002, 0.1529758420669502, 0,0, 0
0.8807290627286636, 0.3279263136796398, 0.1752765797981744, 0.14588775413597047, 0,0, 0
0.880995144016497, 0.3246167128132087, 0.1731647395616637, 0.14678574504653472, 0,0, 0
0.882658152065456, 0.3247855211312875, 0.18131663203889747, 0.15034212388998036, 0,0, 0
0.8822590301337059, 0.3251555134833111, 0.17965118447161013, 0.151171611856807, 0,0, 0
0.8820594691678307, 0.32608262162806206, 0.18278779412068114, 0.1512256326838288, 0,0, 0
0.09751879199095323, 2.3023490256942183, 0.8989035199150658, 0.4593697475032431, 0,0, 0
0.30625956229628154, 2.0642706763163097, 0.7249212970035246, 0.4219072505988659, 0,0, 0
0.3898756069979379, 1.751071199380976, 0.7181993921191487, 0.46960868542414, 0,0, 0
0.5177276658019024, 1.442903839371674, 0.6178309740060669, 0.38720099564127536, 0,0, 0
0.6008780682498504, 1.2519130250240182, 0.543403055004357, 0.31791047434648656, 0,0, 0
0.6805694139559636, 1.063091856306282, 0.46004598505451644, 0.27428840153468026, 0,0, 0
0.7467571343045301, 0.8502416833037197, 0.43004173516383026, 0.2682887070566768, 0,0, 0
0.7699062063460387, 0.834315127995016, 0.42429751934501203, 0.26562023413845015, 0,0, 0
0.7712366127852058, 0.7852335189705536, 0.3984395302742948, 0.2494354936314574, 0,0, 0
0.7987095057540079, 0.7411593600968686, 0.3509237647598384, 0.24077098012799084, 0,0, 0
0.803565489256968, 0.6973697958988769, 0.3330113372682192, 0.23500316331479212, 0,0, 0
0.8171356349364731, 0.6681951640596514, 0.30351347059498457, 0.21960982601686058, 0,0, 0
0.8209272932880995, 0.6333058006304708, 0.29784135418208657, 0.22130201626797025, 0,0, 0
0.8204616510343911, 0.5990940517352219, 0.31585638678095124, 0.22422045157398304, 0,0, 0
0.8156721878533892, 0.6137572421136929, 0.30829236938135035, 0.22907345578885457, 0,0, 0
0.8219916184394332, 0.5870724618459493, 0.30664216615900913, 0.23353174501165191, 0,0, 0
0.8307723009379365, 0.5482897711987996, 0.26481302505601234, 0.2063514799528616, 0,0, 0
0.830306658684228, 0.539004347910819, 0.2636818599204089, 0.2059970966397415, 0,0, 0
0.8325683496308122, 0.5232793027846041, 0.26511315858403417, 0.20388604654781184, 0,0, 0
0.8324353089868956, 0.5126897422786617, 0.2860288718440758, 0.21821934319238584, 0,0, 0
0.8370252112020222, 0.5100158608988461, 0.266202459086006, 0.20679992646439677, 0,0, 0
0.8352956828311049, 0.49657162977264446, 0.2783765689643489, 0.20779739671008612, 0,0, 0
0.8396195037583982, 0.4840729799502121, 0.24763020656257612, 0.19804075083498726, 0,0, 0
0.8387547395729396, 0.48462110689139776, 0.25064968222338635, 0.20059666939901283, 0,0, 0
0.8445420075833167, 0.4626569035922563, 0.24154496030824515, 0.20380887890799484, 0,0, 0
0.8458724140224839, 0.46013391394814906, 0.23487423684258615, 0.1968987074563442, 0,0, 0
0.8442094059735249, 0.4542781374113451, 0.2388759922533476, 0.20208838072020793, 0,0, 0
0.8492649504423602, 0.45336284443705754, 0.22958436858679387, 0.18943379984044678, 0,0, 0
0.8499301536619437, 0.4531777659022198, 0.24159910716290028, 0.19421223089871195, 0,0, 0
0.8509279584913191, 0.44459735495350106, 0.23085188499349596, 0.19448296790595498, 0,0, 0
0.8504623162376106, 0.44064938980014373, 0.23127396636796846, 0.19796242338673012, 0,0, 0
0.8509944788132775, 0.43099368977973596, 0.23111307734898426, 0.19620666419564015, 0,0, 0
0.8535887713696534, 0.4266837921128105, 0.22416848901155995, 0.18795262018987482, 0,0, 0
0.8524579258963614, 0.42572414863365654, 0.22621241305218573, 0.19432963610872075, 0,0, 0
0.8541874542672786, 0.42395916595178806, 0.21490499135380697, 0.18669261243958504, 0,0, 0
0.8554513403844874, 0.4202674833435625, 0.2266968718445815, 0.18812984511056416, 0,0, 0
0.8551187387746957, 0.42010329631818577, 0.2198412088827304, 0.18569841299362358, 0,0, 0
0.8545200558770705, 0.4138456220665228, 0.22660362645631862, 0.19035479305702377, 0,0, 0
0.8576465110091133, 0.4088371547669932, 0.2136324551921058, 0.1920356645703335, 0,0, 0
0.8597086409898224, 0.40753100539570186, 0.21251288418060976, 0.1876619583974241, 0,0, 0
0.8600412425996142, 0.4070721209807018, 0.21815753920245345, 0.18929763775426633, 0,0, 0
0.8613716490387814, 0.401599993307681, 0.20755407781730173, 0.18443425135531996, 0,0, 0
0.8608394864631145, 0.40070448468681186, 0.21321439505527306, 0.18318481579725662, 0,0, 0
0.8614381693607397, 0.4006816626775884, 0.22017726340060648, 0.18105249654088001, 0,0, 0
0.8614381693607397, 0.3986308928764224, 0.22218406744756058, 0.17992954329587757, 0,0, 0
0.8646976651366992, 0.39495129577264776, 0.209576850381986, 0.18527663170700212, 0,0, 0
0.8636998603073239, 0.39631994070892107, 0.2220733613788445, 0.18570172691748865, 0,0, 0
0.8631011774096987, 0.39438071955735593, 0.2146611957733142, 0.18993054768285386, 0,0, 0
0.862968136765782, 0.3913585126332529, 0.21088837387327444, 0.19111553406664064, 0,0, 0
0.866493713829575, 0.383292713552605, 0.2041267214563173, 0.1753739460348943, 0,0, 0
0.8654293886782412, 0.388155155508324, 0.2129420719287677, 0.1751673405172424, 0,0, 0
0.8658285106099913, 0.38148962143512577, 0.20379737777941692, 0.18511708729431345, 0,0, 0
0.866493713829575, 0.37717456119306325, 0.20383865566468207, 0.1771176504902398, 0,0, 0
0.8694206079957427, 0.37479245169083053, 0.20049362178176822, 0.1741390561066689, 0,0, 0
0.868356282844409, 0.3765731871677252, 0.2043003939114608, 0.17345377562428907, 0,0, 0
0.869088006385951, 0.3770303928388149, 0.20933863611786405, 0.17403757629635083, 0,0, 0
0.8688884454200758, 0.3730573118921444, 0.20305043957250238, 0.1709110550852458, 0,0, 0
0.8703518925031597, 0.3718311317927205, 0.19739321575844013, 0.16738217882977757, 0,0, 0
0.8704849331470764, 0.36918615216331396, 0.20027164442133316, 0.16433693874563152, 0,0, 0
0.8733453069912859, 0.36427142999418893, 0.19679878058043052, 0.1642675209239948, 0,0, 0
0.8725470631277855, 0.36412783606357146, 0.20038667356608275, 0.1640693704768385, 0,0, 0
0.873012705381494, 0.36279510780823465, 0.18896613568821546, 0.16524886770625458, 0,0, 0
0.872813144415619, 0.36534429354978526, 0.19309328636462347, 0.1629346440280708, 0,0, 0
0.8744096321426196, 0.35908906943623686, 0.18983762637018897, 0.1635740569013717, 0,0, 0
0.8735448679571609, 0.3589646215976316, 0.1951919158544165, 0.16393124289999572, 0,0, 0
0.8764052418013704, 0.3547550160261178, 0.18604478579444314, 0.16145955759515168, 0,0, 0
0.8767378434111621, 0.3577715166293335, 0.1862064744734323, 0.16080670691779517, 0,0, 0
0.8761391605135369, 0.35521289738823736, 0.1844612346340268, 0.16259824900094855, 0,0, 0
0.8741435508547861, 0.3552979204927657, 0.1945418233661286, 0.15713484673789002, 0,0, 0
0.8764717621233287, 0.35182463005274267, 0.18541452522560412, 0.16135935070869412, 0,0, 0
0.8789330140357879, 0.3497445543615723, 0.18417037164836889, 0.1537493396053204, 0,0, 0
0.8786669327479545, 0.3468395886155802, 0.18119349134280444, 0.1536094610533976, 0,0, 0
0.879132575001663, 0.34719342986049406, 0.18770579963662876, 0.15884785297453052, 0,0, 0
0.879132575001663, 0.3442936892583261, 0.17813779058903445, 0.1556162934295424, 0,0, 0
0.8784673717820795, 0.3432123388412456, 0.1769982921001991, 0.15204744094574157, 0,0, 0
0.8790660546797047, 0.34183180697558685, 0.18562366711250733, 0.15555768653269175, 0,0, 0
0.8793321359675381, 0.3419610404324082, 0.1771922143693084, 0.15408386790198755, 0,0, 0
0.8806625424067053, 0.3387981027786463, 0.1814250091339993, 0.15408963005856516, 0,0, 0
0.8820594691678307, 0.3363829926494908, 0.16753094596082765, 0.14930836296503613, 0,0, 0
0.8814607862702055, 0.3390262099244509, 0.1758683247707973, 0.15206242885230137, 0,0, 0
0.8815938269141222, 0.339157862471287, 0.18036012655630113, 0.1543814077733868, 0,0, 0
0.8805960220847469, 0.3396216823645339, 0.18242881222261065, 0.1524069969581006, 0,0, 0
0.8815273065921639, 0.3375132213730146, 0.17426178219094657, 0.15212049402468905, 0,0, 0
0.8821259894897892, 0.3404038365062598, 0.18324709889772875, 0.15250020160681774, 0,0, 0
0.8831237943191645, 0.3373576674378429, 0.17451326423684688, 0.1520508310003877, 0,0, 0
0.8829907536752478, 0.33420568816835045, 0.17118475386154924, 0.14523856278375635, 0,0, 0
0.8838555178607065, 0.33211258894526363, 0.1746771376254377, 0.14787285436618303, 0,0, 0
0.8827246723874144, 0.335461649332057, 0.18152344309769833, 0.15467844201977202, 0,0, 0
0.8828577130313311, 0.331285498247478, 0.1731869901265143, 0.14851920394591153, 0,0, 0
0.8837889975387481, 0.3339010055699963, 0.1793078054120945, 0.15059336135792756, 0,0, 0
0.8827911927093727, 0.3320572914673549, 0.17364417698855728, 0.1500212653932761, 0,0, 0
0.8839885585046232, 0.3291697997105215, 0.17098856853956013, 0.14432696114436447, 0,0, 0
0.884321160114415, 0.328778543264671, 0.17550737137720396, 0.15221607980427085, 0,0, 0
0.8846537617242067, 0.3291844059704779, 0.17065719595413595, 0.14771055237482145, 0,0, 0
0.8843876804363733, 0.32631290203366303, 0.16790637270426945, 0.14982291907040116, 0,0, 0
0.8842546397924566, 0.32487807739881186, 0.17679216780424944, 0.14745609659962663, 0,0, 0
0.8851859242998736, 0.3261290720250191, 0.16885441000881762, 0.14276560435617322, 0,0, 0
0.8847868023681235, 0.32315769558811774, 0.1726797134473418, 0.1458728756834268, 0,0, 0
0.8851194039779152, 0.3227755996790327, 0.17031615826347576, 0.14632807778118578, 0,0, 0
0.8844542007583317, 0.32443815418008815, 0.1797930754526858, 0.15228893335722438, 0,0, 0
0.8849863633339985, 0.3228408366222943, 0.17269418073644835, 0.14863862693010133, 0,0, 0
0.0939266946052019, 2.3046525318148543, 0.8819755582379155, 0.38488348930443034, 0,0, 0
0.2839087341182731, 1.991814982040211, 0.7505297444992443, 0.49404825886719467, 0,0, 0
0.4289230359874942, 1.7882573442329295, 0.6168227343536503, 0.33509665147856366, 0,0, 0
0.5007649837025211, 1.5292005425079693, 0.6122182245879988, 0.35655256324208245, 0,0, 0
0.5735382159249651, 1.4426144329451207, 0.5417912420409577, 0.3138235726340443, 0,0, 0
0.6012106698596421, 1.2645335276445737, 0.5143468288046047, 0.3073957573923364, 0,0, 0
0.6095922304263952, 1.1842439752333882, 0.524918193254611, 0.32326801944969746, 0,0, 0
0.6439167165569082, 1.1132788839723275, 0.48183360455225127, 0.3072683837274278, 0,0, 0
0.6879531696933413, 1.0399402434428888, 0.425676328490478, 0.2706810441442549, 0,0, 0
0.7486197033193641, 0.8406055847489226, 0.3871731372337531, 0.2568023632277313, 0,0, 0
0.7617242067451606, 0.79850168202791, 0.37499573351188187, 0.24649298082392423, 0,0, 0
0.7635202554380364, 0.7647161431274788, 0.3920001994025339, 0.26605423800270406, 0,0, 0
0.7780882059469167, 0.7416849514291076, 0.3462714832080437, 0.237838702970421, 0,0, 0
0.7930552783875474, 0.6837721153118752, 0.317114736625021, 0.2284599863209991, 0,0, 0
0.8142087407703054, 0.6166178961828483, 0.316444091590563, 0.23183319026663582, 0,0, 0
0.8183995210536819, 0.5818784338239829, 0.29044041312758195, 0.22894308172172245, 0,0, 0
0.8179338787999734, 0.5697280979261253, 0.3147018593026283, 0.2341957603012066, 0,0, 0
0.824918512605601, 0.5523062404590936, 0.2799996250795025, 0.22273367312617282, 0,0, 0
0.8238541874542673, 0.5489061456540143, 0.2983478029361683, 0.23101262064032022, 0,0, 0
0.8289097319231025, 0.5294774352609447, 0.2764690039486618, 0.22211130008306423, 0,0, 0
0.830306658684228, 0.5233724675407708, 0.27689203289679093, 0.21703213835890187, 0,0, 0
0.834763520255438, 0.5141087309586551, 0.25367182128575794, 0.21124336433018218, 0,0, 0
0.830107097718353, 0.5139835464939569, 0.27467532496367436, 0.21390852493689688, 0,0, 0
0.8331005122064791, 0.5124549671658148, 0.264797303284203, 0.21948056052658593, 0,0, 0
0.8362934876604803, 0.5015982892004444, 0.2648199509457372, 0.2100240661764975, 0,0, 0
0.8388212598948979, 0.4999706703496427, 0.24246717552137598, 0.20801716730187247, 0,0, 0
0.8370252112020222, 0.4952249317955283, 0.2588306488204718, 0.2085140807698611, 0,0, 0
0.8384886582851061, 0.48475468919091125, 0.2481493143758391, 0.2033687774472961, 0,0, 0
0.8386216989290228, 0.4734711055179619, 0.2587318932028519, 0.20664352654593623, 0,0, 0
0.8428124792123994, 0.472236298141349, 0.2520078137817844, 0.20682819916452083, 0,0, 0
0.8439433246856914, 0.45984507920743534, 0.24522416356947815, 0.20590711988549984, 0,0, 0
0.848134104969068, 0.4539074830589604, 0.2341750818408199, 0.2017282661793745, 0,0, 0
0.84886582851061, 0.44894684210589203, 0.2356944145214956, 0.2010364669355737, 0,0, 0
0.8487993081886517, 0.44928467051428095, 0.23881427818524437, 0.20094536016157288, 0,0, 0
0.8493979910862769, 0.43853555594309307, 0.2217060959298539, 0.19478367339498873, 0,0, 0
0.8484667065788598, 0.4408789738180872, 0.2236936231919711, 0.1972971552304461, 0,0, 0
0.8511275194571942, 0.43584333379445256, 0.21604285744926063, 0.1926183633298552, 0,0, 0
0.8533892104037784, 0.4319101186185785, 0.2270358750588973, 0.1955242120507817, 0,0, 0
0.8539213729794453, 0.4257483791550507, 0.2195451097187126, 0.19226693487294927, 0,0, 0
0.8548526574868622, 0.41895258897345383, 0.22151309577918124, 0.19307888552753963, 0,0, 0
0.8550522184527373, 0.4131390607222784, 0.21425276785306685, 0.18612815892916626, 0,0, 0
0.8546530965209872, 0.4146915154215083, 0.21904945771261722, 0.18628140677400298, 0,0, 0
0.8576465110091133, 0.41127102237278146, 0.21034193416884775, 0.1859240887118632, 0,0, 0
0.8598416816337391, 0.40766120613416773, 0.20774435769967892, 0.18386287309498134, 0,0, 0
0.859642120667864, 0.40485577441123954, 0.21763364502520716, 0.19017251569847282, 0,0, 0
0.8597086409898224, 0.4012880844120197, 0.21122337254836931, 0.18142861688715053, 0,0, 0
0.8600412425996142, 0.4003968423989175, 0.2062722305375914, 0.185410931099237, 0,0, 0
0.8607064458191978, 0.39537169423427265, 0.20541413521474428, 0.18213965609409002, 0,0, 0
0.86223641322424, 0.3922927743878036, 0.21043911170315685, 0.18154873138444047, 0,0, 0
0.8635002993414488, 0.38909395650134027, 0.19986111264391787, 0.17730406175349434, 0,0, 0
0.8646311448147409, 0.3872291925007403, 0.2080759465796465, 0.17860358932110368, 0,0, 0
0.8652298277123661, 0.38239059861268454, 0.2081287568613051, 0.17843030719341013, 0,0, 0
0.8669593560832835, 0.38166289479839394, 0.19996532165996136, 0.17178451267746164, 0,0, 0
0.8686223641322424, 0.3775521397561108, 0.19091277262527037, 0.17018559668222288, 0,0, 0
0.8667597951174084, 0.37621213061438274, 0.19298122066855375, 0.17610161435881888, 0,0, 0
0.866892835761325, 0.37721398227448094, 0.2021110728135667, 0.17784018424111322, 0,0, 0
0.8667597951174084, 0.3754119973325764, 0.20610550730238134, 0.17454082466851303, 0,0, 0
0.8682897625224506, 0.37286707953851655, 0.20430827090451537, 0.17753600891206234, 0,0, 0
0.8688219250981175, 0.3700116091534081, 0.20310482842302907, 0.1720569162790147, 0,0, 0
0.8692210470298676, 0.368944816222809, 0.20224487319041257, 0.17580646821596724, 0,0, 0
0.8693540876737843, 0.36634979277565605, 0.19921809570337504, 0.1720658272869582, 0,0, 0
0.8708175347568682, 0.36896462192422036, 0.18881475511395338, 0.16351648351052372, 0,0, 0
0.8695536486396594, 0.3660665107814768, 0.2013818580595293, 0.16942068439053592, 0,0, 0
0.8700858112153262, 0.36604756205564065, 0.20586157536306224, 0.17100270871568934, 0,0, 0
0.8716822989423268, 0.3661316264933157, 0.2067847518769366, 0.1656881838381333, 0,0, 0
0.8732122663473691, 0.36293036465222955, 0.18485992913974283, 0.16421037035420355, 0,0, 0
0.8736779086010776, 0.35818164046629314, 0.1922291060972871, 0.1613825507584431, 0,0, 0
0.8740105102108694, 0.358505914019974, 0.20057721975959175, 0.1645440107507653, 0,0, 0
0.8747422337524113, 0.3534856600485525, 0.18883300525340382, 0.1587944636923552, 0,0, 0
0.8758065589037451, 0.35170370903160614, 0.19252665794973356, 0.1616925486437886, 0,0, 0
0.8740770305328278, 0.3540120796710775, 0.18717219748575256, 0.15670773442164504, 0,0, 0
0.8768708840550788, 0.3473226596705464, 0.17615805224459724, 0.15410022261955228, 0,0, 0
0.8766048027672454, 0.34937822242933475, 0.17564504186132449, 0.15597467672195345, 0,0, 0
0.8778021685624958, 0.3486732057389288, 0.1781364574209111, 0.15605506287401372, 0,0, 0
0.8769374043770372, 0.34617179050297414, 0.17494085646189433, 0.153179160607626, 0,0, 0
0.8787334530699129, 0.3465705668709962, 0.17889524831667633, 0.14880045599649724, 0,0, 0
0.8779352092064125, 0.34671947955150345, 0.19004293600361663, 0.15248509818568162, 0,0, 0
0.8774030466307456, 0.34807408964868974, 0.18314095962060403, 0.1538618824529798, 0,0, 0
0.8789995343577462, 0.3493879900578497, 0.17926809957488757, 0.14646109511795463, 0,0, 0
0.8790660546797047, 0.3473814196097605, 0.18365834077664844, 0.15192771314478073, 0,0, 0
0.8801969001529968, 0.3463185767060229, 0.17412170823217707, 0.1495782028664411, 0,0, 0
0.8798642985432049, 0.3397245914449714, 0.1737934601359793, 0.15481573442111418, 0,0, 0
0.8804629814408301, 0.34084451569406166, 0.1748892319034612, 0.151749397324378, 0,0, 0
0.8815938269141222, 0.3389518933701778, 0.1747360765500795, 0.14804705280005798, 0,0, 0
0.8796647375773299, 0.3439253726055596, 0.17876031305924875, 0.15191902299312474, 0,0, 0
0.8799308188651633, 0.3409335920698388, 0.17517594918021356, 0.1509973927928416, 0,0, 0
0.8815938269141222, 0.3366926670855893, 0.1765239193667702, 0.15303270808204095, 0,0, 0
0.8825916317434976, 0.33171491884718024, 0.17628005085196585, 0.15305639357652226, 0,0, 0
0.8817933878799974, 0.33525341935966413, 0.17422185270799248, 0.1489849411903046, 0,0, 0
0.881726867558039, 0.33234094626580796, 0.17747850780180485, 0.15001305739528334, 0,0, 0
0.8823255504556642, 0.33381947941669154, 0.16884599832698366, 0.14753757442974258, 0,0, 0
0.8836559568948313, 0.3318212253233241, 0.17074971128144167, 0.1484978296401086, 0,0, 0
0.8837224772167898, 0.3309286645809543, 0.1763016462251428, 0.15059099680604737, 0,0, 0
0.8851194039779152, 0.3269965709996685, 0.16917879708977512, 0.14799108491100757, 0,0, 0
0.8842546397924566, 0.32760503732411406, 0.16603608485185084, 0.1511142689763671, 0,0, 0
0.8854520055877071, 0.32650737156502346, 0.16343727365672261, 0.14226902561084287, 0,0, 0
0.8863167697731656, 0.3286402792108997, 0.1671373125163903, 0.1472528736819722, 0,0, 0
0.885252444621832, 0.3278649979284496, 0.16460542156755537, 0.14550723811071933, 0,0, 0
0.8864498104170824, 0.32788574258888237, 0.1649494162327526, 0.1413477658277861, 0,0, 0
0.8856515665535821, 0.32634526032090744, 0.16847632801878049, 0.1438135549929512, 0,0, 0
0.88452072108029, 0.32446013654649475, 0.17097310554060693, 0.14535466650560014, 0,0, 0
0.0927958491319098, 2.3020563964746055, 0.9072645049064519, 0.3565922785995779, 0,0, 0
0.3225570411760793, 2.094341189458224, 0.6996574781963281, 0.31211866177862385, 0,0, 0
0.3847535422071443, 1.8108803677543435, 0.6810555618203857, 0.437224224808147, 0,0, 0
0.5756668662276325, 1.4026888990214705, 0.5361130959267153, 0.35067697296878675, 0,0, 0
0.593760393800306, 1.2834681631929978, 0.5401539821571761, 0.32089397636415673, 0,0, 0
0.7042506485731391, 1.1248007581317667, 0.4620672628031686, 0.2651966464987985, 0,0, 0
0.6799707310583383, 0.9989407076115752, 0.49229202797086224, 0.27616215989270265, 0,0, 0
0.748420142353489, 0.8818587846306323, 0.41000075801369124, 0.25556097173644415, 0,0, 0
0.7430319962748619, 0.8504613958497012, 0.40386775982149375, 0.24231182589901423, 0,0, 0
0.7658484667065789, 0.7867211086527611, 0.3780763574370233, 0.23433986019690153, 0,0, 0
0.7676445153994546, 0.7610557059017931, 0.389974026893684, 0.23521930924373297, 0,0, 0
0.7862036852258365, 0.6904393612078462, 0.36615462640204705, 0.23346953131722525, 0,0, 0
0.8009046763786337, 0.6581581827005962, 0.3462169642798238, 0.23467994110856455, 0,0, 0
0.8062263021353023, 0.6404697435403127, 0.3525469843587097, 0.2433688855328426, 0,0, 0
0.8168030333266812, 0.6001685044275018, 0.3314975954042623, 0.24023103871394152, 0,0, 0
0.824918512605601, 0.5809107376967442, 0.2958112264850482, 0.22012850126772313, 0,0, 0
0.8299075367524779, 0.566993470679677, 0.28490560307714624, 0.20694829923998997, 0,0, 0
0.8338987560699794, 0.5287685494890686, 0.2673351633119787, 0.202085712412276, 0,0, 0
0.8337657154260627, 0.5248000923929347, 0.270785317728256, 0.20476338162965108, 0,0, 0
0.8333665934943125, 0.5180671217190396, 0.2692114895382163, 0.2076949993467699, 0,0, 0
0.8375573737776891, 0.508539329205153, 0.2563761819017782, 0.20860674485422098, 0,0, 0
0.8346969999334797, 0.5097925049961158, 0.270879271042306, 0.20790255745062897, 0,0, 0
0.8400186256901483, 0.48802093590345325, 0.2588273984459077, 0.20363009016490988, 0,0, 0
0.8393534224705648, 0.4818567714096513, 0.26727064937307127, 0.20612413682023698, 0,0, 0
0.8415485930951906, 0.46956525084093104, 0.256475139105982, 0.2111478875487866, 0,0, 0
0.8404177476218985, 0.46866809475262655, 0.26581247330284447, 0.20523797168534086, 0,0, 0
0.840151666334065, 0.47455156423090616, 0.27206712275513945, 0.21156615565202422, 0,0, 0
0.8446085279052751, 0.4560785744266465, 0.2466318195648982, 0.20115506589528032, 0,0, 0
0.8466041375640259, 0.45570966131784085, 0.2374560480437296, 0.1996527359868334, 0,0, 0
0.8461384953103173, 0.44800171669000527, 0.22844585234492557, 0.19406691983497626, 0,0, 0
0.8489988691545267, 0.44777223764130863, 0.22733616201909995, 0.1893987771001799, 0,0, 0
0.8523248852524447, 0.4396847718185162, 0.22163584894305713, 0.18737476739179393, 0,0, 0
0.8517262023548194, 0.43015774036839105, 0.23857428909751935, 0.19454721135333986, 0,0, 0
0.8525909665402781, 0.42486025120027626, 0.2269590570128331, 0.18483511765401936, 0,0, 0
0.8547196168429455, 0.42735195395198733, 0.22192197415827208, 0.187936103002105, 0,0, 0
0.8565156655358211, 0.4175454872260157, 0.21839672456320336, 0.18805425821855784, 0,0, 0
0.8545865761990288, 0.4183875338854836, 0.22128993960354978, 0.1900011612823272, 0,0, 0
0.8589769174482804, 0.4140392134179499, 0.21887271465704936, 0.18845401977659593, 0,0, 0
0.8597086409898224, 0.41082468724481835, 0.22405867243627917, 0.18139616528921224, 0,0, 0
0.8604403645313643, 0.40267631269758036, 0.21196463234629126, 0.1844660317510926, 0,0, 0
0.8615712100046564, 0.39936903785151817, 0.21062327663861083, 0.1793563347492895, 0,0, 0
0.8621033725803233, 0.3995359625008004, 0.20733412493307352, 0.17642786209436234, 0,0, 0
0.8619038116144482, 0.3963587703943041, 0.21584658024465755, 0.17740185275512055, 0,0, 0
0.8620368522583649, 0.39292612412543576, 0.21267861110976266, 0.1785788219681102, 0,0, 0
0.8618372912924899, 0.391161904428377, 0.20943410266584817, 0.18033904034037074, 0,0, 0
0.8615712100046564, 0.3930395660655599, 0.2138478066026557, 0.1805927797204691, 0,0, 0
0.8643650635269075, 0.39062786796223176, 0.22367101731527428, 0.18303354580145154, 0,0, 0
0.8640324619171157, 0.3873065092182478, 0.20571673402930618, 0.17729056730704262, 0,0, 0
0.8654293886782412, 0.3855196548033419, 0.2001417458703274, 0.17086663176712313, 0,0, 0
0.8639659415951573, 0.3921779540380556, 0.21553114423110706, 0.17634564096435412, 0,0, 0
0.8680236812346172, 0.38160209425604563, 0.2090500452549027, 0.18045930027428528, 0,0, 0
0.8679571609126588, 0.3781861112468128, 0.20665899819910444, 0.17480304171346286, 0,0, 0
0.8674915186589504, 0.37591464432510024, 0.197522630921814, 0.1704212119552524, 0,0, 0
0.8696201689616178, 0.3745167861062388, 0.19432850751045103, 0.17114304700490668, 0,0, 0
0.870218851859243, 0.3721635440743551, 0.19052916101564954, 0.1685839227309889, 0,0, 0
0.8710836160447016, 0.3702489540645971, 0.1987034159763946, 0.16665393583343135, 0,0, 0
0.869088006385951, 0.3654223619758859, 0.19490152491638796, 0.1651231906685164, 0,0, 0
0.871881859908202, 0.3631168068052049, 0.1907090514367098, 0.16129686985290953, 0,0, 0
0.8719483802301603, 0.3656059924975542, 0.19856362389562254, 0.16556131576977667, 0,0, 0
0.8731457460254107, 0.36507386663137686, 0.18674103448806226, 0.1623423281771412, 0,0, 0
0.8736113882791192, 0.3657001752926608, 0.18676444740758086, 0.1572957619467929, 0,0, 0
0.8735448679571609, 0.35921058501479924, 0.18911491056068627, 0.16068074132367927, 0,0, 0
0.8722809818399521, 0.3621613286223878, 0.18655920966863848, 0.15921558808454842, 0,0, 0
0.8737444289230359, 0.3585680813083814, 0.18975600154958028, 0.16079701101836744, 0,0, 0
0.8727466240936607, 0.3568644237766234, 0.18715946229177796, 0.1611707359944141, 0,0, 0
0.8725470631277855, 0.35627078068510765, 0.18881515459597076, 0.16512692950017235, 0,0, 0
0.8726801037717022, 0.3585831460412094, 0.19353457854484618, 0.15984323198387393, 0,0, 0
0.8749417947182865, 0.35323107287910677, 0.18753667685024283, 0.15667689105331128, 0,0, 0
0.8744761524645779, 0.3505836727117041, 0.1854028957951639, 0.15674355866842268, 0,0, 0
0.8744096321426196, 0.35072212761852045, 0.191243160462856, 0.15879552494229493, 0,0, 0
0.875407436971995, 0.34811882443280723, 0.18350650572004068, 0.1547820065777733, 0,0, 0
0.8754739572939533, 0.350822151672147, 0.18715128954199492, 0.1584818466390915, 0,0, 0
0.8761391605135369, 0.3513390940846273, 0.18767465501296438, 0.15920342673453944, 0,0, 0
0.87560699793787, 0.3498210613447158, 0.1834625809282954, 0.1563003865521065, 0,0, 0
0.8762056808354952, 0.34912642597311305, 0.1788019651957585, 0.16273640413515097, 0,0, 0
0.8787334530699129, 0.34810561954423114, 0.1805039609772952, 0.15569100970115982, 0,0, 0
0.8768043637331204, 0.3452317351622842, 0.18127445061170597, 0.1557264621219453, 0,0, 0
0.8789995343577462, 0.34090985857560163, 0.1794388243561941, 0.1587506552010492, 0,0, 0
0.8774695669527041, 0.34368046601500174, 0.18125733373459177, 0.15534729254150148, 0,0, 0
0.8787999733918712, 0.34199272960019744, 0.18146233365050335, 0.1522761681906186, 0,0, 0
0.8799973391871216, 0.3394139154337107, 0.1770237533012364, 0.1492552299754117, 0,0, 0
0.8789995343577462, 0.33952269034055443, 0.18415461064206948, 0.15229108763511612, 0,0, 0
0.8791990953236214, 0.3392529310828926, 0.17857020281934283, 0.1479993697491035, 0,0, 0
0.8803964611188718, 0.3347564288189996, 0.1760528400202185, 0.1550082008983221, 0,0, 0
0.8781347701722876, 0.3404196555615582, 0.18435790269367874, 0.1534241248521633, 0,0, 0
0.8798642985432049, 0.33480022906686074, 0.17224349868185734, 0.15124182702199257, 0,0, 0
0.8808621033725803, 0.3354805588649211, 0.1781423871940598, 0.14937096635572478, 0,0, 0
0.8812612253043305, 0.3349138417165874, 0.18202445853349183, 0.15197040394404918, 0,0, 0
0.8805295017627885, 0.3322442904264758, 0.17376768340304197, 0.14961783547652, 0,0, 0
0.8803299407969134, 0.33186016873753454, 0.17398032538116184, 0.1508084886203531, 0,0, 0
0.8807290627286636, 0.33274865406955106, 0.17529479180435797, 0.1496807043241776, 0,0, 0
0.880795583050622, 0.33030323518287397, 0.17557731991787018, 0.15441668040821946, 0,0, 0
0.8822590301337059, 0.3299885718342948, 0.16765438899330604, 0.14757162324804965, 0,0, 0
0.882658152065456, 0.3334813149753355, 0.17441297844286005, 0.1479943555399075, 0,0, 0
0.8832568349630813, 0.33260983591980325, 0.17048105070121986, 0.14825181023052073, 0,0, 0
0.8827911927093727, 0.33137750589999, 0.17688331244809075, 0.14746367173236483, 0,0, 0
0.8812612253043305, 0.3342098408670406, 0.17352721263678209, 0.15001697393725527, 0,0, 0
0.8837889975387481, 0.33066992639911064, 0.17055975746621144, 0.14544397595332995, 0,0, 0
0.8835229162509146, 0.32993794902097, 0.17635578867086707, 0.1465526937787974, 0,0, 0
0.8828577130313311, 0.33091334179427756, 0.1743014895664525, 0.14443889726014617, 0,0, 0
0.8834563959289563, 0.32711208175113043, 0.17651276861771492, 0.14995843651709856, 0,0, 0
0.09798443424466174, 2.303884748561506, 0.9006169699996256, 0.4131254121921401, 0,0, 0
0.3669926162442626, 1.9625103030583502, 0.7100894403893713, 0.3480303581315203, 0,0, 0
0.4698995543138429, 1.5821541342738095, 0.6468503965843634, 0.42693915782361846, 0,0, 0
0.5632275660214195, 1.347109695365176, 0.588660668433043, 0.39984409221276485, 0,0, 0
0.6520321958358278, 1.157424319793988, 0.501301902452598, 0.3243381098918241, 0,0, 0
0.7401716224306526, 0.9921845066135501, 0.4446124740135374, 0.29179637895709115, 0,0, 0
0.7146943391206013, 0.9151672964671945, 0.4938996524580854, 0.34040302524718835, 0,0, 0
0.762921572540411, 0.8315017091866611, 0.41914492548327426, 0.2712130415449966, 0,0, 0
0.7746956695270405, 0.8073598149954523, 0.40247656141567634, 0.26732741483463035, 0,0, 0
0.7858710836160447, 0.7765929785626307, 0.3903300243935478, 0.26004882791773865, 0,0, 0
0.789463181001796, 0.7050672233154415, 0.3889782790460572, 0.255262764467161, 0,0, 0
0.8011042373445088, 0.6654186734944061, 0.36606863319400157, 0.2493325532718489, 0,0, 0
0.810616643384554, 0.6182100366555803, 0.31540924094894773, 0.23089956092963032, 0,0, 0
0.815073504955764, 0.612457617299227, 0.31699526616477675, 0.22616511826734886, 0,0, 0
0.8197299274928491, 0.5765897040924748, 0.30608293254026836, 0.2346496651796815, 0,0, 0
0.8246524313177676, 0.5867459061257344, 0.2857593552129727, 0.2113311304562094, 0,0, 0
0.8292423335328943, 0.5501952901756847, 0.28052295726251547, 0.21727641669131179, 0,0, 0
0.8339652763919377, 0.5396854814191392, 0.2666053128478901, 0.20978146186732033, 0,0, 0
0.8341648373578128, 0.5269392830004824, 0.2680318178783429, 0.21673532670784026, 0,0, 0
0.8356948047628551, 0.5081731982260993, 0.2832904228064189, 0.21210300109675884, 0,0, 0
0.8376904144216059, 0.509326821367451, 0.26316084839594905, 0.21171819482208895, 0,0, 0
0.8404177476218985, 0.4920659169229711, 0.2574124658883541, 0.20321642654648453, 0,0, 0
0.8433446417880662, 0.47917680277233404, 0.2511742465614663, 0.19938475199080424, 0,0, 0
0.8426794385684827, 0.4751679771558758, 0.2486645531488891, 0.20373041079531976, 0,0, 0
0.8457393733785672, 0.4622066648269108, 0.24049105521055922, 0.2016551014049648, 0,0, 0
0.8457393733785672, 0.46841749375737773, 0.23194729413442672, 0.195077926019242, 0,0, 0
0.847934544003193, 0.45974800140832894, 0.243245775623419, 0.20020369913332364, 0,0, 0
0.8510609991352358, 0.4460634582881266, 0.22607924454176978, 0.1930813736686682, 0,0, 0
0.8485332269008182, 0.4443411017011428, 0.25567779412750935, 0.19920481735062723, 0,0, 0
0.8496640723741102, 0.43559302976145325, 0.23467102367549816, 0.19401748004809527, 0,0, 0
0.8519257633206945, 0.435025726881658, 0.22784187003887865, 0.18937517493676131, 0,0, 0
0.8515931617109027, 0.42711581797257575, 0.23106231732393614, 0.19181174109768928, 0,0, 0
0.8533892104037784, 0.4233135711894431, 0.2223832989453279, 0.18886301128642116, 0,0, 0
0.855185259096654, 0.422630016470256, 0.22124679472284664, 0.19121599905675576, 0,0, 0
0.8565156655358211, 0.41747582989676035, 0.21812599303524371, 0.1865105570989716, 0,0, 0
0.8565821858577796, 0.4197465040780296, 0.22866094377260837, 0.19230291691130147, 0,0, 0
0.8566487061797379, 0.41895989892817065, 0.22882163074143055, 0.19021017106601346, 0,0, 0
0.8582451939067385, 0.4128923895730353, 0.21845197298934116, 0.18441116505261396, 0,0, 0
0.8582451939067385, 0.4137686620307245, 0.2158913692321808, 0.18457294513169947, 0,0, 0
0.859642120667864, 0.4078041602636776, 0.21443182143240017, 0.18676083210264458, 0,0, 0
0.8600412425996142, 0.4047722455269953, 0.21701388540231087, 0.17693558893382932, 0,0, 0
0.861305128716823, 0.4057342519112358, 0.2187097399728771, 0.1828896761871734, 0,0, 0
0.8631011774096987, 0.40169763182244866, 0.2153272624075385, 0.1778927840032638, 0,0, 0
0.8630346570877403, 0.39875040415589086, 0.2118332398358547, 0.1803580772535903, 0,0, 0
0.864098982239074, 0.39562823639918626, 0.2087454011014084, 0.17548178027787867, 0,0, 0
0.8646311448147409, 0.3943373201693578, 0.210337201980072, 0.18065435514964975, 0,0, 0
0.8653628683562828, 0.38907434597988483, 0.19830680704158624, 0.18243931395316776, 0,0, 0
0.8667597951174084, 0.38651927885775306, 0.20119543396235215, 0.17688391718890475, 0,0, 0
0.8655624293221579, 0.3863119939324824, 0.201606536614688, 0.17324376882738662, 0,0, 0
0.8662941528636998, 0.3846684297270222, 0.20087493772273837, 0.17233453720436287, 0,0, 0
0.8669593560832835, 0.38641958368576707, 0.20316804901711216, 0.17451700966416248, 0,0, 0
0.8696866892835762, 0.3830308175858846, 0.1967469491449528, 0.16922491063605072, 0,0, 0
0.8708840550788266, 0.3807576360823448, 0.1931670033758258, 0.1663156364219386, 0,0, 0
0.8687554047761591, 0.37302575227493473, 0.19950202589366328, 0.16725788665867164, 0,0, 0
0.8705514534690348, 0.37368323818270277, 0.19617844721770383, 0.16720831741624673, 0,0, 0
0.869088006385951, 0.3753871567374608, 0.20237111375573058, 0.17073771146171943, 0,0, 0
0.8697532096055345, 0.3723114841989774, 0.18957293534194813, 0.16884871282779937, 0,0, 0
0.8712831770105768, 0.3719193182915489, 0.19298131148525444, 0.16044656492933884, 0,0, 0
0.8716157786203685, 0.36322495318743664, 0.18711565732238378, 0.16436713251137713, 0,0, 0
0.8724140224838688, 0.36310011107222623, 0.18711332950483692, 0.16131518760071603, 0,0, 0
0.8740770305328278, 0.3653262672499728, 0.18427935910985835, 0.16061757602578278, 0,0, 0
0.8748087540743698, 0.3640216520418107, 0.18721089655443798, 0.16186777214916714, 0,0, 0
0.8770039246989956, 0.3668125483194305, 0.18168781958750502, 0.1575779020789593, 0,0, 0
0.8734783476352026, 0.3654232671721222, 0.18369534234974189, 0.1579622795171439, 0,0, 0
0.8755404776159117, 0.3592875892555997, 0.1880831368767819, 0.16256117106119267, 0,0, 0
0.8750748353622032, 0.3615426377323393, 0.18856567141310282, 0.1582682132462765, 0,0, 0
0.8760726401915785, 0.3550089445368039, 0.18685441836038227, 0.15853176107527317, 0,0, 0
0.8768708840550788, 0.3560211970873913, 0.18179222429431255, 0.15759284153777275, 0,0, 0
0.8749417947182865, 0.3527678989131379, 0.1854744008127759, 0.16048932250617626, 0,0, 0
0.8770704450209539, 0.3541905030905527, 0.1787306989259269, 0.15264613504749744, 0,0, 0
0.8776026075966208, 0.35460592195681384, 0.18773198930032334, 0.1567658474434358, 0,0, 0
0.8775360872746624, 0.347666042069818, 0.17948525606393578, 0.15611068314963775, 0,0, 0
0.8790660546797047, 0.34871160797139816, 0.17921458159963916, 0.15134090922780577, 0,0, 0
0.8788664937138295, 0.3499175793414671, 0.17120705407675973, 0.15229765681357355, 0,0, 0
0.8775360872746624, 0.3539376876274956, 0.18675658331663086, 0.16639440143652365, 0,0, 0
0.8806625424067053, 0.3448519852858257, 0.1760804649628544, 0.15052949949129352, 0,0, 0
0.8799973391871216, 0.34511863296728434, 0.1809106996087835, 0.15399674581797215, 0,0, 0
0.878201290494246, 0.34930928824977214, 0.18370735752650236, 0.1580111353338726, 0,0, 0
0.8810616643384555, 0.34593082024368316, 0.1751788086692443, 0.15274180994722605, 0,0, 0
0.8788664937138295, 0.34872629330153027, 0.18412699619953282, 0.15604798938867787, 0,0, 0
0.8795316969334132, 0.34503046605658866, 0.17805249621009372, 0.15190196060675387, 0,0, 0
0.8814607862702055, 0.34192641219592673, 0.17064350279832194, 0.1472297460127143, 0,0, 0
0.8815938269141222, 0.3402291051476251, 0.17321618258467628, 0.14984303792606607, 0,0, 0
0.880795583050622, 0.34166897002071367, 0.17201855679326886, 0.14996026431168524, 0,0, 0
0.8822590301337059, 0.33999195891217565, 0.17001142187726992, 0.1506108463447771, 0,0, 0
0.8825251114215393, 0.33974709977386, 0.1766411332453169, 0.1504173342879313, 0,0, 0
0.8827911927093727, 0.33730146335482775, 0.17398668630906639, 0.1474566595129307, 0,0, 0
0.8837889975387481, 0.3312842288973066, 0.16999786157292537, 0.14713321825329578, 0,0, 0
0.8853854852657487, 0.3306878875039688, 0.1658038412761346, 0.14346145059935927, 0,0, 0
0.8838555178607065, 0.3309314290486632, 0.1723486274170347, 0.14564202979530197, 0,0, 0
0.8837224772167898, 0.32991758479172195, 0.1653067249597407, 0.1413566683424211, 0,0, 0
0.8841215991485398, 0.33247525275098894, 0.16531042635123136, 0.14109819972300067, 0,0, 0
0.8845872414022484, 0.3314231675682467, 0.16996747755984354, 0.14486508805267023, 0,0, 0
0.8839885585046232, 0.3318148385915587, 0.172067528071409, 0.14503876457919698, 0,0, 0
0.8857846071974989, 0.32768926438934126, 0.1641988959170873, 0.14453385781086112, 0,0, 0
0.8850528836559569, 0.3273983229797531, 0.16988047694852168, 0.14510818823168653, 0,0, 0
0.884321160114415, 0.32616900283476596, 0.16533651498353738, 0.14102159212792398, 0,0, 0
0.885252444621832, 0.3252895110681711, 0.16235021064122815, 0.14049234754036888, 0,0, 0
0.8857180868755404, 0.3264856192637367, 0.16777728072407136, 0.14156875486595755, 0,0, 0
0.8875806558903745, 0.3249925009063939, 0.1593093901645721, 0.13996591398681735, 0,0, 0
0.886183729129249, 0.3244770331802937, 0.165519942997509, 0.1420417737774308, 0,0, 0
0.10989157187520787, 2.3020233925426266, 0.887185703140583, 0.27263060601450784, 0,0, 0
0.2618239872280982, 2.005917406977036, 0.8032178835481716, 0.5341773676687541, 0,0, 0
0.43943324685691476, 1.710795073465741, 0.6828942629801262, 0.4524261528954442, 0,0, 0
0.5434710303997872, 1.459768807394448, 0.5976754815018753, 0.30721982086770405, 0,0, 0
0.6220315306326083, 1.2172321108855846, 0.5461310872295888, 0.35344674107308366, 0,0, 0
0.6541608461384953, 1.1227717473451473, 0.518027980668639, 0.2603091129542449, 0,0, 0
0.6762455930286703, 1.058539714250878, 0.47260322716781195, 0.2784536234439776, 0,0, 0
0.6902148606399255, 1.012786982326374, 0.47313003369363693, 0.2638986338689601, 0,0, 0
0.7468901749484468, 0.8615144592219056, 0.4112681431169817, 0.24390667381021536, 0,0, 0
0.7544069713297412, 0.8192743787802556, 0.41729769724421234, 0.24098832366814915, 0,0, 0
0.7563360606665336, 0.7933032944172942, 0.4046357868939711, 0.27490101007476275, 0,0, 0
0.7709040111754141, 0.7528358825034067, 0.3782130218472656, 0.23610394839053928, 0,0, 0
0.783343311381627, 0.7042906296637776, 0.3710744609103875, 0.24274690762532786, 0,0, 0
0.799108627685758, 0.6640619900395426, 0.3539408209894824, 0.25007414840968256, 0,0, 0
0.8055610989157187, 0.6287914294086412, 0.3433046666933255, 0.2252977221344022, 0,0, 0
0.8133439765848467, 0.5978681915373454, 0.3093105156060813, 0.2228393322519613, 0,0, 0
0.8151400252777223, 0.5797269270423799, 0.3245839550023437, 0.23275306512890398, 0,0, 0
0.8159382691412227, 0.557712705575793, 0.31717781717152554, 0.22880152508086835, 0,0, 0
0.8166034723608062, 0.5626834533855631, 0.33880617041654304, 0.23059936249102453, 0,0, 0
0.8239207077762256, 0.5476419164660618, 0.29536764582381364, 0.21723181351785964, 0,0, 0
0.8212598948978913, 0.5526751571427521, 0.32391412837732614, 0.22479590125320975, 0,0, 0
0.8276458458058937, 0.5312505334175408, 0.2894603593873591, 0.21494668576857223, 0,0, 0
0.8354952437969799, 0.4898027687734105, 0.2561325905653661, 0.20820971524748827, 0,0, 0
0.8363600079824386, 0.49170817445359066, 0.2732738310387275, 0.2098474923002865, 0,0, 0
0.8355617641189383, 0.49186604836430503, 0.270201388930074, 0.20994421729452337, 0,0, 0
0.8390873411827313, 0.4802298202681229, 0.24876639962280012, 0.20393614757263903, 0,0, 0
0.8408168695536486, 0.48394730974398337, 0.2448563292143578, 0.2030045377144155, 0,0, 0
0.83995210536819, 0.47727395187359484, 0.24783191814241406, 0.207263207334565, 0,0, 0
0.8424798776026076, 0.4690308225307747, 0.23865856136504884, 0.1968635320959332, 0,0, 0
0.8432116011441495, 0.4632745265241351, 0.23863610241586536, 0.19982357157560773, 0,0, 0
0.8449411295150668, 0.46275717957774126, 0.24238206051453312, 0.19864714117456997, 0,0, 0
0.8452072108029003, 0.4611598394224451, 0.2374362522952304, 0.19475615092262427, 0,0, 0
0.8458724140224839, 0.4585234150712193, 0.24352392998500733, 0.19531616117682774, 0,0, 0
0.8483336659349431, 0.450607130216022, 0.232650878106204, 0.19507464999630547, 0,0, 0
0.8478015033592763, 0.44072104850772326, 0.2322680317307141, 0.1981741688284676, 0,0, 0
0.8476684627153596, 0.43868481125283654, 0.23669986332176648, 0.200264521134979, 0,0, 0
0.8493979910862769, 0.43434922855358377, 0.2343182937606119, 0.19707219344210888, 0,0, 0
0.8501962349497771, 0.43606747938641766, 0.2344250662732345, 0.19045433937438058, 0,0, 0
0.8517262023548194, 0.4308534448921347, 0.22544564990333593, 0.19206564056833578, 0,0, 0
0.8521918446085279, 0.4288444176758872, 0.22481345961985874, 0.19392321546184296, 0,0, 0
0.854985698130779, 0.4270904113899311, 0.22058186948079758, 0.1954535230010914, 0,0, 0
0.8532561697598616, 0.42162164965870585, 0.22406256237681701, 0.190365502108823, 0,0, 0
0.8527905275061531, 0.42257974287000705, 0.23427909674639547, 0.1861311416238557, 0,0, 0
0.8543204949111953, 0.4192514231500706, 0.21638828412076713, 0.18704243383347768, 0,0, 0
0.854253974589237, 0.41351263244800573, 0.22076974191242993, 0.18985183752282977, 0,0, 0
0.8559169826381959, 0.4068293734082638, 0.2224481447022603, 0.1902842384339639, 0,0, 0
0.8560500232821127, 0.4060885102271557, 0.22101055384961982, 0.18476856493129237, 0,0, 0
0.8583117142286969, 0.4011689006024945, 0.2132325819923203, 0.18553544548239687, 0,0, 0
0.8585112751945719, 0.3986894850046583, 0.21099569425547723, 0.18441854225833537, 0,0, 0
0.8602408035654893, 0.39709987548259207, 0.21596386811246962, 0.1840731841681749, 0,0, 0
0.8601742832435308, 0.39768805549291364, 0.2159464815470362, 0.18206093305293933, 0,0, 0
0.8606399254972394, 0.39664285666628546, 0.21525928493311294, 0.18085487159246016, 0,0, 0
0.8609725271070312, 0.3963394491690295, 0.21978650610017028, 0.18038780897095774, 0,0, 0
0.8627685757999068, 0.39148033925249115, 0.20722172560958296, 0.17569628956406497, 0,0, 0
0.863167697731657, 0.389596750954076, 0.20370886397233334, 0.17077265163169503, 0,0, 0
0.864098982239074, 0.38900818128292963, 0.204832577990654, 0.17174579262842168, 0,0, 0
0.8638329009512407, 0.385516316798207, 0.20427434905203032, 0.17477054197965797, 0,0, 0
0.864098982239074, 0.3819564573019336, 0.20440839379117237, 0.16795444864428716, 0,0, 0
0.8652963480343245, 0.37877517778136094, 0.20429174262846178, 0.17487742979277762, 0,0, 0
0.8648307057806159, 0.37559403857402535, 0.21040647925608577, 0.18489006708360287, 0,0, 0
0.8658285106099913, 0.37933797394859087, 0.20526268312855822, 0.17162518450167982, 0,0, 0
0.867624559302867, 0.3746228770778511, 0.20214815187327573, 0.172313767573472, 0,0, 0
0.8674915186589504, 0.36991733863341963, 0.19471238600721288, 0.1655770087837643, 0,0, 0
0.8670923967272002, 0.3699108659392992, 0.19873731923227025, 0.17128706376043984, 0,0, 0
0.8678241202687421, 0.36784552388563696, 0.19948115507654335, 0.16906556845187257, 0,0, 0
0.8676910796248254, 0.36784634910734737, 0.19932172036309304, 0.16589601958487069, 0,0, 0
0.869088006385951, 0.36365148216863086, 0.19172300488796576, 0.16837932634422967, 0,0, 0
0.8701523315372847, 0.36332478717714145, 0.1860328708431073, 0.16152824185884074, 0,0, 0
0.8702853721812014, 0.3622446979167699, 0.18921442552407394, 0.1640029861241474, 0,0, 0
0.8720149005521187, 0.3611187373622561, 0.1880191513576563, 0.16418929640806984, 0,0, 0
0.872081420874077, 0.36013865012654916, 0.19332658665370014, 0.16743342237776004, 0,0, 0
0.8734783476352026, 0.3626226202847624, 0.1894109512428648, 0.16252255833213705, 0,0, 0
0.8744761524645779, 0.3586992723197272, 0.19018212125155087, 0.15905838064673053, 0,0, 0
0.8741435508547861, 0.35341053876886924, 0.18807170548969757, 0.1624643048239503, 0,0, 0
0.8736113882791192, 0.35351635274126014, 0.18297411340412778, 0.1582075622041166, 0,0, 0
0.8737444289230359, 0.35404840253166564, 0.1866893779522187, 0.16210186816276517, 0,0, 0
0.8739439898889111, 0.3534870079722478, 0.19101011345777852, 0.15934558459161013, 0,0, 0
0.8743431118206613, 0.3490932658858221, 0.18717702520906504, 0.15870323356000918, 0,0, 0
0.8758065589037451, 0.3469394816892004, 0.1813095671869436, 0.16333038952020115, 0,0, 0
0.8758730792257035, 0.3459585767452507, 0.18364390560302493, 0.15394290911134612, 0,0, 0
0.8776691279185791, 0.3460280568157387, 0.18508947414733545, 0.15611506463741057, 0,0, 0
0.8764052418013704, 0.34644940649905764, 0.18428328989586584, 0.15541564921489193, 0,0, 0
0.8787334530699129, 0.3462851250957106, 0.18325525987617033, 0.15676082816589307, 0,0, 0
0.878001729528371, 0.3433570175214104, 0.18002758113168038, 0.15291485063618362, 0,0, 0
0.8773365263087873, 0.34468663927716536, 0.18086746461389017, 0.15260858292904764, 0,0, 0
0.8799308188651633, 0.339751472844585, 0.17475684314899112, 0.15348949354590397, 0,0, 0
0.8800638595090801, 0.33893660517804114, 0.18069436899139937, 0.15692155112053874, 0,0, 0
0.8796647375773299, 0.3408013324566801, 0.18585220733956523, 0.15125602573430985, 0,0, 0
0.8800638595090801, 0.3371063919760009, 0.18063551533323927, 0.14999282822045396, 0,0, 0
0.8807290627286636, 0.3351522403183625, 0.172873658379617, 0.14890740112669223, 0,0, 0
0.8779352092064125, 0.33678444449200867, 0.18737515820271816, 0.1539625875319645, 0,0, 0
0.8795982172553715, 0.3379988199942541, 0.18068189316973257, 0.15461768209197194, 0,0, 0
0.8825916317434976, 0.3347698368752, 0.17574373167046103, 0.1458001945590137, 0,0, 0
0.8828577130313311, 0.33573126683483523, 0.17389630174380988, 0.14777645254952376, 0,0, 0
0.8811947049823721, 0.3371049234609286, 0.1859497103978539, 0.15057851964526545, 0,0, 0
0.8827911927093727, 0.3326810659140011, 0.1722941251122669, 0.14910316566742335, 0,0, 0
0.8818599082019557, 0.33379744114389687, 0.1860710420190344, 0.15513143168454469, 0,0, 0
0.8823920707776226, 0.32912444549722925, 0.1746299518960303, 0.15200295950910556, 0,0, 0
0.8829242333532894, 0.32798859507444644, 0.1680668062364565, 0.14727255635580094, 0,0, 0
0.8836559568948313, 0.32859681445851974, 0.17285398752790448, 0.15219932383348894, 0,0, 0
0.8837889975387481, 0.3325979208313359, 0.17246864379977378, 0.1479170473080808, 0,0, 0
0.10510210869420608, 2.3040949199867846, 0.9159026779259121, 0.45033648610060956, 0,0, 0
0.27432980775626953, 2.0311710935212144, 0.7591720423181506, 0.5143155559340519, 0,0, 0
0.3995875740038582, 1.7778210432940176, 0.6614378016200482, 0.36190125208501844, 0,0, 0
0.5227166899487794, 1.5446583116704917, 0.6102915308194262, 0.2864154482028738, 0,0, 0
0.5614315173285439, 1.3294624033528404, 0.5887051041756729, 0.30567048231273836, 0,0, 0
0.6689283576132509, 1.121562593250998, 0.5182263325585227, 0.3113666677271995, 0,0, 0
0.7020554779485133, 1.0298184446044734, 0.4713833421850203, 0.26320445497673645, 0,0, 0
0.7613916051353689, 0.8888812845915175, 0.39549244741748146, 0.2373655116952168, 0,0, 0
0.7656489057407038, 0.8685166988388958, 0.3956384166430597, 0.24721635775720371, 0,0, 0
0.7875340916650037, 0.8047734807810946, 0.3456127951064184, 0.2202476651775472, 0,0, 0
0.7849397991086277, 0.7872802158813013, 0.3550869499089179, 0.2260599750692776, 0,0, 0
0.7939200425730061, 0.7180881019381605, 0.3628249668663574, 0.22483646896904255, 0,0, 0
0.776824319829708, 0.7223687395166384, 0.38465875887036666, 0.25007844663981554, 0,0, 0
0.7837424333133772, 0.7196299702546117, 0.3751485769592275, 0.24372751463146877, 0,0, 0
0.8093527572673451, 0.6246908832459637, 0.3443412407500255, 0.22939002064281058, 0,0, 0
0.8150069846338056, 0.6153199623701002, 0.3276292783601819, 0.23027788832809598, 0,0, 0
0.8176677975121399, 0.6116566310235131, 0.324827863352558, 0.22648095620295763, 0,0, 0
0.8191977649171822, 0.5879054425064334, 0.3284625832422009, 0.2291500357772396, 0,0, 0
0.8225237810151002, 0.5716290122988443, 0.3115427350531705, 0.22216279467477526, 0,0, 0
0.8205281713563494, 0.5544811158604247, 0.3311281455481201, 0.2270900799391967, 0,0, 0
0.8283110490254773, 0.5339216190553002, 0.2959133306919016, 0.21695428548661622, 0,0, 0
0.8353622031530633, 0.5175397599451925, 0.27177927984866423, 0.20443905044554855, 0,0, 0
0.8354952437969799, 0.510096842188097, 0.28048721512742547, 0.2114478841351095, 0,0, 0
0.8381560566753143, 0.5014829418520246, 0.26097126225270434, 0.2074290736108874, 0,0, 0
0.8331005122064791, 0.5019622298275961, 0.2816061328467044, 0.21032515607967892, 0,0, 0
0.8402847069779817, 0.4787150650450633, 0.25484598734803454, 0.20247159498529171, 0,0, 0
0.8430120401782745, 0.4739490048352413, 0.24794548652635348, 0.19711503783538187, 0,0, 0
0.8437437637198164, 0.4736951475251696, 0.23942598301523804, 0.1915469094815352, 0,0, 0
0.8465376172420674, 0.45770242859321897, 0.23605145845019904, 0.19611623926364846, 0,0, 0
0.8458058937005255, 0.45879089997298955, 0.2506136427209873, 0.19654423752404057, 0,0, 0
0.8484667065788598, 0.449456190319261, 0.22951288130153424, 0.1892405607536915, 0,0, 0
0.8475354220714428, 0.44473503679719467, 0.23598553919658538, 0.1879365749165432, 0,0, 0
0.84886582851061, 0.44286938770103845, 0.2523148347082734, 0.19717718421165759, 0,0, 0
0.8493314707643185, 0.43760841591215927, 0.24056160698985327, 0.18975613408781364, 0,0, 0
0.8496640723741102, 0.43816724272006047, 0.24626849715582513, 0.192733060884604, 0,0, 0
0.8536552916916118, 0.4277629120517041, 0.2266222763334143, 0.1920688167903769, 0,0, 0
0.8551187387746957, 0.42226673694780587, 0.2256126558055594, 0.1871444835527007, 0,0, 0
0.8547861371649039, 0.4217401841523066, 0.22372063302518724, 0.18636035167820897, 0,0, 0
0.8551187387746957, 0.4248047392284894, 0.23080087461171658, 0.18987049892833077, 0,0, 0
0.8560500232821127, 0.4159458079940642, 0.22124474709020953, 0.18509722369076287, 0,0, 0
0.8581786735847802, 0.41242220442468847, 0.21488719939418888, 0.18032705120544965, 0,0, 0
0.8598416816337391, 0.4036163646819124, 0.2180567742010282, 0.18338445118506402, 0,0, 0
0.8624359741901151, 0.40295157090709294, 0.21456216235243983, 0.18265464317826083, 0,0, 0
0.861305128716823, 0.40069936157737196, 0.21935505514766887, 0.1885611444451989, 0,0, 0
0.8618372912924899, 0.39852027902150255, 0.21770604504161922, 0.1818960360675472, 0,0, 0
0.8623029335461984, 0.3952487895460279, 0.2172507663609981, 0.18275714835694706, 0,0, 0
0.8644981041708242, 0.39211172419756674, 0.21509943200800358, 0.17807636676927874, 0,0, 0
0.8644315838488659, 0.38995147669275326, 0.21097635953544397, 0.17950226305512204, 0,0, 0
0.8648972261025744, 0.3883332871625807, 0.21127931069244177, 0.1771673358795164, 0,0, 0
0.8660280715758665, 0.3916854976003429, 0.21215869757493344, 0.1771106933482147, 0,0, 0
0.8660280715758665, 0.38379775307235703, 0.21036701273485353, 0.1742179814137674, 0,0, 0
0.8669593560832835, 0.37992972575426476, 0.2109829559100297, 0.17671120011757943, 0,0, 0
0.8680902015565756, 0.37959329612115567, 0.20922922834055663, 0.17107722164300082, 0,0, 0
0.8661611122197831, 0.384392064767237, 0.21468411246595795, 0.1807413027749094, 0,0, 0
0.8676910796248254, 0.3836188285787311, 0.20460133072528103, 0.17347845999124348, 0,0, 0
0.8679571609126588, 0.37961529762396184, 0.2031086052494831, 0.17367935248986896, 0,0, 0
0.8696866892835762, 0.3721691290037123, 0.2029541135250734, 0.1644539668727714, 0,0, 0
0.8706844941129515, 0.3683758275734568, 0.2089872075796463, 0.17421820754900885, 0,0, 0
0.8708840550788266, 0.36655062535111177, 0.2025800862748786, 0.16766322129465827, 0,0, 0
0.8717488192642853, 0.3646715385790511, 0.20996075186254212, 0.17404643842283268, 0,0, 0
0.8724140224838688, 0.36139039466502215, 0.19653886475028162, 0.16592580866984272, 0,0, 0
0.8721479411960353, 0.3603709553174027, 0.19780060226777915, 0.1653009686971253, 0,0, 0
0.8724805428058272, 0.36544190164324347, 0.1978227981637091, 0.16122088336340276, 0,0, 0
0.8740105102108694, 0.36061297433220135, 0.1975128071359104, 0.17069979474744293, 0,0, 0
0.8742100711767445, 0.3579136169658379, 0.1987934348235397, 0.1659401877989704, 0,0, 0
0.8750083150402448, 0.35499527740448084, 0.19942155986920615, 0.16270377461119043, 0,0, 0
0.8738774695669527, 0.35902037367603656, 0.2063804167184343, 0.16368911887773965, 0,0, 0
0.8752078760061198, 0.357636948821342, 0.20196739335080582, 0.16056616643366822, 0,0, 0
0.8734783476352026, 0.3578665758816563, 0.20505881080904065, 0.16277169436679767, 0,0, 0
0.8756735182598284, 0.35488635914858024, 0.19275514202896546, 0.154523483046887, 0,0, 0
0.8777356482405375, 0.3484649367213707, 0.17964779246300183, 0.1557677385177686, 0,0, 0
0.8762722011574536, 0.35033288977911026, 0.18762224234343722, 0.15663337102996816, 0,0, 0
0.8779352092064125, 0.34463354458150885, 0.1842252609666714, 0.15706622742913948, 0,0, 0
0.8786669327479545, 0.3442672566538854, 0.1842541111771477, 0.1557670000472138, 0,0, 0
0.8796647375773299, 0.3425558417869447, 0.18009395120194077, 0.1537441755497149, 0,0, 0
0.878201290494246, 0.34035718722598907, 0.18920997980499366, 0.15858103355350278, 0,0, 0
0.8787999733918712, 0.3418810000252563, 0.18779250708025924, 0.1579703216750777, 0,0, 0
0.8813942659482472, 0.33997248653140233, 0.18218688199420704, 0.15679778916986165, 0,0, 0
0.882658152065456, 0.3390683182531206, 0.16999706144045942, 0.1465858792841068, 0,0, 0
0.8821259894897892, 0.3385977806143109, 0.17596128560171537, 0.15209139176761743, 0,0, 0
0.8816603472360807, 0.33737535235062754, 0.18348212474654968, 0.1541580835338976, 0,0, 0
0.8809286236945387, 0.33812313661458426, 0.18123042646209558, 0.15401201833668726, 0,0, 0
0.8811281846604138, 0.3368621870527178, 0.18394298620698554, 0.15515127934278033, 0,0, 0
0.8823255504556642, 0.33546049839960645, 0.17745140248533375, 0.1455622067292498, 0,0, 0
0.8817933878799974, 0.33217707893857856, 0.18390870424008757, 0.15224672697843128, 0,0, 0
0.880995144016497, 0.3358135694926693, 0.1778578240501833, 0.1474303575437614, 0,0, 0
0.8813942659482472, 0.33638950710128396, 0.17977664065377863, 0.15071197282136764, 0,0, 0
0.8821925098117475, 0.33363801422053724, 0.18223556216671363, 0.1565655419684956, 0,0, 0
0.882658152065456, 0.3311213360972892, 0.17626453622629373, 0.15333056638311296, 0,0, 0
0.8822590301337059, 0.3348639279989329, 0.18047419918385696, 0.14650256423272764, 0,0, 0
0.8846537617242067, 0.3312842254649884, 0.17292848508588332, 0.14928788973915086, 0,0, 0
0.8848533226900818, 0.3309216249997143, 0.1783905129512377, 0.14800456501513848, 0,0, 0
0.884321160114415, 0.32648452536570044, 0.1739910532765673, 0.15014435476486704, 0,0, 0
0.8843876804363733, 0.32689295192100903, 0.17782176089760024, 0.14773071619407566, 0,0, 0
0.8843876804363733, 0.32714771287414685, 0.17378015495856322, 0.14360304655975228, 0,0, 0
0.8833898756069979, 0.32796173001184786, 0.18506519867532256, 0.15326567622427106, 0,0, 0
0.8849863633339985, 0.3247975016770914, 0.1749465336888336, 0.14629066406689284, 0,0, 0
0.8846537617242067, 0.32280892565108643, 0.16972878070389605, 0.14829599419457748, 0,0, 0
0.8862502494512073, 0.3236596358442857, 0.1703827439313218, 0.14813592688032332, 0,0, 0
0.886183729129249, 0.3258123070578041, 0.1720749467973085, 0.14714670086651396, 0,0, 0
0.8867824120268742, 0.32726440797326534, 0.17496453522196773, 0.14155995747633968, 0,0, 0
