acuracia,loss,frr,fpr, removed, n_clf, tp_removed
0.09825051553249518, 0.0, 0.8944041643372586, 0.40467750686587217, 0,10, 0
0.25723408501297146, 0.0, 0.7820229418504909, 0.4330913284024892, 0,10, 0
0.35641588505288363, 0.0, 0.709119699052398, 0.34399970589369105, 0,10, 0
0.38348965608993546, 0.0, 0.6848559696019467, 0.41885351684037586, 0,10, 0
0.48539878933014036, 0.0, 0.642294145926474, 0.4120350516863749, 0,10, 0
0.5744695004323821, 0.0, 0.5799243794812504, 0.3866712309517869, 0,10, 0
0.6490387813477018, 0.0, 0.48359736393442193, 0.28236386720680956, 0,10, 0
0.6815672187853389, 0.0, 0.4557672769954455, 0.3085538015728762, 0,10, 0
0.6971329741235948, 0.0, 0.46547233163036433, 0.2803072063004696, 0,10, 0
0.7255371515998137, 0.0, 0.45751350543083386, 0.2586692890815812, 0,10, 0
0.7470897359143218, 0.0, 0.42596434997261085, 0.24131000313941275, 0,10, 0
0.768841881194705, 0.0, 0.35523276531983244, 0.23169005535712167, 0,10, 0
0.6369320827512805, 0.0, 0.5003807477300137, 0.37110696194038545, 0,10, 0
0.552916916117874, 0.0, 0.4934249179781851, 0.392750203010663, 0,10, 0
0.551985631610457, 0.0, 0.5233507677201692, 0.39427236012887823, 0,10, 0
0.6012771901816005, 0.0, 0.518796448350517, 0.37923064127137623, 0,10, 0
0.6570877403046631, 0.0, 0.5043815351455805, 0.3712664465138575, 0,10, 0
0.6774429588239207, 0.0, 0.49631377616619937, 0.36445134162304393, 0,10, 0
0.6981972992749285, 0.0, 0.489853585121878, 0.36198836780935784, 0,10, 0
0.6795050888046298, 0.0, 0.4704282824570774, 0.3524735184334588, 0,10, 0
0.6823654626488392, 0.0, 0.4701624553052672, 0.3510806188912159, 0,10, 0
0.6945386815672188, 0.0, 0.4803110920969923, 0.3573005038750373, 0,10, 0
0.7426328743431119, 0.0, 0.4214995008659582, 0.3332656346404604, 0,10, 0
0.7498835894365729, 0.0, 0.4233310974943255, 0.3329439019421855, 0,10, 0
0.7241402248386882, 0.0, 0.4433634933614297, 0.3454072308667153, 0,10, 0
0.7260693141754806, 0.0, 0.49201300594308167, 0.35798584281069923, 0,10, 0
0.747488857846072, 0.0, 0.42714540196347456, 0.3315050449069058, 0,10, 0
0.7589303532229096, 0.0, 0.42948367709754015, 0.3390898203579529, 0,10, 0
0.756602141954367, 0.0, 0.4530458668948951, 0.3431637878155124, 0,10, 0
0.7635867757599947, 0.0, 0.38830493739581023, 0.30655644771791546, 0,10, 0
0.7584647109692011, 0.0, 0.4140308783922649, 0.3231238799569263, 0,10, 0
0.7524778819929488, 0.0, 0.399708585952134, 0.3096457962920714, 0,10, 0
0.7680436373312047, 0.0, 0.4071146910510797, 0.3135434528359546, 0,10, 0
0.750083150402448, 0.0, 0.41301828322487716, 0.32658082131173605, 0,10, 0
0.7486862236413224, 0.0, 0.4087511966001373, 0.32951856478821595, 0,10, 0
0.7516131178074902, 0.0, 0.4144494985968264, 0.32666905521388534, 0,10, 0
0.7583981906472428, 0.0, 0.4363508627806433, 0.336639861639893, 0,10, 0
0.765515865096787, 0.0, 0.4139824949217675, 0.3214429727051315, 0,10, 0
0.702920242133972, 0.0, 0.42769346393602026, 0.3412940756642503, 0,10, 0
0.70218851859243, 0.0, 0.4141311531739437, 0.34784858065160473, 0,10, 0
0.703319364065722, 0.0, 0.4336431836121227, 0.34193462192601587, 0,10, 0
0.6899487793520921, 0.0, 0.46658630205453805, 0.34601715986467807, 0,10, 0
0.7490853455730726, 0.0, 0.4073452709462344, 0.3279171086504884, 0,10, 0
0.7160912658817269, 0.0, 0.42263173587866837, 0.33368232114818175, 0,10, 0
0.6914787467571343, 0.0, 0.4345733887348737, 0.36171301838000214, 0,10, 0
0.7251380296680636, 0.0, 0.4047025725807847, 0.3286278364499326, 0,10, 0
0.656888179338788, 0.0, 0.5031122479782634, 0.3726889015002381, 0,10, 0
0.6207676445153995, 0.0, 0.5231940151538792, 0.36861073000917444, 0,10, 0
0.6125856449145214, 0.0, 0.4719568328241827, 0.3473697791645116, 0,10, 0
0.5955564424931816, 0.0, 0.4691174935567847, 0.36287165712516234, 0,10, 0
0.6853588771369653, 0.0, 0.40647752341875154, 0.32782756094944415, 0,10, 0
0.6173751080955232, 0.0, 0.4789047209767944, 0.3650468213187079, 0,10, 0
0.6673983902082086, 0.0, 0.44404650642887467, 0.3507404266225908, 0,10, 0
0.5595024279917514, 0.0, 0.5206651782798948, 0.37794590123174227, 0,10, 0
0.6283509612186523, 0.0, 0.48288044445102135, 0.34152950016978356, 0,10, 0
0.5023614714295217, 0.0, 0.5623533597724123, 0.3983830507775945, 0,10, 0
0.6220980509545666, 0.0, 0.4905724943992814, 0.35270592721107763, 0,10, 0
0.6813011374975055, 0.0, 0.42334731498219896, 0.3347233141525028, 0,10, 0
0.7308587773564824, 0.0, 0.40656500945701823, 0.3228237161925216, 0,10, 0
0.7212133306725205, 0.0, 0.42160082894322626, 0.331294490650872, 0,10, 0
0.5889709306193042, 0.0, 0.5120852593499482, 0.3984881738276392, 0,10, 0
0.5975520521519324, 0.0, 0.47458920343653543, 0.377523103020259, 0,10, 0
0.6534956429189117, 0.0, 0.48569873234273575, 0.3779595025313357, 0,10, 0
0.6038049624160181, 0.0, 0.48391212591550475, 0.3667964068749962, 0,10, 0
0.6051353688551853, 0.0, 0.5108613518964079, 0.35974289493546374, 0,10, 0
0.5608328344309187, 0.0, 0.4771304026686121, 0.3618174563491324, 0,10, 0
0.4170824186789064, 0.0, 0.6677982067028387, 0.4902095951906388, 0,10, 0
0.4832701390274729, 0.0, 0.6053286427114939, 0.452742868201087, 0,10, 0
0.5318964943790327, 0.0, 0.5516232932040669, 0.41975141467487864, 0,10, 0
0.6327413024679039, 0.0, 0.4989040835955838, 0.3899919380579975, 0,10, 0
0.66207676445154, 0.0, 0.46793425930223015, 0.3599478752737677, 0,10, 0
0.664671057007916, 0.0, 0.46598836000131383, 0.36206373399394254, 0,10, 0
0.701257234085013, 0.0, 0.43584371130490823, 0.33751944593040817, 0,10, 0
0.7053814940464311, 0.0, 0.42746474334635565, 0.337410833588294, 0,10, 0
0.7332535089469833, 0.0, 0.4109571633739887, 0.3276561488704107, 0,10, 0
0.7333865495909, 0.0, 0.40429049670732203, 0.3247827601694532, 0,10, 0
0.7575334264617841, 0.0, 0.3601309182286084, 0.30950759743361617, 0,10, 0
0.7574669061398257, 0.0, 0.3577824333801235, 0.31470124400208926, 0,10, 0
0.7582651500033261, 0.0, 0.3566244247221148, 0.30820770439346534, 0,10, 0
0.7576664671057007, 0.0, 0.363085148464392, 0.3080675590998709, 0,10, 0
0.7583981906472428, 0.0, 0.3498275727068162, 0.31053264551033943, 0,10, 0
0.7605268409499102, 0.0, 0.3569463924835306, 0.3087786611041316, 0,10, 0
0.7881327745626289, 0.0, 0.3142645303792648, 0.2866010036990001, 0,10, 0
0.7878001729528371, 0.0, 0.3242645303792647, 0.29512736485227065, 0,10, 0
0.7882658152065456, 0.0, 0.3137726714918835, 0.286893507495282, 0,10, 0
0.7883323355285039, 0.0, 0.3186874272787323, 0.28405324857436204, 0,10, 0
0.7840085146012107, 0.0, 0.3227048069578766, 0.2865831722012959, 0,10, 0
0.783875473957294, 0.0, 0.33374408321559945, 0.2983081706195654, 0,10, 0
0.7843411162110024, 0.0, 0.3179107498822662, 0.2878842900965059, 0,10, 0
0.7849397991086277, 0.0, 0.31298650745802375, 0.2869525289912707, 0,10, 0
0.76904144216058, 0.0, 0.3231143697917684, 0.28661328059498287, 0,10, 0
0.7848067584647109, 0.0, 0.31965317412469046, 0.2863990094776415, 0,10, 0
0.7871349697332535, 0.0, 0.31163081049425173, 0.286400663937748, 0,10, 0
0.7893966606798377, 0.0, 0.3061774745220478, 0.285024378453837, 0,10, 0
0.7899953435774629, 0.0, 0.31347348970231353, 0.28269892122027235, 0,10, 0
0.7872014900552119, 0.0, 0.3217782893931236, 0.2911264579368489, 0,10, 0
0.7875340916650037, 0.0, 0.3141733481496281, 0.28294082720048175, 0,10, 0
0.7943191645047561, 0.0, 0.3044325038064889, 0.28401077513350265, 0,10, 0
0.7913922703385884, 0.0, 0.2998692783796556, 0.28562174039979965, 0,10, 0
0.7580655890374509, 0.0, 0.3126600644608706, 0.28706800053966297, 0,10, 0
0.7917913922703386, 0.0, 0.3060239388064203, 0.2773510416363036, 0,10, 0
0.08527905275061531, 0.0, 0.9037011371081701, 0.3915808812621583, 0,10, 0
0.25151333732455267, 0.0, 0.8146479166181753, 0.5187743718529366, 0,10, 0
0.3708507949178474, 0.0, 0.6928891989801936, 0.46756189244438107, 0,10, 0
0.5088804629814409, 0.0, 0.5199880272684517, 0.2611474763479738, 0,10, 0
0.49557639858976915, 0.0, 0.5861062547390657, 0.37494587942559116, 0,10, 0
0.5851127519457194, 0.0, 0.5175467173400077, 0.31076488106744615, 0,10, 0
0.6384620501563227, 0.0, 0.490537980110372, 0.2748958059501438, 0,10, 0
0.6513669926162443, 0.0, 0.47087593202329925, 0.2809480840780515, 0,10, 0
0.659482471895164, 0.0, 0.4575939787962615, 0.2775677121385982, 0,10, 0
0.6842280316636733, 0.0, 0.4388650287494411, 0.2541411253931032, 0,10, 0
0.6643384553981241, 0.0, 0.44638232721833326, 0.2769114016184372, 0,10, 0
0.7238076232288965, 0.0, 0.36964686382397105, 0.24231681459746615, 0,10, 0
0.6021419543670591, 0.0, 0.5010394100956876, 0.38996165204242716, 0,10, 0
0.6155125390806891, 0.0, 0.5413122832222331, 0.4055711250968737, 0,10, 0
0.23874143550854787, 0.0, 0.7902044500611766, 0.5351640978932534, 0,10, 0
0.29395330273398523, 0.0, 0.7332604827636553, 0.4997057505795803, 0,10, 0
0.28244528703518923, 0.0, 0.7147986429070917, 0.48129762723157604, 0,10, 0
0.3109159848333666, 0.0, 0.7271366379682185, 0.4838618814659498, 0,10, 0
0.33120468303066586, 0.0, 0.6940378663630292, 0.47842210879427344, 0,10, 0
0.3720481607130979, 0.0, 0.6707856407676414, 0.46731351869009335, 0,10, 0
0.4104969068050289, 0.0, 0.6353397192491473, 0.447410293339373, 0,10, 0
0.4607862702055478, 0.0, 0.5688628165839195, 0.42999862843167513, 0,10, 0
0.4737577329874277, 0.0, 0.5536139184243521, 0.4349240682325942, 0,10, 0
0.44043105168629015, 0.0, 0.6007593532097197, 0.43451022689571056, 0,10, 0
0.4851327080423069, 0.0, 0.561705711587006, 0.4207737900286424, 0,10, 0
0.4629814408301736, 0.0, 0.589286541528505, 0.4267468893316862, 0,10, 0
0.4641122863034657, 0.0, 0.572416403323064, 0.418172257354192, 0,10, 0
0.4458191977649172, 0.0, 0.6114608820197168, 0.4263818219966815, 0,10, 0
0.4488126122530433, 0.0, 0.6109712509443742, 0.4256458339356892, 0,10, 0
0.4085012971462782, 0.0, 0.6262778965416674, 0.44454833068981775, 0,10, 0
0.44688352291625094, 0.0, 0.627238704270369, 0.4471523723810953, 0,10, 0
0.48140757001263884, 0.0, 0.5684493418675478, 0.42633116741721006, 0,10, 0
0.47262688751413556, 0.0, 0.5893490246255114, 0.4324520729793388, 0,10, 0
0.4676378633672587, 0.0, 0.5970564927238133, 0.43415663599073845, 0,10, 0
0.403445752677443, 0.0, 0.6403716169288209, 0.441575890531245, 0,10, 0
0.4025809884919843, 0.0, 0.6460399393458599, 0.443959852850466, 0,10, 0
0.448014368389543, 0.0, 0.5691796427838463, 0.4395706502210715, 0,10, 0
0.49291558571143484, 0.0, 0.5663646622895392, 0.4154155250976516, 0,10, 0
0.4548659615512539, 0.0, 0.6089873152484754, 0.422003029203324, 0,10, 0
0.4117607929222377, 0.0, 0.6361840341869874, 0.44159288226160953, 0,10, 0
0.4114947116344043, 0.0, 0.5715496561461907, 0.4266527108725192, 0,10, 0
0.42606266214328475, 0.0, 0.5792069659106299, 0.4091357526986601, 0,10, 0
0.6494379032794518, 0.0, 0.45083135544133496, 0.3550299532356456, 0,10, 0
0.5304330472959489, 0.0, 0.5501206377908171, 0.36160996911110266, 0,10, 0
0.639060733053948, 0.0, 0.4600149027922101, 0.35365721804413747, 0,10, 0
0.6920774296547595, 0.0, 0.3799653307111736, 0.3250025517235896, 0,10, 0
0.6872214461517994, 0.0, 0.42139847703003847, 0.34326134609327064, 0,10, 0
0.6761790727067118, 0.0, 0.38968594386761174, 0.3119369345156597, 0,10, 0
0.5384820062529103, 0.0, 0.5229720689257559, 0.33757311904547443, 0,10, 0
0.506685292356815, 0.0, 0.5333091777266857, 0.3478543108160821, 0,10, 0
0.6755803898090866, 0.0, 0.4550894198992854, 0.33552751610059617, 0,10, 0
0.535089469833034, 0.0, 0.5363052767397982, 0.35584759716878733, 0,10, 0
0.5024945120734384, 0.0, 0.5247439738359058, 0.37184442497900283, 0,10, 0
0.5979511740836826, 0.0, 0.4600391255158484, 0.35667873586952076, 0,10, 0
0.6048692875673518, 0.0, 0.43187054950202436, 0.3306584465236082, 0,10, 0
0.6222976119204416, 0.0, 0.45176757026974973, 0.3215633712955168, 0,10, 0
0.5392802501164106, 0.0, 0.5419895984678887, 0.37547144988417464, 0,10, 0
0.4851327080423069, 0.0, 0.5266263609815323, 0.39415057936864395, 0,10, 0
0.6693939998669594, 0.0, 0.44312544877971277, 0.36837332092159386, 0,10, 0
0.6274196767112353, 0.0, 0.47620293337697184, 0.3816212371169789, 0,10, 0
0.6112552384753542, 0.0, 0.49752400404521196, 0.37855525348329794, 0,10, 0
0.6131843278121466, 0.0, 0.5014890746984566, 0.37808391140963293, 0,10, 0
0.6527639193773698, 0.0, 0.4721766710021887, 0.3768908191729386, 0,10, 0
0.6941395596354686, 0.0, 0.4491538605272652, 0.3573066189077737, 0,10, 0
0.6750482272334198, 0.0, 0.4467122182108817, 0.35297908694393904, 0,10, 0
0.34337790194904544, 0.0, 0.7867691091309177, 0.5001642024204054, 0,10, 0
0.46451140823521586, 0.0, 0.6409809980156774, 0.4472957581153366, 0,10, 0
0.5113417148939001, 0.0, 0.6151843083352263, 0.4302944692188646, 0,10, 0
0.5222510476950708, 0.0, 0.6067918647357753, 0.4262366383056782, 0,10, 0
0.5616310782944189, 0.0, 0.5794471483188834, 0.40862337963178136, 0,10, 0
0.6423202288299076, 0.0, 0.482449430249823, 0.3899670402623545, 0,10, 0
0.6354686356681967, 0.0, 0.4810456704589393, 0.37739228448537004, 0,10, 0
0.6595489922171224, 0.0, 0.4599255805144519, 0.36677947762686897, 0,10, 0
0.6886848932348832, 0.0, 0.4502848592137882, 0.3624864465687498, 0,10, 0
0.688086210337258, 0.0, 0.44657404840077414, 0.3593892594505823, 0,10, 0
0.6940730393135103, 0.0, 0.4297972403032113, 0.3553115925541613, 0,10, 0
0.7144282578327679, 0.0, 0.40014811749619383, 0.33860333588925134, 0,10, 0
0.7313244196101909, 0.0, 0.3805103777849247, 0.32228564865940273, 0,10, 0
0.7301935741368988, 0.0, 0.38359308455184193, 0.3145342559959965, 0,10, 0
0.730792257034524, 0.0, 0.3793073702661276, 0.3265427511471883, 0,10, 0
0.33546198363600077, 0.0, 0.7256993623017104, 0.5174844058633077, 0,10, 0
0.7009246324752212, 0.0, 0.4091477671470497, 0.33830481431528825, 0,10, 0
0.3649304862635535, 0.0, 0.6937651577502314, 0.48800782471887494, 0,10, 0
0.7232754606532296, 0.0, 0.3906087663702534, 0.3224257731105214, 0,10, 0
0.7453602075434045, 0.0, 0.38088286651325254, 0.31644884688105146, 0,10, 0
0.7468901749484468, 0.0, 0.38191006686707824, 0.31656916216494574, 0,10, 0
0.754739572939533, 0.0, 0.37297095350120335, 0.31624920665200773, 0,10, 0
0.7197498835894366, 0.0, 0.3728634352866228, 0.32574267197638707, 0,10, 0
0.7574669061398257, 0.0, 0.35098448666566534, 0.3045942655532763, 0,10, 0
0.7575334264617841, 0.0, 0.3508873992870246, 0.30408481217668754, 0,10, 0
0.7572008248519922, 0.0, 0.3409942373590409, 0.30047240611962206, 0,10, 0
0.7559369387347835, 0.0, 0.3365804637895288, 0.3045459988592537, 0,10, 0
0.7585312312911594, 0.0, 0.3385114408435628, 0.30351111996483743, 0,10, 0
0.7583981906472428, 0.0, 0.34351144084356283, 0.3049643604620128, 0,10, 0
0.7581986296813676, 0.0, 0.34705071710128577, 0.2962163215475466, 0,10, 0
0.7587307922570345, 0.0, 0.3355572106077792, 0.30636305630863175, 0,10, 0
0.7585977516131178, 0.0, 0.3384143534649221, 0.3004015916899748, 0,10, 0
0.7558038980908668, 0.0, 0.3371373992870245, 0.30497562537341477, 0,10, 0
0.762921572540411, 0.0, 0.33973788287668677, 0.3013492435312779, 0,10, 0
0.7628550522184527, 0.0, 0.3360954218035379, 0.30683113236069326, 0,10, 0
0.7629880928623695, 0.0, 0.33483497025532755, 0.301533969192753, 0,10, 0
0.07742965475952904, 0.0, 0.9087540216325581, 0.33480182282209825, 0,10, 0
0.22171223308720814, 0.0, 0.7490484336158597, 0.479389705465921, 0,10, 0
0.39952105368189983, 0.0, 0.682892418008619, 0.44704875060449495, 0,10, 0
0.4522716689948779, 0.0, 0.6325276921221724, 0.42197814289551333, 0,10, 0
0.4717621233286769, 0.0, 0.6251975029131038, 0.4187348433318532, 0,10, 0
0.5386815672187854, 0.0, 0.5500800957325241, 0.33883187561953326, 0,10, 0
0.5835162642187188, 0.0, 0.5416968990250907, 0.3444808330647444, 0,10, 0
0.6738508614381694, 0.0, 0.4608380426541407, 0.26469167294781437, 0,10, 0
0.7020554779485133, 0.0, 0.45325467851940393, 0.24654192855765217, 0,10, 0
0.7130313310716424, 0.0, 0.43834258312132784, 0.2507064188860496, 0,10, 0
0.6757134304530034, 0.0, 0.4712263575305207, 0.26955774694860524, 0,10, 0
0.7249384687021885, 0.0, 0.4402817597719411, 0.2651635525939181, 0,10, 0
0.6087274662409367, 0.0, 0.48075850968355, 0.3902954492354024, 0,10, 0
0.733186988625025, 0.0, 0.43733525694573894, 0.35218664447618586, 0,10, 0
0.7583981906472428, 0.0, 0.3979022795640878, 0.326170868654191, 0,10, 0
0.7477549391339054, 0.0, 0.4305227334645905, 0.34425180933987526, 0,10, 0
0.30140357879332136, 0.0, 0.7604782338124203, 0.5057357950694439, 0,10, 0
0.30346570877403045, 0.0, 0.7459435798865206, 0.5041744219772104, 0,10, 0
0.584846670657886, 0.0, 0.5860951233317353, 0.4173106532845654, 0,10, 0
0.3161045699461185, 0.0, 0.7248133287848678, 0.4975658544790346, 0,10, 0
0.3140424399654094, 0.0, 0.739053019037371, 0.5073597180688969, 0,10, 0
0.2893634005188585, 0.0, 0.770570398247103, 0.5036064168482028, 0,10, 0
0.3016696600811548, 0.0, 0.764420226503505, 0.49859245533977364, 0,10, 0
0.3522251047695071, 0.0, 0.7025635806601229, 0.4954565981247373, 0,10, 0
0.16377303266147808, 0.0, 0.8440473700202261, 0.5365992196856669, 0,10, 0
0.31291159449211736, 0.0, 0.7584005639923955, 0.4941432910429622, 0,10, 0
0.32488525244462185, 0.0, 0.749352445248455, 0.5090785419100857, 0,10, 0
0.29408634337790196, 0.0, 0.7582925333478739, 0.5038298217986195, 0,10, 0
0.2946850262755272, 0.0, 0.7696438256811843, 0.5195351715635624, 0,10, 0
0.2860373844209406, 0.0, 0.7777626206619871, 0.5120457318481278, 0,10, 0
0.29554979046098584, 0.0, 0.7404012093207268, 0.5058275114907727, 0,10, 0
0.30120401782744627, 0.0, 0.7516873627811187, 0.5023864135490492, 0,10, 0
0.32575001663008046, 0.0, 0.7266422892288884, 0.49029348258368827, 0,10, 0
0.29535022949511075, 0.0, 0.7834984922766239, 0.5062497969631069, 0,10, 0
0.2916250914654427, 0.0, 0.7716186148443532, 0.514312442159733, 0,10, 0
0.3355950242799175, 0.0, 0.7286412012631276, 0.49552126470374647, 0,10, 0
0.34158185325616974, 0.0, 0.717860815458262, 0.4982230675308286, 0,10, 0
0.3405840484267944, 0.0, 0.7223889838788347, 0.4946464563524252, 0,10, 0
0.3413822922902947, 0.0, 0.7212939117036232, 0.4933423589401983, 0,10, 0
0.3349963413822923, 0.0, 0.7234658574049807, 0.4924582931340051, 0,10, 0
0.29574935142686093, 0.0, 0.7651088441294731, 0.509905992385415, 0,10, 0
0.29654759529036123, 0.0, 0.7615722294836147, 0.5078448449830298, 0,10, 0
0.29874276591498705, 0.0, 0.7659439005188253, 0.49702775972027097, 0,10, 0
0.29774496108561166, 0.0, 0.7697254131238672, 0.4951469048752861, 0,10, 0
0.3021353023348633, 0.0, 0.7634907721172055, 0.4874655484984395, 0,10, 0
0.31151466773099185, 0.0, 0.754887830940735, 0.48921995346713326, 0,10, 0
0.29854320494911196, 0.0, 0.7635942361247657, 0.4924777613642828, 0,10, 0
0.2978780017295284, 0.0, 0.768956839085335, 0.4937539200516073, 0,10, 0
0.3242200492250383, 0.0, 0.7432366276718505, 0.4974007253671504, 0,10, 0
0.33526242267012574, 0.0, 0.7250537618076142, 0.5017848072620111, 0,10, 0
0.31198030998470033, 0.0, 0.7528254359758467, 0.5033693626780267, 0,10, 0
0.32189183795649573, 0.0, 0.7439650034891285, 0.5071077529464041, 0,10, 0
0.35242466573538217, 0.0, 0.7082804415684412, 0.5028013759492906, 0,10, 0
0.3171688950974523, 0.0, 0.7397173408959083, 0.5006114264758631, 0,10, 0
0.3094525377502827, 0.0, 0.7536587361309269, 0.49273193790179753, 0,10, 0
0.2779884254639792, 0.0, 0.7938408816729574, 0.50826906909845, 0,10, 0
0.31657021219982706, 0.0, 0.7515214340387049, 0.512964063811781, 0,10, 0
0.3120468303066587, 0.0, 0.7599588840853967, 0.5103606111720721, 0,10, 0
0.35022949511075635, 0.0, 0.7092998619106656, 0.5003582673576896, 0,10, 0
0.3079890906671988, 0.0, 0.7681756023516506, 0.5119690269859695, 0,10, 0
0.3080556109891572, 0.0, 0.7671562502909685, 0.5149042627431508, 0,10, 0
0.5702121998270472, 0.0, 0.4892324462237667, 0.38864251266592204, 0,10, 0
0.6296148473358611, 0.0, 0.4451195161283653, 0.3693992404962775, 0,10, 0
0.6707244063061265, 0.0, 0.44224171265366974, 0.3565539583692624, 0,10, 0
0.6757799507749618, 0.0, 0.43683606139436004, 0.35320219844415496, 0,10, 0
0.7267345173950642, 0.0, 0.38531393666928976, 0.3277261364511602, 0,10, 0
0.7601942393401184, 0.0, 0.3377137235572185, 0.3077517980301339, 0,10, 0
0.777755604337125, 0.0, 0.3321651964337785, 0.2899445524377305, 0,10, 0
0.7824785471961684, 0.0, 0.32344724771582983, 0.29833911829145926, 0,10, 0
0.7808155391472095, 0.0, 0.30637189440019563, 0.2850322707377455, 0,10, 0
0.7804829375374177, 0.0, 0.3190353257447574, 0.2916430448338737, 0,10, 0
0.7845406771768776, 0.0, 0.32160885515652204, 0.2900449493808957, 0,10, 0
0.7794186123860839, 0.0, 0.3202216402209201, 0.29258939570310394, 0,10, 0
0.7794186123860839, 0.0, 0.3225549735542534, 0.29366775406574275, 0,10, 0
0.784075034923169, 0.0, 0.31641001557106013, 0.28803847038447833, 0,10, 0
0.7845406771768776, 0.0, 0.3024100155710602, 0.2848488338359204, 0,10, 0
0.7895297013237544, 0.0, 0.30571704570018504, 0.2816566497165724, 0,10, 0
0.7896627419676712, 0.0, 0.31027679412785797, 0.2842604262929189, 0,10, 0
0.7860706445819198, 0.0, 0.30498914607371247, 0.2913615211952784, 0,10, 0
0.7933213596753809, 0.0, 0.29494346079452466, 0.28884477530598646, 0,10, 0
0.7929222377436307, 0.0, 0.30327679412785796, 0.2880950298479768, 0,10, 0
0.7914587906605468, 0.0, 0.3035709117749168, 0.2909037678332064, 0,10, 0
0.7913922703385884, 0.0, 0.30690424510825015, 0.2805771547859419, 0,10, 0
0.7933213596753809, 0.0, 0.2993049596313475, 0.2846406386192745, 0,10, 0
0.7776225636932083, 0.0, 0.3128419128741831, 0.2854870479979211, 0,10, 0
0.7932548393534224, 0.0, 0.30263829296468087, 0.2771011409142766, 0,10, 0
0.11947049823721147, 0.0, 0.8621337131237006, 0.5561081134323986, 0,10, 0
0.10929288897758266, 0.0, 0.8684536220575992, 0.5627825561756341, 0,10, 0
0.7796846936739174, 0.0, 0.31289312337422, 0.2890116452600373, 0,10, 0
0.7872680103771702, 0.0, 0.2978554159835714, 0.2786345233408579, 0,10, 0
0.7876671323089204, 0.0, 0.2930069311350865, 0.2786742333663167, 0,10, 0
0.7876671323089204, 0.0, 0.2930069311350865, 0.27609424642403047, 0,10, 0
0.7873345306991286, 0.0, 0.2933745781939101, 0.27938799931401864, 0,10, 0
0.15658883788997538, 0.0, 0.8588061157325793, 0.5448188542534652, 0,10, 0
0.736180403113151, 0.0, 0.35493182734152084, 0.3219214517313972, 0,10, 0
0.4583250182930885, 0.0, 0.581372029451773, 0.3586027410961811, 0,10, 0
0.7607264019157852, 0.0, 0.3311888668338546, 0.29433439934364697, 0,10, 0
0.7699727266679971, 0.0, 0.312356545785742, 0.29080961960505514, 0,10, 0
0.7786203685225837, 0.0, 0.3051101728135566, 0.2799678065439708, 0,10, 0
0.7786203685225837, 0.0, 0.3051101728135566, 0.2836407590871067, 0,10, 0
0.7786203685225837, 0.0, 0.3051101728135566, 0.2825707065371052, 0,10, 0
0.11947049823721147, 0.0, 0.8579358699391832, 0.33064693738045037, 0,10, 0
0.27226767777556043, 0.0, 0.754339743380611, 0.38429146757924676, 0,10, 0
0.40836825650236147, 0.0, 0.6917343756657728, 0.3388234651011333, 0,10, 0
0.49531031730193575, 0.0, 0.6495663817927019, 0.42908705710313394, 0,10, 0
0.5926295483270139, 0.0, 0.5428809296113747, 0.278088706590798, 0,10, 0
0.6509013503625357, 0.0, 0.49911933549797327, 0.27113033311693313, 0,10, 0
0.6836958690880064, 0.0, 0.46869834580641034, 0.2619498407898899, 0,10, 0
0.682498503292756, 0.0, 0.46519800877613476, 0.2640836227659992, 0,10, 0
0.6855584381028405, 0.0, 0.47697294707328647, 0.2646526310101424, 0,10, 0
0.7019224373045966, 0.0, 0.4440676717342386, 0.2609038261092399, 0,10, 0
0.6673318698862503, 0.0, 0.5183979099380214, 0.30769095596635415, 0,10, 0
0.7264019157852724, 0.0, 0.4373025750677291, 0.26875048251522454, 0,10, 0
0.6950708441428857, 0.0, 0.4154216107000523, 0.3465598535265961, 0,10, 0
0.6147808155391472, 0.0, 0.5606962561910178, 0.42166027169119075, 0,10, 0
0.6420541475420741, 0.0, 0.5323216511501276, 0.39276764151879084, 0,10, 0
0.7383090534158185, 0.0, 0.4698273389923364, 0.3491225249273722, 0,10, 0
0.15472626887514135, 0.0, 0.9166729780142738, 0.5740787197265359, 0,10, 0
0.632209139892237, 0.0, 0.5632663660361168, 0.4098055861454391, 0,10, 0
0.19922836426528304, 0.0, 0.865903287563153, 0.5523033445083744, 0,10, 0
0.2318233220248786, 0.0, 0.8291686906770616, 0.5380276575808312, 0,10, 0
0.29774496108561166, 0.0, 0.7536760859231477, 0.5152466000907457, 0,10, 0
0.32994079691345707, 0.0, 0.7743259981461711, 0.5227770030917219, 0,10, 0
0.3169693341315772, 0.0, 0.7649216147822753, 0.525452225154842, 0,10, 0
0.3077895297013237, 0.0, 0.7712249337469114, 0.5183035993586983, 0,10, 0
0.40045233818931686, 0.0, 0.7004904548770032, 0.49374746709859735, 0,10, 0
0.405308321692277, 0.0, 0.6999967773041328, 0.48539684190675236, 0,10, 0
0.37763586775759994, 0.0, 0.7470866852675548, 0.496657157985968, 0,10, 0
0.40490919976052686, 0.0, 0.704206445259921, 0.4736213605241035, 0,10, 0
0.3886782412026874, 0.0, 0.6915698920585835, 0.48317930498355854, 0,10, 0
0.3584780150335928, 0.0, 0.6947968142936694, 0.48246846995461046, 0,10, 0
0.3838222576997273, 0.0, 0.745649388969412, 0.4880613340552868, 0,10, 0
0.40470963879465177, 0.0, 0.7217970296732144, 0.4820327601995303, 0,10, 0
0.4089004190780283, 0.0, 0.7051443155573023, 0.4828588722373621, 0,10, 0
0.4289895563094525, 0.0, 0.6622780446914418, 0.47679005543079095, 0,10, 0
0.4041774762189849, 0.0, 0.6677391927554583, 0.4720220553991399, 0,10, 0
0.35708108827246726, 0.0, 0.7626784479953279, 0.5001761654574077, 0,10, 0
0.4271935076165769, 0.0, 0.6399215618750699, 0.4703715713945221, 0,10, 0
0.40071841947715026, 0.0, 0.6848628414213362, 0.48276340962793635, 0,10, 0
0.37078427459588903, 0.0, 0.7232477905610919, 0.5064871694220698, 0,10, 0
0.40650568748752747, 0.0, 0.681311696660043, 0.48789078928381224, 0,10, 0
0.41588505288365596, 0.0, 0.699883257035588, 0.48353534682023896, 0,10, 0
0.4210736379964079, 0.0, 0.6881978955760826, 0.48300316937302123, 0,10, 0
0.4625823188984235, 0.0, 0.6530098791973658, 0.45208427713603905, 0,10, 0
0.4679039446550921, 0.0, 0.6346560982484805, 0.4498696329379363, 0,10, 0
0.47828111488059605, 0.0, 0.6052764329853955, 0.4401404070175031, 0,10, 0
0.4847335861105568, 0.0, 0.6139470635467023, 0.44572727392019046, 0,10, 0
0.4776824319829708, 0.0, 0.6294326344473322, 0.44098876544854515, 0,10, 0
0.4735581720215526, 0.0, 0.6400381138736526, 0.4531937741943881, 0,10, 0
0.5120734384354421, 0.0, 0.5661459895374874, 0.4376926230230279, 0,10, 0
0.5118738774695669, 0.0, 0.556540149709376, 0.4389058229352056, 0,10, 0
0.42227100379165833, 0.0, 0.7154077947718461, 0.4771860301083087, 0,10, 0
0.3981906472427327, 0.0, 0.7236721354043611, 0.4757492846720851, 0,10, 0
0.4828710170957227, 0.0, 0.5865105804443083, 0.4307918178205249, 0,10, 0
0.4867957160912659, 0.0, 0.5870067797465933, 0.43691924888255324, 0,10, 0
0.5028936340051886, 0.0, 0.5653428277072664, 0.43744373423460436, 0,10, 0
0.4875274396328078, 0.0, 0.6145576032104961, 0.4423736726676257, 0,10, 0
0.4802102042173884, 0.0, 0.6327663848644908, 0.44318488125406935, 0,10, 0
0.47967804164172156, 0.0, 0.6394312066714807, 0.4542619262392302, 0,10, 0
0.4944455531164771, 0.0, 0.5775805390522575, 0.43385630805474656, 0,10, 0
0.49471163440431054, 0.0, 0.6127310094914878, 0.4504483577691405, 0,10, 0
0.5097452271668995, 0.0, 0.60167056707739, 0.44595390238697724, 0,10, 0
0.44488791325750016, 0.0, 0.6951394593926942, 0.46341924532281864, 0,10, 0
0.313776358677576, 0.0, 0.740328049568505, 0.4659770036556699, 0,10, 0
0.46943391206013435, 0.0, 0.5920247472884399, 0.45176108735003306, 0,10, 0
0.34051752810483604, 0.0, 0.7314793131918965, 0.481055979251703, 0,10, 0
0.45579724605867095, 0.0, 0.6079459079511286, 0.44982096681345346, 0,10, 0
0.4671057007915918, 0.0, 0.6082315424728124, 0.4533909991358026, 0,10, 0
0.4810084480808887, 0.0, 0.5915932006744247, 0.44968441002485277, 0,10, 0
0.47522118007051156, 0.0, 0.6081997655653516, 0.4482171380192739, 0,10, 0
0.4851327080423069, 0.0, 0.5874471580707409, 0.436952529953005, 0,10, 0
0.4998336991951041, 0.0, 0.622648407434121, 0.45424851712274056, 0,10, 0
0.47954500099780484, 0.0, 0.6243113302713595, 0.440703472742658, 0,10, 0
0.5018958291758132, 0.0, 0.5817785230561652, 0.4304796864215293, 0,10, 0
0.46497705048892435, 0.0, 0.651040301617285, 0.4531993176460223, 0,10, 0
0.4899886915452671, 0.0, 0.5944934140433821, 0.4427292513456175, 0,10, 0
0.483469699993348, 0.0, 0.6072453848598954, 0.44571418008269903, 0,10, 0
0.4854653096520987, 0.0, 0.5900341796167019, 0.447591403779385, 0,10, 0
0.45845805893700525, 0.0, 0.6566524867161669, 0.45819721752168413, 0,10, 0
0.4751546597485532, 0.0, 0.6081138722893589, 0.446261284065265, 0,10, 0
0.5022949511075634, 0.0, 0.562789328778988, 0.4284009059770872, 0,10, 0
0.3663939333466374, 0.0, 0.7231570626466473, 0.4849300282811784, 0,10, 0
0.42360141023082554, 0.0, 0.5962913090374872, 0.4350857865256382, 0,10, 0
0.5601011108893768, 0.0, 0.5569832031839649, 0.40287404505574265, 0,10, 0
0.6425863101177409, 0.0, 0.510349466399877, 0.3856029217422543, 0,10, 0
0.6734517395064192, 0.0, 0.472382473858505, 0.36368580161319825, 0,10, 0
0.6949378034989689, 0.0, 0.45795899326747624, 0.3472310638304981, 0,10, 0
0.6838954300538814, 0.0, 0.461632473858505, 0.35406513687785657, 0,10, 0
0.735980842147276, 0.0, 0.41349435254218514, 0.34011978378392266, 0,10, 0
0.7375108095523182, 0.0, 0.4162051461535941, 0.32963790039317387, 0,10, 0
0.7405707443624027, 0.0, 0.40918292147424873, 0.3338530198376482, 0,10, 0
0.7478214594558638, 0.0, 0.4033975328562333, 0.3338569891978731, 0,10, 0
0.7585312312911594, 0.0, 0.3678439953121833, 0.31885340974127196, 0,10, 0
0.2068116809685359, 0.0, 0.8364485581478346, 0.5541665041037964, 0,10, 0
0.20787600611986962, 0.0, 0.8356081791126936, 0.5385837909390194, 0,10, 0
0.17275327612585645, 0.0, 0.849201591613185, 0.552680989850215, 0,10, 0
0.7443624027140291, 0.0, 0.3825850370911782, 0.3134309628239682, 0,10, 0
0.762722011574536, 0.0, 0.3563678550237007, 0.3070891935476054, 0,10, 0
0.18166699926827645, 0.0, 0.8184151185175242, 0.5395973561824892, 0,10, 0
0.7294618505953568, 0.0, 0.3815360730608915, 0.3135763489288159, 0,10, 0
0.7121000465642253, 0.0, 0.37014872438180546, 0.3043299472910999, 0,10, 0
0.22191179405308323, 0.0, 0.7927152205924582, 0.509188498753013, 0,10, 0
0.10057872680103772, 0.0, 0.9095274671499426, 0.5474128811809261, 0,10, 0
0.3675247788199295, 0.0, 0.7233580125170446, 0.3661479393748654, 0,10, 0
0.4845340251446817, 0.0, 0.6117952678379879, 0.37303126569768774, 0,10, 0
0.6010776292157254, 0.0, 0.557191649192984, 0.3486085165313152, 0,10, 0
0.6367990421073638, 0.0, 0.5636827793924845, 0.37226502757850427, 0,10, 0
0.7152930220182265, 0.0, 0.47828160804456377, 0.31455389383712956, 0,10, 0
0.7392403379232355, 0.0, 0.43100653077306456, 0.2750909260606753, 0,10, 0
0.7553382558371583, 0.0, 0.4245060588165162, 0.2673433434345846, 0,10, 0
0.7568682232422005, 0.0, 0.41488819051920617, 0.2555273171650845, 0,10, 0
0.7574669061398257, 0.0, 0.42369707727964545, 0.2674534830243219, 0,10, 0
0.7759595556442493, 0.0, 0.38362989087401433, 0.24089720937328515, 0,10, 0
0.7935874409632142, 0.0, 0.3609057704338634, 0.22395280525572184, 0,10, 0
0.5724738907736313, 0.0, 0.50458391847486, 0.4001162558574316, 0,10, 0
0.3803632009578926, 0.0, 0.7339530535316, 0.5029280713350803, 0,10, 0
0.352956828311049, 0.0, 0.7708467297538655, 0.5102330318843336, 0,10, 0
0.381361005787268, 0.0, 0.7497558466582481, 0.5024538546270488, 0,10, 0
0.3651300472294286, 0.0, 0.7623150718576496, 0.5015056147420747, 0,10, 0
0.41714893900086475, 0.0, 0.7398691828533329, 0.49989998627985927, 0,10, 0
0.5764651100911329, 0.0, 0.5690836846859044, 0.418934723570359, 0,10, 0
0.3603405840484268, 0.0, 0.8025013111519224, 0.5134909065200917, 0,10, 0
0.4746224971728863, 0.0, 0.6723898930665186, 0.4618142936238953, 0,10, 0
0.5110091132841083, 0.0, 0.6786355879897227, 0.4520973581921544, 0,10, 0
0.6054014501430187, 0.0, 0.5726669065795948, 0.40482890886102624, 0,10, 0
0.5594359076697931, 0.0, 0.6250057707640482, 0.43610009263230654, 0,10, 0
0.5736712565688818, 0.0, 0.6370403863350265, 0.43926832067830296, 0,10, 0
0.6740504224040444, 0.0, 0.5154252496380982, 0.3698306296421542, 0,10, 0
0.7321891837956496, 0.0, 0.4595384506073884, 0.35394916153477657, 0,10, 0
0.7172886316769773, 0.0, 0.4828668157818355, 0.34992636634315244, 0,10, 0
0.6447814807423667, 0.0, 0.5779890969393467, 0.3961343211986486, 0,10, 0
0.6821659016829641, 0.0, 0.49695086252221765, 0.36109357963686156, 0,10, 0
0.7110357214128916, 0.0, 0.4673222700733015, 0.34642926017377207, 0,10, 0
0.7089735914321825, 0.0, 0.49480955095669876, 0.3614806613135254, 0,10, 0
0.7202155258431451, 0.0, 0.46872144622028444, 0.3493245647511365, 0,10, 0
0.7367125656888179, 0.0, 0.4375470789027132, 0.3360292523555749, 0,10, 0
0.7158251845938934, 0.0, 0.49494706763391333, 0.35553338548074315, 0,10, 0
0.7315905008980244, 0.0, 0.46376244902518343, 0.3427427122390862, 0,10, 0
0.718153395862436, 0.0, 0.48815073483036187, 0.35127574088773145, 0,10, 0
0.7760260759662077, 0.0, 0.40034168909924517, 0.31498457242664046, 0,10, 0
0.7453602075434045, 0.0, 0.4673529061407332, 0.3388152865185039, 0,10, 0
0.7385086143816936, 0.0, 0.467130587600216, 0.3265169156104013, 0,10, 0
0.7193507616576864, 0.0, 0.4673765761845957, 0.33347280070013896, 0,10, 0
0.593959954766181, 0.0, 0.5478104202841615, 0.3555576808176425, 0,10, 0
0.7734983037317901, 0.0, 0.39570777670344554, 0.30770306982546286, 0,10, 0
0.7600611986962017, 0.0, 0.3976748494992006, 0.29374828531149033, 0,10, 0
0.7663141089602874, 0.0, 0.4066834319336766, 0.30376388719827374, 0,10, 0
0.6473092529767844, 0.0, 0.43420589379767016, 0.35815169903857885, 0,10, 0
0.7635202554380364, 0.0, 0.3864381111205104, 0.30292220838658773, 0,10, 0
0.7836759129914189, 0.0, 0.3680125749610019, 0.30923202781864384, 0,10, 0
0.7693075234484135, 0.0, 0.40464979536741635, 0.32194858760871037, 0,10, 0
0.7674449544335794, 0.0, 0.40889559510670337, 0.3217703225159853, 0,10, 0
0.7683762389409965, 0.0, 0.3882718631895743, 0.31319220731782066, 0,10, 0
0.7790860107762921, 0.0, 0.37251219899701604, 0.31930578064269044, 0,10, 0
0.7812146610789596, 0.0, 0.36972240962825614, 0.29769117784508636, 0,10, 0
0.7675779950774961, 0.0, 0.39191217397212247, 0.30642610092732314, 0,10, 0
0.6932082751280516, 0.0, 0.41795015337609165, 0.31621189441864184, 0,10, 0
0.6680635934277922, 0.0, 0.4408679408110458, 0.32133964518414193, 0,10, 0
0.6743830240138362, 0.0, 0.44868850846029285, 0.32112282162558464, 0,10, 0
0.6343377901949045, 0.0, 0.4643837484772779, 0.32077296735889504, 0,10, 0
0.6218319696667332, 0.0, 0.4728362401117081, 0.334273512305703, 0,10, 0
0.5601676312113351, 0.0, 0.49086235053023264, 0.39442885821691964, 0,10, 0
0.5923634670391805, 0.0, 0.4961431452249595, 0.37949873622912983, 0,10, 0
0.5719417281979645, 0.0, 0.4669709194106484, 0.3503128187655675, 0,10, 0
0.7144282578327679, 0.0, 0.4380366060622212, 0.3466857954395611, 0,10, 0
0.629215725404111, 0.0, 0.45706979738478054, 0.3725012084889145, 0,10, 0
0.4759529036120535, 0.0, 0.6174523038525882, 0.44392126171999513, 0,10, 0
0.61790727067119, 0.0, 0.5213985299214869, 0.3897304326526636, 0,10, 0
0.6242267012572341, 0.0, 0.5214361812461802, 0.382985416067792, 0,10, 0
0.6751812678773366, 0.0, 0.45014473604738925, 0.34980422914595694, 0,10, 0
0.67099048759396, 0.0, 0.46644377720918023, 0.36263335735418145, 0,10, 0
0.5006984633805628, 0.0, 0.6183786961426956, 0.44663512153396967, 0,10, 0
0.33446417880662543, 0.0, 0.7100644575460592, 0.48992798993419856, 0,10, 0
0.5775959555644249, 0.0, 0.5516885061920465, 0.4051811788069152, 0,10, 0
0.5962881660347236, 0.0, 0.5418549186754386, 0.4046977196448946, 0,10, 0
0.623095855783942, 0.0, 0.5157481315859254, 0.39705174750500705, 0,10, 0
0.6304796115213198, 0.0, 0.4971682010229064, 0.3859375790596459, 0,10, 0
0.6643384553981241, 0.0, 0.4794029426996337, 0.38097748764952655, 0,10, 0
0.6383955298343644, 0.0, 0.5161396284564048, 0.40575607547081893, 0,10, 0
0.6054014501430187, 0.0, 0.5557065045405362, 0.40912292758887175, 0,10, 0
0.6467770904011175, 0.0, 0.486447281866168, 0.37846959950715936, 0,10, 0
0.6904809419277589, 0.0, 0.4458949411006664, 0.3466253892506308, 0,10, 0
0.6948712831770105, 0.0, 0.39791344521039584, 0.32075139529882707, 0,10, 0
0.6743165036918779, 0.0, 0.44271337639091685, 0.3382887791594952, 0,10, 0
0.6513669926162443, 0.0, 0.45921880782217317, 0.33803611198178574, 0,10, 0
0.7009246324752212, 0.0, 0.40865197866743536, 0.3237637062173424, 0,10, 0
0.7041176079292224, 0.0, 0.39010011095874875, 0.31511990221663283, 0,10, 0
0.7267345173950642, 0.0, 0.41976278947760115, 0.3301857656388584, 0,10, 0
0.7213463713164372, 0.0, 0.40571854995462814, 0.31864451263600696, 0,10, 0
0.7441628417481541, 0.0, 0.3723621823012322, 0.3085306592031358, 0,10, 0
0.740437703718486, 0.0, 0.39775973676690896, 0.3169421390987402, 0,10, 0
0.7675779950774961, 0.0, 0.37250302465259205, 0.30162090737280445, 0,10, 0
0.7186855584381029, 0.0, 0.4053174651421875, 0.3302087013363828, 0,10, 0
0.6886183729129249, 0.0, 0.42136778421984844, 0.3269951125022675, 0,10, 0
0.7025211202022218, 0.0, 0.41361108395702717, 0.32492371375684387, 0,10, 0
0.7288631676977316, 0.0, 0.38087774510933436, 0.31452282227258743, 0,10, 0
0.7394398988891107, 0.0, 0.38234345639148204, 0.31380102849388175, 0,10, 0
0.7552717355151999, 0.0, 0.36716040107870607, 0.29699324539051253, 0,10, 0
0.7385086143816936, 0.0, 0.41493207593186704, 0.3287504315625134, 0,10, 0
0.7262023548193973, 0.0, 0.4027382896903823, 0.32002572952366704, 0,10, 0
0.4341781414222045, 0.0, 0.6176326478329641, 0.4267532686889329, 0,10, 0
0.7100379165835162, 0.0, 0.41270784297978397, 0.34554439150749894, 0,10, 0
0.7432980775626954, 0.0, 0.38459421908627184, 0.3238239919499886, 0,10, 0
0.0939266946052019, 0.0, 0.8819755582379155, 0.38488348930443034, 0,10, 0
0.23016031397591966, 0.0, 0.7761354268308264, 0.5124583975623455, 0,10, 0
0.29315505887048493, 0.0, 0.7457605545390572, 0.49100665792518683, 0,10, 0
0.5023614714295217, 0.0, 0.5642576906329925, 0.3297705804508375, 0,10, 0
0.46637397725004986, 0.0, 0.6132783075691524, 0.4113216102361742, 0,10, 0
0.5028271136832302, 0.0, 0.5931795043366193, 0.38392177035526126, 0,10, 0
0.5310317301935742, 0.0, 0.5764717556790173, 0.3957027749995459, 0,10, 0
0.6430519523714495, 0.0, 0.47299784165125003, 0.26488563566814277, 0,10, 0
0.6391272533759064, 0.0, 0.48740628994725305, 0.2999368644116239, 0,10, 0
0.6431849930153662, 0.0, 0.48867847731916614, 0.30402126661791085, 0,10, 0
0.7230758996873545, 0.0, 0.40374569493379653, 0.26161176173803735, 0,10, 0
0.7288631676977316, 0.0, 0.39306907700578236, 0.2560218257865425, 0,10, 0
0.6415219849664072, 0.0, 0.479389769982982, 0.3723316249537493, 0,10, 0
0.4701656356016763, 0.0, 0.6341184743668548, 0.41474205300405514, 0,10, 0
0.14009179804430252, 0.0, 0.8475306442644565, 0.545939463623151, 0,10, 0
0.15379498436772435, 0.0, 0.8418352374778234, 0.5481556219722422, 0,10, 0
0.14960420408434777, 0.0, 0.8466401825327685, 0.545823514122769, 0,10, 0
0.15931617109026808, 0.0, 0.8274657657304745, 0.5537613776166745, 0,10, 0
0.1986962016896162, 0.0, 0.8440176999449268, 0.554068234486189, 0,10, 0
0.20109093328011707, 0.0, 0.8366964007391477, 0.547996992645609, 0,10, 0
0.24991684959755206, 0.0, 0.7844277428064753, 0.5150361264106367, 0,10, 0
0.332535089469833, 0.0, 0.7110577433858671, 0.4842676081249563, 0,10, 0
0.3278121466107896, 0.0, 0.706246007536898, 0.4858345937442866, 0,10, 0
0.32634869952770573, 0.0, 0.7160537207680419, 0.49055629831746694, 0,10, 0
0.308388212598949, 0.0, 0.7154847734871932, 0.49114078231312497, 0,10, 0
0.31843278121466106, 0.0, 0.721614718151073, 0.493787215949067, 0,10, 0
0.4216723208940331, 0.0, 0.6064101914679065, 0.46265987759549837, 0,10, 0
0.26794385684826716, 0.0, 0.7915906350752574, 0.5157772837489594, 0,10, 0
0.27998403512273, 0.0, 0.7683280088126313, 0.5058945273845443, 0,10, 0
0.29268941661677644, 0.0, 0.7505281745767169, 0.5054140272418577, 0,10, 0
0.32275660214195434, 0.0, 0.7143660433460538, 0.49207675312268934, 0,10, 0
0.29122596953369256, 0.0, 0.7540476644829299, 0.5199760992932759, 0,10, 0
0.332335528503958, 0.0, 0.6952813769167375, 0.48949818700486797, 0,10, 0
0.39074037118339655, 0.0, 0.6747382290772512, 0.4667573267692729, 0,10, 0
0.39825716756469104, 0.0, 0.6468012019343099, 0.45554050319370604, 0,10, 0
0.39992017561364995, 0.0, 0.6544632403843522, 0.4580035104554163, 0,10, 0
0.3539546331404244, 0.0, 0.7101065477436098, 0.47963684516235217, 0,10, 0
0.3914720947249385, 0.0, 0.6736268736456352, 0.47382426905191694, 0,10, 0
0.2585644914521386, 0.0, 0.7938269544870118, 0.5132648499609721, 0,10, 0
0.39599547661810686, 0.0, 0.6610837162859089, 0.4710767545358, 0,10, 0
0.37317900618638994, 0.0, 0.6685861696596878, 0.47461778845489533, 0,10, 0
0.4032461917115679, 0.0, 0.6550728838540756, 0.46387591074552037, 0,10, 0
0.41814674383024014, 0.0, 0.6278138095579331, 0.4598669975849191, 0,10, 0
0.37637198164039115, 0.0, 0.6984139067100058, 0.47029804054455915, 0,10, 0
0.39932149271602474, 0.0, 0.6532215763578266, 0.46852151015440024, 0,10, 0
0.3944655092130646, 0.0, 0.6650862120291684, 0.463778313043264, 0,10, 0
0.41368988225903014, 0.0, 0.6392556399670964, 0.4515135446604389, 0,10, 0
0.37158251845938933, 0.0, 0.684094487947658, 0.4622602776673198, 0,10, 0
0.3515599015499235, 0.0, 0.7144155107938884, 0.4788801943372826, 0,10, 0
0.45885718086875543, 0.0, 0.6018526545520457, 0.4383555401730792, 0,10, 0
0.400851460121067, 0.0, 0.6583437320198656, 0.41835584454319164, 0,10, 0
0.4029135901017761, 0.0, 0.652805437974906, 0.43685089624577295, 0,10, 0
0.47728331005122066, 0.0, 0.6243319868166759, 0.41641247245488416, 0,10, 0
0.4160180935275727, 0.0, 0.6554932215494848, 0.4351287523725371, 0,10, 0
0.5895030931949711, 0.0, 0.5271077334937623, 0.39101731835245035, 0,10, 0
0.6056010111088937, 0.0, 0.5486787910082781, 0.3902133247393352, 0,10, 0
0.637397725004989, 0.0, 0.5059139193002266, 0.3750732283387414, 0,10, 0
0.660413756402581, 0.0, 0.47031824241330894, 0.3629304436225278, 0,10, 0
0.6224971728863168, 0.0, 0.49017579694597463, 0.3517566593858653, 0,10, 0
0.4290560766314109, 0.0, 0.5789889287964799, 0.42802355625317196, 0,10, 0
0.47142952171888514, 0.0, 0.5547529025041922, 0.41219516431843845, 0,10, 0
0.485332269008182, 0.0, 0.5961021576471857, 0.40208535352109437, 0,10, 0
0.21180070511541277, 0.0, 0.829349833181494, 0.5407988168184796, 0,10, 0
0.5171289829042772, 0.0, 0.6136230310387358, 0.4048986872248217, 0,10, 0
0.6107230758996873, 0.0, 0.5394386788125194, 0.36757261752972686, 0,10, 0
0.6398589769174483, 0.0, 0.518923338887295, 0.3655451408691267, 0,10, 0
0.6961351692942194, 0.0, 0.4530742748898672, 0.3437567882183184, 0,10, 0
0.7061132175879731, 0.0, 0.4429812851423142, 0.3323465166361936, 0,10, 0
0.715359542340185, 0.0, 0.4300100648488211, 0.3345032143282648, 0,10, 0
0.7245393467704384, 0.0, 0.4191994364528268, 0.33373103156367684, 0,10, 0
0.7360473624692343, 0.0, 0.39823438915109227, 0.3225294737647139, 0,10, 0
0.7311248586443159, 0.0, 0.3986856787002084, 0.3201606939963916, 0,10, 0
0.7449610856116543, 0.0, 0.36784983185760106, 0.3101265592842404, 0,10, 0
0.7444954433579458, 0.0, 0.3719580569658261, 0.3142493793290597, 0,10, 0
0.76012771901816, 0.0, 0.35285012567385043, 0.30597094957577886, 0,10, 0
0.7579990687154926, 0.0, 0.3545432473669722, 0.301976138226322, 0,10, 0
0.7565356216324087, 0.0, 0.3596442426489686, 0.3063847014690837, 0,10, 0
0.7713031331071643, 0.0, 0.3493390987954377, 0.30495082701842546, 0,10, 0
0.7713031331071643, 0.0, 0.3493390987954377, 0.301149173364546, 0,10, 0
0.7736978646976651, 0.0, 0.33636364463898216, 0.29145736131218214, 0,10, 0
0.774030466307457, 0.0, 0.33136364463898227, 0.29260916445899593, 0,10, 0
0.7758930353222909, 0.0, 0.3328201888139731, 0.2961891296085757, 0,10, 0
0.7758930353222909, 0.0, 0.3328201888139731, 0.29694716699793694, 0,10, 0
0.777023880795583, 0.0, 0.3291806619296837, 0.2909484911541205, 0,10, 0
0.7787534091665004, 0.0, 0.30507668232046653, 0.28468451196763067, 0,10, 0
0.7766912791857913, 0.0, 0.3271059030996873, 0.2896572438475705, 0,10, 0
0.7770904011175415, 0.0, 0.3187130459568302, 0.28961495959245853, 0,10, 0
0.7746291492050822, 0.0, 0.31478903426632104, 0.28827983900481335, 0,10, 0
0.7786203685225837, 0.0, 0.31174334898713324, 0.2879661046074952, 0,10, 0
0.7441628417481541, 0.0, 0.31442515992077136, 0.2869271739112595, 0,10, 0
0.792789197099714, 0.0, 0.29695285900191354, 0.2724234747177383, 0,10, 0
0.7917913922703386, 0.0, 0.29492033867671025, 0.2762778470234613, 0,10, 0
0.7886649371382958, 0.0, 0.3003832692995805, 0.27621995423228596, 0,10, 0
0.7909931484068383, 0.0, 0.29827806632645293, 0.2728823951147182, 0,10, 0
0.7893301403578793, 0.0, 0.2997945555746358, 0.28867912980871735, 0,10, 0
0.7910596687287966, 0.0, 0.30507775927562386, 0.2778068716639241, 0,10, 0
0.7909266280848799, 0.0, 0.29837515370509377, 0.2795384112324298, 0,10, 0
0.7910596687287966, 0.0, 0.29830254919159027, 0.2777117184091299, 0,10, 0
0.7951174083682565, 0.0, 0.2919235305790691, 0.2730424927152415, 0,10, 0
0.7951174083682565, 0.0, 0.2919235305790691, 0.27586165707960286, 0,10, 0
0.7964478148074237, 0.0, 0.2910385748268567, 0.27940150521373786, 0,10, 0
0.0927958491319098, 0.0, 0.9072645049064519, 0.3565922785995779, 0,10, 0
0.3329342114015832, 0.0, 0.7031094334860011, 0.3185254115744848, 0,10, 0
0.3995875740038582, 0.0, 0.6526450480084455, 0.32892140172152007, 0,10, 0
0.5285039579591565, 0.0, 0.5291629929729118, 0.2738541519763903, 0,10, 0
0.5189915519191113, 0.0, 0.567383763213022, 0.34989348390326597, 0,10, 0
0.6238275793254839, 0.0, 0.537983937165718, 0.3572655939024842, 0,10, 0
0.706844941129515, 0.0, 0.42040497278029404, 0.251525442228667, 0,10, 0
0.6614115612319563, 0.0, 0.45131139573452456, 0.2668383938737818, 0,10, 0
0.7190181600478946, 0.0, 0.4162168167646662, 0.25545188892214665, 0,10, 0
0.701257234085013, 0.0, 0.4637307115524236, 0.28096807160517734, 0,10, 0
0.709040111754141, 0.0, 0.47667142052188666, 0.28838184955608887, 0,10, 0
0.7595955564424932, 0.0, 0.40826356776297074, 0.24656045562035914, 0,10, 0
0.7613916051353689, 0.0, 0.4309283390204225, 0.2926249507222754, 0,10, 0
0.626621432847735, 0.0, 0.48394064616099214, 0.37249933838072624, 0,10, 0
0.5288365595689483, 0.0, 0.5866159592420906, 0.43969971424699134, 0,10, 0
0.5053548859176479, 0.0, 0.6077779104801635, 0.43849302643542537, 0,10, 0
0.5405441362336194, 0.0, 0.5722356737034391, 0.4136639713934505, 0,10, 0
0.5531829974057074, 0.0, 0.5657920385714916, 0.41093156395881886, 0,10, 0
0.5899022151267213, 0.0, 0.5538583170869409, 0.41218378835468117, 0,10, 0
0.5995476618106832, 0.0, 0.5109970668776432, 0.4023871775986428, 0,10, 0
0.629415286369986, 0.0, 0.4698863111673631, 0.3739297669197174, 0,10, 0
0.6332069447216124, 0.0, 0.5186872891684396, 0.38653445456797214, 0,10, 0
0.6280183596088605, 0.0, 0.4974698173129534, 0.37839122957343574, 0,10, 0
0.6881527306592163, 0.0, 0.45376192725854225, 0.35554258321498805, 0,10, 0
0.7023215592363466, 0.0, 0.44008480312242393, 0.3463689286596868, 0,10, 0
0.7239406638728132, 0.0, 0.41750485463446324, 0.3457399491965131, 0,10, 0
0.7289962083416484, 0.0, 0.41509932704288693, 0.3354727401140262, 0,10, 0
0.7202820461651034, 0.0, 0.40109488411300764, 0.3379194655814266, 0,10, 0
0.7385086143816936, 0.0, 0.3755583605567314, 0.3252884325823338, 0,10, 0
0.6777755604337125, 0.0, 0.4843862402494481, 0.35591545778388145, 0,10, 0
0.7343178340983171, 0.0, 0.38359763961915433, 0.3302541085335764, 0,10, 0
0.7425663540211535, 0.0, 0.391435750078162, 0.3278563194089345, 0,10, 0
0.6787733652630878, 0.0, 0.5123129231439723, 0.37222285873327954, 0,10, 0
0.6939399986695935, 0.0, 0.49476540658030915, 0.3564617141552203, 0,10, 0
0.6821659016829641, 0.0, 0.4853992696665198, 0.3573824754788983, 0,10, 0
0.7217454932481874, 0.0, 0.453745450770981, 0.34454708855647387, 0,10, 0
0.6898157387081754, 0.0, 0.48819218800686565, 0.35958937322226675, 0,10, 0
0.7124991684959755, 0.0, 0.42523950357952267, 0.3342892420780249, 0,10, 0
0.7330539479811082, 0.0, 0.40377517046623596, 0.31442844221757615, 0,10, 0
0.7564691013104503, 0.0, 0.36261829903378046, 0.308596265982664, 0,10, 0
0.7277988425463979, 0.0, 0.40015251663005, 0.3237925717735793, 0,10, 0
0.7212133306725205, 0.0, 0.42468002151994705, 0.32606069596077064, 0,10, 0
0.7273997206146477, 0.0, 0.3956452987651484, 0.32661017911429846, 0,10, 0
0.7354486795716091, 0.0, 0.41363785348359244, 0.3260779983924055, 0,10, 0
0.7229428590434378, 0.0, 0.4407519460995786, 0.3382722101132293, 0,10, 0
0.7265349564291891, 0.0, 0.4341744155972993, 0.33301609368470975, 0,10, 0
0.7043836892170559, 0.0, 0.46523637746444413, 0.35330344889873133, 0,10, 0
0.7315239805760659, 0.0, 0.3644435223392328, 0.31316434035526725, 0,10, 0
0.6820328610390475, 0.0, 0.3998121911483314, 0.33757415076768255, 0,10, 0
0.7381760127719018, 0.0, 0.36016762851782824, 0.31824760769245125, 0,10, 0
0.7561364997006585, 0.0, 0.37108877730388284, 0.3085365366343167, 0,10, 0
0.7148939000864765, 0.0, 0.37743210869853205, 0.31698281584859983, 0,10, 0
0.7562695403445753, 0.0, 0.35054208467606207, 0.29658207882994064, 0,10, 0
0.7455597685092796, 0.0, 0.3928311296617747, 0.32319915362680135, 0,10, 0
0.7585312312911594, 0.0, 0.36692315824099103, 0.30640786224976013, 0,10, 0
0.7433645978846538, 0.0, 0.4055086052446968, 0.32298647208291376, 0,10, 0
0.7734983037317901, 0.0, 0.3676767603418271, 0.31455814760021555, 0,10, 0
0.7462914920508216, 0.0, 0.343466090669911, 0.296437626348184, 0,10, 0
0.7642519789795783, 0.0, 0.3879984824636806, 0.32100760611583207, 0,10, 0
0.7786203685225837, 0.0, 0.36064044557200886, 0.3053156694468448, 0,10, 0
0.7587307922570345, 0.0, 0.3919197765929659, 0.3166371098247982, 0,10, 0
0.7408368256502361, 0.0, 0.39036165628231134, 0.31882251160853536, 0,10, 0
0.7370451672986097, 0.0, 0.4057533406784539, 0.3323638261144476, 0,10, 0
0.7371116876205681, 0.0, 0.42930789141046993, 0.34063029959507085, 0,10, 0
0.7336526308787334, 0.0, 0.39781445899727347, 0.3297786193440293, 0,10, 0
0.7504822723341981, 0.0, 0.3811278307443904, 0.3098134033847239, 0,10, 0
0.748420142353489, 0.0, 0.38835706219375765, 0.3274758161948583, 0,10, 0
0.7438967604603206, 0.0, 0.40367766140590644, 0.3176496351149785, 0,10, 0
0.6793055278387548, 0.0, 0.4544880361433765, 0.33880004661579916, 0,10, 0
0.6919443890108428, 0.0, 0.44848681243788485, 0.32422060193392627, 0,10, 0
0.67990421073638, 0.0, 0.39769005340145724, 0.3297354958962665, 0,10, 0
0.7015898356948047, 0.0, 0.4186292906625674, 0.33384840306912705, 0,10, 0
0.6116543604071044, 0.0, 0.4902140031148881, 0.3664682393820289, 0,10, 0
0.7058471363001397, 0.0, 0.4158355149067707, 0.33485543871317325, 0,10, 0
0.7006585511873877, 0.0, 0.4253883282133629, 0.3404960654668794, 0,10, 0
0.6925430719084681, 0.0, 0.44896038659342347, 0.33642612915651343, 0,10, 0
0.6800372513802967, 0.0, 0.4629929042901055, 0.35335542036007167, 0,10, 0
0.7026541608461385, 0.0, 0.4087476721036343, 0.32462613635268345, 0,10, 0
0.7076431849930154, 0.0, 0.43600918260840543, 0.3460865687043533, 0,10, 0
0.7077097053149737, 0.0, 0.37814872725698556, 0.3267850216264213, 0,10, 0
0.6954699660746358, 0.0, 0.4003020588679743, 0.3301233515576571, 0,10, 0
0.6393933346637398, 0.0, 0.4546632912564707, 0.35153798340728826, 0,10, 0
0.7158251845938934, 0.0, 0.3929044909917543, 0.32900198987931817, 0,10, 0
0.6431184726934078, 0.0, 0.4838380336043755, 0.36455822593067333, 0,10, 0
0.6835628284440897, 0.0, 0.42925622790103096, 0.35280475260634353, 0,10, 0
0.6912126654693008, 0.0, 0.4066448219832838, 0.3306535668067142, 0,10, 0
0.643517594625158, 0.0, 0.4567258135400585, 0.3560599757228449, 0,10, 0
0.689749218386217, 0.0, 0.41409915655610274, 0.32864248587835915, 0,10, 0
0.7097718352956829, 0.0, 0.3943801078623484, 0.31172339356075063, 0,10, 0
0.5905008980243465, 0.0, 0.43931113054016535, 0.3525701261583832, 0,10, 0
0.698662941528637, 0.0, 0.4036224058718105, 0.3237719816821589, 0,10, 0
0.7241402248386882, 0.0, 0.39302576735741984, 0.3279735166035567, 0,10, 0
0.7273997206146477, 0.0, 0.3645245362397263, 0.3092876350837252, 0,10, 0
0.6431184726934078, 0.0, 0.46808570567228003, 0.3611678445405399, 0,10, 0
0.7506818333000732, 0.0, 0.37786598310191494, 0.3117327506870612, 0,10, 0
0.7426993946650702, 0.0, 0.3806872454242437, 0.32006493456308166, 0,10, 0
0.6536286835628284, 0.0, 0.4577629474861537, 0.364494911930273, 0,10, 0
0.7160247455597685, 0.0, 0.41822186934539746, 0.32786979038868325, 0,10, 0
0.7219450542140624, 0.0, 0.40908545842510086, 0.3234691566267469, 0,10, 0
0.6445819197764917, 0.0, 0.4571522346145549, 0.34636018360549525, 0,10, 0
0.5987494179471828, 0.0, 0.493526745722799, 0.37441444587112016, 0,10, 0
0.09998004390341249, 0.0, 0.8933364898767578, 0.5746965339448097, 0,10, 0
0.29268941661677644, 0.0, 0.80259443656255, 0.5270900182319833, 0,10, 0
0.4134238009711967, 0.0, 0.7147421550180139, 0.4624657330369979, 0,10, 0
0.5436705913656622, 0.0, 0.6321660577885402, 0.41341479471946385, 0,10, 0
0.6189050755005654, 0.0, 0.5382182659959692, 0.3271612765196877, 0,10, 0
0.6945386815672188, 0.0, 0.4856416493103742, 0.2955071260490388, 0,10, 0
0.7053149737244728, 0.0, 0.48789910333347847, 0.31887397745914575, 0,10, 0
0.7356482405374842, 0.0, 0.4377187003830608, 0.3001853261303882, 0,10, 0
0.7201490055211868, 0.0, 0.41734913325868644, 0.2686414697375519, 0,10, 0
0.7509479145879066, 0.0, 0.3591746709035087, 0.24774927141921793, 0,10, 0
0.7327878666932748, 0.0, 0.37954113161012976, 0.24759283161666937, 0,10, 0
0.7604603206279519, 0.0, 0.3652433411335636, 0.25547910013152336, 0,10, 0
0.772367458258498, 0.0, 0.3444178885650105, 0.2424522111579642, 0,10, 0
0.635535155990155, 0.0, 0.46715027853746455, 0.359210165506422, 0,10, 0
0.49025477283310054, 0.0, 0.5696198709551702, 0.4121835861140691, 0,10, 0
0.6012771901816005, 0.0, 0.5228266743728862, 0.39578939969704763, 0,10, 0
0.5885052883655957, 0.0, 0.5053539481189123, 0.3866811274502126, 0,10, 0
0.6252245060866095, 0.0, 0.48248534370718316, 0.3714717386484175, 0,10, 0
0.6280183596088605, 0.0, 0.5003948369698041, 0.37597583785753097, 0,10, 0
0.6035388811281847, 0.0, 0.5067202455647221, 0.38039623218325014, 0,10, 0
0.6326082618239872, 0.0, 0.4940208697289037, 0.36984701254038876, 0,10, 0
0.7001929089336792, 0.0, 0.4222923732568561, 0.3405212175598071, 0,10, 0
0.7136300139692676, 0.0, 0.440179354282706, 0.3394774164861816, 0,10, 0
0.6908135435375508, 0.0, 0.5036561795130278, 0.36537419446593056, 0,10, 0
0.6938734783476352, 0.0, 0.5203867137194456, 0.3557584588585718, 0,10, 0
0.7268010377170225, 0.0, 0.38178742390369413, 0.318590735015824, 0,10, 0
0.7087075101443491, 0.0, 0.45794913830527434, 0.3256801319428064, 0,10, 0
0.732455265083483, 0.0, 0.4420747506797694, 0.3249153646071116, 0,10, 0
0.7558704184128251, 0.0, 0.42446687785059756, 0.32998302642338195, 0,10, 0
0.7765582385418746, 0.0, 0.34662339679010645, 0.29167705079741135, 0,10, 0
0.7666467105700792, 0.0, 0.4226898553241004, 0.3098282925940243, 0,10, 0
0.7542074103638662, 0.0, 0.3965464164485922, 0.3205118637112869, 0,10, 0
0.7540743697199495, 0.0, 0.39051222186321816, 0.3253387850069934, 0,10, 0
0.7569347435641588, 0.0, 0.36971898791287416, 0.31755720714903035, 0,10, 0
0.7736978646976651, 0.0, 0.39282801937096146, 0.3038311085830255, 0,10, 0
0.7740969866294153, 0.0, 0.3638791909401201, 0.3024184681161332, 0,10, 0
0.7521452803831571, 0.0, 0.397624927751406, 0.33342311462805296, 0,10, 0
0.7667797512139959, 0.0, 0.40057506896664186, 0.3230894163803647, 0,10, 0
0.7553382558371583, 0.0, 0.4008549762041826, 0.3181763777493188, 0,10, 0
0.7701722876338721, 0.0, 0.37223012908470515, 0.3054808509899373, 0,10, 0
0.7832767910596687, 0.0, 0.35208925497472554, 0.2976835488771692, 0,10, 0
0.7937204816071309, 0.0, 0.33995601548733134, 0.28693376089806505, 0,10, 0
0.7881327745626289, 0.0, 0.34877768081479826, 0.2990979966000892, 0,10, 0
0.7818798642985432, 0.0, 0.35948493594061376, 0.29434460548636965, 0,10, 0
0.7832102707377103, 0.0, 0.3580102118165601, 0.29117245529104485, 0,10, 0
0.7632541741502029, 0.0, 0.36928232730400334, 0.2988420033190246, 0,10, 0
0.7585977516131178, 0.0, 0.3684541998573475, 0.30666951932483333, 0,10, 0
0.7560034590567418, 0.0, 0.3727088310007346, 0.3078678903006942, 0,10, 0
0.7592629548327013, 0.0, 0.36777557044053105, 0.30691357451157425, 0,10, 0
0.7431650369187787, 0.0, 0.37528019668272883, 0.3109676198169792, 0,10, 0
0.765116743165037, 0.0, 0.3668268353656313, 0.30234068142742543, 0,10, 0
0.7762256369320828, 0.0, 0.34934254548446153, 0.30070743457029386, 0,10, 0
0.7548060932614914, 0.0, 0.3504613016742294, 0.30218203155842244, 0,10, 0
0.7355817202155258, 0.0, 0.3684677022099951, 0.32835173732528355, 0,10, 0
0.6820328610390475, 0.0, 0.410400953569589, 0.3109353456168798, 0,10, 0
0.765116743165037, 0.0, 0.3474740278560563, 0.29831724576656543, 0,10, 0
0.6514335129382026, 0.0, 0.41268759652615317, 0.3379197590544807, 0,10, 0
0.7410363866161113, 0.0, 0.43401453748732954, 0.32253233965756967, 0,10, 0
0.732455265083483, 0.0, 0.367139623597353, 0.30955338394847026, 0,10, 0
0.7626554912525777, 0.0, 0.35906248271920427, 0.3132654536560513, 0,10, 0
0.7613250848134105, 0.0, 0.3492921293337836, 0.30144698450245305, 0,10, 0
0.7641189383356616, 0.0, 0.34969439088547105, 0.3047830945509634, 0,10, 0
0.6860906006785072, 0.0, 0.44595437731703913, 0.3552976932196104, 0,10, 0
0.6875540477615911, 0.0, 0.41827646421445325, 0.3516798497683717, 0,10, 0
0.5612984766846272, 0.0, 0.47705398443079744, 0.38911510533773735, 0,10, 0
0.5746690613982571, 0.0, 0.4846501463319373, 0.38330006907576697, 0,10, 0
0.5522517128982904, 0.0, 0.477491919029591, 0.3858658135624573, 0,10, 0
0.7215459322823122, 0.0, 0.3871254610821319, 0.32741708373629835, 0,10, 0
0.7168895097452271, 0.0, 0.3656749447499274, 0.31991522236578684, 0,10, 0
0.6370651233951973, 0.0, 0.40619211354837054, 0.3446848031814731, 0,10, 0
0.6920774296547595, 0.0, 0.4054174710274571, 0.3314104970027648, 0,10, 0
0.6304130911993614, 0.0, 0.4855977007585411, 0.3838194336486928, 0,10, 0
0.6812346171755471, 0.0, 0.436755788388285, 0.36066935357127766, 0,10, 0
0.7150934610523515, 0.0, 0.41894069924984656, 0.3372170362439227, 0,10, 0
0.6312113350628618, 0.0, 0.47291016921178597, 0.38039888118155046, 0,10, 0
0.6237610590035256, 0.0, 0.4814361539998712, 0.36582763019895786, 0,10, 0
0.6462449278254506, 0.0, 0.45210038766057253, 0.34899044642843025, 0,10, 0
0.5926960686489723, 0.0, 0.4662369854618117, 0.36180567930760227, 0,10, 0
0.5932282312246391, 0.0, 0.5182470359837472, 0.40747106777460174, 0,10, 0
0.4353089868954966, 0.0, 0.700272805680543, 0.45603964917995543, 0,10, 0
0.511142153928025, 0.0, 0.6643263408561195, 0.44917175554523875, 0,10, 0
0.5589037450941262, 0.0, 0.6268979568939228, 0.4317216900183882, 0,10, 0
0.5921639060733054, 0.0, 0.5547127529037883, 0.40031756795132617, 0,10, 0
0.7594625157985765, 0.0, 0.3847301267444471, 0.31484124699614346, 0,10, 0
0.7628550522184527, 0.0, 0.3626820140384397, 0.3091914956961592, 0,10, 0
0.7673784341116211, 0.0, 0.383934048493082, 0.31825626808848045, 0,10, 0
0.7670458325018293, 0.0, 0.36953479919781296, 0.3165447485040717, 0,10, 0
0.7657819463846205, 0.0, 0.3715242720034372, 0.3110872368368835, 0,10, 0
0.775161311780749, 0.0, 0.3708984609640369, 0.30545941531406695, 0,10, 0
0.7748952304929155, 0.0, 0.37153338159895755, 0.3104433379202234, 0,10, 0
0.7517461584514069, 0.0, 0.3291274246457587, 0.2986546909971082, 0,10, 0
0.7845406771768776, 0.0, 0.31829752485157736, 0.29867120720288176, 0,10, 0
0.7855384820062529, 0.0, 0.3233276589590243, 0.2943348953688822, 0,10, 0
0.7853389210403778, 0.0, 0.31757150580216764, 0.29000384619177566, 0,10, 0
0.784075034923169, 0.0, 0.32339866243372806, 0.29177111560492874, 0,10, 0
0.7832767910596687, 0.0, 0.3300778818781061, 0.29692336809844094, 0,10, 0
0.782944189449877, 0.0, 0.33730323259496164, 0.29839940556593986, 0,10, 0
0.7875340916650037, 0.0, 0.3320678948616852, 0.29231744723473985, 0,10, 0
0.7878666932747954, 0.0, 0.3267324562142608, 0.29349417368862646, 0,10, 0
0.787600611986962, 0.0, 0.327759803736087, 0.28994358018545463, 0,10, 0
0.7884653761724206, 0.0, 0.3207823925572001, 0.29146135580948657, 0,10, 0
0.10909332801170758, 0.0, 0.882750780608489, 0.29619190181004423, 0,10, 0
0.2101376970664538, 0.0, 0.8461420767132375, 0.5341534032612318, 0,10, 0
0.3033991884520721, 0.0, 0.72455097174347, 0.3732045048034069, 0,10, 0
0.39326814341781413, 0.0, 0.7034768931564958, 0.4106633899531433, 0,10, 0
0.44508747422337525, 0.0, 0.6632579170886415, 0.4395401228427967, 0,10, 0
0.5725404110955897, 0.0, 0.5272393863853372, 0.28626059154513284, 0,10, 0
0.6769107962482538, 0.0, 0.4867700214118495, 0.284980848079967, 0,10, 0
0.703319364065722, 0.0, 0.4662016751765758, 0.27135321572538856, 0,10, 0
0.664870617973791, 0.0, 0.5146499919175412, 0.33811962024946224, 0,10, 0
0.726135834497439, 0.0, 0.4073737305074151, 0.23515289841875894, 0,10, 0
0.7233419809751879, 0.0, 0.4190979021905087, 0.24365702465462158, 0,10, 0
0.7303931351027739, 0.0, 0.41606313273759055, 0.25505672911648475, 0,10, 0
0.5528503957959157, 0.0, 0.5536940485571977, 0.4294630756971936, 0,10, 0
0.5152664138894433, 0.0, 0.5712452806948793, 0.4238122779861942, 0,10, 0
0.6282179205747356, 0.0, 0.5186191405681013, 0.3826893934357031, 0,10, 0
0.6966008115479279, 0.0, 0.4443833334591173, 0.35343139733739193, 0,10, 0
0.6997937870019291, 0.0, 0.4542761222793659, 0.34634718781026336, 0,10, 0
0.7130978513936007, 0.0, 0.44715917191628635, 0.33944786107901825, 0,10, 0
0.7520122397392404, 0.0, 0.37697125789230307, 0.32006040806374647, 0,10, 0
0.7063792988758065, 0.0, 0.4458726872164057, 0.33234273972978906, 0,10, 0
0.7432980775626954, 0.0, 0.43883858108631735, 0.31419239200450394, 0,10, 0
0.7703053282777889, 0.0, 0.41097031747655194, 0.30760312024937586, 0,10, 0
0.7508148739439899, 0.0, 0.4549263702926314, 0.32887390937634864, 0,10, 0
0.7464910530166966, 0.0, 0.450115699746177, 0.33309134875410257, 0,10, 0
0.7482205813876139, 0.0, 0.4465259630552558, 0.32778725923820756, 0,10, 0
0.7430985165968204, 0.0, 0.4610728590868114, 0.3418959960325711, 0,10, 0
0.7661145479944123, 0.0, 0.4149365710724436, 0.3178187797833416, 0,10, 0
0.7758265150003326, 0.0, 0.3902381209035749, 0.30075468879401673, 0,10, 0
0.7843411162110024, 0.0, 0.3741222365211996, 0.2986421770682502, 0,10, 0
0.7742965475952903, 0.0, 0.3688047570009815, 0.29590458231885175, 0,10, 0
0.7039845672853057, 0.0, 0.41275547161646414, 0.32531207466296513, 0,10, 0
0.7304596554247322, 0.0, 0.39641740834802447, 0.31500303742449826, 0,10, 0
0.7530100445686158, 0.0, 0.3883549426195595, 0.3018207497476819, 0,10, 0
0.7022550389143883, 0.0, 0.4520034097358746, 0.3386259736724797, 0,10, 0
0.7076431849930154, 0.0, 0.41879662187851535, 0.3218867333849919, 0,10, 0
0.7655823854187455, 0.0, 0.37650090531012453, 0.29564263297063686, 0,10, 0
0.7693075234484135, 0.0, 0.3920431364624168, 0.30731129921174244, 0,10, 0
0.6964012505820528, 0.0, 0.40776374299230755, 0.333913888340798, 0,10, 0
0.7093727133639327, 0.0, 0.3952002063122042, 0.3226251467541293, 0,10, 0
0.6966008115479279, 0.0, 0.40293966034537887, 0.31782675657839204, 0,10, 0
0.6991285837823455, 0.0, 0.4115616799808336, 0.32753559022572454, 0,10, 0
0.6685292356815007, 0.0, 0.43763183874997724, 0.33587781574984865, 0,10, 0
0.6593494312512472, 0.0, 0.4474074311836699, 0.35491868522222725, 0,10, 0
0.723741102906938, 0.0, 0.3847163297056992, 0.3156406473236801, 0,10, 0
0.766247588638329, 0.0, 0.3772063669668164, 0.30135646776173086, 0,10, 0
0.7787534091665004, 0.0, 0.35661390930575687, 0.29071226682961915, 0,10, 0
0.7844076365329609, 0.0, 0.32388970857662513, 0.2949575487152211, 0,10, 0
0.7818133439765849, 0.0, 0.3483180361712984, 0.30315349996823443, 0,10, 0
0.7081753475686823, 0.0, 0.3829710875986143, 0.3140255143738924, 0,10, 0
0.6911461451473425, 0.0, 0.4276981083359781, 0.3292084394484226, 0,10, 0
0.6658684228031664, 0.0, 0.43910027842537475, 0.3453151529119671, 0,10, 0
0.6315439366726535, 0.0, 0.454312581041738, 0.35798242048325946, 0,10, 0
0.6682631543936672, 0.0, 0.42055339464148916, 0.33933746047154245, 0,10, 0
0.5487926561564558, 0.0, 0.5338277175744615, 0.3977442834620739, 0,10, 0
0.5618971595822524, 0.0, 0.4765903864148439, 0.36852736338338593, 0,10, 0
0.5932282312246391, 0.0, 0.46630528493349865, 0.3564570838466368, 0,10, 0
0.6337391072972793, 0.0, 0.4368472428506776, 0.3460522337664715, 0,10, 0
0.6135169294219384, 0.0, 0.4521427556165001, 0.35889796490348397, 0,10, 0
0.5640923302068782, 0.0, 0.5671907836751694, 0.41909416705383046, 0,10, 0
0.682498503292756, 0.0, 0.4472215246848454, 0.36093594472623997, 0,10, 0
0.3246191711567884, 0.0, 0.6937017310912736, 0.49048674292188116, 0,10, 0
0.641854586576199, 0.0, 0.4801550963097874, 0.365265659952126, 0,10, 0
0.7192842413357281, 0.0, 0.41122703863699045, 0.3337261266917509, 0,10, 0
0.7358478015033593, 0.0, 0.37911541408867905, 0.3205297846956855, 0,10, 0
0.7318565821858578, 0.0, 0.394512131270234, 0.33026426991838176, 0,10, 0
0.7514800771635735, 0.0, 0.3632913016827624, 0.3147985261410991, 0,10, 0
0.7821459455863766, 0.0, 0.34656193773475974, 0.30510631533499294, 0,10, 0
0.780349896893501, 0.0, 0.35190341451058843, 0.302994103470834, 0,10, 0
0.7828111488059603, 0.0, 0.34152456231947736, 0.30412568581733157, 0,10, 0
0.7821459455863766, 0.0, 0.34531193773475977, 0.30773310861202824, 0,10, 0
0.7820794252644183, 0.0, 0.34781193773475977, 0.2973268922387578, 0,10, 0
0.7862702055477948, 0.0, 0.34795224603205405, 0.30957526382767275, 0,10, 0
0.7862036852258365, 0.0, 0.34852948699366465, 0.310929882914985, 0,10, 0
0.7883323355285039, 0.0, 0.3266382160218875, 0.30082071706360664, 0,10, 0
0.7882658152065456, 0.0, 0.3291382160218875, 0.2966711865966196, 0,10, 0
0.7885984168163374, 0.0, 0.3191382160218875, 0.2879280326091259, 0,10, 0
0.41249251646377966, 0.0, 0.6692743391337982, 0.4600239619220074, 0,10, 0
0.7801503359276258, 0.0, 0.3417341179723517, 0.300323642453036, 0,10, 0
0.4373045965542473, 0.0, 0.6001404628127713, 0.4275076316012823, 0,10, 0
0.7434311182066121, 0.0, 0.3854990888659775, 0.3217787412890881, 0,10, 0
0.7434311182066121, 0.0, 0.3854990888659775, 0.32181188669695, 0,10, 0
0.747488857846072, 0.0, 0.3726223765372103, 0.3160774070791442, 0,10, 0
0.7663806292822457, 0.0, 0.3378355559241805, 0.3047473192277374, 0,10, 0
0.7570012638861172, 0.0, 0.3450489797552514, 0.30621394232807253, 0,10, 0
0.7711035721412892, 0.0, 0.339956506074152, 0.3079059948654679, 0,10, 0
0.772367458258498, 0.0, 0.3403215503219396, 0.2990106766655577, 0,10, 0
0.7758265150003326, 0.0, 0.3339355354416792, 0.3032515760869103, 0,10, 0
0.7757599946783742, 0.0, 0.3315858143096817, 0.29767390645539005, 0,10, 0
0.7778221246590834, 0.0, 0.33593437256779013, 0.2894930563212108, 0,10, 0
0.7825450675181268, 0.0, 0.33378840815165517, 0.29107498613024313, 0,10, 0
0.7834763520255438, 0.0, 0.330123099353603, 0.2910822563700018, 0,10, 0
0.7826781081620435, 0.0, 0.3306327890940619, 0.29053567677625725, 0,10, 0
0.7834763520255438, 0.0, 0.3218470296504078, 0.29042053771269183, 0,10, 0
0.7863367258697532, 0.0, 0.31551105081442893, 0.29477859681067264, 0,10, 0
0.7869354087673784, 0.0, 0.31369865557139287, 0.2907844654459755, 0,10, 0
0.7864032461917115, 0.0, 0.31745974655573944, 0.2942448286540916, 0,10, 0
0.7832102707377103, 0.0, 0.32038989716359195, 0.2931544063598275, 0,10, 0
0.7796846936739174, 0.0, 0.3218395897818004, 0.2887528760138015, 0,10, 0
0.7811481407570012, 0.0, 0.3177655157077263, 0.2856367295322123, 0,10, 0
0.7897292622896295, 0.0, 0.31116501765163035, 0.28300360546765113, 0,10, 0
0.7913922703385884, 0.0, 0.30361798212340085, 0.2817095885670888, 0,10, 0
0.09465841814674383, 0.0, 0.9368051302237016, 0.4381688895377955, 0,10, 0
0.35162642187188187, 0.0, 0.7349260364921415, 0.352343664234365, 0,10, 0
0.4114947116344043, 0.0, 0.7053404118571409, 0.44876326901995695, 0,10, 0
0.47981108228563824, 0.0, 0.6527061063804573, 0.3684687308522314, 0,10, 0
0.5392802501164106, 0.0, 0.5706197325422808, 0.3041529343030869, 0,10, 0
0.5905008980243465, 0.0, 0.5481793379978812, 0.291363463071541, 0,10, 0
0.6163107829441894, 0.0, 0.5145281392185578, 0.2801250073185987, 0,10, 0
0.6548925696800373, 0.0, 0.45834749614462955, 0.2500622598157942, 0,10, 0
0.6536952038847869, 0.0, 0.49352574187326037, 0.2730927408817296, 0,10, 0
0.7250049890241469, 0.0, 0.45069316161393497, 0.2726844289447137, 0,10, 0
0.709239672720016, 0.0, 0.4760272617822972, 0.278293962144671, 0,10, 0
0.7428324353089869, 0.0, 0.41133367017357847, 0.2529558919042479, 0,10, 0
0.6058005720747689, 0.0, 0.5027530058336772, 0.3811430704264424, 0,10, 0
0.44648440098450076, 0.0, 0.6359760891608511, 0.45746346424956413, 0,10, 0
0.5980842147275993, 0.0, 0.5843809513453152, 0.4165026909235319, 0,10, 0
0.4625823188984235, 0.0, 0.6560151762874572, 0.458140494254881, 0,10, 0
0.48493314707643187, 0.0, 0.6429734209627516, 0.4495527750476318, 0,10, 0
0.4905873744428923, 0.0, 0.6325156083351275, 0.45125465902845213, 0,10, 0
0.51985631610457, 0.0, 0.6106096884534461, 0.4392703599122037, 0,10, 0
0.6354021153462382, 0.0, 0.5273205073255991, 0.4092711418608199, 0,10, 0
0.6393268143417814, 0.0, 0.5356481053042204, 0.389373977404015, 0,10, 0
0.6935408767378434, 0.0, 0.484664237435498, 0.3789152264336102, 0,10, 0
0.712233087208142, 0.0, 0.4586840298442805, 0.3548523278295934, 0,10, 0
0.7043171688950974, 0.0, 0.48693173234515386, 0.38072887935061345, 0,10, 0
0.6820993813610058, 0.0, 0.5534234786508989, 0.39911775705375596, 0,10, 0
0.720947249384687, 0.0, 0.47945282389816346, 0.36704643380798, 0,10, 0
0.7534756868223242, 0.0, 0.434047414147889, 0.341235174043791, 0,10, 0
0.7702388079558306, 0.0, 0.4053161805136286, 0.32415306231665497, 0,10, 0
0.7428324353089869, 0.0, 0.4838868433524635, 0.34766604025788034, 0,10, 0
0.7685092795849132, 0.0, 0.4337419939833488, 0.3241388326722781, 0,10, 0
0.7323887447615246, 0.0, 0.4844735391596056, 0.36228635400509146, 0,10, 0
0.7264684361072308, 0.0, 0.5087334684346287, 0.36865737965816114, 0,10, 0
0.750083150402448, 0.0, 0.4067581172877407, 0.33785010316262415, 0,10, 0
0.7683097186190381, 0.0, 0.4362590141510328, 0.3328628016739162, 0,10, 0
0.7613916051353689, 0.0, 0.43920674242104385, 0.33560218730997, 0,10, 0
0.7633206944721612, 0.0, 0.4346440916748279, 0.33399168575914906, 0,10, 0
0.7723009379365396, 0.0, 0.42536887182890126, 0.32895323847926233, 0,10, 0
0.778686888844542, 0.0, 0.3913139870073594, 0.31590263071096647, 0,10, 0
0.76904144216058, 0.0, 0.39677896370116245, 0.3216077264457292, 0,10, 0
0.7774230027273332, 0.0, 0.3853528211125555, 0.31407808139028665, 0,10, 0
0.7769573604736247, 0.0, 0.38860054712073383, 0.3119491635211038, 0,10, 0
0.7789529701323754, 0.0, 0.3854007425929181, 0.3134531581736083, 0,10, 0
0.7782877669127919, 0.0, 0.39006339830305803, 0.31285214360484037, 0,10, 0
0.7736313443757068, 0.0, 0.3708748990804539, 0.30447094545393955, 0,10, 0
0.6705913656622098, 0.0, 0.40820092994123863, 0.34198233545564294, 0,10, 0
0.6765116743165037, 0.0, 0.42943084973765827, 0.3384872504434016, 0,10, 0
0.7293953302733985, 0.0, 0.39244583400789806, 0.3213860790222571, 0,10, 0
0.7208807290627287, 0.0, 0.39830836777572837, 0.31862857595252214, 0,10, 0
0.7254041109558971, 0.0, 0.4019306158796865, 0.32015024423532096, 0,10, 0
0.7643184993015366, 0.0, 0.36010980680161997, 0.30995440476483965, 0,10, 0
0.7522118007051154, 0.0, 0.3761187154929144, 0.3102375879214415, 0,10, 0
0.7641189383356616, 0.0, 0.38228487939233047, 0.31414931745838176, 0,10, 0
0.7456262888312379, 0.0, 0.390966048542881, 0.31790632185563394, 0,10, 0
0.7392403379232355, 0.0, 0.39637885668182327, 0.3300356189506838, 0,10, 0
0.6952704051087607, 0.0, 0.4344268201261864, 0.3380948680644203, 0,10, 0
0.7284640457659816, 0.0, 0.3989393372196698, 0.33086753845655364, 0,10, 0
0.6668662276325418, 0.0, 0.4585975980382627, 0.3518037384985873, 0,10, 0
0.44854653096520986, 0.0, 0.6322729043075753, 0.4262225693531951, 0,10, 0
0.1700924632475221, 0.0, 0.797460906799708, 0.5335654610976593, 0,10, 0
0.19636799042107364, 0.0, 0.7804125715419343, 0.5198673500272175, 0,10, 0
0.4081686955364864, 0.0, 0.6474432178658043, 0.4433533433934487, 0,10, 0
0.5976185724738907, 0.0, 0.497759190613103, 0.36883756615623803, 0,10, 0
0.6039380030599348, 0.0, 0.4902576612883716, 0.3480166839487852, 0,10, 0
0.6189050755005654, 0.0, 0.4722389442105638, 0.3565135297725582, 0,10, 0
0.6473092529767844, 0.0, 0.45868748828149336, 0.3565455742120031, 0,10, 0
0.6022084746890175, 0.0, 0.5107090961037833, 0.3732134856629429, 0,10, 0
0.5918978247854719, 0.0, 0.5047633556094656, 0.38671324580966976, 0,10, 0
0.4899886915452671, 0.0, 0.6583766169163567, 0.45944061002069075, 0,10, 0
0.5379498436772434, 0.0, 0.6189101439179505, 0.4410617833182162, 0,10, 0
0.5804563294086343, 0.0, 0.5760210995230364, 0.4153439187101794, 0,10, 0
0.5873079225703453, 0.0, 0.5481781310965239, 0.40136285919821096, 0,10, 0
0.6384620501563227, 0.0, 0.5172176709958769, 0.3810010310728953, 0,10, 0
0.6859575600345905, 0.0, 0.502260081526108, 0.3699684914695239, 0,10, 0
0.657819463846205, 0.0, 0.494491637920071, 0.37540896139252383, 0,10, 0
0.6725204549990021, 0.0, 0.4850615046117999, 0.3681257236802372, 0,10, 0
0.7389742566354021, 0.0, 0.3857203704123464, 0.3244239123378731, 0,10, 0
0.756402580988492, 0.0, 0.36846262457663914, 0.3246946243392786, 0,10, 0
0.7446284840018625, 0.0, 0.3936171979332672, 0.3270272944963193, 0,10, 0
0.7505487926561565, 0.0, 0.38081000432107764, 0.31602182011949337, 0,10, 0
0.754007849397991, 0.0, 0.36306000432107766, 0.31417657268730026, 0,10, 0
0.7583981906472428, 0.0, 0.35854435640345556, 0.30585809416089077, 0,10, 0
0.762522450608661, 0.0, 0.3665298061389054, 0.30234072020771774, 0,10, 0
0.7699727266679971, 0.0, 0.3420683142409727, 0.2974120100814301, 0,10, 0
0.7842080755670857, 0.0, 0.3274175886225052, 0.2935507349957162, 0,10, 0
0.7865362868356283, 0.0, 0.33789500099507885, 0.2898433949732422, 0,10, 0
0.7875340916650037, 0.0, 0.3387957595285807, 0.28978557594392096, 0,10, 0
0.7877336526308787, 0.0, 0.3148809317310096, 0.2860654580459027, 0,10, 0
0.7873345306991286, 0.0, 0.32525971960979744, 0.2910629936338386, 0,10, 0
0.7869354087673784, 0.0, 0.33365257675265453, 0.2939652389719576, 0,10, 0
0.7873345306991286, 0.0, 0.32525971960979744, 0.29484178256174365, 0,10, 0
0.782212465908335, 0.0, 0.34082429392437175, 0.3003189476489615, 0,10, 0
0.7722344176145812, 0.0, 0.3290997031556634, 0.293007723045409, 0,10, 0
0.783875473957294, 0.0, 0.31572731573915835, 0.2870610330655301, 0,10, 0
0.7834763520255438, 0.0, 0.3282273157391583, 0.2931891470779191, 0,10, 0
0.7887979777822125, 0.0, 0.3130797056173214, 0.2902695101099976, 0,10, 0
0.7881327745626289, 0.0, 0.32035243289004867, 0.2901031392336644, 0,10, 0
0.7891305793920043, 0.0, 0.30441087135811024, 0.28229160856473345, 0,10, 0
0.7877336526308787, 0.0, 0.32244117438841324, 0.2854239775018031, 0,10, 0
0.7877336526308787, 0.0, 0.3234260228732617, 0.29197943348985517, 0,10, 0
0.7921239938801303, 0.0, 0.3209995522850264, 0.2946139183350739, 0,10, 0
0.7943856848267146, 0.0, 0.3043570207752383, 0.2725664869964788, 0,10, 0
