acuracia,loss,frr,fpr, removed, n_clf, tp_removed
0.09825051553249518, 2.3036959164792696, 0.8944041643372586, 0.3510638335706202, 0,0, 0
0.09851659682032861, 2.3071286297523277, 0.8940659233297975, 0.45886988977628995, 0,4, 0
0.0991818000399122, 2.329740725876463, 0.8938392947495167, 0.5031794597317338, 0,2, 0
0.09991352358145414, 2.306968010424267, 0.9273376082964652, 0.5246638300340039, 0,6, 0
0.09991352358145414, 2.3128808012410236, 0.9273376082964652, 0.5207224155979554, 0,11, 0
0.10037916583516264, 2.30662277824411, 0.8834329244788439, 0.5030497391094186, 0,7, 0
0.09878267810816205, 2.422896365574446, 0.9000015148416551, 0.510556235220443, 0,5, 0
0.09958092197166234, 2.373816861083691, 0.8933638062721464, 0.5134368661355572, 0,7, 0
0.10024612519124593, 2.360879593454403, 0.88033626681359, 0.49656782262689736, 0,6, 0
0.09878267810816205, 2.404175286734563, 0.9000015148416551, 0.5124961653898334, 0,7, 0
0.09904875939599547, 2.3839555480939647, 0.8938837418790088, 0.5040922327610163, 0,12, 0
0.09958092197166234, 2.3223370286127865, 0.8933638062721464, 0.5117094090005847, 0,11, 0
0.09878267810816205, 2.507927268888235, 0.9000015148416551, 0.5139575451093786, 0,10, 0
0.09991352358145414, 2.403975349164712, 0.9273376082964652, 0.5191058842098566, 0,7, 0
0.10024612519124593, 2.4317496058819246, 0.88033626681359, 0.4973527296476904, 0,7, 0
0.09991352358145414, 2.3590315895658494, 0.9273376082964652, 0.5188492590002391, 0,4, 0
0.10111088937670458, 2.469979469484177, 0.9116167084157132, 0.5123538207329751, 0,3, 0
0.09878267810816205, 2.4064244929326155, 0.9000015148416551, 0.5124695992938056, 0,7, 0
0.09904875939599547, 2.4450294473313496, 0.8938837418790088, 0.5070320786999534, 0,10, 0
0.09878267810816205, 2.442816764891429, 0.9000015148416551, 0.5133988013637416, 0,5, 0
0.09878267810816205, 2.4326961959882514, 0.9000015148416551, 0.5149463989637906, 0,6, 0
0.09958092197166234, 2.473813474055402, 0.8933638062721464, 0.5116862030546245, 0,9, 0
0.09991352358145414, 2.4050949396728987, 0.9273376082964652, 0.5217086363489637, 0,6, 0
0.09878267810816205, 2.4405259730802724, 0.9000015148416551, 0.5149220289588747, 0,9, 0
0.09878267810816205, 2.5443621061205555, 0.9000015148416551, 0.5130175044882236, 0,5, 0
0.10017960486928756, 2.406286114895565, 0.8835487229879121, 0.5074632736757023, 0,6, 0
0.0996474422936207, 2.6337586910014283, 0.9424463317291131, 0.5169813698610859, 0,8, 0
0.09958092197166234, 2.4157053614094104, 0.8933638062721464, 0.5149627693059183, 0,5, 0
0.0996474422936207, 2.34485390534747, 0.9424463317291131, 0.5203319247593989, 0,7, 0
0.0996474422936207, 2.497090526448033, 0.9424463317291131, 0.5205713145081414, 0,5, 0
0.10051220647907935, 2.3774775179894885, 0.8777699163158681, 0.510126567341993, 0,6, 0
0.09878267810816205, 2.3935849066782335, 0.9000015148416551, 0.5103431054021367, 0,9, 0
0.0996474422936207, 2.3897334108775796, 0.9424463317291131, 0.518230000854946, 0,7, 0
0.10097784873278787, 2.378896970048855, 0.8896953824485279, 0.5060397082175743, 0,9, 0
0.09958092197166234, 2.3210832092296196, 0.8933638062721464, 0.5132592076849374, 0,12, 0
0.09958092197166234, 2.3597180876420705, 0.8933638062721464, 0.5152435590704859, 0,3, 0
0.09958092197166234, 2.3859190964805053, 0.8933638062721464, 0.5149574944974614, 0,6, 0
0.09878267810816205, 2.357582659578003, 0.9000015148416551, 0.5105839193599482, 0,8, 0
0.10111088937670458, 2.3996204812076445, 0.9116167084157132, 0.515590265244957, 0,11, 0
0.09878267810816205, 2.465996795592571, 0.9000015148416551, 0.5127979188924116, 0,10, 0
0.09991352358145414, 2.414678336403085, 0.9273376082964652, 0.5234030858136652, 0,4, 0
0.09991352358145414, 2.3461418393557003, 0.9273376082964652, 0.5240413639990317, 0,7, 0
0.09904875939599547, 2.4299762580063753, 0.8938837418790088, 0.5111173081565058, 0,5, 0
0.09878267810816205, 2.4645717901708695, 0.9000015148416551, 0.5133401953656918, 0,6, 0
0.0996474422936207, 2.325372040870462, 0.9424463317291131, 0.5174543582997007, 0,9, 0
0.09958092197166234, 2.42577985302382, 0.8933638062721464, 0.5155824881982665, 0,9, 0
0.09878267810816205, 2.420349979189701, 0.9000015148416551, 0.5162226870547089, 0,8, 0
0.09958092197166234, 2.3487058251487563, 0.8933638062721464, 0.5117525352793747, 0,10, 0
0.09958092197166234, 2.758143795850565, 0.8933638062721464, 0.5140867795303443, 0,8, 0
0.09878267810816205, 2.440048361906215, 0.9000015148416551, 0.5130747357920717, 0,5, 0
0.10017960486928756, 2.416231419538489, 0.8835487229879121, 0.5036281786892042, 0,8, 0
0.09958092197166234, 2.383552888858693, 0.8933638062721464, 0.5147133835670793, 0,9, 0
0.09991352358145414, 2.36325683007259, 0.9273376082964652, 0.5209596178210988, 0,11, 0
0.10017960486928756, 2.342945807550923, 0.8835487229879121, 0.5061413617295024, 0,11, 0
0.09904875939599547, 2.5626511781394723, 0.8938837418790088, 0.5060065683969728, 0,11, 0
0.09958092197166234, 2.385948019343952, 0.8933638062721464, 0.5136564843202901, 0,11, 0
0.10111088937670458, 2.373915973699617, 0.9116167084157132, 0.5120348639609029, 0,7, 0
0.10111088937670458, 2.394859827469584, 0.9116167084157132, 0.5133564303576065, 0,7, 0
0.09904875939599547, 2.3512686013239694, 0.8938837418790088, 0.5045026709325653, 0,7, 0
0.09991352358145414, 2.385955783720225, 0.9273376082964652, 0.5234648872376445, 0,4, 0
0.09991352358145414, 2.38885103040118, 0.9273376082964652, 0.5216825792285849, 0,4, 0
0.09904875939599547, 2.54054410292829, 0.8938837418790088, 0.5067734470753265, 0,12, 0
0.0996474422936207, 2.4351733647792915, 0.9424463317291131, 0.5209413148818034, 0,5, 0
0.10097784873278787, 2.3802465484867565, 0.8896953824485279, 0.5075236263943357, 0,6, 0
0.10024612519124593, 2.5674194564824413, 0.88033626681359, 0.49183362679467435, 0,10, 0
0.10111088937670458, 2.331044111836736, 0.9116167084157132, 0.513849733036951, 0,7, 0
0.09991352358145414, 2.4843967183656197, 0.9273376082964652, 0.5208800892671361, 0,9, 0
0.10017960486928756, 2.3667288799053705, 0.8835487229879121, 0.5058561671991274, 0,8, 0
0.09958092197166234, 2.410597751956258, 0.8933638062721464, 0.5166013713794267, 0,8, 0
0.09958092197166234, 2.3703788871307743, 0.8933638062721464, 0.5155843633774342, 0,6, 0
0.09991352358145414, 2.4524526235023707, 0.9273376082964652, 0.5228416096726226, 0,7, 0
0.10111088937670458, 2.34838576968032, 0.9116167084157132, 0.5142659488551246, 0,12, 0
0.09904875939599547, 2.545660805339023, 0.8938837418790088, 0.5069124269160459, 0,8, 0
0.09878267810816205, 2.3761059144121646, 0.9000015148416551, 0.5128579602486001, 0,6, 0
0.09958092197166234, 2.625399279945713, 0.8933638062721464, 0.5155874175463482, 0,4, 0
0.09958092197166234, 2.359828990011533, 0.8933638062721464, 0.5112099536573921, 0,5, 0
0.10097784873278787, 2.4054166759265, 0.8896953824485279, 0.5053558978875778, 0,11, 0
0.09991352358145414, 2.3851293953546846, 0.9273376082964652, 0.5235132371438072, 0,9, 0
0.0996474422936207, 2.3610158043850413, 0.9424463317291131, 0.5163545109483485, 0,6, 0
0.10097784873278787, 2.3889509305771277, 0.8896953824485279, 0.5086664346806022, 0,5, 0
0.09958092197166234, 2.3739077004813502, 0.8933638062721464, 0.5167999811330103, 0,8, 0
0.0996474422936207, 2.367273932499918, 0.9424463317291131, 0.5158710070718768, 0,8, 0
0.09878267810816205, 2.33523843954211, 0.9000015148416551, 0.5122410915428913, 0,7, 0
0.0996474422936207, 2.4060341519985275, 0.9424463317291131, 0.5186081281854643, 0,5, 0
0.09904875939599547, 2.4110755820732064, 0.8938837418790088, 0.5058422444623275, 0,6, 0
0.09904875939599547, 2.4895219130009494, 0.8938837418790088, 0.5070347480185126, 0,6, 0
0.0996474422936207, 2.3849300688266086, 0.9424463317291131, 0.5206608700133499, 0,13, 0
0.09958092197166234, 2.406881149741519, 0.8933638062721464, 0.5123669227019845, 0,4, 0
0.09991352358145414, 2.6822834179357464, 0.9273376082964652, 0.5211750132400723, 0,7, 0
0.09991352358145414, 2.3401011955093374, 0.9273376082964652, 0.5221271403275124, 0,9, 0
0.09904875939599547, 2.5507949167070914, 0.8938837418790088, 0.5005060884310241, 0,10, 0
0.09878267810816205, 2.3918541705371266, 0.9000015148416551, 0.5145283154841835, 0,6, 0
0.10097784873278787, 2.3709956939877177, 0.8896953824485279, 0.506257982355943, 0,8, 0
0.0996474422936207, 2.4387955873350196, 0.9424463317291131, 0.5167617595165475, 0,5, 0
0.10111088937670458, 2.366369572274502, 0.9116167084157132, 0.5112859907503965, 0,8, 0
0.10051220647907935, 2.3579790049316736, 0.8777699163158681, 0.5085059112468209, 0,7, 0
0.10017960486928756, 2.366861030852922, 0.8835487229879121, 0.510414390060289, 0,10, 0
0.09958092197166234, 2.409801654922568, 0.8933638062721464, 0.5178921451962901, 0,10, 0
0.09878267810816205, 2.372027104378127, 0.9000015148416551, 0.5133196726908199, 0,7, 0
0.09878267810816205, 2.4983199916976755, 0.9000015148416551, 0.514525954551057, 0,7, 0
0.09904875939599547, 2.517583230611831, 0.8938837418790088, 0.5086633466813868, 0,7, 0
0.09578926362003592, 2.3043449718953926, 0.8973136928211356, 0.4218586437694868, 0,0, 0
0.10111088937670458, 2.3028562326024633, 0.9116167084157132, 0.5134185288878221, 0,3, 0
0.09991352358145414, 2.3096931594293415, 0.9273376082964652, 0.5224556445676317, 0,3, 0
0.10051220647907935, 2.308179553695554, 0.8777699163158681, 0.5057442848995294, 0,3, 0
0.10111088937670458, 2.3500657905355817, 0.9116167084157132, 0.5099397344826915, 0,6, 0
0.10111088937670458, 2.3585912993605613, 0.9116167084157132, 0.5097128877495977, 0,6, 0
0.10111088937670458, 2.3149590749571853, 0.9116167084157132, 0.515729207932861, 0,5, 0
0.10017960486928756, 2.352402320920307, 0.8835487229879121, 0.5053577221388053, 0,9, 0
0.10024612519124593, 2.37338649433609, 0.88033626681359, 0.4965677520988278, 0,10, 0
0.09904875939599547, 2.336594138127684, 0.8938837418790088, 0.5052197469348001, 0,5, 0
0.10111088937670458, 2.3270025010722084, 0.9116167084157132, 0.5119961362182274, 0,7, 0
0.0996474422936207, 2.36393846090005, 0.9424463317291131, 0.5159215946726741, 0,8, 0
0.09958092197166234, 2.3855821155529573, 0.8933638062721464, 0.5129702007174033, 0,11, 0
0.10017960486928756, 2.396398605410943, 0.8835487229879121, 0.5064501502724404, 0,8, 0
0.09878267810816205, 2.3685305683958404, 0.9000015148416551, 0.5113223621709152, 0,8, 0
0.10097784873278787, 2.355590637759646, 0.8896953824485279, 0.505862268974439, 0,7, 0
0.10024612519124593, 2.587163982551223, 0.88033626681359, 0.4924493333021327, 0,9, 0
0.10051220647907935, 2.3476523125329467, 0.8777699163158681, 0.5082692502444209, 0,11, 0
0.10051220647907935, 2.405451142953667, 0.8777699163158681, 0.5089860577521791, 0,10, 0
0.09904875939599547, 2.544852568980646, 0.8938837418790088, 0.5060557288012983, 0,8, 0
0.0996474422936207, 2.4978272617279567, 0.9424463317291131, 0.51824460520085, 0,6, 0
0.10051220647907935, 2.3567270257393216, 0.8777699163158681, 0.5068664560110026, 0,7, 0
0.09878267810816205, 2.4442006602525503, 0.9000015148416551, 0.5127211619553508, 0,3, 0
0.10097784873278787, 2.3769532998767686, 0.8896953824485279, 0.5049387160399383, 0,8, 0
0.09878267810816205, 2.4330205393116655, 0.9000015148416551, 0.5136738948934542, 0,4, 0
0.10024612519124593, 2.353128340472197, 0.88033626681359, 0.49357571574537235, 0,11, 0
0.09878267810816205, 2.362111479890471, 0.9000015148416551, 0.5169455849098515, 0,13, 0
0.09878267810816205, 2.4070967310466016, 0.9000015148416551, 0.5164957994511455, 0,5, 0
0.09904875939599547, 2.4107300317954343, 0.8938837418790088, 0.5078063107479961, 0,7, 0
0.09991352358145414, 2.434039174840335, 0.9273376082964652, 0.5236845388188573, 0,3, 0
0.09904875939599547, 2.549508791027578, 0.8938837418790088, 0.5065302563731493, 0,9, 0
0.10051220647907935, 2.3916165932268547, 0.8777699163158681, 0.50658804728782, 0,7, 0
0.10051220647907935, 2.3731273071245544, 0.8777699163158681, 0.5076094316599046, 0,10, 0
0.10024612519124593, 2.433944520063444, 0.88033626681359, 0.49437189791384406, 0,8, 0
0.09991352358145414, 2.4359334810823845, 0.9273376082964652, 0.5215409344924504, 0,7, 0
0.10024612519124593, 2.4386465185410025, 0.88033626681359, 0.49393684032442164, 0,5, 0
0.10017960486928756, 2.416603214122384, 0.8835487229879121, 0.5071942343495625, 0,5, 0
0.09958092197166234, 2.459186085769376, 0.8933638062721464, 0.5154997458510481, 0,8, 0
0.0996474422936207, 2.3835977108537385, 0.9424463317291131, 0.5165764569260544, 0,6, 0
0.09991352358145414, 2.3955669435033426, 0.9273376082964652, 0.5218387369367714, 0,9, 0
0.09991352358145414, 2.6718489966658643, 0.9273376082964652, 0.522839848123247, 0,10, 0
0.09878267810816205, 2.3673928076418576, 0.9000015148416551, 0.5129142394012532, 0,9, 0
0.09991352358145414, 2.379569231214887, 0.9273376082964652, 0.5239805101733634, 0,13, 0
0.09904875939599547, 2.5332927384364154, 0.8938837418790088, 0.5053494368938461, 0,8, 0
0.09904875939599547, 2.720224797150764, 0.8938837418790088, 0.5083242674018318, 0,9, 0
0.09904875939599547, 2.341272942599427, 0.8938837418790088, 0.5046657049447001, 0,7, 0
0.10111088937670458, 2.4320110302124323, 0.9116167084157132, 0.5109704959416435, 0,8, 0
0.09904875939599547, 2.494835956180864, 0.8938837418790088, 0.5054735404953403, 0,6, 0
0.09958092197166234, 2.3662235525199486, 0.8933638062721464, 0.5140354444959424, 0,9, 0
0.09878267810816205, 2.5109550062548904, 0.9000015148416551, 0.513827994088188, 0,5, 0
0.10111088937670458, 2.4511176122207887, 0.9116167084157132, 0.5119594089760686, 0,8, 0
0.10111088937670458, 2.3880843469215267, 0.9116167084157132, 0.5109373920783792, 0,8, 0
0.0996474422936207, 2.4137150134772574, 0.9424463317291131, 0.5161201119569166, 0,10, 0
0.09904875939599547, 2.4158171651876117, 0.8938837418790088, 0.503285793705243, 0,9, 0
0.10024612519124593, 2.383895867996759, 0.88033626681359, 0.4954852179442023, 0,5, 0
0.10111088937670458, 2.367437368356594, 0.9116167084157132, 0.516745970355254, 0,3, 0
0.09878267810816205, 2.369120710990247, 0.9000015148416551, 0.5126606680587318, 0,9, 0
0.09878267810816205, 2.4425291208135134, 0.9000015148416551, 0.5126613813635997, 0,6, 0
0.10097784873278787, 2.359513610135547, 0.8896953824485279, 0.5057711690573566, 0,5, 0
0.10024612519124593, 2.4419541681850854, 0.88033626681359, 0.4928071462878747, 0,8, 0
0.0996474422936207, 2.36650819331358, 0.9424463317291131, 0.517110719129839, 0,5, 0
0.10111088937670458, 2.347811564637588, 0.9116167084157132, 0.5131141948683191, 0,10, 0
0.09958092197166234, 2.488039796203147, 0.8933638062721464, 0.5160644643178965, 0,8, 0
0.09904875939599547, 2.3410178224840443, 0.8938837418790088, 0.500605808436904, 0,12, 0
0.10024612519124593, 2.5769417290122005, 0.88033626681359, 0.4941061635289465, 0,4, 0
0.10024612519124593, 2.5242115956917184, 0.88033626681359, 0.49539733589796214, 0,8, 0
0.09958092197166234, 2.428550931251684, 0.8933638062721464, 0.5153191493161374, 0,9, 0
0.09904875939599547, 2.549672366719058, 0.8938837418790088, 0.5058403648689664, 0,12, 0
0.09958092197166234, 2.358524897748312, 0.8933638062721464, 0.5151162905831067, 0,6, 0
0.10024612519124593, 2.4227652354035194, 0.88033626681359, 0.4930322840478896, 0,5, 0
0.09958092197166234, 2.4346939481233303, 0.8933638062721464, 0.512112071503216, 0,9, 0
0.09904875939599547, 2.4373023034188828, 0.8938837418790088, 0.5085858503297086, 0,8, 0
0.09991352358145414, 2.373679190190151, 0.9273376082964652, 0.5213954764285286, 0,9, 0
0.10111088937670458, 2.471211840116295, 0.9116167084157132, 0.510969284343069, 0,7, 0
0.0996474422936207, 2.452698231560182, 0.9424463317291131, 0.5174880318366708, 0,7, 0
0.09958092197166234, 2.400905745722359, 0.8933638062721464, 0.5162750384171397, 0,7, 0
0.09991352358145414, 2.4556133069892465, 0.9273376082964652, 0.5238544394504526, 0,7, 0
0.10017960486928756, 2.3482415091132625, 0.8835487229879121, 0.5059159790980294, 0,8, 0
0.10024612519124593, 2.4584647256092724, 0.88033626681359, 0.49633749531983634, 0,7, 0
0.10111088937670458, 2.5475338700446812, 0.9116167084157132, 0.514659157957158, 0,6, 0
0.09878267810816205, 2.3364028832016848, 0.9000015148416551, 0.5130929561202154, 0,9, 0
0.09904875939599547, 2.4160927027228, 0.8938837418790088, 0.505334131370158, 0,4, 0
0.09958092197166234, 2.4028764082620557, 0.8933638062721464, 0.5146682183685752, 0,8, 0
0.10111088937670458, 2.4370727553098317, 0.9116167084157132, 0.5117969449693696, 0,11, 0
0.10017960486928756, 2.4327393579663834, 0.8835487229879121, 0.505261478888121, 0,4, 0
0.10111088937670458, 2.476718509632583, 0.9116167084157132, 0.5110367279505919, 0,3, 0
0.10017960486928756, 2.3884598050837207, 0.8835487229879121, 0.5057903081606073, 0,10, 0
0.0996474422936207, 2.4157074028595726, 0.9424463317291131, 0.5199238548092768, 0,6, 0
0.0996474422936207, 2.3425826991079397, 0.9424463317291131, 0.5173708775906843, 0,11, 0
0.10051220647907935, 2.4098020550147314, 0.8777699163158681, 0.505563805555483, 0,7, 0
0.10111088937670458, 2.363515593164546, 0.9116167084157132, 0.5133256877652859, 0,7, 0
0.10051220647907935, 2.3131878791372116, 0.8777699163158681, 0.506831236704302, 0,10, 0
0.10024612519124593, 2.412836131424372, 0.88033626681359, 0.49315195059712097, 0,5, 0
0.09904875939599547, 2.448702291125017, 0.8938837418790088, 0.504272632232021, 0,5, 0
0.10097784873278787, 2.409849767571381, 0.8896953824485279, 0.5050347162786812, 0,9, 0
0.09991352358145414, 2.4381407270696056, 0.9273376082964652, 0.519391426817417, 0,6, 0
0.09904875939599547, 2.4080145377912325, 0.8938837418790088, 0.506494450872938, 0,8, 0
0.09878267810816205, 2.3638730491935585, 0.9000015148416551, 0.5138230929219144, 0,6, 0
0.09958092197166234, 2.403666106921696, 0.8933638062721464, 0.5150183586130107, 0,5, 0
0.09958092197166234, 2.458144424799506, 0.8933638062721464, 0.5135256031662423, 0,8, 0
0.0996474422936207, 2.4449730692037934, 0.9424463317291131, 0.516169711348321, 0,7, 0
0.09046763786336726, 2.3033268874192565, 0.8993547891887275, 0.2486489333154529, 0,0, 0
0.10084480808887115, 2.3059783670817087, 0.9119177313175953, 0.5073643670326571, 0,0, 0
0.10111088937670458, 2.3508802415098184, 0.9116167084157132, 0.5138204915641288, 0,1, 0
0.14820727732322225, 2.338138172149595, 0.8275162095418287, 0.32164452954592265, 0,7, 0
0.09904875939599547, 2.3249011189607867, 0.8938837418790088, 0.5055790187532981, 0,8, 0
0.09991352358145414, 2.309764911384154, 0.9273376082964652, 0.5224532818965238, 0,6, 0
0.09938136100578727, 2.3097306308906203, 0.9004744615902216, 0.4149563299386416, 0,4, 0
0.10111088937670458, 2.3669671405458423, 0.9116167084157132, 0.5129766224308142, 0,4, 0
0.0996474422936207, 2.3165809786233296, 0.9424463317291131, 0.516470433902521, 0,7, 0
0.10111088937670458, 2.420182880341535, 0.9116167084157132, 0.5143517166981786, 0,7, 0
0.10703119803099848, 2.312128116847718, 0.887591498385496, 0.38350053567638365, 0,12, 0
0.0996474422936207, 2.3318294002125937, 0.9424463317291131, 0.5175832385487994, 0,12, 0
0.09904875939599547, 2.4428985670227763, 0.8938837418790088, 0.5083385301778581, 0,4, 0
0.09878267810816205, 2.3789928483604585, 0.9000015148416551, 0.5180061510853322, 0,7, 0
0.09878267810816205, 2.435206165889744, 0.9000015148416551, 0.5143061168756927, 0,8, 0
0.09878267810816205, 2.3831454646933907, 0.9000015148416551, 0.5135557820512566, 0,7, 0
0.09991352358145414, 2.458375048789643, 0.9273376082964652, 0.5200868433794568, 0,9, 0
0.09904875939599547, 2.4302507785395426, 0.8938837418790088, 0.5081830910837245, 0,13, 0
0.09904875939599547, 2.4974308233017504, 0.8938837418790088, 0.5042085599920231, 0,6, 0
0.10024612519124593, 2.411788923475689, 0.88033626681359, 0.49561036823059723, 0,9, 0
0.0996474422936207, 2.3810507086613835, 0.9424463317291131, 0.5140083451706368, 0,7, 0
0.10111088937670458, 2.3728494160524076, 0.9116167084157132, 0.5114508709634733, 0,7, 0
0.09991352358145414, 2.412308720377306, 0.9273376082964652, 0.523195902844355, 0,9, 0
0.09991352358145414, 2.511100096663878, 0.9273376082964652, 0.5197648648959471, 0,7, 0
0.09958092197166234, 2.3433208441628053, 0.8933638062721464, 0.5171477771683533, 0,6, 0
0.09878267810816205, 2.394270459295453, 0.9000015148416551, 0.5138345843583678, 0,8, 0
0.10097784873278787, 2.368175890927368, 0.8896953824485279, 0.5066356884508618, 0,5, 0
0.10051220647907935, 2.351451549290231, 0.8777699163158681, 0.5048772352935311, 0,8, 0
0.09878267810816205, 2.358001563622472, 0.9000015148416551, 0.5154183657598508, 0,8, 0
0.09991352358145414, 2.3883098957345594, 0.9273376082964652, 0.5199303860087279, 0,13, 0
0.09958092197166234, 2.4776904726428106, 0.8933638062721464, 0.5136331669642742, 0,7, 0
0.0996474422936207, 2.4346254361188873, 0.9424463317291131, 0.5148747456025219, 0,3, 0
0.10111088937670458, 2.416795211003893, 0.9116167084157132, 0.5151786332069744, 0,12, 0
0.09878267810816205, 2.340910246769825, 0.9000015148416551, 0.5124905984980261, 0,12, 0
0.09904875939599547, 2.469530762514652, 0.8938837418790088, 0.5067319559165413, 0,9, 0
0.09958092197166234, 2.362062064479911, 0.8933638062721464, 0.5138899120004468, 0,5, 0
0.09958092197166234, 2.4547411570536006, 0.8933638062721464, 0.5132154261600759, 0,4, 0
0.09958092197166234, 2.3941328888492004, 0.8933638062721464, 0.5138070429565628, 0,4, 0
0.10017960486928756, 2.380263049160182, 0.8835487229879121, 0.5075931943382274, 0,10, 0
0.10111088937670458, 2.3734264507159213, 0.9116167084157132, 0.511713780224172, 0,7, 0
0.09904875939599547, 2.3700625978924195, 0.8938837418790088, 0.5064582270485838, 0,10, 0
0.09878267810816205, 2.402192423215671, 0.9000015148416551, 0.5110530960823013, 0,7, 0
0.0996474422936207, 2.37893410450778, 0.9424463317291131, 0.5181976918220725, 0,9, 0
0.10017960486928756, 2.4004766471861907, 0.8835487229879121, 0.5087857997574587, 0,10, 0
0.09991352358145414, 2.364642157388417, 0.9273376082964652, 0.5178538577065345, 0,8, 0
0.09958092197166234, 2.490963265709175, 0.8933638062721464, 0.511847229258331, 0,11, 0
0.09958092197166234, 2.406973591181029, 0.8933638062721464, 0.5142828076910475, 0,11, 0
0.10111088937670458, 2.3874252812714745, 0.9116167084157132, 0.5128801024029849, 0,7, 0
0.10111088937670458, 2.421324107807601, 0.9116167084157132, 0.5116451526473889, 0,7, 0
0.0996474422936207, 2.4024460250600357, 0.9424463317291131, 0.5165782469131739, 0,10, 0
0.10024612519124593, 2.4784739765191217, 0.88033626681359, 0.49350096534139387, 0,10, 0
0.0996474422936207, 2.426780417009416, 0.9424463317291131, 0.5177216943509495, 0,6, 0
0.09904875939599547, 2.451126965586395, 0.8938837418790088, 0.5055048436318306, 0,7, 0
0.09904875939599547, 2.407813168242886, 0.8938837418790088, 0.5090624445568603, 0,9, 0
0.10111088937670458, 2.3612786010457856, 0.9116167084157132, 0.5149217468182122, 0,9, 0
0.09904875939599547, 2.4592159925753396, 0.8938837418790088, 0.5062883315084684, 0,5, 0
0.10017960486928756, 2.3565377925419724, 0.8835487229879121, 0.5047133297258102, 0,7, 0
0.09958092197166234, 2.414427406129854, 0.8933638062721464, 0.5173343746851913, 0,7, 0
0.0996474422936207, 2.3963621929322603, 0.9424463317291131, 0.517715775634463, 0,11, 0
0.09958092197166234, 2.3817488648795817, 0.8933638062721464, 0.5123154045990901, 0,9, 0
0.09904875939599547, 2.4343041644667007, 0.8938837418790088, 0.5055161939966389, 0,3, 0
0.09991352358145414, 2.4125524250514045, 0.9273376082964652, 0.5234078702291736, 0,7, 0
0.0996474422936207, 2.3940594972571647, 0.9424463317291131, 0.5207399260255102, 0,10, 0
0.09958092197166234, 2.424990611456036, 0.8933638062721464, 0.5132971628585106, 0,4, 0
0.09958092197166234, 2.5354921600105422, 0.8933638062721464, 0.5130630482703514, 0,8, 0
0.10111088937670458, 2.4182965706059742, 0.9116167084157132, 0.511882139481165, 0,11, 0
0.09878267810816205, 2.362389040748207, 0.9000015148416551, 0.511575761694559, 0,5, 0
0.10051220647907935, 2.3657379114944237, 0.8777699163158681, 0.5038455129788414, 0,6, 0
0.10111088937670458, 2.396825813631776, 0.9116167084157132, 0.5154325026733559, 0,9, 0
0.10111088937670458, 2.4961447095011375, 0.9116167084157132, 0.5122800456605727, 0,10, 0
0.09878267810816205, 2.4480367616162932, 0.9000015148416551, 0.511954404396843, 0,7, 0
0.10111088937670458, 2.3615772256053136, 0.9116167084157132, 0.5115999015388971, 0,10, 0
0.09904875939599547, 2.4606357008002675, 0.8938837418790088, 0.5052564221200982, 0,10, 0
0.10024612519124593, 2.4398729573274367, 0.88033626681359, 0.4933018913977935, 0,8, 0
0.09991352358145414, 2.4286503262333645, 0.9273376082964652, 0.5191986265735156, 0,7, 0
0.10111088937670458, 2.4223508570299392, 0.9116167084157132, 0.5139757505691821, 0,5, 0
0.10017960486928756, 2.400476424429046, 0.8835487229879121, 0.5069412753032849, 0,7, 0
0.0996474422936207, 2.349561114166261, 0.9424463317291131, 0.5193145053986848, 0,9, 0
0.09991352358145414, 2.371382588129482, 0.9273376082964652, 0.5219009194903248, 0,6, 0
0.10111088937670458, 2.359212403826186, 0.9116167084157132, 0.5132188573233147, 0,8, 0
0.09904875939599547, 2.456936107204876, 0.8938837418790088, 0.5051322689737751, 0,10, 0
0.10111088937670458, 2.4714696441971515, 0.9116167084157132, 0.5113523049666836, 0,5, 0
0.10111088937670458, 2.37015912345345, 0.9116167084157132, 0.5114357294572156, 0,4, 0
0.09958092197166234, 2.3364133883448788, 0.8933638062721464, 0.5146568465763319, 0,9, 0
0.09904875939599547, 2.4379714951261127, 0.8938837418790088, 0.5030757705929307, 0,9, 0
0.0996474422936207, 2.380964267636887, 0.9424463317291131, 0.5192424762720633, 0,12, 0
0.09904875939599547, 2.5328978880638213, 0.8938837418790088, 0.5068912902839624, 0,12, 0
0.09878267810816205, 2.3697259709608733, 0.9000015148416551, 0.5132823903305925, 0,6, 0
0.10051220647907935, 2.3624732255190266, 0.8777699163158681, 0.5065315898052867, 0,8, 0
0.0996474422936207, 2.360122050543091, 0.9424463317291131, 0.517411572765196, 0,6, 0
0.10024612519124593, 2.5091552759116103, 0.88033626681359, 0.49657814196032285, 0,5, 0
0.10017960486928756, 2.3587210657099704, 0.8835487229879121, 0.5088856034675058, 0,8, 0
0.09904875939599547, 2.54170109912766, 0.8938837418790088, 0.5040362146393825, 0,6, 0
0.0996474422936207, 2.4356800857072725, 0.9424463317291131, 0.5173853843105772, 0,13, 0
0.09958092197166234, 2.445155377937697, 0.8933638062721464, 0.5158670614412948, 0,6, 0
0.09991352358145414, 2.432460212924797, 0.9273376082964652, 0.5225494073754584, 0,8, 0
0.09904875939599547, 2.442115792890021, 0.8938837418790088, 0.5052864663363641, 0,8, 0
0.10051220647907935, 2.435432867439875, 0.8777699163158681, 0.5053935802019979, 0,7, 0
0.09878267810816205, 2.396253034651878, 0.9000015148416551, 0.5127430657086065, 0,11, 0
0.10111088937670458, 2.393155077779982, 0.9116167084157132, 0.5104099005991706, 0,11, 0
0.09904875939599547, 2.470793445460979, 0.8938837418790088, 0.5065291876654808, 0,4, 0
0.09778487327878667, 2.303336680105947, 0.8950737662765337, 0.42878304789286686, 0,0, 0
0.0996474422936207, 2.31901865677785, 0.9424463317291131, 0.5157978739191793, 0,4, 0
0.11388279119270937, 2.3183586905596223, 0.8709868347583073, 0.3378478435087971, 0,1, 0
0.0996474422936207, 2.3434512917727264, 0.9424463317291131, 0.520626610968415, 0,3, 0
0.10111088937670458, 2.3098922539620093, 0.9116167084157132, 0.5146173724665217, 0,8, 0
0.0996474422936207, 2.3136205702399586, 0.9424463317291131, 0.5181061240281114, 0,2, 0
0.10071176744495443, 2.3390626711560873, 0.8775944054572179, 0.5063254570747971, 0,7, 0
0.09878267810816205, 2.363631217079883, 0.9000015148416551, 0.5102492273199403, 0,9, 0
0.09878267810816205, 2.3757340512430805, 0.9000015148416551, 0.512633504904242, 0,4, 0
0.0996474422936207, 2.3403312294321257, 0.9424463317291131, 0.5191243258335237, 0,8, 0
0.0996474422936207, 2.3993815676479104, 0.9424463317291131, 0.5230805832893122, 0,7, 0
0.09904875939599547, 2.3936695216983996, 0.8938837418790088, 0.5054824261685686, 0,6, 0
0.09878267810816205, 2.4236578891149327, 0.9000015148416551, 0.5120526438757322, 0,4, 0
0.10024612519124593, 2.457883916587591, 0.88033626681359, 0.4955521781663654, 0,8, 0
0.10111088937670458, 2.3553432943197192, 0.9116167084157132, 0.5142482687774109, 0,7, 0
0.09878267810816205, 2.409659724182246, 0.9000015148416551, 0.5156532849729001, 0,7, 0
0.10111088937670458, 2.3611224332683967, 0.9116167084157132, 0.5100582746702574, 0,11, 0
0.10111088937670458, 2.406872329213603, 0.9116167084157132, 0.5111744992378163, 0,6, 0
0.0996474422936207, 2.405842807853895, 0.9424463317291131, 0.5189055402784671, 0,6, 0
0.09958092197166234, 2.3408886211595474, 0.8933638062721464, 0.515413160500259, 0,13, 0
0.09958092197166234, 2.420546767534487, 0.8933638062721464, 0.515849348782023, 0,7, 0
0.09878267810816205, 2.5378335019408653, 0.9000015148416551, 0.5126729829966384, 0,6, 0
0.10111088937670458, 2.349057601056936, 0.9116167084157132, 0.50999487578918, 0,4, 0
0.10111088937670458, 2.443747933313914, 0.9116167084157132, 0.5149573786677254, 0,7, 0
0.09904875939599547, 2.415519704768292, 0.8938837418790088, 0.5035970057263012, 0,10, 0
0.09904875939599547, 2.5915624731229165, 0.8938837418790088, 0.5075210729098619, 0,13, 0
0.10024612519124593, 2.3628763156301016, 0.88033626681359, 0.4925145422860154, 0,5, 0
0.09904875939599547, 2.4625265232334987, 0.8938837418790088, 0.5042715295497865, 0,6, 0
0.10024612519124593, 2.4927496098158866, 0.88033626681359, 0.4973257329016855, 0,10, 0
0.09904875939599547, 2.4140823490167818, 0.8938837418790088, 0.5053342441096756, 0,11, 0
0.10024612519124593, 2.389507027559871, 0.88033626681359, 0.4940068701633087, 0,9, 0
0.10097784873278787, 2.334855785589054, 0.8896953824485279, 0.509483610012364, 0,10, 0
0.0996474422936207, 2.485440633574987, 0.9424463317291131, 0.5180175644271258, 0,9, 0
0.09958092197166234, 2.3669077965945675, 0.8933638062721464, 0.5185117737102579, 0,12, 0
0.10111088937670458, 2.427007749497292, 0.9116167084157132, 0.5117408789379063, 0,6, 0
0.09878267810816205, 2.390052363368666, 0.9000015148416551, 0.5135213611733621, 0,10, 0
0.09878267810816205, 2.40676269919495, 0.9000015148416551, 0.5114877895988734, 0,12, 0
0.09878267810816205, 2.447237549709606, 0.9000015148416551, 0.5149654810951166, 0,6, 0
0.09904875939599547, 2.4770998717194934, 0.8938837418790088, 0.5049751151659999, 0,9, 0
0.09904875939599547, 2.4483225459801274, 0.8938837418790088, 0.5052154270650475, 0,9, 0
0.10024612519124593, 2.3659490488773414, 0.88033626681359, 0.49368877684311285, 0,9, 0
0.10024612519124593, 2.3780260566052807, 0.88033626681359, 0.4970046656049681, 0,7, 0
0.0996474422936207, 2.384860781299642, 0.9424463317291131, 0.5204964526276643, 0,6, 0
0.09958092197166234, 2.397080250401098, 0.8933638062721464, 0.5160333279841564, 0,8, 0
0.10111088937670458, 2.3881932893754447, 0.9116167084157132, 0.5099064628197874, 0,6, 0
0.09991352358145414, 2.5024884803593457, 0.9273376082964652, 0.5216862971171536, 0,6, 0
0.09991352358145414, 2.5320396943458072, 0.9273376082964652, 0.5229159812143098, 0,8, 0
0.09958092197166234, 2.3704350533333476, 0.8933638062721464, 0.5146393471487928, 0,9, 0
0.10024612519124593, 2.385840529129271, 0.88033626681359, 0.49324488760035956, 0,7, 0
0.09878267810816205, 2.3443072614322156, 0.9000015148416551, 0.5116700535146491, 0,9, 0
0.10111088937670458, 2.412396408345404, 0.9116167084157132, 0.5140574691141285, 0,3, 0
0.09878267810816205, 2.3215654888989197, 0.9000015148416551, 0.5101855697371448, 0,6, 0
0.09958092197166234, 2.4954328787728857, 0.8933638062721464, 0.5146966209407274, 0,5, 0
0.09878267810816205, 2.400451257510678, 0.9000015148416551, 0.5138791864663533, 0,7, 0
0.10024612519124593, 2.44044612835864, 0.88033626681359, 0.4961814090259756, 0,8, 0
0.10111088937670458, 2.38943970136789, 0.9116167084157132, 0.5132676704726942, 0,11, 0
0.10051220647907935, 2.335868366438813, 0.8777699163158681, 0.5076512428147231, 0,10, 0
0.09991352358145414, 2.5589097563888803, 0.9273376082964652, 0.5224035704049946, 0,16, 0
0.09958092197166234, 2.3933982340976927, 0.8933638062721464, 0.5109781429218925, 0,3, 0
0.10111088937670458, 2.4033871040066375, 0.9116167084157132, 0.5132651550198348, 0,7, 0
0.10051220647907935, 2.408491470392994, 0.8777699163158681, 0.5041627242778695, 0,2, 0
0.09991352358145414, 2.596863442636778, 0.9273376082964652, 0.5219653387156701, 0,8, 0
0.10111088937670458, 2.360255470526779, 0.9116167084157132, 0.5106165505479827, 0,5, 0
0.09958092197166234, 2.3679419273008393, 0.8933638062721464, 0.5158112918222133, 0,6, 0
0.09991352358145414, 2.6191082595153254, 0.9273376082964652, 0.5234473479793249, 0,7, 0
0.10111088937670458, 2.361981575228787, 0.9116167084157132, 0.5128340219863566, 0,7, 0
0.0996474422936207, 2.4684411908690027, 0.9424463317291131, 0.5169687107657172, 0,7, 0
0.09991352358145414, 2.378161465012289, 0.9273376082964652, 0.5199252192652807, 0,6, 0
0.09904875939599547, 2.456181141047597, 0.8938837418790088, 0.5063570245528153, 0,8, 0
0.09991352358145414, 2.377517888378353, 0.9273376082964652, 0.5198015294918015, 0,4, 0
0.10024612519124593, 2.525205690870423, 0.88033626681359, 0.49734574652968727, 0,7, 0
0.09958092197166234, 2.3488187401037623, 0.8933638062721464, 0.5138560198473017, 0,5, 0
0.10111088937670458, 2.400249123890497, 0.9116167084157132, 0.5157991673025561, 0,10, 0
0.10024612519124593, 2.3612387317593906, 0.88033626681359, 0.49472923659279006, 0,8, 0
0.10111088937670458, 2.4784442674278666, 0.9116167084157132, 0.5089653421698143, 0,6, 0
0.09904875939599547, 2.449959243381919, 0.8938837418790088, 0.5067418416583458, 0,10, 0
0.10051220647907935, 2.3937395690864554, 0.8777699163158681, 0.5107219144265096, 0,10, 0
0.09958092197166234, 2.441475350557192, 0.8933638062721464, 0.512548013173543, 0,7, 0
0.09958092197166234, 2.4438727636628466, 0.8933638062721464, 0.5159768622834782, 0,7, 0
0.09991352358145414, 2.502954660985773, 0.9273376082964652, 0.521936860373918, 0,6, 0
0.10017960486928756, 2.3279681172919973, 0.8835487229879121, 0.5051564320490919, 0,8, 0
0.09904875939599547, 2.416892913583192, 0.8938837418790088, 0.507259207743325, 0,9, 0
0.09878267810816205, 2.3831245240944394, 0.9000015148416551, 0.5126530600588304, 0,8, 0
0.09904875939599547, 2.470036541726516, 0.8938837418790088, 0.5033457784993149, 0,8, 0
0.09878267810816205, 2.3769556470064157, 0.9000015148416551, 0.5165112657483177, 0,12, 0
0.09878267810816205, 2.429388105881188, 0.9000015148416551, 0.5145069491705292, 0,8, 0
0.09904875939599547, 2.4376766459794212, 0.8938837418790088, 0.5081937700873884, 0,9, 0
0.09878267810816205, 2.3593960579605877, 0.9000015148416551, 0.514845442736738, 0,5, 0
0.10097784873278787, 2.334253802696309, 0.8896953824485279, 0.5049089741555065, 0,12, 0
0.10017960486928756, 2.321861958318165, 0.8835487229879121, 0.5080730350534235, 0,8, 0
0.10017960486928756, 2.3639695891234593, 0.8835487229879121, 0.5060739891340238, 0,8, 0
0.09991352358145414, 2.45966120757624, 0.9273376082964652, 0.5260279357402944, 0,6, 0
0.09878267810816205, 2.4495344695982753, 0.9000015148416551, 0.5113763922446287, 0,7, 0
0.09878267810816205, 2.373339065651864, 0.9000015148416551, 0.511797605363354, 0,10, 0
0.09878267810816205, 2.411525072590253, 0.9000015148416551, 0.515490866487033, 0,7, 0
0.09958092197166234, 2.3973525848993242, 0.8933638062721464, 0.5142866770704151, 0,6, 0
0.09958092197166234, 2.3941160345762653, 0.8933638062721464, 0.5159683609927228, 0,10, 0
0.09991352358145414, 2.3733620478675044, 0.9273376082964652, 0.520731671630266, 0,9, 0
0.09904875939599547, 2.3975312752708784, 0.8938837418790088, 0.5085899431331422, 0,8, 0
0.0996474422936207, 2.3770960280497633, 0.9424463317291131, 0.5159390626853352, 0,11, 0
0.09878267810816205, 2.386996317812206, 0.9000015148416551, 0.5163583164238426, 0,7, 0
0.0843477682431983, 2.3040211684910163, 0.9120419136597967, 0.29151771078741573, 0,0, 0
0.12020222177875341, 2.3132338974200377, 0.8857621608224187, 0.39676313492470094, 0,2, 0
0.10323953967937205, 2.303828707697989, 0.9264844809759621, 0.3817950693551802, 0,5, 0
0.10097784873278787, 2.3029660097593037, 0.8896953824485279, 0.5078844925656145, 0,6, 0
0.10111088937670458, 2.3055132408385695, 0.9116167084157132, 0.5112669312921716, 0,8, 0
0.0996474422936207, 2.3280183113494384, 0.9424463317291131, 0.5168971292307212, 0,5, 0
0.0996474422936207, 2.6746357606809026, 0.9424463317291131, 0.5194779761451485, 0,9, 0
0.09878267810816205, 2.314483914127577, 0.9000015148416551, 0.5126468994884781, 0,6, 0
0.10024612519124593, 2.4242913486444806, 0.88033626681359, 0.49582209908006547, 0,8, 0
0.10111088937670458, 2.438428555817643, 0.9116167084157132, 0.5121708004611248, 0,7, 0
0.0996474422936207, 2.3370818091685415, 0.9424463317291131, 0.5178548689049504, 0,9, 0
0.0996474422936207, 2.415409171041246, 0.9424463317291131, 0.5216510280744434, 0,7, 0
0.09958092197166234, 2.3387908369990664, 0.8933638062721464, 0.5135504452955556, 0,4, 0
0.10097784873278787, 2.3533766418209745, 0.8896953824485279, 0.5083706648360367, 0,9, 0
0.09991352358145414, 2.412707470962564, 0.9273376082964652, 0.5226476385839627, 0,5, 0
0.09958092197166234, 2.385526481474389, 0.8933638062721464, 0.5156174450457905, 0,5, 0
0.10097784873278787, 2.366614081208866, 0.8896953824485279, 0.5046107623759164, 0,7, 0
0.09878267810816205, 2.3606603124743883, 0.9000015148416551, 0.5119119068615129, 0,5, 0
0.09958092197166234, 2.3921102693851206, 0.8933638062721464, 0.5089413602608457, 0,10, 0
0.10024612519124593, 2.3539251012018023, 0.88033626681359, 0.49516056052569285, 0,15, 0
0.10024612519124593, 2.43825210511054, 0.88033626681359, 0.4993118875498329, 0,7, 0
0.09878267810816205, 2.3279318357191183, 0.9000015148416551, 0.513690344729024, 0,3, 0
0.09958092197166234, 2.424328923455368, 0.8933638062721464, 0.5144060980913635, 0,9, 0
0.09958092197166234, 2.3931010350617696, 0.8933638062721464, 0.5114248499241738, 0,5, 0
0.10024612519124593, 2.4020027635118595, 0.88033626681359, 0.4951827404306043, 0,7, 0
0.10024612519124593, 2.509515238626587, 0.88033626681359, 0.4917169907917268, 0,6, 0
0.09991352358145414, 2.3945798628155615, 0.9273376082964652, 0.5219937474612952, 0,10, 0
0.10024612519124593, 2.401381876894808, 0.88033626681359, 0.49719056053373967, 0,10, 0
0.10111088937670458, 2.4415665394387736, 0.9116167084157132, 0.5113611002027754, 0,11, 0
0.09958092197166234, 2.3772962298815434, 0.8933638062721464, 0.5157409447212168, 0,8, 0
0.09958092197166234, 2.3964028985630543, 0.8933638062721464, 0.5152920030074708, 0,5, 0
0.09991352358145414, 2.418065005811652, 0.9273376082964652, 0.5216050366818673, 0,10, 0
0.10111088937670458, 2.4902894478044706, 0.9116167084157132, 0.5118976208697226, 0,10, 0
0.09904875939599547, 2.497075214457672, 0.8938837418790088, 0.504414865278615, 0,2, 0
0.09991352358145414, 2.3867912890073235, 0.9273376082964652, 0.522875039605877, 0,6, 0
0.09904875939599547, 2.4710318160328266, 0.8938837418790088, 0.5067649437613216, 0,5, 0
0.09958092197166234, 2.388232417792718, 0.8933638062721464, 0.5117880589331161, 0,13, 0
0.09958092197166234, 2.399499935169051, 0.8933638062721464, 0.5160134177484114, 0,14, 0
0.10111088937670458, 2.36371052921758, 0.9116167084157132, 0.5128163221747793, 0,3, 0
0.10111088937670458, 2.371284518255839, 0.9116167084157132, 0.5148387946327179, 0,8, 0
0.10111088937670458, 2.456780687481044, 0.9116167084157132, 0.5152443721303603, 0,7, 0
0.09878267810816205, 2.4305175553298812, 0.9000015148416551, 0.5142231063972493, 0,6, 0
0.10024612519124593, 2.382368738657778, 0.88033626681359, 0.49551209668357793, 0,9, 0
0.09991352358145414, 2.3294268220133754, 0.9273376082964652, 0.5252788586984674, 0,8, 0
0.10111088937670458, 2.3899625632400197, 0.9116167084157132, 0.5119594392859805, 0,5, 0
0.09991352358145414, 2.3301000335311204, 0.9273376082964652, 0.525322145812389, 0,9, 0
0.09904875939599547, 2.3733230599035626, 0.8938837418790088, 0.5082812102948402, 0,6, 0
0.10017960486928756, 2.5588061251834127, 0.8835487229879121, 0.5096292315746315, 0,7, 0
0.10111088937670458, 2.531705372484035, 0.9116167084157132, 0.5127248382124141, 0,7, 0
0.10111088937670458, 2.459517934837321, 0.9116167084157132, 0.5131590189831005, 0,10, 0
0.10111088937670458, 2.425445306295566, 0.9116167084157132, 0.513283931774187, 0,7, 0
0.10097784873278787, 2.381094876603199, 0.8896953824485279, 0.5065233788283303, 0,8, 0
0.09878267810816205, 2.337977720688324, 0.9000015148416551, 0.5105683836703712, 0,12, 0
0.09958092197166234, 2.347073650222128, 0.8933638062721464, 0.5138492504222062, 0,6, 0
0.09904875939599547, 2.4540178865235953, 0.8938837418790088, 0.5046819584268893, 0,7, 0
0.09958092197166234, 2.428519632608077, 0.8933638062721464, 0.5131165367735346, 0,4, 0
0.09878267810816205, 2.48206577013648, 0.9000015148416551, 0.5129712285928236, 0,7, 0
0.09958092197166234, 2.381074850719259, 0.8933638062721464, 0.5120759516661737, 0,6, 0
0.10111088937670458, 2.421906759105645, 0.9116167084157132, 0.5136743571201006, 0,6, 0
0.09958092197166234, 2.3561536685471873, 0.8933638062721464, 0.5148582033051317, 0,9, 0
0.09904875939599547, 2.529911905350676, 0.8938837418790088, 0.5069727165654588, 0,8, 0
0.10111088937670458, 2.41489553457089, 0.9116167084157132, 0.5091642706790939, 0,10, 0
0.10111088937670458, 2.3928493207810857, 0.9116167084157132, 0.5099488872561265, 0,9, 0
0.0996474422936207, 2.4213463102027437, 0.9424463317291131, 0.5198146262615668, 0,5, 0
0.09991352358145414, 2.3920509305644524, 0.9273376082964652, 0.5236281991468397, 0,4, 0
0.0996474422936207, 2.355425670206733, 0.9424463317291131, 0.5210987186711314, 0,9, 0
0.09958092197166234, 2.41832899165504, 0.8933638062721464, 0.5145898600768458, 0,5, 0
0.09958092197166234, 2.5206918237626907, 0.8933638062721464, 0.5113871832272471, 0,7, 0
0.09904875939599547, 2.4407257026266227, 0.8938837418790088, 0.508117464276058, 0,10, 0
0.09958092197166234, 2.327151537758302, 0.8933638062721464, 0.5114162214985103, 0,5, 0
0.10024612519124593, 2.5248262901264282, 0.88033626681359, 0.4951119503835431, 0,7, 0
0.10017960486928756, 2.4584984577384876, 0.8835487229879121, 0.5079402184704421, 0,11, 0
0.10097784873278787, 2.442302933933809, 0.8896953824485279, 0.5061114217560715, 0,4, 0
0.10097784873278787, 2.4199110438927898, 0.8896953824485279, 0.5067262995141636, 0,5, 0
0.09904875939599547, 2.5782703959219457, 0.8938837418790088, 0.5068258194497922, 0,9, 0
0.09991352358145414, 2.420567001941508, 0.9273376082964652, 0.5256049401835514, 0,7, 0
0.10051220647907935, 2.5215371950716423, 0.8777699163158681, 0.509060541776974, 0,4, 0
0.09904875939599547, 2.409963990569408, 0.8938837418790088, 0.5056073391621638, 0,6, 0
0.09904875939599547, 2.3652526942950747, 0.8938837418790088, 0.5077911022273278, 0,3, 0
0.09878267810816205, 2.4550829339644347, 0.9000015148416551, 0.5142561495178624, 0,5, 0
0.09878267810816205, 2.346579856289874, 0.9000015148416551, 0.5122832721270644, 0,6, 0
0.10097784873278787, 2.4148186564580305, 0.8896953824485279, 0.5084728190245362, 0,10, 0
0.09991352358145414, 2.3663249953749617, 0.9273376082964652, 0.5224843718483264, 0,10, 0
0.09878267810816205, 2.409232924308541, 0.9000015148416551, 0.5128553040333597, 0,4, 0
0.0996474422936207, 2.412883702060669, 0.9424463317291131, 0.5168809453661719, 0,5, 0
0.10024612519124593, 2.3347345220426483, 0.88033626681359, 0.49531112036781283, 0,6, 0
0.09991352358145414, 2.368951802433572, 0.9273376082964652, 0.520789903914436, 0,6, 0
0.09991352358145414, 2.3983944730829085, 0.9273376082964652, 0.5222292331173132, 0,8, 0
0.10017960486928756, 2.3654718247429303, 0.8835487229879121, 0.5092230945940248, 0,3, 0
0.09958092197166234, 2.47977316286768, 0.8933638062721464, 0.5136361374325659, 0,9, 0
0.10111088937670458, 2.390618741770018, 0.9116167084157132, 0.5129424761402849, 0,13, 0
0.10024612519124593, 2.3721813102416522, 0.88033626681359, 0.4991758373016101, 0,7, 0
0.09878267810816205, 2.431335933803362, 0.9000015148416551, 0.5112715018462424, 0,11, 0
0.10111088937670458, 2.3966995111476366, 0.9116167084157132, 0.5114946091792342, 0,6, 0
0.09958092197166234, 2.331488641588415, 0.8933638062721464, 0.5139032524375153, 0,6, 0
0.09991352358145414, 2.546935992144796, 0.9273376082964652, 0.5192631500822515, 0,8, 0
0.10111088937670458, 2.3638872642253186, 0.9116167084157132, 0.5147230166594783, 0,8, 0
0.09991352358145414, 2.3828660167239746, 0.9273376082964652, 0.5224709346237756, 0,9, 0
0.09904875939599547, 2.4577611065557963, 0.8938837418790088, 0.5046814822293437, 0,10, 0
0.10024612519124593, 2.4532854169664655, 0.88033626681359, 0.4942642828946495, 0,7, 0
0.10024612519124593, 2.401392761242966, 0.88033626681359, 0.4980633869210765, 0,8, 0
0.10197565356216325, 2.3036994823222865, 0.8977007275693982, 0.39220549478851224, 0,0, 0
0.0996474422936207, 2.305641490812193, 0.9424463317291131, 0.5097203839707926, 0,5, 0
0.09991352358145414, 2.31096169535116, 0.9273376082964652, 0.5220361901035057, 0,5, 0
0.09991352358145414, 2.4055472388759482, 0.9273376082964652, 0.5218998966285109, 0,7, 0
0.10024612519124593, 2.3526060447589465, 0.88033626681359, 0.49408367448101087, 0,5, 0
0.09991352358145414, 2.33693730892206, 0.9273376082964652, 0.5192999946910303, 0,2, 0
0.0996474422936207, 2.3209480223506302, 0.9424463317291131, 0.5211048555727961, 0,9, 0
0.09878267810816205, 2.387666787666958, 0.9000015148416551, 0.5131081688813047, 0,7, 0
0.09958092197166234, 2.428258534606358, 0.8933638062721464, 0.5153174230479695, 0,4, 0
0.10111088937670458, 2.4128283471124803, 0.9116167084157132, 0.5131578085209407, 0,4, 0
0.09878267810816205, 2.4310444119225116, 0.9000015148416551, 0.515153857248133, 0,12, 0
0.09991352358145414, 2.407317673930831, 0.9273376082964652, 0.5207064598206235, 0,5, 0
0.09878267810816205, 2.346297534689062, 0.9000015148416551, 0.5133043533443741, 0,3, 0
0.10024612519124593, 2.4280716930092003, 0.88033626681359, 0.4953546182802899, 0,12, 0
0.10051220647907935, 2.419588387103675, 0.8777699163158681, 0.5091085459624703, 0,10, 0
0.10111088937670458, 2.4040643823509216, 0.9116167084157132, 0.5146862299531973, 0,7, 0
0.09878267810816205, 2.401293351567292, 0.9000015148416551, 0.5134233838809994, 0,11, 0
0.09958092197166234, 2.3603625678258022, 0.8933638062721464, 0.5128683188617775, 0,7, 0
0.10111088937670458, 2.370474664812704, 0.9116167084157132, 0.5138196185195018, 0,6, 0
0.0996474422936207, 2.465181725932192, 0.9424463317291131, 0.517032485747517, 0,9, 0
0.09958092197166234, 2.4516375446354473, 0.8933638062721464, 0.5123215671296476, 0,5, 0
0.10111088937670458, 2.3914635152403787, 0.9116167084157132, 0.512390361700478, 0,7, 0
0.09878267810816205, 2.383744337003182, 0.9000015148416551, 0.5113073954576965, 0,6, 0
0.09878267810816205, 2.341194581733305, 0.9000015148416551, 0.515423887999938, 0,9, 0
0.10111088937670458, 2.4352735274012343, 0.9116167084157132, 0.512626076536568, 0,6, 0
0.0996474422936207, 2.3992492435602246, 0.9424463317291131, 0.5184459041943718, 0,6, 0
0.09991352358145414, 2.4341344025878384, 0.9273376082964652, 0.5219089391908713, 0,10, 0
0.10111088937670458, 2.403079955756906, 0.9116167084157132, 0.512849756683244, 0,5, 0
0.0996474422936207, 2.3629546218279045, 0.9424463317291131, 0.5142298875317377, 0,11, 0
0.10024612519124593, 2.4954353710265407, 0.88033626681359, 0.4953226867381001, 0,9, 0
0.09991352358145414, 2.379344497906633, 0.9273376082964652, 0.5185656433581286, 0,5, 0
0.09904875939599547, 2.4600771985780074, 0.8938837418790088, 0.5054994023575407, 0,8, 0
0.09991352358145414, 2.3599760790891944, 0.9273376082964652, 0.5256857233644954, 0,9, 0
0.09958092197166234, 2.3783535484559346, 0.8933638062721464, 0.5144995323926596, 0,8, 0
0.10017960486928756, 2.3827361415375066, 0.8835487229879121, 0.5082007314573734, 0,4, 0
0.09958092197166234, 2.522380378315614, 0.8933638062721464, 0.5137826080011586, 0,11, 0
0.09904875939599547, 2.477372943565992, 0.8938837418790088, 0.5065015273224184, 0,8, 0
0.09991352358145414, 2.4093083824645434, 0.9273376082964652, 0.5225933397086818, 0,8, 0
0.10017960486928756, 2.352855759887236, 0.8835487229879121, 0.506712907802017, 0,8, 0
0.10051220647907935, 2.33262495959518, 0.8777699163158681, 0.502054954905701, 0,10, 0
0.10017960486928756, 2.3677239803578622, 0.8835487229879121, 0.5058573911126635, 0,6, 0
0.09878267810816205, 2.3340049854638387, 0.9000015148416551, 0.5147769291657213, 0,6, 0
0.09958092197166234, 2.5919862322676313, 0.8933638062721464, 0.511289770176828, 0,6, 0
0.09991352358145414, 2.399917858609466, 0.9273376082964652, 0.5224377800066985, 0,7, 0
0.10111088937670458, 2.360180569267603, 0.9116167084157132, 0.5173154240621448, 0,6, 0
0.10111088937670458, 2.3749442754260937, 0.9116167084157132, 0.5134696175334976, 0,7, 0
0.09904875939599547, 2.4286889146285118, 0.8938837418790088, 0.5091747784469989, 0,10, 0
0.10111088937670458, 2.4216043687838957, 0.9116167084157132, 0.5120778270622158, 0,7, 0
0.09878267810816205, 2.3830738848240434, 0.9000015148416551, 0.5146872558072263, 0,6, 0
0.09904875939599547, 2.386918143717613, 0.8938837418790088, 0.5046003000439115, 0,8, 0
0.09904875939599547, 2.4874253708120593, 0.8938837418790088, 0.5050775588617327, 0,11, 0
0.09958092197166234, 2.4645951030687807, 0.8933638062721464, 0.5130484866035132, 0,6, 0
0.09904875939599547, 2.436681586762099, 0.8938837418790088, 0.50948855391458, 0,10, 0
0.09958092197166234, 2.3550023716033546, 0.8933638062721464, 0.5141905334120218, 0,6, 0
0.10024612519124593, 2.430515711221725, 0.88033626681359, 0.49251363227026973, 0,7, 0
0.09904875939599547, 2.3360109592256437, 0.8938837418790088, 0.5048689911475811, 0,5, 0
0.0996474422936207, 2.396688601693604, 0.9424463317291131, 0.5147024116096811, 0,6, 0
0.0996474422936207, 2.41470270986956, 0.9424463317291131, 0.5171474817028068, 0,5, 0
0.10111088937670458, 2.5025026094316365, 0.9116167084157132, 0.5133950381914488, 0,11, 0
0.10111088937670458, 2.4602025039005855, 0.9116167084157132, 0.5118616255534849, 0,8, 0
0.09958092197166234, 2.451288070529947, 0.8933638062721464, 0.5125745995433397, 0,8, 0
0.10024612519124593, 2.6110097056836223, 0.88033626681359, 0.4953670033436741, 0,7, 0
0.09991352358145414, 2.4333470945054403, 0.9273376082964652, 0.5210396640511905, 0,6, 0
0.10111088937670458, 2.373316620809783, 0.9116167084157132, 0.5126477768389375, 0,8, 0
0.09958092197166234, 2.3954848546289695, 0.8933638062721464, 0.5117344955965211, 0,6, 0
0.10024612519124593, 2.5736454614961426, 0.88033626681359, 0.4958756619115936, 0,7, 0
0.10111088937670458, 2.3556648206228683, 0.9116167084157132, 0.513745737722746, 0,9, 0
0.10111088937670458, 2.4211583487614656, 0.9116167084157132, 0.5137496352067855, 0,7, 0
0.10017960486928756, 2.348149667312418, 0.8835487229879121, 0.50976701559341, 0,8, 0
0.09958092197166234, 2.362168921504772, 0.8933638062721464, 0.5159580928540819, 0,2, 0
0.09904875939599547, 2.4294694737586195, 0.8938837418790088, 0.5045626208632811, 0,9, 0
0.10017960486928756, 2.3985770573311838, 0.8835487229879121, 0.5054133873556089, 0,7, 0
0.09878267810816205, 2.4166934104417126, 0.9000015148416551, 0.5165022416817612, 0,4, 0
0.10097784873278787, 2.38438579299164, 0.8896953824485279, 0.5045632717061082, 0,12, 0
0.09878267810816205, 2.5362738634721174, 0.9000015148416551, 0.5128897884947959, 0,3, 0
0.10024612519124593, 2.4845789563336282, 0.88033626681359, 0.49547750753437936, 0,6, 0
0.10097784873278787, 2.4496347373143914, 0.8896953824485279, 0.5053988007088496, 0,3, 0
0.09904875939599547, 2.5086055783813745, 0.8938837418790088, 0.5024563040807467, 0,8, 0
0.10024612519124593, 2.3780402005380923, 0.88033626681359, 0.49390980786988586, 0,8, 0
0.09904875939599547, 2.4994409210642425, 0.8938837418790088, 0.5058163210040224, 0,5, 0
0.09958092197166234, 2.4177050545949434, 0.8933638062721464, 0.5125211565237119, 0,4, 0
0.09991352358145414, 2.414066797902086, 0.9273376082964652, 0.526818052004052, 0,8, 0
0.10024612519124593, 2.4129074124259673, 0.88033626681359, 0.49810001467935594, 0,14, 0
0.10111088937670458, 2.4825138401019315, 0.9116167084157132, 0.5099248408889355, 0,5, 0
0.09958092197166234, 2.406925802537561, 0.8933638062721464, 0.5092063650934583, 0,6, 0
0.09991352358145414, 2.39712497474016, 0.9273376082964652, 0.5253454795458782, 0,12, 0
0.10017960486928756, 2.4794398292226085, 0.8835487229879121, 0.5084275012101902, 0,7, 0
0.09958092197166234, 2.38714815437425, 0.8933638062721464, 0.5150304836716217, 0,7, 0
0.10051220647907935, 2.354110274217819, 0.8777699163158681, 0.505586339737688, 0,7, 0
0.09958092197166234, 2.416288820226884, 0.8933638062721464, 0.5113102039443682, 0,7, 0
0.09878267810816205, 2.4925505897047704, 0.9000015148416551, 0.5136496291269939, 0,10, 0
0.10097784873278787, 2.3543815083079633, 0.8896953824485279, 0.5092948080002612, 0,7, 0
0.09991352358145414, 2.5099095130152294, 0.9273376082964652, 0.5206869195538539, 0,7, 0
0.10017960486928756, 2.3695982747517887, 0.8835487229879121, 0.5093659743464598, 0,11, 0
0.0996474422936207, 2.3918955660164496, 0.9424463317291131, 0.5184636681160186, 0,6, 0
0.09958092197166234, 2.3446244645846672, 0.8933638062721464, 0.5161862597880341, 0,5, 0
0.10111088937670458, 2.3639328149092504, 0.9116167084157132, 0.5071666418240401, 0,8, 0
0.10111088937670458, 2.398602647623727, 0.9116167084157132, 0.5143557950324888, 0,4, 0
0.09991352358145414, 2.337771323097844, 0.9273376082964652, 0.5208569920177236, 0,8, 0
0.09878267810816205, 2.3878008539405626, 0.9000015148416551, 0.5129144465186106, 0,5, 0
0.09904875939599547, 2.48353881840854, 0.8938837418790088, 0.5076639583168937, 0,9, 0
0.0911993614049092, 2.3030781024770968, 0.9002102331436105, 0.3587593868614358, 0,0, 0
0.0996474422936207, 2.3025559000822073, 0.9424463317291131, 0.5179674227290973, 0,3, 0
0.0996474422936207, 2.3041454574459608, 0.9424463317291131, 0.5178341121818314, 0,6, 0
0.0996474422936207, 2.3126065962996414, 0.9424463317291131, 0.515696632747913, 0,8, 0
0.12286303465708774, 2.320483046742738, 0.865301885169729, 0.3929501330978164, 0,5, 0
0.09904875939599547, 2.3721252219973388, 0.8938837418790088, 0.5080507860396711, 0,3, 0
0.09904875939599547, 2.4201542043657365, 0.8938837418790088, 0.5070680975722902, 0,5, 0
0.09878267810816205, 2.4364106420080383, 0.9000015148416551, 0.5123578043544836, 0,7, 0
0.09904875939599547, 2.4604188217213077, 0.8938837418790088, 0.50443304612883, 0,8, 0
0.0996474422936207, 2.315283827809273, 0.9424463317291131, 0.517540219562806, 0,8, 0
0.09958092197166234, 2.359605032257522, 0.8933638062721464, 0.5150182077255305, 0,7, 0
0.09958092197166234, 2.3684547615013205, 0.8933638062721464, 0.51496798249868, 0,8, 0
0.10024612519124593, 2.439486777244004, 0.88033626681359, 0.49789624201760047, 0,11, 0
0.09878267810816205, 2.3543301663268377, 0.9000015148416551, 0.5171608351680574, 0,10, 0
0.09904875939599547, 2.3716727413991916, 0.8938837418790088, 0.507335841885701, 0,9, 0
0.09878267810816205, 2.357072415429897, 0.9000015148416551, 0.5141219519255845, 0,8, 0
0.09878267810816205, 2.3730359177845393, 0.9000015148416551, 0.5138713296211731, 0,10, 0
0.09878267810816205, 2.4285426606899136, 0.9000015148416551, 0.5115478121202062, 0,6, 0
0.09878267810816205, 2.356710144885562, 0.9000015148416551, 0.5119711418887674, 0,7, 0
0.10111088937670458, 2.341329417502754, 0.9116167084157132, 0.5153130965721116, 0,8, 0
0.10111088937670458, 2.3569776650587815, 0.9116167084157132, 0.5144705925553541, 0,3, 0
0.09904875939599547, 2.44134791543017, 0.8938837418790088, 0.5057411444991053, 0,6, 0
0.09878267810816205, 2.4501442890129805, 0.9000015148416551, 0.512244207295519, 0,8, 0
0.09958092197166234, 2.389419439420533, 0.8933638062721464, 0.5123784132313957, 0,10, 0
0.10097784873278787, 2.3337971473782155, 0.8896953824485279, 0.504193465872843, 0,9, 0
0.10024612519124593, 2.3956337233531153, 0.88033626681359, 0.4946516359918525, 0,12, 0
0.10111088937670458, 2.5529617183676168, 0.9116167084157132, 0.5150665391504237, 0,12, 0
0.09878267810816205, 2.40374098145731, 0.9000015148416551, 0.5134900170664782, 0,7, 0
0.09878267810816205, 2.4473804356626334, 0.9000015148416551, 0.5114928988157563, 0,7, 0
0.10111088937670458, 2.3579884349629765, 0.9116167084157132, 0.5129601903598523, 0,7, 0
0.0996474422936207, 2.339333613681863, 0.9424463317291131, 0.5179954193115993, 0,12, 0
0.09878267810816205, 2.491590530796377, 0.9000015148416551, 0.5118481068215623, 0,4, 0
0.09958092197166234, 2.438176055523257, 0.8933638062721464, 0.5127023722088598, 0,4, 0
0.0996474422936207, 2.42657916114326, 0.9424463317291131, 0.5158562392778038, 0,10, 0
0.09991352358145414, 2.482812003477806, 0.9273376082964652, 0.5196614560027037, 0,10, 0
0.10111088937670458, 2.509907234716596, 0.9116167084157132, 0.5077195283571854, 0,7, 0
0.10111088937670458, 2.3443725436126956, 0.9116167084157132, 0.5126843762537933, 0,9, 0
0.09904875939599547, 2.481784080036432, 0.8938837418790088, 0.5037347590995238, 0,5, 0
0.09958092197166234, 2.391686836426458, 0.8933638062721464, 0.5143789730486577, 0,5, 0
0.09904875939599547, 2.464404695699975, 0.8938837418790088, 0.5056431316439414, 0,4, 0
0.09878267810816205, 2.49089767240141, 0.9000015148416551, 0.5140625667830637, 0,7, 0
0.10111088937670458, 2.5442587723951173, 0.9116167084157132, 0.5099853372759229, 0,8, 0
0.09878267810816205, 2.3928401263770582, 0.9000015148416551, 0.5150744894002799, 0,6, 0
0.10111088937670458, 2.5738457343555026, 0.9116167084157132, 0.5138903811550201, 0,4, 0
0.09904875939599547, 2.5413771520980157, 0.8938837418790088, 0.5066802039657256, 0,10, 0
0.09878267810816205, 2.4974803323320054, 0.9000015148416551, 0.5119430874311768, 0,4, 0
0.09904875939599547, 2.494635627947429, 0.8938837418790088, 0.5062143523750189, 0,8, 0
0.09904875939599547, 2.475197839814651, 0.8938837418790088, 0.5080094347519186, 0,9, 0
0.0996474422936207, 2.446342651012819, 0.9424463317291131, 0.5130376611259578, 0,5, 0
0.0996474422936207, 2.3406230474766527, 0.9424463317291131, 0.5170036775232921, 0,8, 0
0.10024612519124593, 2.4663196242847643, 0.88033626681359, 0.4956823936303082, 0,4, 0
0.09904875939599547, 2.5555299140653203, 0.8938837418790088, 0.5080951407711339, 0,10, 0
0.09904875939599547, 2.409040740013186, 0.8938837418790088, 0.5062596742124772, 0,8, 0
0.09958092197166234, 2.4291922519570663, 0.8933638062721464, 0.513160400348267, 0,6, 0
0.09904875939599547, 2.4264271803374204, 0.8938837418790088, 0.5076429424564575, 0,8, 0
0.10111088937670458, 2.386484393719498, 0.9116167084157132, 0.5134246504212363, 0,8, 0
0.10111088937670458, 2.5594398563536056, 0.9116167084157132, 0.5157111424482473, 0,6, 0
0.09878267810816205, 2.4615324253110695, 0.9000015148416551, 0.5136074946093908, 0,6, 0
0.10111088937670458, 2.378774828772214, 0.9116167084157132, 0.5131985358199437, 0,7, 0
0.10097784873278787, 2.3486777406993964, 0.8896953824485279, 0.5075523569386157, 0,5, 0
0.09904875939599547, 2.4434614381747024, 0.8938837418790088, 0.5046531181634513, 0,7, 0
0.10024612519124593, 2.391541853133753, 0.88033626681359, 0.4985889543382207, 0,5, 0
0.09991352358145414, 2.5673890316437986, 0.9273376082964652, 0.5213261543232961, 0,6, 0
0.09904875939599547, 2.4526097498864368, 0.8938837418790088, 0.5085594073756112, 0,6, 0
0.0996474422936207, 2.333848675004833, 0.9424463317291131, 0.5230567924234103, 0,8, 0
0.10111088937670458, 2.4814743810425433, 0.9116167084157132, 0.5090600457788232, 0,6, 0
0.10111088937670458, 2.466400277374319, 0.9116167084157132, 0.5106752020924179, 0,8, 0
0.09904875939599547, 2.498230015590013, 0.8938837418790088, 0.5076371471756668, 0,7, 0
0.10024612519124593, 2.429580493228034, 0.88033626681359, 0.49487187869436466, 0,6, 0
0.09991352358145414, 2.4139544917843594, 0.9273376082964652, 0.5213529631689788, 0,6, 0
0.09904875939599547, 2.443832417396556, 0.8938837418790088, 0.5066062541916033, 0,6, 0
0.09904875939599547, 2.514521659352319, 0.8938837418790088, 0.5054886414814661, 0,10, 0
0.09904875939599547, 2.437277040049867, 0.8938837418790088, 0.5057857468293372, 0,13, 0
0.09991352358145414, 2.3625010519551712, 0.9273376082964652, 0.5218042785701849, 0,5, 0
0.10051220647907935, 2.336646881327454, 0.8777699163158681, 0.5063973177931483, 0,10, 0
0.10111088937670458, 2.3660093138716394, 0.9116167084157132, 0.5152163326501005, 0,7, 0
0.10097784873278787, 2.3398516319916647, 0.8896953824485279, 0.506525269762689, 0,9, 0
0.09904875939599547, 2.4605218958475628, 0.8938837418790088, 0.5091470980953049, 0,7, 0
0.10024612519124593, 2.455006238222043, 0.88033626681359, 0.49605520237557776, 0,5, 0
0.09878267810816205, 2.471659517641879, 0.9000015148416551, 0.5132118128057483, 0,8, 0
0.10111088937670458, 2.4382670655631498, 0.9116167084157132, 0.513630991000328, 0,3, 0
0.09904875939599547, 2.3783724493889373, 0.8938837418790088, 0.5042858359453993, 0,4, 0
0.09904875939599547, 2.4374366269285774, 0.8938837418790088, 0.5064953352637955, 0,8, 0
0.09878267810816205, 2.3294440595830723, 0.9000015148416551, 0.5106545490536957, 0,8, 0
0.09991352358145414, 2.3884869018000994, 0.9273376082964652, 0.5230815240528471, 0,10, 0
0.0996474422936207, 2.3485271962731136, 0.9424463317291131, 0.5144077946635188, 0,8, 0
0.09958092197166234, 2.7107093100347006, 0.8933638062721464, 0.5166986020510166, 0,5, 0
0.09958092197166234, 2.365031580498997, 0.8933638062721464, 0.5143760653188644, 0,10, 0
0.09904875939599547, 2.5223784702691554, 0.8938837418790088, 0.5019329022449079, 0,7, 0
0.09878267810816205, 2.447647956256134, 0.9000015148416551, 0.5133263810570263, 0,7, 0
0.09958092197166234, 2.4459497941624324, 0.8933638062721464, 0.5140078564929348, 0,10, 0
0.09904875939599547, 2.443372507331012, 0.8938837418790088, 0.5043980104695581, 0,9, 0
0.09958092197166234, 2.4020478926692697, 0.8933638062721464, 0.5168081112566283, 0,5, 0
0.10051220647907935, 2.3725348283357506, 0.8777699163158681, 0.507709604582376, 0,5, 0
0.0996474422936207, 2.4386402510172482, 0.9424463317291131, 0.5168151637973144, 0,7, 0
0.09878267810816205, 2.4360136172811577, 0.9000015148416551, 0.5128794912492929, 0,7, 0
0.10097784873278787, 2.3595306237110445, 0.8896953824485279, 0.5072474877865515, 0,7, 0
0.10111088937670458, 2.4003854761467496, 0.9116167084157132, 0.5123669380714158, 0,7, 0
0.10111088937670458, 2.415720427852266, 0.9116167084157132, 0.5124962895889813, 0,5, 0
0.09991352358145414, 2.364237982221431, 0.9273376082964652, 0.5200222057789814, 0,8, 0
0.09958092197166234, 2.3590620909988194, 0.8933638062721464, 0.5120121737388081, 0,7, 0
0.10949244994345772, 2.3028308396043475, 0.8902584198246248, 0.225820345882697, 0,0, 0
0.09991352358145414, 2.30490909938778, 0.9273376082964652, 0.52142274190115, 0,3, 0
0.10111088937670458, 2.307866123362881, 0.9116167084157132, 0.5127587537849162, 0,5, 0
0.09878267810816205, 2.310726817651938, 0.9000015148416551, 0.5149871700133939, 0,8, 0
0.10051220647907935, 2.3340897141741253, 0.8777699163158681, 0.5089841479449174, 0,3, 0
0.09958092197166234, 2.318633153593517, 0.8933638062721464, 0.517723227316264, 0,5, 0
0.09958092197166234, 2.3212369577633933, 0.8933638062721464, 0.5153578747179999, 0,8, 0
0.09958092197166234, 2.3726064143903733, 0.8933638062721464, 0.5140718973159417, 0,6, 0
0.09904875939599547, 2.3638813369948015, 0.8938837418790088, 0.5036096234873807, 0,9, 0
0.09904875939599547, 2.5119484672128958, 0.8938837418790088, 0.5024638966747561, 0,8, 0
0.09991352358145414, 2.3573900775773664, 0.9273376082964652, 0.5206180622749875, 0,11, 0
0.09904875939599547, 2.4267418949632424, 0.8938837418790088, 0.5001690193177033, 0,7, 0
0.09904875939599547, 2.4317945084441472, 0.8938837418790088, 0.5058588814938489, 0,8, 0
0.09878267810816205, 2.381439225161249, 0.9000015148416551, 0.5137882964178203, 0,8, 0
0.09878267810816205, 2.3787536598573005, 0.9000015148416551, 0.5132959431058945, 0,9, 0
0.09958092197166234, 2.3571074627627793, 0.8933638062721464, 0.5156222251269273, 0,10, 0
0.10111088937670458, 2.412453836042835, 0.9116167084157132, 0.515824278579803, 0,5, 0
0.10111088937670458, 2.4025251782123638, 0.9116167084157132, 0.5143480004903327, 0,8, 0
0.09878267810816205, 2.3748285114618466, 0.9000015148416551, 0.5156251798141986, 0,8, 0
0.09991352358145414, 2.4487170692150886, 0.9273376082964652, 0.5219030018750831, 0,4, 0
0.09991352358145414, 2.4140562334119666, 0.9273376082964652, 0.5238237673042128, 0,12, 0
0.09878267810816205, 2.397009391021183, 0.9000015148416551, 0.5148021391060772, 0,9, 0
0.09878267810816205, 2.468424262571008, 0.9000015148416551, 0.5111108048085107, 0,8, 0
0.09991352358145414, 2.365073494177525, 0.9273376082964652, 0.5186968505378224, 0,6, 0
0.10024612519124593, 2.577305728515481, 0.88033626681359, 0.4945305900956813, 0,9, 0
0.09904875939599547, 2.6051952774666, 0.8938837418790088, 0.5064057690412929, 0,8, 0
0.09958092197166234, 2.3448489655644598, 0.8933638062721464, 0.5144371944956708, 0,8, 0
0.09878267810816205, 2.390957028448863, 0.9000015148416551, 0.5126075838613273, 0,6, 0
0.10024612519124593, 2.3838581255490467, 0.88033626681359, 0.49481434077090625, 0,5, 0
0.10024612519124593, 2.4117239035508877, 0.88033626681359, 0.4944730724286836, 0,14, 0
0.10111088937670458, 2.414437181585001, 0.9116167084157132, 0.5124489826929591, 0,7, 0
0.10017960486928756, 2.363072350529039, 0.8835487229879121, 0.5046723576740743, 0,9, 0
0.09991352358145414, 2.407393408632085, 0.9273376082964652, 0.5223999268024067, 0,7, 0
0.09904875939599547, 2.5728836903226022, 0.8938837418790088, 0.5060615333847194, 0,6, 0
0.09904875939599547, 2.4085780968409467, 0.8938837418790088, 0.5065678712301237, 0,7, 0
0.09878267810816205, 2.406325430813913, 0.9000015148416551, 0.5129974506877117, 0,10, 0
0.09904875939599547, 2.4681839131233674, 0.8938837418790088, 0.5071388872970104, 0,5, 0
0.09904875939599547, 2.49085087412363, 0.8938837418790088, 0.5035763176203217, 0,8, 0
0.09991352358145414, 2.428345638938208, 0.9273376082964652, 0.5217290002214559, 0,7, 0
0.09878267810816205, 2.3865256465568536, 0.9000015148416551, 0.5133714655682585, 0,5, 0
0.09878267810816205, 2.4602975170348906, 0.9000015148416551, 0.5134286692699933, 0,6, 0
0.09958092197166234, 2.4541164634788077, 0.8933638062721464, 0.5163212488256961, 0,6, 0
0.09904875939599547, 2.3992545279503057, 0.8938837418790088, 0.5076583819710903, 0,7, 0
0.10024612519124593, 2.6473187964365232, 0.88033626681359, 0.493907590900354, 0,6, 0
0.09878267810816205, 2.3804551631337127, 0.9000015148416551, 0.5155154540802561, 0,8, 0
0.10017960486928756, 2.356774431744204, 0.8835487229879121, 0.5059921012717242, 0,8, 0
0.0996474422936207, 2.4559118909955715, 0.9424463317291131, 0.5180357655276938, 0,9, 0
0.09958092197166234, 2.3842548127977827, 0.8933638062721464, 0.5133102992716059, 0,9, 0
0.09991352358145414, 2.4688610491745964, 0.9273376082964652, 0.5220643132671197, 0,8, 0
0.09991352358145414, 2.4370486922173065, 0.9273376082964652, 0.5224637261093794, 0,6, 0
0.09958092197166234, 2.3509625289077443, 0.8933638062721464, 0.5147245810404623, 0,8, 0
0.09878267810816205, 2.3364931077829643, 0.9000015148416551, 0.5142566525133746, 0,8, 0
0.09878267810816205, 2.4771970007572315, 0.9000015148416551, 0.513194769135029, 0,7, 0
0.09878267810816205, 2.374497460841593, 0.9000015148416551, 0.5159639846993074, 0,11, 0
0.09878267810816205, 2.4638094243148143, 0.9000015148416551, 0.5125714747152206, 0,8, 0
0.10024612519124593, 2.585228574107065, 0.88033626681359, 0.4958363816112879, 0,4, 0
0.10111088937670458, 2.354683027814298, 0.9116167084157132, 0.5132595062699093, 0,9, 0
0.10024612519124593, 2.504379752160768, 0.88033626681359, 0.49056248572853767, 0,7, 0
0.0996474422936207, 2.3907790053892315, 0.9424463317291131, 0.5153954261100149, 0,10, 0
0.09991352358145414, 2.42798750927719, 0.9273376082964652, 0.5211191818748356, 0,9, 0
0.09958092197166234, 2.4891916470225364, 0.8933638062721464, 0.5116160001654173, 0,6, 0
0.09991352358145414, 2.3680381428209727, 0.9273376082964652, 0.5209175937298368, 0,10, 0
0.09958092197166234, 2.403471382841223, 0.8933638062721464, 0.5154834018726315, 0,12, 0
0.09878267810816205, 2.348779426580226, 0.9000015148416551, 0.5139362422365328, 0,5, 0
0.09991352358145414, 2.468383415170529, 0.9273376082964652, 0.5236221741244717, 0,7, 0
0.09958092197166234, 2.397420179476751, 0.8933638062721464, 0.5117807638976077, 0,10, 0
0.10111088937670458, 2.3566686700047477, 0.9116167084157132, 0.5146320723885581, 0,7, 0
0.10111088937670458, 2.5385735271965553, 0.9116167084157132, 0.5116955269700667, 0,9, 0
0.09904875939599547, 2.4130722718317177, 0.8938837418790088, 0.5038031833639806, 0,6, 0
0.09904875939599547, 2.5283202328209646, 0.8938837418790088, 0.5087914998965029, 0,7, 0
0.10097784873278787, 2.39892497175604, 0.8896953824485279, 0.5055994677331493, 0,6, 0
0.09958092197166234, 2.3750854417853176, 0.8933638062721464, 0.513311231708314, 0,4, 0
0.09958092197166234, 2.3400197589991376, 0.8933638062721464, 0.5143297728313325, 0,13, 0
0.10024612519124593, 2.4656900157315014, 0.88033626681359, 0.4950426105310892, 0,7, 0
0.09904875939599547, 2.526490297811058, 0.8938837418790088, 0.5039819185504996, 0,5, 0
0.09904875939599547, 2.457840726553684, 0.8938837418790088, 0.503797115171516, 0,6, 0
0.10111088937670458, 2.373410703924485, 0.9116167084157132, 0.5147777545700621, 0,11, 0
0.09878267810816205, 2.4138987066661226, 0.9000015148416551, 0.5109911357229211, 0,11, 0
0.09991352358145414, 2.3874375856319983, 0.9273376082964652, 0.5204729036868437, 0,8, 0
0.10097784873278787, 2.3820879090167737, 0.8896953824485279, 0.5060561264113861, 0,7, 0
0.09958092197166234, 2.3662408202547582, 0.8933638062721464, 0.5125150348790622, 0,8, 0
0.10024612519124593, 2.3756914360750176, 0.88033626681359, 0.492820003331926, 0,6, 0
0.10111088937670458, 2.38490616036597, 0.9116167084157132, 0.5142682206075727, 0,8, 0
0.09878267810816205, 2.374619793988651, 0.9000015148416551, 0.5118812816697204, 0,10, 0
0.09878267810816205, 2.3591677251630045, 0.9000015148416551, 0.5150368707120864, 0,10, 0
0.09958092197166234, 2.422380022300675, 0.8933638062721464, 0.5130262709977608, 0,9, 0
0.0996474422936207, 2.3234045668719796, 0.9424463317291131, 0.5181626369206462, 0,8, 0
0.09878267810816205, 2.4067830081741897, 0.9000015148416551, 0.5134741196765071, 0,6, 0
0.10111088937670458, 2.385262008762594, 0.9116167084157132, 0.515370842859008, 0,2, 0
0.10024612519124593, 2.442944014777381, 0.88033626681359, 0.4929213580007896, 0,10, 0
0.09904875939599547, 2.4876836763998074, 0.8938837418790088, 0.50777407367135, 0,5, 0
0.09958092197166234, 2.387894678153908, 0.8933638062721464, 0.5170318989998026, 0,9, 0
0.10051220647907935, 2.3815010836411004, 0.8777699163158681, 0.5064763129587433, 0,6, 0
0.09904875939599547, 2.527220769199094, 0.8938837418790088, 0.5080118005537386, 0,6, 0
0.09991352358145414, 2.3765488619386637, 0.9273376082964652, 0.5201404352000514, 0,7, 0
0.09878267810816205, 2.3947726499928867, 0.9000015148416551, 0.5109809254023233, 0,10, 0
0.10051220647907935, 2.325363693167205, 0.8777699163158681, 0.5051818637279254, 0,14, 0
0.10024612519124593, 2.36719434430069, 0.88033626681359, 0.4940449324354041, 0,10, 0
0.0996474422936207, 2.36723932598686, 0.9424463317291131, 0.5187290085808676, 0,8, 0
0.10024612519124593, 2.506989122713777, 0.88033626681359, 0.49335449728407565, 0,6, 0
0.09878267810816205, 2.3638705460284433, 0.9000015148416551, 0.5131445047576012, 0,7, 0
0.11980309984700326, 2.3012342689312173, 0.8614168948258728, 0.32306737578861244, 0,0, 0
0.10037916583516264, 2.3022925005712125, 0.8863512129302406, 0.36302508608259226, 0,5, 0
0.09958092197166234, 2.3251262560961594, 0.8933638062721464, 0.5133850430853254, 0,5, 0
0.09878267810816205, 2.3142265687324737, 0.9000015148416551, 0.5133398370594153, 0,2, 0
0.09958092197166234, 2.3100018783425456, 0.8933638062721464, 0.5152164539105205, 0,5, 0
0.10024612519124593, 2.343945786068478, 0.88033626681359, 0.4946731963397174, 0,7, 0
0.0996474422936207, 2.3590687773925993, 0.9424463317291131, 0.5147098003988743, 0,5, 0
0.1053681899820395, 2.367256722375399, 0.9187132479041528, 0.4182416250411816, 0,6, 0
0.0996474422936207, 2.433789938809208, 0.9424463317291131, 0.5186093294447641, 0,7, 0
0.10111088937670458, 2.402075290925757, 0.9116167084157132, 0.5126628916400271, 0,4, 0
0.09878267810816205, 2.515600423894385, 0.9000015148416551, 0.5160540069508871, 0,5, 0
0.09904875939599547, 2.3176498506578755, 0.8938837418790088, 0.5033411015948265, 0,5, 0
0.09991352358145414, 2.330412337652011, 0.9273376082964652, 0.5205540056590079, 0,7, 0
0.10111088937670458, 2.400240843503654, 0.9116167084157132, 0.5146846370519499, 0,7, 0
0.10111088937670458, 2.4041621761630334, 0.9116167084157132, 0.5123814716647277, 0,8, 0
0.10111088937670458, 2.4083595124974044, 0.9116167084157132, 0.5157428233983617, 0,9, 0
0.10024612519124593, 2.4654144201260926, 0.88033626681359, 0.49568921551600964, 0,9, 0
0.10017960486928756, 2.4058366956202035, 0.8835487229879121, 0.5058290354356901, 0,6, 0
0.10024612519124593, 2.435672761318189, 0.88033626681359, 0.49529296188565014, 0,9, 0
0.10111088937670458, 2.3842926329737897, 0.9116167084157132, 0.5106512372427108, 0,5, 0
0.10017960486928756, 2.339015080623821, 0.8835487229879121, 0.5065461677233446, 0,9, 0
0.09878267810816205, 2.52647746029565, 0.9000015148416551, 0.5103116134805137, 0,8, 0
0.10111088937670458, 2.3815571262491826, 0.9116167084157132, 0.5140004293102609, 0,9, 0
0.09904875939599547, 2.413390506077517, 0.8938837418790088, 0.508832051384084, 0,9, 0
0.09904875939599547, 2.395492348050529, 0.8938837418790088, 0.5084665866710842, 0,8, 0
0.09991352358145414, 2.441675311242528, 0.9273376082964652, 0.522824140503626, 0,5, 0
0.09958092197166234, 2.370253199764349, 0.8933638062721464, 0.51202646822728, 0,3, 0
0.09878267810816205, 2.3740626785130763, 0.9000015148416551, 0.5122367066198416, 0,9, 0
0.09958092197166234, 2.414456049204745, 0.8933638062721464, 0.5136702690899204, 0,6, 0
0.09958092197166234, 2.398607036631748, 0.8933638062721464, 0.518918539903719, 0,9, 0
0.09958092197166234, 2.4234419149734903, 0.8933638062721464, 0.5142564147616822, 0,6, 0
0.10051220647907935, 2.4228254504874025, 0.8777699163158681, 0.5076323130422751, 0,11, 0
0.10024612519124593, 2.4824832315764676, 0.88033626681359, 0.49280823996872836, 0,9, 0
0.10017960486928756, 2.389963181101458, 0.8835487229879121, 0.5068921410207888, 0,9, 0
0.10024612519124593, 2.550763361319044, 0.88033626681359, 0.494448925749371, 0,9, 0
0.09904875939599547, 2.558674885081109, 0.8938837418790088, 0.5062199899545827, 0,11, 0
0.09904875939599547, 2.387308166419279, 0.8938837418790088, 0.5081775415899966, 0,6, 0
0.10024612519124593, 2.485545612060325, 0.88033626681359, 0.4928158145214405, 0,5, 0
0.09958092197166234, 2.3808459388292267, 0.8933638062721464, 0.5148463522863534, 0,3, 0
0.0996474422936207, 2.418015558887906, 0.9424463317291131, 0.5166939134990194, 0,12, 0
0.10017960486928756, 2.4295135287874388, 0.8835487229879121, 0.5097369842587838, 0,8, 0
0.09878267810816205, 2.3499753952724194, 0.9000015148416551, 0.513739933823418, 0,7, 0
0.09991352358145414, 2.336909372078748, 0.9273376082964652, 0.5234581907143276, 0,10, 0
0.09991352358145414, 2.4144805654400656, 0.9273376082964652, 0.5187858949160159, 0,8, 0
0.09991352358145414, 2.4780539045519103, 0.9273376082964652, 0.5207398900282029, 0,11, 0
0.09958092197166234, 2.3517982302522147, 0.8933638062721464, 0.5128351240387367, 0,9, 0
0.0996474422936207, 2.4190406984240282, 0.9424463317291131, 0.519202541172542, 0,7, 0
0.09958092197166234, 2.4436681713163755, 0.8933638062721464, 0.5161741131240191, 0,6, 0
0.10111088937670458, 2.3413264173904054, 0.9116167084157132, 0.5144778694481514, 0,13, 0
0.0996474422936207, 2.353799535288811, 0.9424463317291131, 0.5177831743701234, 0,11, 0
0.10051220647907935, 2.4012483003047036, 0.8777699163158681, 0.5096316320660883, 0,10, 0
0.10111088937670458, 2.3915918976423356, 0.9116167084157132, 0.5118026716321186, 0,9, 0
0.09904875939599547, 2.6719281760421745, 0.8938837418790088, 0.5062020724643537, 0,4, 0
0.10111088937670458, 2.3855588392274694, 0.9116167084157132, 0.5120334854836309, 0,7, 0
0.09958092197166234, 2.341024501043142, 0.8933638062721464, 0.512217868642178, 0,8, 0
0.09904875939599547, 2.4877989280250015, 0.8938837418790088, 0.5050301182372848, 0,9, 0
0.09991352358145414, 2.4482124643887873, 0.9273376082964652, 0.5218167249730958, 0,14, 0
0.09958092197166234, 2.3612224112915863, 0.8933638062721464, 0.5166356094037053, 0,11, 0
0.10111088937670458, 2.3671595061887154, 0.9116167084157132, 0.5107064487832543, 0,9, 0
0.10111088937670458, 2.3460255667159857, 0.9116167084157132, 0.5148220159609704, 0,7, 0
0.09904875939599547, 2.430916373540817, 0.8938837418790088, 0.5081831161982929, 0,7, 0
0.09878267810816205, 2.384165858648292, 0.9000015148416551, 0.5095408886225996, 0,8, 0
0.09991352358145414, 2.4040721353082244, 0.9273376082964652, 0.5260567178940478, 0,9, 0
0.10024612519124593, 2.330293659455586, 0.88033626681359, 0.49623714454245127, 0,8, 0
0.09878267810816205, 2.472708493326426, 0.9000015148416551, 0.512095452375708, 0,8, 0
0.09958092197166234, 2.4788358640918187, 0.8933638062721464, 0.5164951510484524, 0,5, 0
0.10097784873278787, 2.472969192845739, 0.8896953824485279, 0.5096895294056065, 0,9, 0
0.09958092197166234, 2.3895524342537624, 0.8933638062721464, 0.5149671245903691, 0,8, 0
0.0996474422936207, 2.4671594686694687, 0.9424463317291131, 0.5178779922512965, 0,8, 0
0.09958092197166234, 2.417544892985196, 0.8933638062721464, 0.5144280077440622, 0,4, 0
0.09991352358145414, 2.384843144565573, 0.9273376082964652, 0.5178012897378325, 0,12, 0
0.0996474422936207, 2.36111628603239, 0.9424463317291131, 0.5172235939653749, 0,6, 0
0.09958092197166234, 2.3841604194201484, 0.8933638062721464, 0.5153109049698419, 0,4, 0
0.10024612519124593, 2.446992620913987, 0.88033626681359, 0.4941032804333112, 0,5, 0
0.09991352358145414, 2.3752075392258014, 0.9273376082964652, 0.5208567137860454, 0,5, 0
0.09991352358145414, 2.5035886704893966, 0.9273376082964652, 0.5226485066396106, 0,6, 0
0.09878267810816205, 2.4126358698967536, 0.9000015148416551, 0.5131302091946623, 0,8, 0
0.09878267810816205, 2.408685373259203, 0.9000015148416551, 0.5149660297552417, 0,6, 0
0.10024612519124593, 2.371628223006013, 0.88033626681359, 0.49320697577833983, 0,8, 0
0.09878267810816205, 2.3943250396647695, 0.9000015148416551, 0.5095118315866098, 0,6, 0
0.0996474422936207, 2.322926977584282, 0.9424463317291131, 0.5161054980816919, 0,7, 0
0.09991352358145414, 2.426643130197692, 0.9273376082964652, 0.522855994473906, 0,9, 0
0.09904875939599547, 2.3860548559970534, 0.8938837418790088, 0.5062043866932976, 0,8, 0
0.10097784873278787, 2.3447433184270556, 0.8896953824485279, 0.5061654691743314, 0,10, 0
0.09991352358145414, 2.3815759934565746, 0.9273376082964652, 0.521549541738144, 0,7, 0
0.09878267810816205, 2.4297768113808678, 0.9000015148416551, 0.5153898979945853, 0,9, 0
0.10024612519124593, 2.525993490935974, 0.88033626681359, 0.49320869211577445, 0,8, 0
0.10111088937670458, 2.3735138726933847, 0.9116167084157132, 0.5075895887916336, 0,8, 0
0.09904875939599547, 2.529037351658393, 0.8938837418790088, 0.5103628555515245, 0,4, 0
0.09904875939599547, 2.4957338064910966, 0.8938837418790088, 0.503615063895265, 0,9, 0
0.09878267810816205, 2.406775351342411, 0.9000015148416551, 0.5115671585638851, 0,4, 0
0.09904875939599547, 2.557212968132084, 0.8938837418790088, 0.5051912568954124, 0,7, 0
0.09904875939599547, 2.4088034821803213, 0.8938837418790088, 0.5047532388916436, 0,6, 0
0.10111088937670458, 2.390597843096133, 0.9116167084157132, 0.5166038234336395, 0,5, 0
0.10111088937670458, 2.3695628240120703, 0.9116167084157132, 0.5140041602937684, 0,6, 0
0.09991352358145414, 2.5519299739644032, 0.9273376082964652, 0.519856150009842, 0,10, 0
0.09958092197166234, 2.4552105140568674, 0.8933638062721464, 0.5147204029417902, 0,5, 0
0.09904875939599547, 2.403397488259416, 0.8938837418790088, 0.5070863299262129, 0,8, 0
0.09958092197166234, 2.3797276335578395, 0.8933638062721464, 0.5131081682291626, 0,15, 0
0.09878267810816205, 2.3985006158908413, 0.9000015148416551, 0.5149813633805146, 0,9, 0
0.10111088937670458, 2.384968550137193, 0.9116167084157132, 0.5100958371138125, 0,6, 0
0.09159848333665935, 2.304122160447379, 0.9191979865602089, 0.4094421787909336, 0,0, 0
0.10111088937670458, 2.311902037512508, 0.9116167084157132, 0.5141146638054669, 0,2, 0
0.0996474422936207, 2.314732809770308, 0.9424463317291131, 0.5202666678147289, 0,1, 0
0.10024612519124593, 2.331079635951267, 0.88033626681359, 0.4973170759693194, 0,7, 0
0.09904875939599547, 2.3346459311591423, 0.8938837418790088, 0.5056193216675211, 0,6, 0
0.09991352358145414, 2.376614971122191, 0.9273376082964652, 0.5242891026775353, 0,6, 0
0.09991352358145414, 2.3618102500770632, 0.9273376082964652, 0.5213647046727915, 0,6, 0
0.09904875939599547, 2.377055252247812, 0.8938837418790088, 0.5034951592934387, 0,4, 0
0.0996474422936207, 2.377997834335296, 0.9424463317291131, 0.5158216848637904, 0,5, 0
0.09878267810816205, 2.3595835654819464, 0.9000015148416551, 0.5157282888407915, 0,7, 0
0.09904875939599547, 2.4176125050637802, 0.8938837418790088, 0.5047389138570595, 0,5, 0
0.10024612519124593, 2.358552762834499, 0.88033626681359, 0.4967627150471893, 0,5, 0
0.10097784873278787, 2.356663459140146, 0.8896953824485279, 0.5087724718276397, 0,11, 0
0.09958092197166234, 2.366478071521715, 0.8933638062721464, 0.5131835382329313, 0,10, 0
0.10111088937670458, 2.4048505981691837, 0.9116167084157132, 0.5132488598865603, 0,6, 0
0.10111088937670458, 2.3861344725533904, 0.9116167084157132, 0.5137420755257118, 0,8, 0
0.10051220647907935, 2.3716792626223273, 0.8777699163158681, 0.5072550776133741, 0,8, 0
0.10024612519124593, 2.450362532222722, 0.88033626681359, 0.4939082173805424, 0,7, 0
0.10097784873278787, 2.4014682633064943, 0.8896953824485279, 0.5049890541007833, 0,10, 0
0.09904875939599547, 2.398893572768234, 0.8938837418790088, 0.5051117845017523, 0,11, 0
0.10017960486928756, 2.43077197290899, 0.8835487229879121, 0.5109104887687311, 0,10, 0
0.10024612519124593, 2.4740241541720067, 0.88033626681359, 0.4931501209450825, 0,5, 0
0.09958092197166234, 2.4305286172826728, 0.8933638062721464, 0.5152641982930636, 0,9, 0
0.09878267810816205, 2.452508171090171, 0.9000015148416551, 0.5169775087805797, 0,8, 0
0.09991352358145414, 2.353749459972799, 0.9273376082964652, 0.5237125171567552, 0,8, 0
0.10111088937670458, 2.390864733092872, 0.9116167084157132, 0.5105379203059107, 0,8, 0
0.09904875939599547, 2.3919949997433294, 0.8938837418790088, 0.5077283092309252, 0,9, 0
0.09958092197166234, 2.439115541539395, 0.8933638062721464, 0.5117412681280658, 0,7, 0
0.09991352358145414, 2.387956501766251, 0.9273376082964652, 0.5218861257821319, 0,9, 0
0.09878267810816205, 2.3328547767399237, 0.9000015148416551, 0.5131269132448626, 0,10, 0
0.09991352358145414, 2.4420759990005476, 0.9273376082964652, 0.5229738676879944, 0,11, 0
0.0996474422936207, 2.6550696546157693, 0.9424463317291131, 0.51801489676663, 0,6, 0
0.09958092197166234, 2.3754875919882794, 0.8933638062721464, 0.5118248113549363, 0,3, 0
0.09958092197166234, 2.4585481097041146, 0.8933638062721464, 0.5151938348412125, 0,6, 0
0.09958092197166234, 2.4189405063030796, 0.8933638062721464, 0.51549457437673, 0,15, 0
0.10024612519124593, 2.4925373694476893, 0.88033626681359, 0.49401779897246295, 0,12, 0
0.10111088937670458, 2.3638528363636326, 0.9116167084157132, 0.5144585333718514, 0,7, 0
0.09958092197166234, 2.3796478619176153, 0.8933638062721464, 0.5130077122502352, 0,9, 0
0.09991352358145414, 2.396883743462556, 0.9273376082964652, 0.5247843954366033, 0,13, 0
0.0996474422936207, 2.47030599646358, 0.9424463317291131, 0.5195461056273318, 0,8, 0
0.09878267810816205, 2.433271549652494, 0.9000015148416551, 0.5151923582449034, 0,6, 0
0.09904875939599547, 2.4214864578708903, 0.8938837418790088, 0.5064324998911993, 0,10, 0
0.09991352358145414, 2.321703723144176, 0.9273376082964652, 0.519693861837471, 0,5, 0
0.10024612519124593, 2.5967945972459883, 0.88033626681359, 0.497627704282285, 0,3, 0
0.10111088937670458, 2.3557731346528006, 0.9116167084157132, 0.509623541681126, 0,7, 0
0.10017960486928756, 2.3375988214353614, 0.8835487229879121, 0.5069119590758402, 0,10, 0
0.09991352358145414, 2.3751311024244157, 0.9273376082964652, 0.5207386327412097, 0,9, 0
0.09958092197166234, 2.421306257451563, 0.8933638062721464, 0.5141212856635351, 0,6, 0
0.09991352358145414, 2.35946674468409, 0.9273376082964652, 0.5186027645728002, 0,10, 0
0.09904875939599547, 2.430656600496468, 0.8938837418790088, 0.5073933262383379, 0,7, 0
0.09904875939599547, 2.5180290916251034, 0.8938837418790088, 0.5067332850120722, 0,10, 0
0.10051220647907935, 2.413356570508248, 0.8777699163158681, 0.5069785513802334, 0,8, 0
0.09991352358145414, 2.404385109817816, 0.9273376082964652, 0.5240169412504055, 0,5, 0
0.0996474422936207, 2.3327653690590746, 0.9424463317291131, 0.5159440139987818, 0,11, 0
0.10024612519124593, 2.4001515025206923, 0.88033626681359, 0.4942034475480328, 0,11, 0
0.09991352358145414, 2.3636189130999914, 0.9273376082964652, 0.5235823072228656, 0,11, 0
0.09878267810816205, 2.396651238617383, 0.9000015148416551, 0.514332231841006, 0,6, 0
0.09958092197166234, 2.3970420945153013, 0.8933638062721464, 0.5135529972473546, 0,7, 0
0.0996474422936207, 2.3642540198873396, 0.9424463317291131, 0.5169434700635221, 0,8, 0
0.09904875939599547, 2.5402770503381054, 0.8938837418790088, 0.5076322305540055, 0,7, 0
0.10051220647907935, 2.3503009430354904, 0.8777699163158681, 0.508863696437222, 0,9, 0
0.09958092197166234, 2.4386129432798884, 0.8933638062721464, 0.5118212105012845, 0,9, 0
0.10024612519124593, 2.452273853546939, 0.88033626681359, 0.4944243588934999, 0,9, 0
0.10017960486928756, 2.4433334775292326, 0.8835487229879121, 0.5061047744427362, 0,12, 0
0.09904875939599547, 2.4475160153859123, 0.8938837418790088, 0.5042762039703906, 0,7, 0
0.09904875939599547, 2.4601500025054364, 0.8938837418790088, 0.5097253384287521, 0,8, 0
0.10097784873278787, 2.3460040632173196, 0.8896953824485279, 0.5042815022723147, 0,11, 0
0.10017960486928756, 2.3845538368547365, 0.8835487229879121, 0.5039136274064235, 0,7, 0
0.0996474422936207, 2.479528444871006, 0.9424463317291131, 0.521323826025159, 0,7, 0
0.0996474422936207, 2.4218517398038073, 0.9424463317291131, 0.521115232007294, 0,6, 0
0.09904875939599547, 2.4722253746879495, 0.8938837418790088, 0.5082244553810749, 0,5, 0
0.09904875939599547, 2.539565564867171, 0.8938837418790088, 0.505502122592921, 0,9, 0
0.10051220647907935, 2.3990399901487707, 0.8777699163158681, 0.505515126725157, 0,6, 0
0.09991352358145414, 2.344492860827817, 0.9273376082964652, 0.5224335061114346, 0,10, 0
0.09991352358145414, 2.419528050526708, 0.9273376082964652, 0.52279283648012, 0,10, 0
0.09878267810816205, 2.355812897100457, 0.9000015148416551, 0.5131273304386543, 0,7, 0
0.0996474422936207, 2.338113901549008, 0.9424463317291131, 0.5207357685321673, 0,6, 0
0.09904875939599547, 2.382253315454629, 0.8938837418790088, 0.5032029078706495, 0,12, 0
0.10051220647907935, 2.39215325520185, 0.8777699163158681, 0.506644122247025, 0,8, 0
0.09991352358145414, 2.614360083769572, 0.9273376082964652, 0.5191239037694327, 0,6, 0
0.09878267810816205, 2.4122704970085684, 0.9000015148416551, 0.5139920697385509, 0,8, 0
0.0996474422936207, 2.450895565209382, 0.9424463317291131, 0.5217946545474114, 0,12, 0
0.10111088937670458, 2.412294821698596, 0.9116167084157132, 0.5154131758697124, 0,12, 0
0.09991352358145414, 2.464557866505232, 0.9273376082964652, 0.5211487675272416, 0,9, 0
0.09878267810816205, 2.421118113362273, 0.9000015148416551, 0.5116958854461323, 0,6, 0
0.09958092197166234, 2.4422012155802832, 0.8933638062721464, 0.5127899410210874, 0,7, 0
0.09958092197166234, 2.3699286219000477, 0.8933638062721464, 0.5177845529199572, 0,3, 0
0.09958092197166234, 2.456603194475729, 0.8933638062721464, 0.5143840633636394, 0,10, 0
0.09904875939599547, 2.385246885883065, 0.8938837418790088, 0.503625407194835, 0,9, 0
0.09991352358145414, 2.4348161955488137, 0.9273376082964652, 0.5212686212803213, 0,3, 0
0.09878267810816205, 2.3975757104562425, 0.9000015148416551, 0.5107546204012886, 0,5, 0
0.09991352358145414, 2.577671225965598, 0.9273376082964652, 0.5193174333819387, 0,7, 0
0.09878267810816205, 2.3804966022747367, 0.9000015148416551, 0.5143400143992488, 0,10, 0
0.10111088937670458, 2.3260866929724617, 0.9116167084157132, 0.514944441174775, 0,7, 0
0.10097784873278787, 2.376343173989594, 0.8896953824485279, 0.5097245662150677, 0,7, 0
0.10017960486928756, 2.451139505360089, 0.8835487229879121, 0.505955363298051, 0,8, 0
0.09958092197166234, 2.437089257973647, 0.8933638062721464, 0.5102674377987149, 0,9, 0
0.09958092197166234, 2.392385033935334, 0.8933638062721464, 0.51491999804555, 0,7, 0
0.10111088937670458, 2.4178909659742525, 0.9116167084157132, 0.5100324377040122, 0,8, 0
0.10051220647907935, 2.3451048390622513, 0.8777699163158681, 0.5078496507055769, 0,7, 0
0.10111088937670458, 2.3571879244339184, 0.9116167084157132, 0.511282096080891, 0,6, 0
