acuracia,loss,frr,fpr, removed, n_clf, tp_removed
0.09825051553249518, 2.3036959122288754, 0.8944041643372586, 0.40467750686587217, 0,0, 0
0.11421539280250116, 2.3659467668358234, 0.9024998546405932, 0.437045896864403, 0,0, 0
0.11527971795383489, 2.347232029029315, 0.8778827344353595, 0.4350002336666345, 0,0, 0
0.09904875939599547, 2.3945368698857656, 0.8938837418790088, 0.5732899779453836, 0,0, 0
0.09944788132774562, 2.4386443134189357, 0.8935204055982747, 0.5728693753372314, 0,0, 0
0.18818599082019558, 2.2938688916217336, 0.7913769793802168, 0.31628498496008123, 0,0, 0
0.1538615046896827, 2.3411007523893526, 0.8331290571356466, 0.35041117375455516, 0,0, 0
0.19477150269407303, 2.279186434769737, 0.7994318206683093, 0.30932616878873626, 0,0, 0
0.20242133971928425, 2.3587904867992378, 0.784132206185216, 0.29009863216983334, 0,0, 0
0.15465974855318299, 2.374021691939934, 0.8435700560419945, 0.38549274573369546, 0,0, 0
0.22058138761391605, 2.216036955142841, 0.7909735303396704, 0.28333194000774536, 0,0, 0
0.16018093527572674, 2.288541860011637, 0.8498878895118406, 0.37873750619259183, 0,0, 0
0.19064724273265482, 2.237590893981129, 0.7964718776905088, 0.33853461135476515, 0,0, 0
0.16729860972527108, 2.147384277275363, 0.8434823236552569, 0.360914094271716, 0,0, 0
0.19703319364065722, 2.2033408757400537, 0.7785698622357393, 0.318065257193498, 0,0, 0
0.20953901416882859, 2.1072438234405224, 0.7749769562194156, 0.33680200539730765, 0,0, 0
0.22024878600412426, 2.0638910394177055, 0.7807560911848757, 0.30677720461538915, 0,0, 0
0.2256369320827513, 2.0814636224307264, 0.7657278640797128, 0.3146709424111484, 0,0, 0
0.2366127852058804, 2.059949246453944, 0.7462335921746162, 0.2790527480720319, 0,0, 0
0.24126920774296548, 2.110154514397435, 0.7534595310663207, 0.27926708984077153, 0,0, 0
0.28444089669394, 1.9398380255838723, 0.7315153931642416, 0.23332960786861404, 0,0, 0
0.264019157852724, 2.0880373709495057, 0.7187408854339314, 0.2454398096673006, 0,0, 0
0.27765582385418747, 1.998941312556748, 0.7190087043269702, 0.23748928243597361, 0,0, 0
0.23814275261092263, 2.1645310152745063, 0.742608314629678, 0.2821239202491624, 0,0, 0
0.2725337590633939, 2.037551097459345, 0.7279896664276986, 0.2645343568714221, 0,0, 0
0.15891704915851793, 2.344008639412219, 0.8444423083219911, 0.3853121089982829, 0,0, 0
0.2761923767711036, 1.9303413840346666, 0.7286555994922435, 0.25790891267547067, 0,0, 0
0.24738907736313442, 2.019489142440841, 0.7339736426617735, 0.28550410909882545, 0,0, 0
0.29315505887048493, 1.912465137387594, 0.7147326772061408, 0.25773900499653857, 0,0, 0
0.3027339852324885, 1.8701013507128064, 0.7242901002953029, 0.25392318009355513, 0,0, 0
0.27260027938535225, 1.9754385177242075, 0.7634621622229606, 0.30235682773653677, 0,0, 0
0.33473026009445883, 1.8411565142612627, 0.6781448517897869, 0.2251123214393868, 0,0, 0
0.3187653828244529, 1.8681061785433462, 0.7030465267012207, 0.2351374272240326, 0,0, 0
0.25424067052484534, 1.9348510908151129, 0.7383675161971823, 0.3042954411182112, 0,0, 0
0.3193640657220781, 1.827835604271901, 0.7082656590328685, 0.24185999589504079, 0,0, 0
0.30971861903811615, 1.827359320015867, 0.6865402279506303, 0.24623081776725697, 0,0, 0
0.2889642785871084, 1.940717782837374, 0.693552411091927, 0.2703563047285414, 0,0, 0
0.26840949910197565, 2.0878112969500875, 0.7155460856712206, 0.2759699945651817, 0,0, 0
0.29654759529036123, 1.916516733853108, 0.6877302619102724, 0.25352402861907725, 0,0, 0
0.2838422137963148, 1.9281097150135205, 0.7163681227634541, 0.2659176639789868, 0,0, 0
0.3029335461983636, 1.812912562055549, 0.6745697191445008, 0.25519385695392793, 0,0, 0
0.25703452404709637, 1.9387221089211448, 0.7898386893511645, 0.3076589812910272, 0,0, 0
0.3104503425796581, 1.8269471975787706, 0.7062536362263675, 0.2689326835097657, 0,0, 0
0.3416483735781281, 1.783316333410642, 0.6638313044369214, 0.2303624596662524, 0,0, 0
0.3219583582784541, 1.8177339769322454, 0.6654040003219417, 0.24569458189821108, 0,0, 0
0.30286702587640524, 1.8103701151778089, 0.6888627026295233, 0.26443198652543815, 0,0, 0
0.3361271868555844, 1.8131373327549827, 0.6528154665000011, 0.2290502650311729, 0,0, 0
0.38335661544601873, 1.6906998415657173, 0.6489058997293425, 0.2226470219331899, 0,0, 0
0.3114481474090335, 1.7839048482110413, 0.6727865901601351, 0.2617818080978987, 0,0, 0
0.35448679571609126, 1.7141559222897853, 0.6658429872382772, 0.2444592265110321, 0,0, 0
0.332535089469833, 1.7558331537042908, 0.6584569539552041, 0.24454265506352307, 0,0, 0
0.3434444222710038, 1.7619577400906234, 0.6334414944618767, 0.23274936902132684, 0,0, 0
0.26348699527705716, 1.9651954118510564, 0.7194760957586405, 0.2906806367528156, 0,0, 0
0.3519590234816736, 1.726720686772226, 0.6367437151892856, 0.23132628685278284, 0,0, 0
0.335129382026209, 1.7270622527235355, 0.6888258294604331, 0.2723217205625229, 0,0, 0
0.31237943191645046, 1.810687571737229, 0.711273907496874, 0.2773643781362212, 0,0, 0
0.34065056874875277, 1.7485781610586968, 0.6516560315524446, 0.24608459898746712, 0,0, 0
0.3649304862635535, 1.703045423874945, 0.6315032145673476, 0.23292355694943365, 0,0, 0
0.37331204683030667, 1.707991293855574, 0.6373209586623249, 0.22737025260599594, 0,0, 0
0.3747089735914322, 1.6736167510501212, 0.6066559247577952, 0.22195151271775881, 0,0, 0
0.32169227699062064, 1.8085670639244547, 0.6532790259886586, 0.2470467597532587, 0,0, 0
0.383955298343644, 1.6621873438921326, 0.628577155857661, 0.22676271665178116, 0,0, 0
0.36825650236147145, 1.7063989761203522, 0.637853711334041, 0.23085396566922692, 0,0, 0
0.3326016097917914, 1.7800818797423201, 0.6645681888461976, 0.25878064533355777, 0,0, 0
0.37783542872347503, 1.6782442345478765, 0.6351681555998909, 0.22470188114464332, 0,0, 0
0.3175014967072441, 1.8348712187971845, 0.668369146274421, 0.25762312198838233, 0,0, 0
0.3927359808421473, 1.6380360421901738, 0.6098396128924474, 0.22112072881133427, 0,0, 0
0.3472360806226302, 1.7477986334699727, 0.6347410977272665, 0.2377713863127312, 0,0, 0
0.3785006319430586, 1.6925188999997, 0.6330693396721112, 0.2229147902908592, 0,0, 0
0.3260160979179139, 1.7606085692623739, 0.6633337726472974, 0.25311813349383805, 0,0, 0
0.3554180802235083, 1.7510085166202431, 0.627138953275839, 0.23036671334241496, 0,0, 0
0.40278054945785935, 1.6324738819251983, 0.6020571861228733, 0.21633534001061544, 0,0, 0
0.38954300538814607, 1.669336973387729, 0.6037465560275329, 0.22185807936961596, 0,0, 0
0.37124991684959757, 1.6857521731131633, 0.6389282204401205, 0.23376430696713343, 0,0, 0
0.40717089070711104, 1.626024632343535, 0.6021514698895941, 0.21451400768546963, 0,0, 0
0.3222244395662875, 1.8367550331822398, 0.6654045780536119, 0.28590338300847906, 0,0, 0
0.3878799973391871, 1.6274997752710214, 0.5987700006015071, 0.23171432605416037, 0,0, 0
0.38628350961218655, 1.6888156878972398, 0.6176866515007372, 0.23269344287872118, 0,0, 0
0.3826248919044768, 1.6798944065809103, 0.6229993575855309, 0.2341697648965807, 0,0, 0
0.36772433978580454, 1.7885628012187076, 0.6077639346888654, 0.2266618502477603, 0,0, 0
0.3692543071908468, 1.7042969428193646, 0.6377947524916858, 0.23105325185684986, 0,0, 0
0.394532029535023, 1.665266109012062, 0.5983763470826164, 0.22551529968644476, 0,0, 0
0.355551120867425, 1.7415384655483928, 0.6274823554456566, 0.23213180280979526, 0,0, 0
0.4232688086210337, 1.5602584346828525, 0.5925808665362098, 0.211447150888855, 0,0, 0
0.3886782412026874, 1.6798213268494222, 0.6253020738168997, 0.22627929425569665, 0,0, 0
0.33240204882591634, 1.850144128013631, 0.634850117910976, 0.25412629324175096, 0,0, 0
0.3659282910929289, 1.7150970108706478, 0.6471523659687943, 0.23555902639432452, 0,0, 0
0.3824918512605601, 1.675593652807016, 0.6350758764191418, 0.23038338051447435, 0,0, 0
0.40138362269673383, 1.6120238126212392, 0.5930551624123955, 0.2180644679725687, 0,0, 0
0.3709838355617641, 1.668472991945905, 0.6275986618706612, 0.24251732309706217, 0,0, 0
0.42672786536286833, 1.569715615397861, 0.5732024007217992, 0.21034894212099395, 0,0, 0
0.4129581587174882, 1.6231248676063201, 0.5888457189888948, 0.22037536356211426, 0,0, 0
0.409765183263487, 1.601866475766444, 0.5859145461479304, 0.21474452723119294, 0,0, 0
0.3762389409964744, 1.7075190916840826, 0.6302570560723332, 0.23199312182723766, 0,0, 0
0.40271402913590104, 1.5862546916512095, 0.5878559721178102, 0.21813165530154469, 0,0, 0
0.3840883389875607, 1.6577656511467642, 0.6166768244810436, 0.2269541746172892, 0,0, 0
0.4028470697798177, 1.6736071937746182, 0.6244844168300624, 0.21855945394156961, 0,0, 0
0.38834563959289564, 1.653210710898921, 0.6454655595148623, 0.23212533422402853, 0,0, 0
0.4242666134504091, 1.5587864492869399, 0.5760053166160478, 0.21002289792876216, 0,0, 0
0.38834563959289564, 1.6766227444774224, 0.6040521215394842, 0.2450426788282418, 0,0, 0
0.4334464178806625, 1.531293303139202, 0.5790711485643677, 0.21895113585897902, 0,0, 0
0.09266280848799308, 2.302819624225005, 0.9142707797011692, 0.37465699368518324, 0,0, 0
0.09978048293753741, 2.3246537449909748, 0.8928634334841409, 0.5758719127069623, 0,0, 0
0.13842878999534358, 2.448204075212465, 0.8653045052580436, 0.4393929744883652, 0,0, 0
0.12332867691079624, 2.480751425620603, 0.8772234229332396, 0.49406820532667, 0,0, 0
0.1372979445220515, 2.336443999019329, 0.9079088241503128, 0.47041082490559427, 0,0, 0
0.17854054413623363, 2.271926311241893, 0.8361123323078714, 0.30382117849184076, 0,0, 0
0.1937071775427393, 2.2987548364720993, 0.8270933080964862, 0.2765657905327134, 0,0, 0
0.19636799042107364, 2.246388759495993, 0.8208587026332799, 0.2811877097461439, 0,0, 0
0.19823055943590767, 2.2310587468360117, 0.7901275791123659, 0.2895894830841797, 0,0, 0
0.15073504955763986, 2.6206450092216014, 0.8357912746571763, 0.380260708085305, 0,0, 0
0.19583582784540676, 2.3026330638358448, 0.7896335632496574, 0.30481000392160457, 0,0, 0
0.2112685425397459, 2.1252606489348618, 0.7906015517180636, 0.2938603494732098, 0,0, 0
0.19237677110357215, 2.1396801835689874, 0.8021885330753031, 0.32253358551357225, 0,0, 0
0.19104636466440497, 2.209556457557531, 0.8020594384059588, 0.31722825540382704, 0,0, 0
0.15565755338255838, 2.36921633330678, 0.8432079522689251, 0.42843341443118, 0,0, 0
0.2522450608660946, 2.1123415449537424, 0.7408978038424823, 0.2546841625761295, 0,0, 0
0.22696733852191844, 2.1329611653277065, 0.7707358456343256, 0.28818187564129616, 0,0, 0
0.21958358278454068, 2.190528905301293, 0.7701685549046091, 0.28913662682194263, 0,0, 0
0.2233752411361671, 2.143310247923985, 0.7675428016687077, 0.3232181486589672, 0,0, 0
0.2565023614714295, 1.9935138997208182, 0.7464557859120954, 0.24523069200854647, 0,0, 0
0.17787534091665003, 2.135062302561694, 0.8370124286208747, 0.3916583952012984, 0,0, 0
0.22011574536020753, 2.0985111873211566, 0.7842336749487742, 0.3099851343930176, 0,0, 0
0.19889576265549125, 2.224713508899853, 0.804134665191233, 0.34411014599276, 0,0, 0
0.2165236479744562, 2.0745155901273855, 0.7792462456553438, 0.2797457271527939, 0,0, 0
0.2774562628883124, 1.98327076391475, 0.7211001303161975, 0.23815839325772573, 0,0, 0
0.2443956628750083, 2.0056404322871493, 0.7523440722437199, 0.2835438872954063, 0,0, 0
0.23581454134238009, 1.9958084188424001, 0.7876812607253189, 0.3163175483053608, 0,0, 0
0.2583649304862636, 2.0630002971427577, 0.7671075720006395, 0.27532033582639026, 0,0, 0
0.27100379165835164, 2.0003023791406744, 0.7525399039389324, 0.2660243764074817, 0,0, 0
0.21226634736912126, 2.1067479410723147, 0.7962405857496622, 0.3333603039086854, 0,0, 0
0.29754540011973657, 1.8909692598806285, 0.7310581656295484, 0.25049014662239, 0,0, 0
0.2610257433645979, 1.9706868335316219, 0.7204134415673425, 0.27140149290088866, 0,0, 0
0.2541076298809286, 1.9674779806103462, 0.7644186332921044, 0.3023483045654455, 0,0, 0
0.31703585445353555, 1.9155730360291607, 0.6831662696645967, 0.23652788204885866, 0,0, 0
0.27060466972660147, 2.0760864021733223, 0.7069199542382146, 0.273759969245727, 0,0, 0
0.25710104436905473, 1.975312821657756, 0.7310669333083257, 0.2791822090716773, 0,0, 0
0.272932880995144, 1.944523513269529, 0.749714580843181, 0.2653284536022846, 0,0, 0
0.24605867092396727, 1.9557726232344017, 0.753740718505112, 0.32990772041467736, 0,0, 0
0.299474489456529, 1.8857113086839465, 0.7108367537699111, 0.24791091682629468, 0,0, 0
0.26155790594026473, 1.9390130538327612, 0.723424455033897, 0.3196297819482745, 0,0, 0
0.3017361804031132, 1.8483643999144457, 0.7261404869298933, 0.2556393811662643, 0,0, 0
0.2751945719417282, 1.9429466189121618, 0.7684549654250042, 0.3049373210379614, 0,0, 0
0.327878666932748, 1.7949163605731808, 0.6950570851767931, 0.2452488238251601, 0,0, 0
0.25683496308122133, 2.066089427204322, 0.7492312437987709, 0.2785500441401652, 0,0, 0
0.3059934810084481, 1.8282046947326678, 0.6837295587900273, 0.2583039582417057, 0,0, 0
0.32209139892237076, 1.8490893605511434, 0.6584658726458739, 0.23686584267784064, 0,0, 0
0.2827113683230227, 1.8838186013673202, 0.6972654104996441, 0.2671282231060139, 0,0, 0
0.3278121466107896, 1.7806642188455248, 0.6618792164325892, 0.2395350297767381, 0,0, 0
0.3296747156256236, 1.775126900680763, 0.6994088365837824, 0.24929925556171514, 0,0, 0
0.3171688950974523, 1.8045281442622578, 0.6856874802262648, 0.2500669637023415, 0,0, 0
0.290560766314109, 1.8837220914875494, 0.6990691512499402, 0.26617787522074127, 0,0, 0
0.3157054480143684, 1.8065677618406288, 0.7001977580586981, 0.26546701838545095, 0,0, 0
0.351094259296215, 1.7536248554332063, 0.6493627096307003, 0.2354702306619578, 0,0, 0
0.3441096254905874, 1.770894563450655, 0.6537750752035989, 0.2427226720754367, 0,0, 0
0.2932215791924433, 1.8582117503582896, 0.6858806637377343, 0.2676002065387364, 0,0, 0
0.34683695869088005, 1.8181201574339771, 0.6277741629533589, 0.2279893586790566, 0,0, 0
0.38162708707510146, 1.6682923326832182, 0.6330533751272523, 0.22434352240507865, 0,0, 0
0.3545533160380496, 1.7315475860454361, 0.6751731912600912, 0.2383282019859773, 0,0, 0
0.3458391538615047, 1.7472895968060869, 0.6439611748292399, 0.2347471106296716, 0,0, 0
0.3823588106166434, 1.6518796000669065, 0.6083959075552791, 0.22444906903013856, 0,0, 0
0.33200292689416616, 1.7546657425775378, 0.6449303309411463, 0.25015383747173814, 0,0, 0
0.35249118605734053, 1.736862630128805, 0.6331834561523803, 0.23058944429485476, 0,0, 0
0.32149271602474555, 1.7741999604511205, 0.6742782189856575, 0.28436293845540106, 0,0, 0
0.36626089270272066, 1.6869548263485097, 0.6187865861040427, 0.2454045648211284, 0,0, 0
0.36459788465376175, 1.7170354520847149, 0.6700376969526498, 0.2538168763782802, 0,0, 0
0.3568815273065922, 1.726683137196073, 0.6443870817985968, 0.2408200720416808, 0,0, 0
0.367990421073638, 1.7119279496388102, 0.6572031338709361, 0.2423953512415592, 0,0, 0
0.3312712033526242, 1.7795493919926473, 0.6481037434449013, 0.2535977723325466, 0,0, 0
0.37577329874276594, 1.6726158058949432, 0.6157231489960696, 0.22504321462587673, 0,0, 0
0.41062994744894565, 1.6094180689373154, 0.6004577212763951, 0.2151543377486805, 0,0, 0
0.42499833699195105, 1.587463398498903, 0.5874992303824336, 0.20719070829420982, 0,0, 0
0.3860174283243531, 1.6477624669295383, 0.6009554573610775, 0.22201033532303233, 0,0, 0
0.3566154460187587, 1.7675187268651176, 0.6225063099753211, 0.22879939576993635, 0,0, 0
0.36965342912259697, 1.693265751142, 0.6216667179494119, 0.24827577323266137, 0,0, 0
0.37843411162110024, 1.7282534345656362, 0.6361616746436153, 0.24076890285695188, 0,0, 0
0.4089004190780283, 1.6217534053982243, 0.6138108901719488, 0.21708640849969948, 0,0, 0
0.4261957027872015, 1.562419200315452, 0.5810228287628434, 0.2073452871179046, 0,0, 0
0.42439965409432584, 1.5799700895602264, 0.5737239220272449, 0.20802398968855268, 0,0, 0
0.39646111887181534, 1.6629826423631475, 0.6366940001126831, 0.22966909878713146, 0,0, 0
0.39100645247122995, 1.617432698586629, 0.606697614542599, 0.2290105965793848, 0,0, 0
0.3904742898955631, 1.6474173712249067, 0.6101935503200981, 0.22045907711548082, 0,0, 0
0.42439965409432584, 1.5663742739537483, 0.5752635249765062, 0.21080167629240482, 0,0, 0
0.4105634271269873, 1.600232778183597, 0.5949271447553541, 0.21587228485092702, 0,0, 0
0.39832368788664935, 1.6042002687187464, 0.6084115973063625, 0.22084094880585045, 0,0, 0
0.42865695469966075, 1.5586141674376484, 0.5855762483156502, 0.20877563514735084, 0,0, 0
0.3945985498569813, 1.6579218661643182, 0.6050880073836573, 0.21908352414124585, 0,0, 0
0.3604736246923435, 1.7304648642791196, 0.6240840686655553, 0.23574025173882096, 0,0, 0
0.41608461384953105, 1.573262145659139, 0.5751585192775854, 0.20934505141134044, 0,0, 0
0.38595090800239473, 1.6383643500268488, 0.6102805594295088, 0.22711384900013573, 0,0, 0
0.3671921772101377, 1.7830898708356662, 0.6109469381400193, 0.22904915382143018, 0,0, 0
0.41329076032727996, 1.5862482455524072, 0.5806960032876203, 0.21935590037712938, 0,0, 0
0.4258631011774097, 1.5705124703186053, 0.5790631517585013, 0.20920750553948586, 0,0, 0
0.4048426794385685, 1.5936811988592061, 0.5928482430384159, 0.22399486080326256, 0,0, 0
0.4245992150602009, 1.5759123021801542, 0.5705405532283231, 0.21009154569773097, 0,0, 0
0.3981241269207743, 1.6219632547049634, 0.6044832466833091, 0.22397713957660262, 0,0, 0
0.3979910862768576, 1.6407022183193645, 0.6168672195433064, 0.22825640473398767, 0,0, 0
0.3861504689682698, 1.6654770334133455, 0.5890056656757303, 0.2268734303312768, 0,0, 0
0.409765183263487, 1.5878122218648554, 0.5851933755506311, 0.2212064302861391, 0,0, 0
0.4011840617308588, 1.6266656694572592, 0.5902363785430417, 0.22492872999016597, 0,0, 0
0.4237344508747422, 1.5668079370269359, 0.5933108745112818, 0.21930887144247382, 0,0, 0
0.41462116676644717, 1.6374587176989266, 0.5865784182802335, 0.21097156638958414, 0,0, 0
0.10031264551320429, 2.303824790214133, 0.8817123114680165, 0.47165397770238743, 0,0, 0
0.1080955231823322, 2.365589005682415, 0.9205321214799885, 0.5260868603395621, 0,0, 0
0.1020421738841216, 2.4603694576564634, 0.9233068208052032, 0.43584331294010126, 0,0, 0
0.10842812479212399, 2.476552880564461, 0.9186269205123635, 0.487211232222003, 0,0, 0
0.0996474422936207, 2.3918616883786292, 0.8932891794064747, 0.5789759652808184, 0,0, 0
0.15851792722676777, 2.390813984002117, 0.8865216164748668, 0.3943861838396429, 0,0, 0
0.16922769906206345, 2.444472123086869, 0.8693793197651726, 0.358606968138498, 0,0, 0
0.18519257633206945, 2.374838502719668, 0.8180965403783579, 0.2953338404645603, 0,0, 0
0.14947116344043104, 2.419483564415909, 0.8743489422943876, 0.37714825375640915, 0,0, 0
0.1873212266347369, 2.492143477685737, 0.8155029237899756, 0.30115251422467715, 0,0, 0
0.15379498436772435, 2.391364423420459, 0.8495310011551301, 0.3425568846920153, 0,0, 0
0.18120135701456794, 2.307053730269436, 0.8247956999645656, 0.319355569015405, 0,0, 0
0.19976052684094991, 2.125909925252546, 0.7950235881936456, 0.32087771863486475, 0,0, 0
0.18831903146411227, 2.2557157074343315, 0.7941647214463766, 0.31076691243494514, 0,0, 0
0.2134637131643717, 2.2198694687653133, 0.7809725525875706, 0.2826949773810774, 0,0, 0
0.18412825118073572, 2.2953939490441053, 0.7987008238013287, 0.3609469715295047, 0,0, 0
0.20594691678307722, 2.1235803597258736, 0.8189794964591729, 0.3307080502639752, 0,0, 0
0.21372979445220514, 2.148963997315355, 0.8000986634699015, 0.29431803060460454, 0,0, 0
0.21592496507683098, 2.1183667785233387, 0.7897130674855045, 0.29838679528901674, 0,0, 0
0.2184527373112486, 2.0946599677188233, 0.7726534359505116, 0.29037958168996697, 0,0, 0
0.22084746890174947, 2.202894098465452, 0.7629611450976533, 0.2824044445037764, 0,0, 0
0.22377436306791726, 2.137285737773897, 0.8094411801116865, 0.3072867078789375, 0,0, 0
0.21432847734983038, 2.1513144322984163, 0.8200786098613763, 0.2920942656720805, 0,0, 0
0.21525976185724738, 2.1196914810709853, 0.8114813519035807, 0.3018859165470253, 0,0, 0
0.23035987494179472, 2.153460128819769, 0.7756082507384542, 0.27594962814808655, 0,0, 0
0.22244395662875008, 2.01314559620329, 0.7888903900619245, 0.3001825777312716, 0,0, 0
0.23029335461983635, 2.0565925412851915, 0.7598824874177974, 0.2898166696042999, 0,0, 0
0.2678773365263088, 2.0015163628104076, 0.7457250640961023, 0.2518043937731852, 0,0, 0
0.27479545000997807, 1.965969318572945, 0.7553637936884382, 0.2550297589220801, 0,0, 0
0.29634803432448614, 1.9048098733759304, 0.7269586979727721, 0.24931375616385346, 0,0, 0
0.21512672121333068, 2.1664375702333905, 0.7783329298015359, 0.3508892871674536, 0,0, 0
0.2839087341182731, 1.9329038467234674, 0.6973296769722148, 0.24276666011400588, 0,0, 0
0.21200026608128783, 2.0940323904536324, 0.7710953621060653, 0.3522026255565074, 0,0, 0
0.29515066852923566, 1.910479269214537, 0.6890164743760387, 0.23743343286762997, 0,0, 0
0.3365928291092929, 1.8607302121017648, 0.6965571696733559, 0.23129602638695002, 0,0, 0
0.21678972926228962, 2.1025865324372375, 0.7771678285620602, 0.36447312937393256, 0,0, 0
0.31417548060932615, 1.8394265837602128, 0.6982248383717422, 0.23778884232927353, 0,0, 0
0.2841082950841482, 1.9127075353370078, 0.7390551337272615, 0.2631278149074404, 0,0, 0
0.26408567817468237, 1.9208358193176565, 0.7290694501337456, 0.2666362085757212, 0,0, 0
0.29874276591498705, 1.8610354500569277, 0.6901111473645739, 0.24900773029887424, 0,0, 0
0.3097851393600745, 1.903036403253963, 0.701033819130563, 0.2434648206558391, 0,0, 0
0.31657021219982706, 1.8458347241714204, 0.7037780186651978, 0.23859266898998327, 0,0, 0
0.2743963280782279, 1.9511169764577354, 0.6985072801505425, 0.26533207222269295, 0,0, 0
0.3141089602873678, 1.8642119249068896, 0.684557622633609, 0.24000203740011097, 0,0, 0
0.2737311248586443, 2.0029897084574273, 0.7022544219081326, 0.2634939060347884, 0,0, 0
0.3063926029401982, 1.8797158637855182, 0.6803645147346772, 0.2513445234087648, 0,0, 0
0.31384287899953434, 1.8889823881684367, 0.6716611609142674, 0.27245977958981765, 0,0, 0
0.31703585445353555, 1.8246715150137651, 0.6789898940294199, 0.24733899661091485, 0,0, 0
0.30459655424732257, 1.814225870739999, 0.7140854268003626, 0.26426351038374246, 0,0, 0
0.3404510077828777, 1.74842974765607, 0.6728933037651572, 0.2326156704686165, 0,0, 0
0.37943191645047564, 1.7091264764083278, 0.6310599330929598, 0.21824780078947775, 0,0, 0
0.35082817800838156, 1.8019951991769103, 0.656623485706639, 0.23135090110752862, 0,0, 0
0.35628284440896696, 1.8036330453488971, 0.6451085102820833, 0.22607618685260722, 0,0, 0
0.3240204882591632, 1.7997205943148713, 0.6588909163284586, 0.2554920224663603, 0,0, 0
0.35974190115080157, 1.781065987303991, 0.6329883557057524, 0.22445756373481465, 0,0, 0
0.36905474622497175, 1.71090277983647, 0.6349978374330497, 0.22564886573048054, 0,0, 0
0.32674782145945586, 1.7821695832429687, 0.6586262166577384, 0.24050109577473586, 0,0, 0
0.3746424532694738, 1.7275702029036435, 0.6263686935260862, 0.2261527293746332, 0,0, 0
0.3703851526641389, 1.7146852167363749, 0.6474367350665398, 0.22742394286672016, 0,0, 0
0.37071775427393067, 1.701007566598213, 0.6465729509854286, 0.2293461601587972, 0,0, 0
0.3157054480143684, 1.8444882819457167, 0.7283313423602762, 0.2865441107244137, 0,0, 0
0.32275660214195434, 1.8068863134683744, 0.7020008132653998, 0.28482836564068953, 0,0, 0
0.39320162309585577, 1.705026662092774, 0.6209389420691713, 0.2207980313774941, 0,0, 0
0.38575134703651964, 1.6689802318551714, 0.6294489859887474, 0.2252752872592221, 0,0, 0
0.308388212598949, 1.7923351110042882, 0.6925979542156872, 0.27064540551723193, 0,0, 0
0.3051952371449478, 1.834362192842796, 0.7208369544448482, 0.27931601639652365, 0,0, 0
0.32182531763453737, 1.8255668491445274, 0.6513409402662285, 0.2579773305657136, 0,0, 0
0.3908734118273132, 1.7164663525685684, 0.5938668899745604, 0.21616194154666082, 0,0, 0
0.3596753808288432, 1.722222502154837, 0.6620939421501038, 0.241296309862357, 0,0, 0
0.3621366327413025, 1.7360501870496112, 0.6282656283982824, 0.2386555523378633, 0,0, 0
0.3089868954965742, 1.8179141253868334, 0.7008075790559044, 0.27454499362530194, 0,0, 0
0.3464378367591299, 1.758384666857681, 0.6253272489102197, 0.2427544471087235, 0,0, 0
0.40490919976052686, 1.614733870497865, 0.6092310479204471, 0.21976889471191574, 0,0, 0
0.4277921905142021, 1.5703204286805823, 0.5704705250622605, 0.20480383644220124, 0,0, 0
0.3965276391937737, 1.6410537654253836, 0.5945746723862851, 0.21214936040079604, 0,0, 0
0.4153528903079891, 1.5985504140159148, 0.5763064447447881, 0.20817993597245565, 0,0, 0
0.3514268609060068, 1.7473410237341405, 0.6202231456380409, 0.23161040692476573, 0,0, 0
0.37031863234218054, 1.6515881818045357, 0.633896008572631, 0.24552681531150267, 0,0, 0
0.35641588505288363, 1.7123623508785304, 0.6227055183648045, 0.2352887009210361, 0,0, 0
0.3574802102042174, 1.702750146046042, 0.6732391203746074, 0.25045282086584114, 0,0, 0
0.3850196234949777, 1.6531368974621785, 0.6069172284919745, 0.22240102158450079, 0,0, 0
0.4129581587174882, 1.596321077025009, 0.5833219680935606, 0.21812805441498448, 0,0, 0
0.38628350961218655, 1.6437361215269193, 0.6203451340711609, 0.23134745280178717, 0,0, 0
0.40025277722344177, 1.6081544601821316, 0.6018049573297747, 0.22659700108800646, 0,0, 0
0.4033792323554846, 1.598172212647383, 0.5900670004522475, 0.21699023012006413, 0,0, 0
0.36971994944455533, 1.6738173064318498, 0.6292469451649668, 0.23823514310607632, 0,0, 0
0.3558172021552584, 1.6992269231932435, 0.6361833711573686, 0.24908422521001397, 0,0, 0
0.3652630878733453, 1.713828603032106, 0.6405983021712729, 0.23615989078874391, 0,0, 0
0.3977915253109825, 1.6192009763343997, 0.6090789250608473, 0.22375104008554025, 0,0, 0
0.42945519856316106, 1.5558777809041962, 0.5685558362835146, 0.2102230680873089, 0,0, 0
0.3912725337590634, 1.6491787159375697, 0.6014729214975941, 0.22914631904883073, 0,0, 0
0.39439898889110625, 1.6404785260668155, 0.6134216149340679, 0.23013981551529575, 0,0, 0
0.3792988758065589, 1.7140853845778954, 0.6189101952356924, 0.2331283787545589, 0,0, 0
0.36692609592230424, 1.7832471231014866, 0.6065613153328617, 0.22979152663899147, 0,0, 0
0.43550854786137166, 1.577500677347453, 0.5579257474754368, 0.20623929538375424, 0,0, 0
0.4261957027872015, 1.5690780694976916, 0.5996908871051106, 0.2147330244661663, 0,0, 0
0.36932082751280515, 1.715329370192843, 0.66096938891144, 0.26197932280726594, 0,0, 0
0.380429721279851, 1.7523482909415808, 0.6122948869030721, 0.2469163785571142, 0,0, 0
0.4412958158717488, 1.561534281304867, 0.5674896648753699, 0.2064288910484501, 0,0, 0
0.3910729727931883, 1.6682261143266057, 0.5922218958079548, 0.2215948992040585, 0,0, 0
0.40983170358544535, 1.6183785884617878, 0.5808733645717148, 0.22999386501218297, 0,0, 0
0.10836160447016563, 2.3024809210154378, 0.8921704768732954, 0.28092798334287095, 0,0, 0
0.10323953967937205, 2.3148217826738713, 0.8916964082019182, 0.525741093725222, 0,0, 0
0.13643318033659282, 2.3052042874637766, 0.8626342595428552, 0.4518965812479791, 0,0, 0
0.11142153928025011, 2.4034245695998346, 0.8741607437728206, 0.5130167202920478, 0,0, 0
0.11501363666600146, 2.398770924124549, 0.8838091764645957, 0.5240139891810425, 0,0, 0
0.11454799441229295, 2.5536159963527854, 0.8978029969452165, 0.4883396932488669, 0,0, 0
0.1394931151466773, 2.498195246194069, 0.9133350405181324, 0.4349525835858658, 0,0, 0
0.13550189582917582, 2.36631457207565, 0.8702766940960364, 0.33244547820489617, 0,0, 0
0.1792057473558172, 2.352160553093847, 0.8281844577274691, 0.34396707206313976, 0,0, 0
0.18991551919111288, 2.283867438610447, 0.7945861563089968, 0.34142403711034514, 0,0, 0
0.21279850994478813, 2.2267748867054706, 0.8278367416940169, 0.28762951736849296, 0,0, 0
0.19969400651899155, 2.2596502557950986, 0.7973020983013502, 0.2959994033788142, 0,0, 0
0.1766779751213996, 2.236362145374946, 0.8259240798873373, 0.36086161268224587, 0,0, 0
0.1822656821659017, 2.205576324596905, 0.8080350760765116, 0.32299875682431867, 0,0, 0
0.2101376970664538, 2.135167450947826, 0.7920031150437531, 0.2833315834509722, 0,0, 0
0.21066985964212068, 2.079972014720272, 0.7786172862790913, 0.29311084492699996, 0,0, 0
0.1996274861970332, 2.090454658598098, 0.7922667266171373, 0.35913155615505254, 0,0, 0
0.21239938801303798, 2.184529998569616, 0.7760435552537358, 0.30023740261136295, 0,0, 0
0.2467903944655092, 2.0221939476150275, 0.7539448055158815, 0.2531553623864317, 0,0, 0
0.20388478680236813, 2.309169668938945, 0.7732513762333544, 0.3038284496924295, 0,0, 0
0.24259961418213263, 2.06220177083024, 0.7682517648818721, 0.2816918425039795, 0,0, 0
0.2581653695203885, 2.0320003668023134, 0.7244488540274767, 0.268601762566433, 0,0, 0
0.2032861039047429, 2.0941841876856513, 0.8154257408065356, 0.37766759233636443, 0,0, 0
0.2128650302667465, 2.1342452813993313, 0.7766294128768615, 0.311414464769233, 0,0, 0
0.25177941861238606, 2.0873621574087644, 0.7282152545311921, 0.2678585367609774, 0,0, 0
0.234683695869088, 2.0681056016292243, 0.8046644680785129, 0.3152165762948333, 0,0, 0
0.20721080290028604, 2.135621811235323, 0.7917004014396012, 0.35197121933960346, 0,0, 0
0.28151400252777226, 2.0324426212924878, 0.7013599835744544, 0.24319830335787698, 0,0, 0
0.265682165901683, 1.9433367652053455, 0.7129028160541097, 0.2562199282854661, 0,0, 0
0.24898556509013503, 1.9950882688572107, 0.7767529886145094, 0.27838307538284673, 0,0, 0
0.2664138894432249, 1.9906859661813094, 0.7627601601174375, 0.2648787263463594, 0,0, 0
0.2964145546464445, 1.880818800197694, 0.735978003115906, 0.24824690168482302, 0,0, 0
0.26248919044768176, 1.9596109309493366, 0.7705823164252114, 0.2769284884056421, 0,0, 0
0.23095855783941993, 2.0261679343318684, 0.7901327291457478, 0.3153274791619909, 0,0, 0
0.22217787534091665, 2.0090821103646292, 0.7784532781382818, 0.3162887823895348, 0,0, 0
0.2797844741568549, 1.8914964541437018, 0.732270891540281, 0.273551832054639, 0,0, 0
0.2970797578660281, 1.8842148954228537, 0.7380859745566252, 0.2521106561045189, 0,0, 0
0.29202421339719287, 1.899676021872694, 0.7152471043017553, 0.24826362729783874, 0,0, 0
0.27526109226368656, 1.9311915763073884, 0.7225383523919544, 0.27709337187209254, 0,0, 0
0.2873012705381494, 1.872588972722446, 0.7494239534437243, 0.26186566602835976, 0,0, 0
0.32994079691345707, 1.8082532159370044, 0.6527940806455578, 0.2259917739967089, 0,0, 0
0.3089868954965742, 1.8348807354161485, 0.7291265624723782, 0.260200526226722, 0,0, 0
0.3047295948912393, 1.8585654414478021, 0.7094960456612543, 0.27288635364110364, 0,0, 0
0.3161710902680769, 1.9237739400878555, 0.6657635052849094, 0.24778766172969935, 0,0, 0
0.31909798443424464, 1.8201081414549585, 0.6909089261723674, 0.24357174987864966, 0,0, 0
0.3197631876538282, 1.8658547571820667, 0.6594113044613726, 0.24023056307660068, 0,0, 0
0.3125124725603672, 1.811453422152464, 0.6831994972869921, 0.2590327360750712, 0,0, 0
0.3136433180336593, 1.8140879137913466, 0.6747977492281214, 0.24280870191462334, 0,0, 0
0.341448812612253, 1.7953689094274285, 0.6725151563976773, 0.23674347985811248, 0,0, 0
0.3246191711567884, 1.7916584448773791, 0.665042804048821, 0.2365859167953338, 0,0, 0
0.33379897558704186, 1.7541629476837632, 0.6919175871372029, 0.2512107820262663, 0,0, 0
0.33459721945054216, 1.7767619642014039, 0.6649389309599681, 0.23663339234598524, 0,0, 0
0.2585644914521386, 1.9173763007557987, 0.7430794405688695, 0.3165408347877117, 0,0, 0
0.32435308986895495, 1.805815682442596, 0.6628407125845145, 0.242204109407392, 0,0, 0
0.3359941462116677, 1.7811750424607646, 0.6391300065009468, 0.23953471644443275, 0,0, 0
0.381361005787268, 1.6629831701475473, 0.6114619627599932, 0.22294861207799646, 0,0, 0
0.2571675646910131, 1.9675270126830087, 0.7332612502716015, 0.3059256657602438, 0,0, 0
0.3357280649238342, 1.9076906119025427, 0.6473157984417048, 0.24934069863100355, 0,0, 0
0.3244196101909133, 1.7466118120478273, 0.6563565802232609, 0.25719759878336346, 0,0, 0
0.33379897558704186, 1.7678703800679396, 0.6551223550474843, 0.24644059741724242, 0,0, 0
0.32654826049358077, 1.783329518345241, 0.6548711816953001, 0.24747110353908866, 0,0, 0
0.31763453735116076, 1.8188411572517285, 0.669642154511181, 0.2605202109263884, 0,0, 0
0.35674848666267545, 1.7309899147931254, 0.6411564793537876, 0.23113710224052414, 0,0, 0
0.36466440497572006, 1.70381722370839, 0.6537473592011884, 0.236960643331926, 0,0, 0
0.33586110556775095, 1.7694032117184197, 0.6714936216407247, 0.25537229135407086, 0,0, 0
0.3422470564757533, 1.7365892580872975, 0.6554052774183391, 0.2535672045097737, 0,0, 0
0.3647974456196368, 1.6706143994069438, 0.6403053664289124, 0.23489305378678918, 0,0, 0
0.3216257566686623, 1.7926210973550323, 0.6963901051212131, 0.2751513969255659, 0,0, 0
0.33186988625024944, 1.7803664963420087, 0.6900689976847216, 0.2506663246058766, 0,0, 0
0.38269141222643516, 1.6759144450161008, 0.6046414737096883, 0.22541761082150047, 0,0, 0
0.394532029535023, 1.6219988210097145, 0.6372820338758882, 0.22358249845576117, 0,0, 0
0.3580788931018426, 1.699913880500395, 0.6544560278657324, 0.24639338300843078, 0,0, 0
0.36360007982438636, 1.689835955023266, 0.6824092503713826, 0.25021951241933954, 0,0, 0
0.3458391538615047, 1.6854668024381954, 0.6324041893675484, 0.2479510220960622, 0,0, 0
0.38388877802168564, 1.6498705756499334, 0.6134438607154976, 0.2218861014313916, 0,0, 0
0.3882125989489789, 1.6587852389046605, 0.6313566344119572, 0.22334564284675398, 0,0, 0
0.3274795450009978, 1.8660067795045852, 0.678302012985962, 0.24591178117496434, 0,0, 0
0.38714827379764516, 1.6337082932571179, 0.6191898716604317, 0.23545082695993316, 0,0, 0
0.3878799973391871, 1.6237106050088925, 0.5919560992217354, 0.2200467393709298, 0,0, 0
0.390274728929688, 1.6361447162943543, 0.6180072795242352, 0.21976149936919742, 0,0, 0
0.3981241269207743, 1.6231788084716812, 0.6418608692509615, 0.24237309633296522, 0,0, 0
0.3870152331537285, 1.6594104488543, 0.6232193918831356, 0.2289748779310139, 0,0, 0
0.37783542872347503, 1.6492025944586008, 0.6137099852043371, 0.2427066758727788, 0,0, 0
0.39519723275460655, 1.624118153711842, 0.6025740710744851, 0.21683099339191422, 0,0, 0
0.44122929554979046, 1.5383977711117451, 0.559978847665552, 0.20723558775734252, 0,0, 0
0.4055078826581521, 1.5963243173114048, 0.6121958640747391, 0.22849753714876864, 0,0, 0
0.42666134504091, 1.559905104359443, 0.5742495746720507, 0.21500413507051597, 0,0, 0
0.38847868023681237, 1.6517919929088378, 0.6340735959265155, 0.24225080939106625, 0,0, 0
0.30506219650103106, 1.8890784213815408, 0.6751907459293038, 0.27566043361658943, 0,0, 0
0.348499966739839, 1.7488692397491974, 0.6243541284760994, 0.23883785921694617, 0,0, 0
0.423135767977117, 1.5585134267283638, 0.6057761879513411, 0.21942609257948373, 0,0, 0
0.42579658085545136, 1.5477645497825865, 0.5694105219976038, 0.21697588798416997, 0,0, 0
0.4021153462382758, 1.6336193017194207, 0.5905348076543471, 0.2226912578063825, 0,0, 0
0.41588505288365596, 1.6150588613784829, 0.6114921206394257, 0.21888205843674777, 0,0, 0
0.4327146943391206, 1.5419110782206087, 0.5813564231586863, 0.2131444063699338, 0,0, 0
0.39825716756469104, 1.6179186996635797, 0.5847965691849045, 0.2254881312001136, 0,0, 0
0.3736446484400984, 1.6862707279787594, 0.6286568165893787, 0.24198811255184235, 0,0, 0
0.3914720947249385, 1.632169858922678, 0.6110837246153972, 0.2352005454562593, 0,0, 0
0.3951307124326482, 1.6628710980413917, 0.59737274908008, 0.2216033827325121, 0,0, 0
0.4192110689815739, 1.5684811182224465, 0.5664137134061781, 0.2122101962444617, 0,0, 0
0.39386682631543934, 1.6262360851774829, 0.5837527410723745, 0.22063274296158292, 0,0, 0
0.10403778354287235, 2.3023249436097255, 0.8956375096706843, 0.32365040281498353, 0,0, 0
0.09991352358145414, 2.3536105242300787, 0.9273376082964652, 0.5892747437147375, 0,0, 0
0.11794053083216922, 2.332053637842389, 0.874211360092841, 0.39373779660609437, 0,0, 0
0.1259229694671722, 2.331565865910173, 0.8842305839238417, 0.4243868729114527, 0,0, 0
0.10842812479212399, 2.352865310943762, 0.8737943224621663, 0.4589249963770526, 0,0, 0
0.17514800771635736, 2.2519969139271674, 0.8175608476424943, 0.3277190572255549, 0,0, 0
0.11747488857846072, 2.437682441142412, 0.8928633828042429, 0.5153177603080892, 0,0, 0
0.12658817268675582, 2.2863481690496186, 0.8718804399115808, 0.4340174573506434, 0,0, 0
0.1998935674848666, 2.18531132130568, 0.8138477651573178, 0.29811349540344256, 0,0, 0
0.1651699594226036, 2.2845548980846493, 0.8496269764152722, 0.33519601850564273, 0,0, 0
0.16211002461251914, 2.244436468235439, 0.8851581848070634, 0.4052997698412649, 0,0, 0
0.16556908135435375, 2.3297167769320066, 0.8349661288044478, 0.35417097991808283, 0,0, 0
0.1535289030798909, 2.3565301670013437, 0.8581565009515711, 0.37957034229586634, 0,0, 0
0.18998203951307124, 2.156181671825115, 0.8067287407581092, 0.3261403811137103, 0,0, 0
0.1975653562163241, 2.2356939618557203, 0.788023503179069, 0.3165320218147324, 0,0, 0
0.23674582584979711, 2.113893531352581, 0.7845102004421611, 0.27507425324150186, 0,0, 0
0.23335328942992084, 2.0953825079164825, 0.7738172743924921, 0.30072176338633266, 0,0, 0
0.183995210536819, 2.1647071512442646, 0.8028129616701167, 0.3460959606597402, 0,0, 0
0.21798709505754008, 2.1308247364503865, 0.7675959862450981, 0.2834682625963453, 0,0, 0
0.1873212266347369, 2.2790977977702442, 0.8063948921633607, 0.3557450963936975, 0,0, 0
0.1793387879997339, 2.2321704408369607, 0.8284270523650561, 0.34231910144972355, 0,0, 0
0.17448280449677375, 2.1639948179306625, 0.8315204466407435, 0.37501737792607254, 0,0, 0
0.2510476950708441, 2.0714530274514815, 0.7854842116686344, 0.26667318472853696, 0,0, 0
0.22523781015100114, 2.1087122006877204, 0.7634344068667919, 0.3031115471837458, 0,0, 0
0.23761059003525578, 2.0824236988363123, 0.765769310878608, 0.2886728555602744, 0,0, 0
0.23328676910796248, 2.109875972475714, 0.7603733607100024, 0.27570153619408994, 0,0, 0
0.24978380895363533, 1.979640825279441, 0.7423849557350559, 0.2771922453515613, 0,0, 0
0.26534956429189116, 1.9796716115245212, 0.7539149985790992, 0.2771759560395008, 0,0, 0
0.25543803632009576, 1.9527917093941372, 0.7431074722959025, 0.2949114744378887, 0,0, 0
0.26042706046697267, 1.974906038799456, 0.7292907833999734, 0.27443203772899943, 0,0, 0
0.2815805228497306, 1.9678854699549715, 0.741871956613155, 0.25440557219107807, 0,0, 0
0.2536419876272201, 1.9644899425262035, 0.7586230372985808, 0.27025176885392815, 0,0, 0
0.2474555976850928, 2.0689292082523765, 0.7440907975833272, 0.2905046162879026, 0,0, 0
0.2812479212399388, 2.004731487055814, 0.7046018302343969, 0.2509553934464465, 0,0, 0
0.27146943391206013, 1.9228438814227344, 0.7126677345098845, 0.2561213166605611, 0,0, 0
0.25743364597884655, 2.0043537749098594, 0.7223735514299439, 0.2765344994553176, 0,0, 0
0.32089403312712034, 1.8178431879202936, 0.676918698321954, 0.23540243774401926, 0,0, 0
0.2855052218452737, 1.9191445964319473, 0.7453494947992096, 0.26688836470565297, 0,0, 0
0.28464045765981505, 1.9647746857039856, 0.7609453456081157, 0.2784175197897471, 0,0, 0
0.29488458724140226, 1.9115545764493107, 0.7446104251596349, 0.27357290551738506, 0,0, 0
0.3250848134104969, 1.8285510821815245, 0.6987541472054617, 0.23653825394922176, 0,0, 0
0.3103838222576997, 1.8523800983437202, 0.6752838600365245, 0.2435166409385743, 0,0, 0
0.3187653828244529, 1.8296425640166722, 0.6726979759543054, 0.2488670550670241, 0,0, 0
0.31384287899953434, 1.8487495470548956, 0.7014985225877975, 0.24578095994588153, 0,0, 0
0.2761923767711036, 1.870207471366748, 0.7343750351933782, 0.2829064146739675, 0,0, 0
0.28118140091798044, 1.9057386656475346, 0.703536160933226, 0.26629975655029253, 0,0, 0
0.3411827313244196, 1.7714737573244421, 0.6572276661391112, 0.23649148843751677, 0,0, 0
0.28656954699660747, 1.9038742945685578, 0.7018487255034128, 0.2673123593719529, 0,0, 0
0.3238209272932881, 1.89144296038058, 0.6542075470402944, 0.23751284894567637, 0,0, 0
0.35169294219384023, 1.7949882905251535, 0.6396930032036223, 0.22899844540008346, 0,0, 0
0.3316703252843744, 1.861555993568871, 0.6486253178147429, 0.2299585671898234, 0,0, 0
0.2906272866360673, 1.8739259976085563, 0.6934418568472462, 0.2626963127289709, 0,0, 0
0.2785871083616045, 1.9709236531387124, 0.7143176415797912, 0.28267393253036266, 0,0, 0
0.35328942992084084, 1.777156274298117, 0.6302693039499985, 0.22704561175748172, 0,0, 0
0.3357945852457926, 1.8128598838725394, 0.6472114798732886, 0.23666167080325823, 0,0, 0
0.33905408102175216, 1.752471180350086, 0.6633171286328557, 0.24307221949882668, 0,0, 0
0.3276791059668729, 1.7697151608327497, 0.6985234101362836, 0.2607154025253152, 0,0, 0
0.36153794984367726, 1.715207775820438, 0.6416857544848393, 0.2240148693284738, 0,0, 0
0.364464844009845, 1.6849960701835376, 0.6561017244732666, 0.2323230137508557, 0,0, 0
0.32262356149803767, 1.8123923563072244, 0.6669869373735551, 0.2429169272571105, 0,0, 0
0.36971994944455533, 1.6742628556140635, 0.6322533056287647, 0.22497289937260823, 0,0, 0
0.31031730193574136, 1.8204726640124889, 0.6854623435053149, 0.2558017852271156, 0,0, 0
0.3051287168229894, 1.857339389035899, 0.7073266958194835, 0.2590421161422608, 0,0, 0
0.27752278321027074, 1.930131199909749, 0.717841357944129, 0.29151255136969284, 0,0, 0
0.34464178806625423, 1.7146131738862742, 0.6362257787837335, 0.24260089994048947, 0,0, 0
0.37617242067451606, 1.6664055455891122, 0.6376522050469862, 0.22835805153647876, 0,0, 0
0.32262356149803767, 1.7895730708178776, 0.6548233327060382, 0.25510088887492777, 0,0, 0
0.30685824519390675, 1.8543497564184732, 0.7155203423502335, 0.2639322122509519, 0,0, 0
0.2781879864298543, 1.8934194270776892, 0.7349351311802189, 0.2900322827845626, 0,0, 0
0.3357945852457926, 1.728813527935138, 0.6775805893501886, 0.2482331232063527, 0,0, 0
0.36120534823388545, 1.6838260702424552, 0.618283810820131, 0.244477809490502, 0,0, 0
0.3701855916982638, 1.6711064205500432, 0.6248201728066138, 0.24095362888409888, 0,0, 0
0.3855517860706446, 1.667983181262646, 0.6115295859136773, 0.21720404319725387, 0,0, 0
0.37617242067451606, 1.675968378453184, 0.6330396996950612, 0.2258932658865617, 0,0, 0
0.34291225969533695, 1.753531880077548, 0.643030744236821, 0.2372669541280678, 0,0, 0
0.3528237876671323, 1.7153945385355092, 0.6440004257835196, 0.2373161819758031, 0,0, 0
0.3697864697665137, 1.6946916319893275, 0.6399928543590725, 0.23017680937417878, 0,0, 0
0.33951972327546065, 1.7793502441000846, 0.655913879327596, 0.2437366176539543, 0,0, 0
0.3807623228896428, 1.6742078186703133, 0.6109618168663972, 0.22315614389689123, 0,0, 0
0.40151666334065056, 1.6354431498612123, 0.6054297043049158, 0.21707490515381128, 0,0, 0
0.3383223574802102, 1.7635784609492196, 0.6950142656074983, 0.25807201523494144, 0,0, 0
0.28211268542539747, 1.9699859948912948, 0.6910697361066355, 0.28920178578347977, 0,0, 0
0.44555311647708373, 1.5350606327962313, 0.5621875040940061, 0.1999110967779524, 0,0, 0
0.40650568748752747, 1.6027335346613405, 0.5849413307764962, 0.21660151826730323, 0,0, 0
0.40570744362402716, 1.60593535007434, 0.5944940240385759, 0.2128248993422597, 0,0, 0
0.38109492449943455, 1.636277091946818, 0.602634868978463, 0.23223004614226073, 0,0, 0
0.3708507949178474, 1.7138931194080815, 0.6094458922416495, 0.2250183164435347, 0,0, 0
0.37045167298609727, 1.6960901900003835, 0.6316433845125816, 0.23590614907359167, 0,0, 0
0.419610190913324, 1.583675171096523, 0.6045161056859562, 0.21408617214167147, 0,0, 0
0.3628683562828444, 1.7005853727732496, 0.6249895732370007, 0.23159060901891454, 0,0, 0
0.40949910197565353, 1.6041987214671363, 0.5890117805198812, 0.21695143738935269, 0,0, 0
0.34683695869088005, 1.7824444501307453, 0.6246436583045601, 0.23860275268092676, 0,0, 0
0.3844209405973525, 1.662621795070518, 0.6334599425975775, 0.23866624130427685, 0,0, 0
0.363533559502428, 1.7476444755344027, 0.6757851122284013, 0.2646474288901184, 0,0, 0
0.4291891172753276, 1.5628882956716548, 0.5682957478591926, 0.20950483270999684, 0,0, 0
0.40111754140890044, 1.60926443513941, 0.5964076879045861, 0.21934037838803377, 0,0, 0
0.34883256834963083, 1.7255766357398117, 0.6296141704426504, 0.23948293899513856, 0,0, 0
0.36991951041043036, 1.7212383764665427, 0.6332816963763047, 0.2295791636289749, 0,0, 0
0.40637264684361074, 1.6129969846178955, 0.5931187759846854, 0.21950822964232347, 0,0, 0
0.3923368589103971, 1.629482685253822, 0.6056013747132312, 0.22539874769780843, 0,0, 0
0.4145546464444888, 1.5777565499174533, 0.584975193719103, 0.21763956525504305, 0,0, 0
0.09605534490786935, 2.3018082935938713, 0.9277148532385796, 0.5210927700345236, 0,0, 0
0.13856183063926028, 2.3188587396688694, 0.8722215808117662, 0.38332502260044476, 0,0, 0
0.09958092197166234, 2.411054061382646, 0.8933638062721464, 0.5793073128378725, 0,0, 0
0.0996474422936207, 2.364511274993281, 0.8994183265367894, 0.5764369910466801, 0,0, 0
0.13916051353688552, 2.2636714852959274, 0.8589799308879569, 0.4337285448541357, 0,0, 0
0.16882857713031332, 2.3209764053901973, 0.834914818108603, 0.321735532018694, 0,0, 0
0.16317434976385287, 2.3314325834219862, 0.8912837440418288, 0.35072512184653454, 0,0, 0
0.16796381294485466, 2.395731455780333, 0.8424800426276287, 0.3153304653134718, 0,0, 0
0.19384021818665603, 2.1837786170827775, 0.8441570972497238, 0.3210285110309657, 0,0, 0
0.18938335661544603, 2.3438787079020775, 0.8020391234247888, 0.3007891406493834, 0,0, 0
0.18379564957094394, 2.2043634785916257, 0.8160832810575769, 0.3251547865979012, 0,0, 0
0.19503758398190646, 2.161834159198258, 0.8177338600624744, 0.33444458430829094, 0,0, 0
0.24605867092396727, 2.0685332018736076, 0.7720375404318311, 0.2514054841297439, 0,0, 0
0.17388412159914854, 2.1984993258648147, 0.8365296717195732, 0.3498594232160036, 0,0, 0
0.2125324286569547, 2.216218812197005, 0.763995307916834, 0.28103894943336316, 0,0, 0
0.21838621698929023, 2.0870375052180696, 0.7906581030267678, 0.3153822402507248, 0,0, 0
0.19716623428457394, 2.1562650980432694, 0.7986466620233721, 0.3202706938430431, 0,0, 0
0.2611587840085146, 2.0321990235641807, 0.776280183994707, 0.2648096081344494, 0,0, 0
0.2206479079358744, 2.156280270964056, 0.7800736574573517, 0.30572059306734284, 0,0, 0
0.2198496640723741, 2.0887256683025313, 0.7805495250006251, 0.2998911593761838, 0,0, 0
0.2656156455797246, 1.9421760188496804, 0.730123878399386, 0.2574472414737039, 0,0, 0
0.2557041176079292, 1.9452807145871096, 0.7441806638597338, 0.29123113271301126, 0,0, 0
0.24306525643584115, 1.9858659634981566, 0.7501057001134817, 0.26742214521996865, 0,0, 0
0.24180137031863233, 1.998974231052627, 0.7666741022870045, 0.2908496731546741, 0,0, 0
0.26495044236014104, 1.967691345088918, 0.7139018638338515, 0.25629961163560205, 0,0, 0
0.2335528503957959, 2.0592670253311525, 0.7603666498471382, 0.29179030947195805, 0,0, 0
0.24565954899221712, 2.0451250463745945, 0.7800946191282805, 0.28744720577622024, 0,0, 0
0.277389742566354, 1.9496499054812388, 0.7012053749607314, 0.24187376763410484, 0,0, 0
0.2819131244595224, 1.942441904318037, 0.6987296791543707, 0.25356574919730646, 0,0, 0
0.24878600412425997, 2.055792323513944, 0.7323403617149644, 0.2821750912324493, 0,0, 0
0.2749950109758531, 1.955051078546914, 0.7120611035287315, 0.2548531004506073, 0,0, 0
0.2686755803898091, 1.9358939332509004, 0.7214784199603119, 0.2742919020056733, 0,0, 0
0.2672786536286836, 2.0762257430119355, 0.7190691731175302, 0.2663650546618669, 0,0, 0
0.26049358078893103, 2.102873870320229, 0.7183857735035974, 0.2697069380159698, 0,0, 0
0.2982771236612785, 1.975828105283816, 0.6865641968833808, 0.25711808276309467, 0,0, 0
0.32661478081553913, 1.8646964185618358, 0.6641631413630041, 0.22654688664981848, 0,0, 0
0.3475021619104636, 1.8241528670349925, 0.6588798157244443, 0.22748659306904032, 0,0, 0
0.3357280649238342, 1.7970809703901571, 0.6566470158997072, 0.23098422245446915, 0,0, 0
0.2622231091598483, 1.9368720771682275, 0.7175838733312578, 0.2822503290917616, 0,0, 0
0.2988758065589037, 1.9355860218045906, 0.6913874276719073, 0.248451513121425, 0,0, 0
0.3402514468170026, 1.7894081601040779, 0.6795587457368317, 0.23677871125189903, 0,0, 0
0.32548393534224707, 1.801498895495791, 0.6910110113568991, 0.24757938981123917, 0,0, 0
0.3296747156256236, 1.8227130264581055, 0.665967541351062, 0.23066016756988802, 0,0, 0
0.3069912858378235, 1.8028291618364867, 0.6770021713779498, 0.2617546633704238, 0,0, 0
0.33266813011374974, 1.8559656383026497, 0.6611836971375422, 0.2328476097435789, 0,0, 0
0.3174349763852857, 1.7858003525766302, 0.6772941423188124, 0.2564550414178845, 0,0, 0
0.3592762588970931, 1.7211183119912923, 0.6471654543127603, 0.22642172886690626, 0,0, 0
0.32515133373245525, 1.7989947452862676, 0.6888666449934615, 0.2522854075898129, 0,0, 0
0.36519656755138696, 1.7003578201113747, 0.6425920277799277, 0.2309137233454219, 0,0, 0
0.3425131377635868, 1.7459033797468118, 0.6472194677840798, 0.24032077931307314, 0,0, 0
0.34430918645646247, 1.769800680467788, 0.6534891196568369, 0.23712825811089477, 0,0, 0
0.30186922104702985, 1.8882534003058316, 0.6776929700602006, 0.2637168380112943, 0,0, 0
0.3135102773897426, 1.8656009612925266, 0.6619439721887532, 0.24903666707622096, 0,0, 0
0.3616044701656356, 1.7387031450037993, 0.6586764284774737, 0.2326232960570772, 0,0, 0
0.3415153329342114, 1.753029111294755, 0.6807424212453693, 0.24214868834096623, 0,0, 0
0.3764385019623495, 1.681336345233215, 0.6305077671593046, 0.22232478165020556, 0,0, 0
0.3268808621033726, 1.7781796397911782, 0.6562932580006321, 0.24383922240404654, 0,0, 0
0.27592629548327013, 2.025210645093672, 0.6979068308476338, 0.27028144945224336, 0,0, 0
0.3381893168362935, 1.7597714393125643, 0.6657438662908338, 0.2512975183274187, 0,0, 0
0.3624027140291359, 1.7010056324576235, 0.6421150748250384, 0.23307050925874453, 0,0, 0
0.34803432448613053, 1.765779412549361, 0.6715017455984459, 0.24287564857869076, 0,0, 0
0.35535155990154993, 1.7200425486767086, 0.6431771236279152, 0.24853153488551638, 0,0, 0
0.3459056741834631, 1.7147713664809854, 0.667886947383353, 0.25527719091213336, 0,0, 0
0.32182531763453737, 1.857781659489833, 0.6696115426508484, 0.24889337937730224, 0,0, 0
0.29774496108561166, 1.9641472664440847, 0.685019048169152, 0.2583286241936245, 0,0, 0
0.3685891039712632, 1.7598558890540419, 0.6391953757701997, 0.2303754519754103, 0,0, 0
0.3676578194638462, 1.6766911158600246, 0.6220674520642181, 0.23274888137791103, 0,0, 0
0.3424466174416284, 1.7540530314831202, 0.6720103818164673, 0.24909213292261462, 0,0, 0
0.38428789995343576, 1.6967151342589886, 0.6426170327990184, 0.22884060441044698, 0,0, 0
0.3473026009445886, 1.7415970167664165, 0.6954644615126014, 0.25515662488440183, 0,0, 0
0.36233619370717757, 1.7389264644225153, 0.6533812341922934, 0.23473117629691498, 0,0, 0
0.37477549391339054, 1.6912561666443702, 0.6390790849685865, 0.23297777181212934, 0,0, 0
0.3821592496507683, 1.6565655439592506, 0.619541100870885, 0.22750458002576784, 0,0, 0
0.372447282644848, 1.6726394348663778, 0.6461605569692148, 0.23930284872304516, 0,0, 0
0.36825650236147145, 1.6997110629116616, 0.6423317936507028, 0.23424382973029928, 0,0, 0
0.3483669260959223, 1.7809463425859167, 0.6501024177621089, 0.24224849784218516, 0,0, 0
0.3558837224772168, 1.7258061608860278, 0.6227960916971573, 0.23260066170684854, 0,0, 0
0.36466440497572006, 1.6809681012214464, 0.6435468763043746, 0.23892859707418015, 0,0, 0
0.3528237876671323, 1.7347047288184638, 0.6516043068533173, 0.2436279907398837, 0,0, 0
0.3838222576997273, 1.6727353912641099, 0.6305964998266089, 0.23136933609414342, 0,0, 0
0.4089004190780283, 1.6086601046263589, 0.5978058979970389, 0.21477566591602024, 0,0, 0
0.3270139027472893, 1.8069948290322249, 0.6566098137226782, 0.25090660728224995, 0,0, 0
0.40251446817002595, 1.603927935201838, 0.6065256776817459, 0.22372305847019958, 0,0, 0
0.3706512339519723, 1.6799594899169272, 0.6367127037968869, 0.237840621699698, 0,0, 0
0.40171622430652565, 1.5932479520902452, 0.5945607731383308, 0.22361390925337463, 0,0, 0
0.4414953768376239, 1.5382395004457734, 0.552230535129973, 0.20709714164286777, 0,0, 0
0.3995875740038582, 1.6553564555841411, 0.5851266618338404, 0.2180300409518254, 0,0, 0
0.4204084347768243, 1.5777599617530587, 0.5852083686750643, 0.21714149073649858, 0,0, 0
0.43264817401716227, 1.589896899173893, 0.5817170480516333, 0.20649373355340792, 0,0, 0
0.39040776957360473, 1.6259066988042172, 0.6339415216603558, 0.2380553638797373, 0,0, 0
0.3914055744029801, 1.6270550931504344, 0.5917743731115399, 0.2228665813163878, 0,0, 0
0.398988891106233, 1.6395351787368544, 0.5705929867591182, 0.21739853305375298, 0,0, 0
0.41774762189848996, 1.5964063575788305, 0.5823445497655605, 0.21363375807274276, 0,0, 0
0.3961285172620235, 1.612582432065373, 0.6038152675304774, 0.23529812499870142, 0,0, 0
0.405308321692277, 1.6347264719645374, 0.5858356341961247, 0.2231895024480419, 0,0, 0
0.43597419011508015, 1.5541133973880068, 0.5877028735163918, 0.21477675357669232, 0,0, 0
0.3661943723807623, 1.6764619969672103, 0.6386008218245692, 0.2451094806282946, 0,0, 0
0.36266879531696933, 1.6786469357017706, 0.6235415411604126, 0.2609207522227235, 0,0, 0
0.3757067784208076, 1.6513037376977076, 0.6158145079687456, 0.23470798991563893, 0,0, 0
0.43710503558837227, 1.5385205701646758, 0.5649185768677694, 0.21098139549039677, 0,0, 0
0.4091665003658618, 1.578718590392829, 0.5908642426019559, 0.2285058818434674, 0,0, 0
0.10297345839153861, 2.303934286607047, 0.8826302958662793, 0.3592189741973562, 0,0, 0
0.13669926162442625, 2.328639681226819, 0.8704176949120082, 0.36641674492624254, 0,0, 0
0.1439499767178873, 2.408171411530586, 0.8549734237775923, 0.3697658453737878, 0,0, 0
0.11567883988558504, 2.4089460412177512, 0.9113445736569767, 0.4744625422156357, 0,0, 0
0.1423534889908867, 2.3927929619071824, 0.8367058445083437, 0.38493715659848776, 0,0, 0
0.11993614049091998, 2.354607512262111, 0.8708500147704856, 0.5323400772943865, 0,0, 0
0.15559103306060001, 2.26311573139376, 0.8507313328862274, 0.38196238143318567, 0,0, 0
0.13124459522384088, 2.52469359918054, 0.8887562732108006, 0.5231145388386147, 0,0, 0
0.191977649171822, 2.1830715655979183, 0.8057890509745737, 0.3318223414093251, 0,0, 0
0.197365795250449, 2.1592366764314366, 0.8008209795257122, 0.33279798268169003, 0,0, 0
0.18718818599082018, 2.2560507685078885, 0.8007633840308793, 0.3023380891430651, 0,0, 0
0.21306459123262156, 2.125954974671447, 0.7608394410382231, 0.2775768413560533, 0,0, 0
0.19397325883057273, 2.2151256598914317, 0.7974233887882479, 0.3227789033474625, 0,0, 0
0.22011574536020753, 2.118841645482977, 0.7605980558483698, 0.26792419610798857, 0,0, 0
0.23774363067917248, 2.103460026974451, 0.7434817854175381, 0.26925049191986833, 0,0, 0
0.20880729062728665, 2.12460582891537, 0.8349251661244931, 0.3196745951782315, 0,0, 0
0.2597618572473891, 2.03895592820753, 0.7244898694555996, 0.2382106246852913, 0,0, 0
0.1867225437371117, 2.1654591457018126, 0.8091483367659977, 0.3590655128417887, 0,0, 0
0.24565954899221712, 2.0239466413848612, 0.7436436753953486, 0.2648480224954178, 0,0, 0
0.2029535022949511, 2.109037898043264, 0.7889749803797426, 0.3687327396050206, 0,0, 0
0.2482538415485931, 2.2113963200415885, 0.7291738088392735, 0.2637784141324246, 0,0, 0
0.2514468170025943, 2.1872217194894303, 0.7281227219455212, 0.266916666582379, 0,0, 0
0.22936207011241935, 2.1674379452508914, 0.7527815732744795, 0.2998931433892516, 0,0, 0
0.2796514335129382, 2.013205978464067, 0.7296604308462348, 0.2561063384766238, 0,0, 0
0.26328743431118207, 1.9839351692357827, 0.7273666806945116, 0.27012421089945315, 0,0, 0
0.2780549457859376, 1.9642107592726994, 0.7445742948846253, 0.2589773099570241, 0,0, 0
0.24785471961684294, 2.094560389738236, 0.7370417896813614, 0.27612475035578926, 0,0, 0
0.26428523914055746, 1.968312895060902, 0.7313423700674403, 0.28891338789389787, 0,0, 0
0.2415352890307989, 2.0756942268629746, 0.7907464947723818, 0.29178125592447324, 0,0, 0
0.32548393534224707, 1.83106760067005, 0.6642606782694999, 0.22986984421486686, 0,0, 0
0.28277788864498105, 1.9339795233876946, 0.7640031590731899, 0.26967897973586935, 0,0, 0
0.23215592363467039, 1.9884006147758773, 0.7675235467865069, 0.338776639299298, 0,0, 0
0.3175680170292024, 1.920502235537667, 0.6811570607324555, 0.23340430391729913, 0,0, 0
0.29042772567019226, 1.9921144185400546, 0.699629418244466, 0.24318043955693305, 0,0, 0
0.24213397192842415, 1.9816557332057563, 0.7533717511518938, 0.32965431510165294, 0,0, 0
0.2992749284906539, 1.8809311155199822, 0.6870285632838433, 0.2792663389323377, 0,0, 0
0.3098516596820329, 1.8528766647067476, 0.6766540815535669, 0.2451913533989195, 0,0, 0
0.2926228962948181, 1.877160799007315, 0.7114212830324411, 0.2581628427625199, 0,0, 0
0.30765648905740706, 1.9645834570535126, 0.6841946408642869, 0.2432779505373749, 0,0, 0
0.27386416550256104, 1.916546730820365, 0.7142676838091192, 0.26901979797550246, 0,0, 0
0.32022882990753676, 1.807699322522079, 0.6924753297122886, 0.24487046180862101, 0,0, 0
0.29674715625623627, 1.9126614216810007, 0.7126149744857113, 0.2532651899234591, 0,0, 0
0.3568150069846338, 1.7649186661022513, 0.6787794644953549, 0.23046129556116257, 0,0, 0
0.3357280649238342, 1.8316046947519564, 0.6992281081536053, 0.23860356398539329, 0,0, 0
0.3071908468036985, 1.914296915637339, 0.7209069329546454, 0.2548783509261122, 0,0, 0
0.36745825849797115, 1.7392601743236413, 0.6387221855733219, 0.2224440274812001, 0,0, 0
0.32249052085412094, 1.773123853922144, 0.672849484830677, 0.2749447208806861, 0,0, 0
0.34444222710037914, 1.769785892415854, 0.6786277607454809, 0.23502989908777353, 0,0, 0
0.34683695869088005, 1.7697642590303682, 0.6561383770989615, 0.23398801113171858, 0,0, 0
0.3108494645114082, 1.821809588076627, 0.6814829594720243, 0.2904758862610823, 0,0, 0
0.3515599015499235, 1.7869219608108797, 0.6344546327368485, 0.24166855754324398, 0,0, 0
0.3540211534623828, 1.79322743925523, 0.6362047958148713, 0.2282514512802819, 0,0, 0
0.35854453535555114, 1.738303887331025, 0.6561526160718132, 0.2399576723985865, 0,0, 0
0.31989622829774494, 1.8102944901313784, 0.6732933905603129, 0.24533874625815005, 0,0, 0
0.3518925031597153, 1.745296889015406, 0.6660142615457985, 0.24780588440760995, 0,0, 0
0.35415419410629945, 1.7236451473309355, 0.654363774154741, 0.24058827793227838, 0,0, 0
0.36805694139559636, 1.6810115459102806, 0.6200760190813953, 0.22388630125336095, 0,0, 0
0.3675912991418879, 1.6970433494020252, 0.645675561994266, 0.229642480758483, 0,0, 0
0.38654959090001995, 1.6439264816636139, 0.6182730935661747, 0.22014054615128686, 0,0, 0
0.3312712033526242, 1.7614008141144428, 0.6818716921007851, 0.2787842044218175, 0,0, 0
0.36426528304396993, 1.7658071646100468, 0.6281572802081157, 0.23033512123854724, 0,0, 0
0.3767045832501829, 1.7532316850746001, 0.6133866514993492, 0.22542708193904137, 0,0, 0
0.3779019490454334, 1.6889380734833401, 0.645627446548759, 0.22863981427067454, 0,0, 0
0.3100512206479079, 1.833951786573812, 0.6836643450174216, 0.2634584414537215, 0,0, 0
0.39519723275460655, 1.6264459970670173, 0.5839613681080746, 0.21885363788925877, 0,0, 0
0.3959289562961485, 1.642332379595372, 0.6031848163608181, 0.21804648881668914, 0,0, 0
0.36439832368788666, 1.6770502700583945, 0.6417764838480412, 0.25173855507907317, 0,0, 0
0.3950641921106898, 1.6069958115765128, 0.6021297361235736, 0.21835197196248723, 0,0, 0
0.36912126654693006, 1.6737342557307886, 0.6096028978045328, 0.23179055763549272, 0,0, 0
0.3746424532694738, 1.69211953838357, 0.6454965512919619, 0.23619416705695023, 0,0, 0
0.3730459655424732, 1.7443181411158433, 0.6329840431491267, 0.22948162277373585, 0,0, 0
0.416816337391073, 1.6112881650804862, 0.592146558872918, 0.2104816330382406, 0,0, 0
0.34477482871017096, 1.7603144777152802, 0.6893096888999706, 0.2551528275231766, 0,0, 0
0.38082884321160115, 1.6632183611104032, 0.6214112177329468, 0.22777770271465578, 0,0, 0
0.3837557373777689, 1.6958754702214034, 0.6447056750422336, 0.23274980277139115, 0,0, 0
0.3304729594891239, 1.8112748032228236, 0.6480813707615143, 0.28019528340961064, 0,0, 0
0.42240404443557505, 1.5814775078031647, 0.5860313857539613, 0.21161840297941534, 0,0, 0
0.4115612319563627, 1.6022902811332067, 0.6150032992063685, 0.2257268859207978, 0,0, 0
0.38608394864631146, 1.627345646513299, 0.6282365225376817, 0.2414397444332477, 0,0, 0
0.42213796314774166, 1.5770696822690415, 0.5852531603886021, 0.2141525216447081, 0,0, 0
0.3963280782278986, 1.6086773790261992, 0.594819068247954, 0.22850368052587305, 0,0, 0
0.35734716956030066, 1.7189974485459953, 0.6469242795361729, 0.23933098999988986, 0,0, 0
0.41289163839552984, 1.610922654943616, 0.6150623823022342, 0.2159901966963298, 0,0, 0
0.41894498769374044, 1.5851040932618794, 0.6058178698566052, 0.2160456491931929, 0,0, 0
0.37796846936739176, 1.646944087624415, 0.6341199572510203, 0.23247076295977845, 0,0, 0
0.31943058604403646, 1.858622909962104, 0.6731666470454941, 0.29505913394583144, 0,0, 0
0.41608461384953105, 1.5771040888633912, 0.5693499690095046, 0.2144069521408137, 0,0, 0
0.3890108428124792, 1.640725712358123, 0.5899219201992166, 0.22853999948157727, 0,0, 0
0.4269274263287434, 1.5701874544689027, 0.5824745767164151, 0.2081338760286657, 0,0, 0
0.37783542872347503, 1.6811085070534744, 0.6476725214862293, 0.2496062448555409, 0,0, 0
0.4152198496640724, 1.600850447815097, 0.6247900458508527, 0.22570761277078355, 0,0, 0
0.4207410363866161, 1.5804293565157208, 0.5956507716097615, 0.22071310880271208, 0,0, 0
0.4087008581121533, 1.6140332894068568, 0.6196787159018831, 0.22033760634913213, 0,0, 0
0.4007849397991086, 1.601632829814275, 0.5825616649161653, 0.21699991150544978, 0,0, 0
0.3975919643451074, 1.6523847566108572, 0.5983966211874726, 0.2225370876256724, 0,0, 0
0.4176145812545733, 1.5585975359030242, 0.5729668084016699, 0.2164727195851816, 0,0, 0
0.42160580057207475, 1.5694520744398264, 0.589280367646536, 0.21774199483730514, 0,0, 0
0.43743763719816403, 1.5250589813981823, 0.570533438022428, 0.2115180533946507, 0,0, 0
0.4361072307589969, 1.554309201941934, 0.576761999319587, 0.20969926936263059, 0,0, 0
0.4086343377901949, 1.612565438060226, 0.6016205699195744, 0.2211801629604632, 0,0, 0
0.4237344508747422, 1.5630864334512453, 0.5731385282067781, 0.22177554031019617, 0,0, 0
0.10270737710370519, 2.3047443266313947, 0.886403684513527, 0.26568078507710413, 0,0, 0
0.10024612519124593, 2.359338447448618, 0.88033626681359, 0.5606802404309138, 0,0, 0
0.09938136100578727, 2.4463917921777814, 0.893407230696798, 0.5683653092607736, 0,0, 0
0.11015765316304131, 3.013982146960536, 0.873797884343751, 0.4244413228967684, 0,0, 0
0.09904875939599547, 2.6407805781937608, 0.8938837418790088, 0.571689020494289, 0,0, 0
0.13330672520455, 2.3774024776091935, 0.858364461046115, 0.4141289477405871, 0,0, 0
0.17228763387214793, 2.225595161331665, 0.8269714648931048, 0.35523818125147644, 0,0, 0
0.1710902680768975, 2.344389398282123, 0.8507385400091908, 0.32205194532025305, 0,0, 0
0.11434843344641787, 2.6047344261845184, 0.8761477243879157, 0.45368300631649694, 0,0, 0
0.11335062861704251, 2.3529411271479144, 0.8840153453566398, 0.49339274805349104, 0,0, 0
0.1587840085146012, 2.2086242375509917, 0.8415912554837094, 0.3501405793844538, 0,0, 0
0.188452072108029, 2.1445229105517067, 0.8512723550131132, 0.34872667537042823, 0,0, 0
0.23860839486463115, 2.08375327466039, 0.7791813564070731, 0.24512020657610645, 0,0, 0
0.19264285239140558, 2.156253868421934, 0.8011287395012997, 0.29243985698969055, 0,0, 0
0.24200093128450742, 2.1795172907512663, 0.7426739066349403, 0.25756642795087, 0,0, 0
0.18825251114215394, 2.1623930123754267, 0.8125314943762929, 0.3394090398001996, 0,0, 0
0.2021552584314508, 2.131453641170847, 0.7746260633738216, 0.30477836433782013, 0,0, 0
0.22317568017029202, 2.076155810225932, 0.8003985855377438, 0.2784257897316626, 0,0, 0
0.183995210536819, 2.180565576270091, 0.8109295911030029, 0.3473900946275244, 0,0, 0
0.23368589103971263, 2.124470067053571, 0.7540809470738256, 0.26759057177203793, 0,0, 0
0.252511142153928, 2.0665128419184047, 0.7390685256706009, 0.25344382550979505, 0,0, 0
0.25337590633938667, 2.126680935054833, 0.7790711895438155, 0.25623894338339104, 0,0, 0
0.22696733852191844, 2.113764305453509, 0.8179109088595555, 0.31907026020627344, 0,0, 0
0.2783875473957294, 1.9633511430582964, 0.742747012069323, 0.2552743839818444, 0,0, 0
0.26049358078893103, 1.9996099482315042, 0.7275823350866446, 0.2631032761408543, 0,0, 0
0.17913922703385884, 2.1852781629559206, 0.820500197798316, 0.39050997882463606, 0,0, 0
0.2590966540278055, 1.9878143414380205, 0.7403949597846617, 0.275628050059221, 0,0, 0
0.24319829707975787, 1.9716808626626865, 0.7344243808915867, 0.2981329428058992, 0,0, 0
0.3099847003259496, 1.8916570539603903, 0.6960266081073229, 0.23289767732931874, 0,0, 0
0.27346504357081086, 1.9220746605309678, 0.7572091938285073, 0.27079415562316245, 0,0, 0
0.26441827978447413, 2.044279757515166, 0.7548194537315357, 0.28472838857782923, 0,0, 0
0.22404044435575068, 2.023542492221804, 0.7699537220751834, 0.33937124652158046, 0,0, 0
0.25317634537351164, 1.9296137914958609, 0.7439642532493843, 0.30296079103019646, 0,0, 0
0.3002727333200293, 1.9404503129829564, 0.6952968170642645, 0.23586460143777252, 0,0, 0
0.29215725404110954, 1.8475738618375932, 0.7054322652361027, 0.2671782635754443, 0,0, 0
0.3086542938867824, 1.9073670104949891, 0.6981124531293688, 0.24889624968872456, 0,0, 0
0.3067917248719484, 1.8580857233805927, 0.7074891785593341, 0.25721495221235247, 0,0, 0
0.2877669127918579, 1.888400718287255, 0.7528545847744457, 0.2700479896184725, 0,0, 0
0.247122996075301, 1.991190085411944, 0.7574510412120453, 0.31858408631331214, 0,0, 0
0.23528237876671323, 2.111115967296919, 0.7630111164887512, 0.30851733235298484, 0,0, 0
0.31071642386749154, 1.8770895830879015, 0.6798739573390684, 0.24891834703045443, 0,0, 0
0.2946850262755272, 1.9052828369617685, 0.7098407733998512, 0.2566708435039683, 0,0, 0
0.27479545000997807, 2.081205708321105, 0.7210912477693138, 0.2678590523299214, 0,0, 0
0.30732388744761524, 1.9586906427752826, 0.6707266696116314, 0.23660376714347447, 0,0, 0
0.3587440963214262, 1.7489810292194887, 0.6773286308149028, 0.22976538777892624, 0,0, 0
0.3383888778021686, 1.7620673918320828, 0.6910584220103761, 0.2407572649298697, 0,0, 0
0.3175014967072441, 1.8143769566891301, 0.6896344869634884, 0.2526184921057825, 0,0, 0
0.29022816470431717, 1.8619568962800814, 0.7300071483639706, 0.28241025801871134, 0,0, 0
0.32002926894166167, 1.828126351427177, 0.7278304821105196, 0.2673658699381213, 0,0, 0
0.3513603405840484, 1.735408616670233, 0.66441487952685, 0.24859167628479004, 0,0, 0
0.31051686290161645, 1.8372418797457042, 0.6856325463129609, 0.2546813124064492, 0,0, 0
0.32262356149803767, 1.8093800800258049, 0.675451343283412, 0.2636428188780672, 0,0, 0
0.3008714162176545, 1.8487169356847057, 0.7035682005224347, 0.28117528761723887, 0,0, 0
0.2997405707443624, 1.8790126618000116, 0.701660206142693, 0.27665286220751506, 0,0, 0
0.30892037517461585, 1.961683006976874, 0.6750935304591971, 0.24589754325403376, 0,0, 0
0.3649304862635535, 1.6937222611190061, 0.6377093944802303, 0.23061867928080082, 0,0, 0
0.31337723674582585, 1.8377794564971666, 0.6758672555325478, 0.28716690574967224, 0,0, 0
0.3692543071908468, 1.6920036013703825, 0.6371465061860452, 0.23645885233812716, 0,0, 0
0.3697864697665137, 1.6961675755422383, 0.6591539538122777, 0.22543762784306862, 0,0, 0
0.3211601144149538, 1.7997982591903077, 0.6648544510631296, 0.25148822785458824, 0,0, 0
0.3384553981241269, 1.7428100791582049, 0.6467705729905537, 0.26797915489062474, 0,0, 0
0.3620701124193441, 1.7015943418444095, 0.6255327075037418, 0.24038307481675752, 0,0, 0
0.39160513536885516, 1.6467234808345728, 0.626299619102794, 0.22385573512417903, 0,0, 0
0.3789662741967671, 1.659271595170063, 0.6412859875437859, 0.23103717443366473, 0,0, 0
0.3556841615113417, 1.7300496363460618, 0.6661974929454234, 0.247634307757706, 0,0, 0
0.3683230226834298, 1.7599392779662621, 0.6606365253677795, 0.2352744330021109, 0,0, 0
0.30572739972061463, 1.9451910113670596, 0.7336659067885246, 0.2928816637813197, 0,0, 0
0.3906738508614382, 1.665354356933939, 0.6255898341231143, 0.2246181675127798, 0,0, 0
0.3856848267145613, 1.647860854905752, 0.6328376313783686, 0.23078195847494334, 0,0, 0
0.3975919643451074, 1.627952182105794, 0.6122211776156015, 0.2166620974678194, 0,0, 0
0.3687886649371383, 1.6861418883689727, 0.643235215597965, 0.2350310281724261, 0,0, 0
0.391937736978647, 1.6438691248371478, 0.6188980150410615, 0.21983053691641063, 0,0, 0
0.3673917381760128, 1.6807778784935206, 0.6257997026574652, 0.23329868282136088, 0,0, 0
0.36785738042972127, 1.6802550123312852, 0.6425925707430623, 0.24062387971858798, 0,0, 0
0.36040710437038515, 1.68224225187959, 0.6322197082768913, 0.24050211377326378, 0,0, 0
0.3296747156256236, 1.7919131598235176, 0.693666720259575, 0.28247709822578915, 0,0, 0
0.3860174283243531, 1.6530562913529627, 0.621966293317057, 0.22197595680223298, 0,0, 0
0.3338654959090002, 1.8048022683975757, 0.6411546113090354, 0.24100612603061797, 0,0, 0
0.40317967138960953, 1.5902822400720615, 0.5899046723026622, 0.21869876934057467, 0,0, 0
0.3141089602873678, 1.8963297406522617, 0.6581494543998376, 0.24526225720217873, 0,0, 0
0.3736446484400984, 1.687375959276812, 0.641138916649835, 0.23444075849527227, 0,0, 0
0.3754406971329741, 1.7055132184919821, 0.6106598703214712, 0.22456620799676463, 0,0, 0
0.3828244528703519, 1.6587431601273523, 0.6223505167464064, 0.23587789186924785, 0,0, 0
0.37131643717155594, 1.7057761353299519, 0.6301870421057605, 0.24810944003372215, 0,0, 0
0.3757067784208076, 1.6749517074284626, 0.6432756944451816, 0.2399923941029133, 0,0, 0
0.398988891106233, 1.596702365959142, 0.5882589858334266, 0.222332506550982, 0,0, 0
0.38269141222643516, 1.6435726092830831, 0.5905170273675728, 0.224817744254819, 0,0, 0
0.39419942792523116, 1.6965982746076402, 0.6455618332303469, 0.22743780268063737, 0,0, 0
0.4043105168629016, 1.6297547648740942, 0.5975596421337781, 0.21889715520663444, 0,0, 0
0.42606266214328475, 1.5692225515422156, 0.5879600675082706, 0.21046098583386275, 0,0, 0
0.45114082352158585, 1.5151460911591181, 0.5570520883379025, 0.20658171788846558, 0,0, 0
0.38974256635402116, 1.634857766417966, 0.6185741384588266, 0.22428239701543473, 0,0, 0
0.3751080955231823, 1.6921460673858295, 0.6210352899882643, 0.23234698495933415, 0,0, 0
0.41368988225903014, 1.597358205231738, 0.6188577490306543, 0.21851096306472084, 0,0, 0
0.4114947116344043, 1.6053570560342274, 0.5886437803653807, 0.21967177118666092, 0,0, 0
0.4015831836626089, 1.6435358484935985, 0.5891551048576869, 0.2183244048440923, 0,0, 0
0.38335661544601873, 1.6324270471166265, 0.6131863982384693, 0.23182256635872295, 0,0, 0
0.4190115080156988, 1.5810209196929461, 0.6101366348293149, 0.21867041349794583, 0,0, 0
0.41861238608394863, 1.6121900152487645, 0.5795862964582783, 0.2125616880244444, 0,0, 0
0.39439898889110625, 1.6755597054312061, 0.6137958761507197, 0.22642165694558603, 0,0, 0
0.4236679305527839, 1.572152420704945, 0.6013607124745914, 0.21865651734090685, 0,0, 0
0.09359409299541009, 2.304057502638736, 0.8993925336370806, 0.4485987559960266, 0,0, 0
0.10097784873278787, 2.337784583583005, 0.8896953824485279, 0.5710459547428998, 0,0, 0
0.10017960486928756, 2.591739768310435, 0.8803750265035124, 0.5577645397292001, 0,0, 0
0.14647774895230492, 2.464525092998554, 0.864365597600639, 0.3737508204614864, 0,0, 0
0.1454134238009712, 2.4685053956696574, 0.8475576329986967, 0.42842700268267847, 0,0, 0
0.16317434976385287, 2.284932770843572, 0.833593005233342, 0.34514661783375866, 0,0, 0
0.10117740969866294, 2.5031452667889207, 0.9115605286404324, 0.5804062579914353, 0,0, 0
0.15891704915851793, 2.347330417769767, 0.8279775158392104, 0.41980228625756205, 0,0, 0
0.1647043171688951, 2.288261460503014, 0.8546431890172902, 0.3753276891134288, 0,0, 0
0.19843012040178273, 2.334842877779576, 0.8236150030104753, 0.3019960261574356, 0,0, 0
0.18372912924898557, 2.27026918676175, 0.7986010436038236, 0.3407301676305962, 0,0, 0
0.15193241535289032, 2.1618392306205827, 0.8699836350929634, 0.37041934124384956, 0,0, 0
0.1663008048958957, 2.2819793625703584, 0.8481136963411555, 0.41340197436439735, 0,0, 0
0.15246457792855717, 2.2539138527621625, 0.8477000708318444, 0.38356678099724917, 0,0, 0
0.1998935674848666, 2.275540220668468, 0.7808505591401003, 0.3169192251923, 0,0, 0
0.2602274995010976, 2.2084141549399248, 0.7275086627252421, 0.24695617973931835, 0,0, 0
0.2573006053349298, 2.0355034953287197, 0.7599038922065593, 0.259626471368572, 0,0, 0
0.20321958358278455, 2.158753778587469, 0.7919147647950517, 0.3345543226172778, 0,0, 0
0.23847535422071442, 2.0765873888137136, 0.7859254691555876, 0.2774109760151358, 0,0, 0
0.26475088139426595, 1.9945611438969768, 0.7626823972277036, 0.2585581515939293, 0,0, 0
0.22171223308720814, 2.1276493241494663, 0.8187644922338432, 0.3062289486439504, 0,0, 0
0.2664804097651833, 2.0122811892135237, 0.7378386225572366, 0.24809821329397785, 0,0, 0
0.26588172686755807, 2.024097495637936, 0.7395192260989834, 0.25173777737882563, 0,0, 0
0.26109226368655625, 2.021421908325186, 0.7600954423588706, 0.2737698890075363, 0,0, 0
0.2622231091598483, 1.972348099557224, 0.7481311595981994, 0.2571052767291805, 0,0, 0
0.20947249384687022, 2.1594870107236406, 0.7759334022967644, 0.3498366373623468, 0,0, 0
0.28197964478148074, 1.9195602680643518, 0.7215190780967184, 0.25068272701579963, 0,0, 0
0.27020554779485134, 1.954942266094798, 0.7223020785185383, 0.2510525567293456, 0,0, 0
0.25138029668063594, 2.0015517608107407, 0.7324423787065943, 0.28063498998279707, 0,0, 0
0.3133107164238675, 1.8915742104665523, 0.7090475358224282, 0.2317123416185906, 0,0, 0
0.3041974323155724, 1.90533833878646, 0.6926381030698342, 0.23216453303201148, 0,0, 0
0.23035987494179472, 2.0268004681407783, 0.7637376890914471, 0.3020556382409954, 0,0, 0
0.2727333200292689, 2.0352508166089613, 0.7063372026513831, 0.2543314409669044, 0,0, 0
0.24366393933346636, 1.9477973980539804, 0.7523037642478873, 0.3250326280140234, 0,0, 0
0.2735315638927692, 1.927394680243199, 0.7172796157927631, 0.2636467106003538, 0,0, 0
0.3215592363467039, 1.8267681556575703, 0.7035771139927308, 0.23936558305732658, 0,0, 0
0.2638861172088073, 2.000591162998329, 0.7260853742291296, 0.2830819804640896, 0,0, 0
0.31829974057074434, 1.8790880903083234, 0.6630603122295333, 0.22394005388237465, 0,0, 0
0.30712432648174015, 1.9091116818683966, 0.6817506206023191, 0.2482444628562641, 0,0, 0
0.3117142286968669, 1.8624043762832554, 0.6909333963338783, 0.24359514147664657, 0,0, 0
0.3077895297013237, 1.8466232781942944, 0.7109711754547768, 0.2524353790347418, 0,0, 0
0.3097851393600745, 1.8422626014805075, 0.6928316708750013, 0.256955708906817, 0,0, 0
0.3033326681301137, 1.8694986752397023, 0.6764954451534254, 0.250039467830611, 0,0, 0
0.2672121333067252, 1.9279393830366305, 0.7217180019291277, 0.31252312373481606, 0,0, 0
0.32262356149803767, 1.7929555726750743, 0.7131095337441171, 0.2523397569875061, 0,0, 0
0.3223574802102042, 1.8071758666890496, 0.6635508512367249, 0.24594041489993093, 0,0, 0
0.3394532029535023, 1.8282516624988898, 0.678615116193686, 0.2315913589919845, 0,0, 0
0.3425131377635868, 1.755980866142735, 0.6656472757854839, 0.24289366417564381, 0,0, 0
0.2962149936805694, 1.853999812951672, 0.7417869902304122, 0.26331049921637695, 0,0, 0
0.3338654959090002, 1.7702876977428723, 0.6626795662768707, 0.24656744498557026, 0,0, 0
0.34464178806625423, 1.7696280826440964, 0.6819517682301678, 0.23253674164160087, 0,0, 0
0.3289429920840817, 1.8218465095851415, 0.6677485705302516, 0.2357989079360859, 0,0, 0
0.3232222443956629, 1.7953594595873847, 0.6655335976863134, 0.259085662223027, 0,0, 0
0.3757067784208076, 1.6922425385887954, 0.630961182565463, 0.2250844855385052, 0,0, 0
0.32042839087341185, 1.8031919780807137, 0.6602164337534162, 0.2394575092522687, 0,0, 0
0.33991884520721083, 1.735973487341308, 0.6490910142300789, 0.24517672852259842, 0,0, 0
0.3491651699594226, 1.749728595389543, 0.6304088642553044, 0.23247886860169792, 0,0, 0
0.32834430918645646, 1.7622810843889642, 0.6679626089412561, 0.24761972367222568, 0,0, 0
0.3629348766048028, 1.686456678119128, 0.6447039125492898, 0.23109831250275154, 0,0, 0
0.343111820661212, 1.7370547765244793, 0.6872780861000054, 0.25355047837815287, 0,0, 0
0.39293554180802237, 1.6713971179802642, 0.607264018012945, 0.21457006175371923, 0,0, 0
0.2717355151998936, 2.0164487588711304, 0.7175211952071255, 0.3010056133037287, 0,0, 0
0.3341315771968336, 1.7950336159421467, 0.6494002383063632, 0.24485194832414373, 0,0, 0
0.3112485864431584, 1.8772163421157464, 0.6738972188393815, 0.26630953133238994, 0,0, 0
0.37351160779618175, 1.6881837235400754, 0.6381063811005592, 0.22956258983596745, 0,0, 0
0.36506352690747024, 1.7208493868347368, 0.6395444274583959, 0.23340908850827582, 0,0, 0
0.3448413490321293, 1.7405985241978499, 0.6518280403328248, 0.25026619612878354, 0,0, 0
0.32960819530366525, 1.805882176766573, 0.6801782295897131, 0.24199277068383634, 0,0, 0
0.3064591232621566, 1.8962440283079787, 0.7083014267938181, 0.2825649717866144, 0,0, 0
0.3464378367591299, 1.7805628985848516, 0.6769284872302667, 0.2421585716386714, 0,0, 0
0.35894365728730127, 1.7101353667703707, 0.6778402751080486, 0.24208189327909857, 0,0, 0
0.3990554114281913, 1.6315637178228881, 0.6076215251639081, 0.22416415181613059, 0,0, 0
0.3803632009578926, 1.662494034885464, 0.6049676760030751, 0.22661825229202226, 0,0, 0
0.3343311381627087, 1.7529491242979098, 0.6747879021359888, 0.27588462830044075, 0,0, 0
0.37490853455730727, 1.6853469457822527, 0.6063935313784653, 0.22424772429156015, 0,0, 0
0.3942659482471895, 1.654197734695054, 0.5970467483664372, 0.21995196618867457, 0,0, 0
0.4089004190780283, 1.6140592112985588, 0.6006497692019571, 0.2157561609967839, 0,0, 0
0.33725803232887647, 1.748858735398492, 0.6582655739766065, 0.2515051779660681, 0,0, 0
0.3558172021552584, 1.7408354961000017, 0.6615251424001749, 0.2437098390371957, 0,0, 0
0.3266813011374975, 1.7857036695725854, 0.6693646302334028, 0.25354543950187686, 0,0, 0
0.4060400452338189, 1.5946704722970164, 0.5903369406364272, 0.22143329920909088, 0,0, 0
0.37557373777689085, 1.6901669455224435, 0.6299635874194862, 0.23594208778742096, 0,0, 0
0.368921705581055, 1.6931704364665958, 0.6609394576438916, 0.23894590843144628, 0,0, 0
0.39765848466706577, 1.600175419896058, 0.5989660010604303, 0.22763335384006259, 0,0, 0
0.3984567285305661, 1.6052580298714032, 0.5911415247957715, 0.22325085270620204, 0,0, 0
0.34257965808554514, 1.7704403302770115, 0.6719062655907628, 0.24892938159710373, 0,0, 0
0.43943324685691476, 1.5361585659549548, 0.5663408383739513, 0.20438864017265318, 0,0, 0
0.35249118605734053, 1.7376959073775893, 0.6218469602166273, 0.2339766096453163, 0,0, 0
0.3722477216789729, 1.6569095385579746, 0.6012081576650682, 0.23160546723204994, 0,0, 0
0.3759063393866826, 1.7055733710887238, 0.6082853633995606, 0.22387064088857028, 0,0, 0
0.341249251646378, 1.7735351253773475, 0.6308521907040264, 0.2433729993337725, 0,0, 0
0.3710503558837225, 1.6942893254049585, 0.6002724259374691, 0.23237074648299313, 0,0, 0
0.34943125124725605, 1.7411513858453913, 0.6312673583038746, 0.23924150824666582, 0,0, 0
0.41428856515665535, 1.5916696406178772, 0.5901065715843243, 0.21517710208836544, 0,0, 0
0.4136233619370718, 1.620348170553802, 0.6156088521703788, 0.21764100786307786, 0,0, 0
0.42300272733320027, 1.5629748715928955, 0.5642955364414426, 0.2131025990972486, 0,0, 0
0.456928091531963, 1.5020059992403816, 0.5559022613230225, 0.20199193431172982, 0,0, 0
0.39725936273531565, 1.632977179440007, 0.5904470265923503, 0.2241369454949288, 0,0, 0
0.4089669393999867, 1.6186422841805688, 0.5844393357392821, 0.2169522242113435, 0,0, 0
0.4070378500631943, 1.5887248888517627, 0.5782846057688933, 0.21354544445930634, 0,0, 0
0.3953967937204816, 1.589905579377833, 0.5883394284097644, 0.22820601838137228, 0,0, 0
0.0972527107031198, 2.304622965452795, 0.8907759407927404, 0.3235294726197844, 0,0, 0
0.11062329541674981, 2.317608135835953, 0.8809082751217427, 0.41145660600156986, 0,0, 0
0.09998004390341249, 2.404686256740603, 0.9273163208967564, 0.5775817516912254, 0,0, 0
0.16842945519856317, 2.3862501207816185, 0.8587921274460895, 0.2854102054871726, 0,0, 0
0.09944788132774562, 2.3611030405108373, 0.8993565022655493, 0.578055560391555, 0,0, 0
0.10550123062595623, 2.5862765598184514, 0.8755581176625982, 0.45649638148067295, 0,0, 0
0.10736379964079026, 2.3760222779858386, 0.8870441639229669, 0.5237536214328156, 0,0, 0
0.1801370318632342, 2.3059042413212665, 0.8247004622166807, 0.3008789900230326, 0,0, 0
0.1433512938202621, 2.2487375988524443, 0.8568045156762684, 0.40152298811587733, 0,0, 0
0.1052351493381228, 2.4050562234170054, 0.9233721786225864, 0.563213209728966, 0,0, 0
0.1691611787401051, 2.1606856080171455, 0.8253082580156709, 0.34434909314485784, 0,0, 0
0.16590168296414554, 2.343184064801388, 0.8361654860176114, 0.3437879110224191, 0,0, 0
0.16543604071043705, 2.29496794051692, 0.8423687684631435, 0.33004334116275835, 0,0, 0
0.205348233885452, 2.1522291300817455, 0.783094014899605, 0.31419994455317674, 0,0, 0
0.19902880329940797, 2.1246656111231474, 0.7932135453900274, 0.293826114081042, 0,0, 0
0.21353023348633007, 2.139318265137317, 0.7802215391261815, 0.27890201506662876, 0,0, 0
0.14687687088405507, 2.278586000551017, 0.875241954365738, 0.400972864989575, 0,0, 0
0.2510476950708441, 2.058910279540271, 0.7561548608795868, 0.2813118654942454, 0,0, 0
0.22011574536020753, 2.0665532365170716, 0.7668792539463842, 0.32698603919665215, 0,0, 0
0.272001596487727, 2.0625061366179502, 0.7237431420159788, 0.23097852912186592, 0,0, 0
0.19417281979644782, 2.1519023943334363, 0.7946244026299648, 0.3406934956689268, 0,0, 0
0.23302068782012905, 2.090141442989642, 0.7573358600788042, 0.28429029275946677, 0,0, 0
0.21040377835428722, 2.1270908196592715, 0.7826932203573209, 0.33376358591229893, 0,0, 0
0.230226834297878, 2.1163510308923548, 0.8037450097827752, 0.2870252580382921, 0,0, 0
0.19477150269407303, 2.282482953097723, 0.8049172423377747, 0.2987296538396677, 0,0, 0
0.24200093128450742, 2.0600535766242833, 0.7605855793946595, 0.2782730102234893, 0,0, 0
0.24226701257234085, 2.0759434237880936, 0.7452838212080982, 0.2738174565421312, 0,0, 0
0.19556974655757334, 2.2619822881246034, 0.7960945457169217, 0.3257870770413866, 0,0, 0
0.21692276990620635, 2.0704519713657676, 0.7788081826801495, 0.32874462147734285, 0,0, 0
0.2932215791924433, 1.9692223032759644, 0.7379923563087248, 0.23707763923049105, 0,0, 0
0.24027140291359012, 2.107514242370836, 0.7594299977973209, 0.2899144045339168, 0,0, 0
0.29308853854852657, 1.9093462448431602, 0.6961052469771548, 0.25904010685549284, 0,0, 0
0.2320228829907537, 1.9986277233328733, 0.7696635451684654, 0.3010846055534668, 0,0, 0
0.29248985565090135, 1.9410950727332086, 0.6919277127495331, 0.2571058344359975, 0,0, 0
0.2819131244595224, 1.9945371752706567, 0.7068349452856499, 0.2593464546382778, 0,0, 0
0.29029468502627553, 1.9473578025145992, 0.7122842897600437, 0.24723109391740739, 0,0, 0
0.2899620834164837, 2.0508621079649094, 0.7067797715419044, 0.23895349622073636, 0,0, 0
0.2936207011241934, 1.9265470532475535, 0.6899031970341586, 0.26198946758127817, 0,0, 0
0.29574935142686093, 1.905327231209332, 0.685570816737656, 0.2543714776031436, 0,0, 0
0.29841016430519524, 1.8792473611591074, 0.6994545886044548, 0.24799061278058687, 0,0, 0
0.286303465708774, 1.9055130843974901, 0.7028347578323471, 0.2631138415034546, 0,0, 0
0.31829974057074434, 1.866427748967159, 0.6732198467313306, 0.2389750308519514, 0,0, 0
0.33359941462116677, 1.7920544431141843, 0.701054827134721, 0.2435213906179274, 0,0, 0
0.31051686290161645, 1.8581895001472006, 0.7305923728766959, 0.2766102943189158, 0,0, 0
0.33073904077695737, 1.7903089092883697, 0.681898098616124, 0.2499808906500681, 0,0, 0
0.2767910596687288, 1.9179758838508798, 0.7152603368118505, 0.29196844583629167, 0,0, 0
0.3608062263021353, 1.759349439360302, 0.6476592966624036, 0.22380687381554204, 0,0, 0
0.3384553981241269, 1.803875865949879, 0.6759482363926143, 0.24288196953421057, 0,0, 0
0.31863234218053615, 1.8147946886169628, 0.6707593179057639, 0.2602970596738626, 0,0, 0
0.33606066653362604, 1.8556817378864898, 0.6505344002078268, 0.23729970895076546, 0,0, 0
0.35022949511075635, 1.7458195200399718, 0.6463043990017937, 0.23790252632578476, 0,0, 0
0.3047295948912393, 1.859199962420179, 0.6760456483799894, 0.2515550884069647, 0,0, 0
0.31497372447282646, 1.8183292435228267, 0.6836978102792466, 0.25644599107983224, 0,0, 0
0.3357280649238342, 1.7695726869801423, 0.658326387167179, 0.2575846441757568, 0,0, 0
0.310250781613783, 1.7783597225832193, 0.6838201910982207, 0.2868241016556467, 0,0, 0
0.3821592496507683, 1.7120372899863436, 0.6350134986808577, 0.21623731525540651, 0,0, 0
0.2662143284773498, 1.9403186670254782, 0.7215585261805141, 0.3405535985663237, 0,0, 0
0.33220248786004125, 1.781638516388848, 0.6700219190023786, 0.24276005161692157, 0,0, 0
0.3521585844475487, 1.7298008577299318, 0.6330020621971847, 0.2338915239729047, 0,0, 0
0.321758797312579, 1.7903152123199666, 0.6600622456917634, 0.25414589120408443, 0,0, 0
0.32275660214195434, 1.80015670551017, 0.6730979899962917, 0.26649648589366365, 0,0, 0
0.3624027140291359, 1.7313093433065787, 0.6643339559292509, 0.23258170767996597, 0,0, 0
0.396394598549857, 1.696479435320474, 0.5953912672629064, 0.2139102038043834, 0,0, 0
0.3727798842546398, 1.6903391309181135, 0.6427467993144806, 0.23937090801091757, 0,0, 0
0.3802966806359343, 1.6966651107017876, 0.6022762954631411, 0.21763231564289345, 0,0, 0
0.39865628949644116, 1.6540799917796807, 0.5917155429542749, 0.20906727978608242, 0,0, 0
0.3404510077828777, 1.8135964800707458, 0.6332373109206608, 0.23769067481278683, 0,0, 0
0.3379897558704184, 1.764115131597973, 0.64644787595901, 0.2471090729109452, 0,0, 0
0.40437703718485996, 1.6287825234253661, 0.6147106775665392, 0.21111937332140077, 0,0, 0
0.3574802102042174, 1.6982331596870492, 0.6554889946280249, 0.2530276857876597, 0,0, 0
0.37943191645047564, 1.7061769683408394, 0.646684807948659, 0.22370764244772143, 0,0, 0
0.4064391671655691, 1.5985012144962487, 0.6010454239791818, 0.2140124181913923, 0,0, 0
0.38082884321160115, 1.6648807816917626, 0.6077535370133544, 0.2219248433328988, 0,0, 0
0.38688219250981176, 1.6756195099971682, 0.6370849364202981, 0.21928777487381698, 0,0, 0
0.3459721945054214, 1.7429414448632314, 0.6638250681859174, 0.25252425878898255, 0,0, 0
0.39579591565223177, 1.6320343318307406, 0.6312332262883426, 0.22164523968277816, 0,0, 0
0.35049557639858975, 1.7352939695055427, 0.6332468713353248, 0.23196055712139885, 0,0, 0
0.4117607929222377, 1.5806448752731967, 0.5933647463741604, 0.2163587975414496, 0,0, 0
0.3600745027605934, 1.682541493439178, 0.6200775102580861, 0.24150600954809887, 0,0, 0
0.3998536552916916, 1.6417989784772744, 0.6049742120639294, 0.22341635006369132, 0,0, 0
0.4118273132441961, 1.5932884751989131, 0.5997670213258196, 0.2163035910081474, 0,0, 0
0.32102707377103706, 1.8256415321764805, 0.6596058628792814, 0.2602512335058212, 0,0, 0
0.3844209405973525, 1.6854417077249881, 0.6074837495970149, 0.23220685092586268, 0,0, 0
0.37597285970864097, 1.7265219835751962, 0.6080206096467153, 0.2227909352643992, 0,0, 0
0.3981906472427327, 1.663882382439574, 0.5832682853804473, 0.2132738421142603, 0,0, 0
0.3560167631211335, 1.7353401504259247, 0.6210946124403113, 0.2339083038747921, 0,0, 0
0.3911394931151467, 1.631392343589418, 0.6086799582933046, 0.229854976341666, 0,0, 0
0.37078427459588903, 1.6999596916295245, 0.6456151051362995, 0.23978420277233706, 0,0, 0
0.4131577196833633, 1.5866546186064718, 0.588408577513212, 0.21679399849595032, 0,0, 0
0.4007849397991086, 1.642314473312153, 0.6027675612859189, 0.22313106125042148, 0,0, 0
0.3977915253109825, 1.6295814754602826, 0.5803858960680006, 0.2292633808261314, 0,0, 0
0.43251513337324554, 1.5607950693950565, 0.5743225809409072, 0.20707440268516766, 0,0, 0
0.4312512472560367, 1.5510531459503019, 0.575188283029751, 0.2135143401941555, 0,0, 0
0.39133905408102176, 1.648587226580219, 0.6111962874045145, 0.22704915750574212, 0,0, 0
0.4063061265216524, 1.63955269870006, 0.6087690581577178, 0.220347309552744, 0,0, 0
0.37856715226501697, 1.7180922112693364, 0.631388216634339, 0.23916639044150922, 0,0, 0
0.4098982239074037, 1.588600494508249, 0.5968775541089912, 0.22029026980130959, 0,0, 0
0.383955298343644, 1.6484716687759604, 0.6409712301551024, 0.23480029532004548, 0,0, 0
0.3821592496507683, 1.6892630109500404, 0.6459374424961041, 0.23440199982283844, 0,0, 0
0.41428856515665535, 1.594570537111815, 0.5740075285208645, 0.2147969154425299, 0,0, 0
0.4192110689815739, 1.5688944253573667, 0.5659367905759265, 0.2106984293033665, 0,0, 0
