acuracia,loss,frr,fpr, removed, n_clf, tp_removed
0.09825051553249518, 2.3036959164792696, 0.8944041643372586, 0.3510638335706202, 0,0, 0
0.09991352358145414, 54575.872745948094, 0.9273376082964652, 0.5196468882694384, 0,0, 0
0.09958092197166234, 251.16677218725968, 0.8933638062721464, 0.5140469311756111, 0,2, 0
0.09958092197166234, 595.97181830187, 0.8933638062721464, 0.5133028269941208, 0,1, 0
0.09958092197166234, 54.323229055231934, 0.8933638062721464, 0.5147016448781945, 0,6, 0
0.09958092197166234, 94.56084149132748, 0.8933638062721464, 0.5163820314409707, 0,4, 0
0.09958092197166234, 42.94081006885226, 0.8933638062721464, 0.514464960160961, 0,5, 0
0.09958092197166234, 4.7292920662829765, 0.8933638062721464, 0.513934153966577, 0,3, 0
0.0996474422936207, 8.273089322229112, 0.9424463317291131, 0.5175712873871293, 0,4, 0
0.09958092197166234, 121.88841676204555, 0.8933638062721464, 0.513512031731048, 0,3, 0
0.09958092197166234, 37.956918370171216, 0.8933638062721464, 0.5144457682543803, 0,3, 0
0.09958092197166234, 249.37460053867107, 0.8933638062721464, 0.513439205217503, 0,3, 0
0.0996474422936207, 7.099524239298589, 0.9424463317291131, 0.515834345404122, 0,3, 0
0.09958092197166234, 25.4873162195139, 0.8933638062721464, 0.5163377182180713, 0,4, 0
0.09958092197166234, 112.37681112829078, 0.8933638062721464, 0.5138194078639164, 0,1, 0
0.09958092197166234, 30.839132074106836, 0.8933638062721464, 0.5156405484979156, 0,3, 0
0.09958092197166234, 74.14267576954319, 0.8933638062721464, 0.5121468553199925, 0,2, 0
0.09958092197166234, 96.72183422125862, 0.8933638062721464, 0.5124394923127108, 0,3, 0
0.09958092197166234, 65.02767042672427, 0.8933638062721464, 0.5129326901221721, 0,1, 0
0.09958092197166234, 61.84381045826746, 0.8933638062721464, 0.5157177926667563, 0,2, 0
0.09958092197166234, 71.51082740066752, 0.8933638062721464, 0.5139234879065262, 0,7, 0
0.09958092197166234, 146.96507399913028, 0.8933638062721464, 0.5141818491657574, 0,4, 0
0.0996474422936207, 12.878534301521693, 0.9424463317291131, 0.5155366003249056, 0,0, 0
0.09958092197166234, 8.238712019646929, 0.8933638062721464, 0.5134868888945922, 0,5, 0
0.09958092197166234, 111.49708526867408, 0.8933638062721464, 0.5136121498652615, 0,2, 0
0.09958092197166234, 151.16258653846313, 0.8933638062721464, 0.5198401077440594, 0,6, 0
0.09958092197166234, 67.80184063489551, 0.8933638062721464, 0.515264524795286, 0,5, 0
0.09958092197166234, 86.44557000611921, 0.8933638062721464, 0.5142546623767352, 0,2, 0
0.09958092197166234, 18.34121829203913, 0.8933638062721464, 0.5144546525667302, 0,1, 0
0.09958092197166234, 31.623275251879566, 0.8933638062721464, 0.5144727134160894, 0,1, 0
0.09958092197166234, 73.70827645951468, 0.8933638062721464, 0.5124267730220147, 0,3, 0
0.0996474422936207, 22.222592932235248, 0.9424463317291131, 0.5170731775075255, 0,2, 0
0.09958092197166234, 28.561029027133678, 0.8933638062721464, 0.5151620229814189, 0,3, 0
0.09958092197166234, 43.6235595490866, 0.8933638062721464, 0.5139038211939131, 0,2, 0
0.09958092197166234, 22.85747695108346, 0.8933638062721464, 0.5123721642650717, 0,4, 0
0.0996474422936207, 15.7272072460237, 0.9424463317291131, 0.522385646759933, 0,1, 0
0.09958092197166234, 14.090283232689824, 0.8933638062721464, 0.5150378526247069, 0,7, 0
0.09958092197166234, 16.84865921008201, 0.8933638062721464, 0.5157435988741045, 0,4, 0
0.09958092197166234, 11.66190511138506, 0.8933638062721464, 0.5126492337624623, 0,4, 0
0.09958092197166234, 20.326822899250754, 0.8933638062721464, 0.5176236190735036, 0,1, 0
0.09958092197166234, 21.096635990039577, 0.8933638062721464, 0.5132464856147649, 0,2, 0
0.09958092197166234, 13.842389359482429, 0.8933638062721464, 0.51171932768287, 0,2, 0
0.0996474422936207, 12.954222525283422, 0.9424463317291131, 0.5194024147346467, 0,6, 0
0.10051220647907935, 7.963966443209895, 0.8777699163158681, 0.5035794059394187, 0,3, 0
0.09958092197166234, 11.441134353550119, 0.8933638062721464, 0.5137453515993908, 0,1, 0
0.0996474422936207, 11.728494285974152, 0.9424463317291131, 0.5179363587420585, 0,3, 0
0.0996474422936207, 11.702037232737972, 0.9424463317291131, 0.5180008240082052, 0,1, 0
0.09958092197166234, 15.896477635868816, 0.8933638062721464, 0.5111868170206115, 0,6, 0
0.0996474422936207, 12.378405734774738, 0.9424463317291131, 0.5220240468747521, 0,3, 0
0.0996474422936207, 13.949214425917546, 0.9424463317291131, 0.5175482014644128, 0,4, 0
0.09958092197166234, 13.086630759169097, 0.8933638062721464, 0.5120089593722272, 0,7, 0
0.08793986562894965, 7.9394554958478, 0.8967802048027619, 0.35801886960221646, 0,4, 0
0.08574469500432381, 9.857657888688497, 0.8967506963455143, 0.31153252811566073, 0,6, 0
0.0766979312179871, 12.015545006807967, 0.9438789962872183, 0.37708262891169175, 0,3, 0
0.0996474422936207, 65.51589225835963, 0.9424463317291131, 0.5198546557324577, 0,3, 0
0.10051220647907935, 184.50621113975615, 0.8777699163158681, 0.5075305598786466, 0,4, 0
0.0996474422936207, 16.72322006927238, 0.9424463317291131, 0.5196321532577501, 0,2, 0
0.10024612519124593, 39.80072109835214, 0.88033626681359, 0.4977304633053096, 0,3, 0
0.10031264551320429, 9.210207931852496, 0.8976632030665046, 0.34675988236609007, 0,2, 0
0.10097784873278787, 15.187799587979619, 0.9115212988988717, 0.5032618455197261, 0,9, 0
0.0996474422936207, 8.051244326585591, 0.9424463317291131, 0.5171510145562016, 0,1, 0
0.09904875939599547, 5.587082349301685, 0.8938837418790088, 0.504594944021322, 0,1, 0
0.09904875939599547, 128.18264768870102, 0.8938837418790088, 0.503700102495076, 0,3, 0
0.09958092197166234, 5.8189344159272, 0.8933638062721464, 0.5149244230148726, 0,2, 0
0.10024612519124593, 6.043187754966063, 0.88033626681359, 0.49519688518647187, 0,2, 0
0.11647708374908534, 20.828772899578457, 0.8750703786959951, 0.35152819449479034, 0,3, 0
0.11361670990487593, 6.446721824372607, 0.8787317810099899, 0.35316516471736376, 0,0, 0
0.09958092197166234, 53.60320365204377, 0.8933638062721464, 0.5161030871342944, 0,4, 0
0.10017960486928756, 4.397548010362279, 0.8835487229879121, 0.5038334520836615, 0,2, 0
0.09878267810816205, 3.345183771368527, 0.9000015148416551, 0.5141578537618963, 0,6, 0
0.10111088937670458, 5.793461176518519, 0.9116167084157132, 0.5147972903441439, 0,1, 0
0.13290760327279985, 23.89021940267166, 0.8570414581845159, 0.33571027453060653, 0,4, 0
0.09958092197166234, 34.00609256654655, 0.8933638062721464, 0.5125644127708567, 0,4, 0
0.09878267810816205, 14.764154966609615, 0.9000015148416551, 0.5145783905863426, 0,6, 0
0.12938202620900685, 13.192047619331163, 0.880225242850171, 0.3381237308290116, 0,2, 0
0.09432581653695205, 75.12502249108495, 0.9077367465098285, 0.3554729305756129, 0,3, 0
0.10017960486928756, 15.949440683019953, 0.8835487229879121, 0.5094397430219179, 0,2, 0
0.10230825517195503, 754.0991370342109, 0.8825226392085451, 0.3533354561297697, 0,0, 0
0.10097784873278787, 2236.735585616828, 0.8896953824485279, 0.5040849404471976, 0,1, 0
0.0996474422936207, 24.167077419495445, 0.9424463317291131, 0.5166714198718997, 0,3, 0
0.10111088937670458, 21.541453216652872, 0.9116141106107832, 0.4842040368871405, 0,1, 0
0.10057872680103772, 5593.704644331543, 0.8934032092215111, 0.4690259759783331, 0,2, 0
0.10097784873278787, 39.368177341397505, 0.8896953824485279, 0.5066985427715658, 0,4, 0
0.10097784873278787, 4275.192709421253, 0.8896953824485279, 0.5042978715952069, 0,1, 0
0.09904875939599547, 27.138050749904895, 0.8938837418790088, 0.5048082269920049, 0,3, 0
0.09904875939599547, 283830.83286359656, 0.8938837418790088, 0.5052993313559062, 0,4, 0
0.09991352358145414, 175.37678499919693, 0.9273376082964652, 0.524185033634768, 0,1, 0
0.09991352358145414, 2968546.0526420656, 0.9273376082964652, 0.5225474046363748, 0,5, 0
0.09958092197166234, 44.60626083191504, 0.8933638062721464, 0.5151806787022524, 0,2, 0
0.09958092197166234, 547284874.166966, 0.8933638062721464, 0.511859187473811, 0,6, 0
0.09878267810816205, 2.304648575918852, 0.9000015148416551, 0.5143347937914037, 0,5, 0
0.09878267810816205, 2.3040881341845263, 0.9000015148416551, 0.5157374998402748, 0,3, 0
0.09991352358145414, 2.3057899719812527, 0.9273376082964652, 0.5199699454175853, 0,6, 0
0.0996474422936207, 2.3074986892157923, 0.9424463317291131, 0.5164825617161563, 0,3, 0
0.0996474422936207, 2.311265518301651, 0.9424463317291131, 0.5160019520555627, 0,4, 0
0.0996474422936207, 2.3082672284842567, 0.9424463317291131, 0.5164331485538072, 0,6, 0
0.0996474422936207, 2.309593391221797, 0.9424463317291131, 0.5195392704527935, 0,3, 0
0.09991352358145414, 2.30779225777257, 0.9273376082964652, 0.5244237377947137, 0,2, 0
0.09991352358145414, 2.3059759757907807, 0.9273376082964652, 0.5189623302500587, 0,4, 0
0.09991352358145414, 2.305824611030446, 0.9273376082964652, 0.5202622297820105, 0,7, 0
0.09991352358145414, 2.307708705374797, 0.9273376082964652, 0.5210870183068256, 0,1, 0
0.09186456462449279, 2.3046491077573825, 0.9271556786391792, 0.23344533799479944, 0,0, 0
0.09991352358145414, 702.2030648030449, 0.9273376082964652, 0.524818792460334, 0,0, 0
0.09904875939599547, 23.107221955001684, 0.8938837418790088, 0.5072446683942777, 0,1, 0
0.09904875939599547, 87.90656920890545, 0.8938837418790088, 0.5061642879063286, 0,4, 0
0.10111088937670458, 19.68964349436901, 0.9116167084157132, 0.5142168359654208, 0,3, 0
0.10111088937670458, 12.000480287011445, 0.9116167084157132, 0.5122935728987031, 0,4, 0
0.10111088937670458, 835.86817669696, 0.9116167084157132, 0.5116248916965808, 0,4, 0
0.09958092197166234, 16510973.260842294, 0.8933638062721464, 0.5112273149114753, 0,2, 0
0.0996474422936207, 2.315597702117846, 0.9424463317291131, 0.5198800051178342, 0,2, 0
0.0996474422936207, 2.3130765194855774, 0.9424463317291131, 0.5158893683708268, 0,4, 0
0.0996474422936207, 2.311826603637677, 0.9424463317291131, 0.521244638935735, 0,1, 0
0.0996474422936207, 2.3117413522081764, 0.9424463317291131, 0.5165051805548572, 0,1, 0
0.0996474422936207, 2.310687898423852, 0.9424463317291131, 0.5180439164034067, 0,3, 0
0.0996474422936207, 2.309565987707826, 0.9424463317291131, 0.5180999648696376, 0,6, 0
0.0996474422936207, 2.3128812049333347, 0.9424463317291131, 0.5177455297587997, 0,3, 0
0.0996474422936207, 2.308650823328727, 0.9424463317291131, 0.5198587937008884, 0,0, 0
0.10097784873278787, 161.06942016699512, 0.8896953824485279, 0.5062241632897666, 0,2, 0
0.0996474422936207, 2.3192382646417427, 0.9424463317291131, 0.5191705788273466, 0,2, 0
0.10097784873278787, 201.87357513698237, 0.8896953824485279, 0.5052953171373258, 0,3, 0
0.10097784873278787, 3178.7058494809953, 0.8896953824485279, 0.5063257727763321, 0,5, 0
0.10097784873278787, 896.6172777448817, 0.8896953824485279, 0.5029925698254022, 0,2, 0
0.10097784873278787, 24854.475510468765, 0.8896953824485279, 0.5054637340152245, 0,5, 0
0.10097784873278787, 21.590636453338607, 0.8896953824485279, 0.5021354030613435, 0,5, 0
0.10097784873278787, 49.698312512083554, 0.8896953824485279, 0.5044778841853899, 0,1, 0
0.09991352358145414, 2.308254639260079, 0.9273376082964652, 0.5228968173713927, 0,2, 0
0.09991352358145414, 2.309464622763494, 0.9273376082964652, 0.5193799382570764, 0,7, 0
0.09991352358145414, 2.307076796953735, 0.9273376082964652, 0.5234791506032768, 0,2, 0
0.09991352358145414, 2.307158022720498, 0.9273376082964652, 0.5240888151752113, 0,4, 0
0.09991352358145414, 2.308257423014664, 0.9273376082964652, 0.5227467958282204, 0,3, 0
0.0996474422936207, 2.3076344203276524, 0.9424463317291131, 0.5154846562068172, 0,1, 0
0.09904875939599547, 190740.05900506032, 0.8938837418790088, 0.502474126639076, 0,2, 0
0.09904875939599547, 2.3069649165653465, 0.8938837418790088, 0.502208815881916, 0,3, 0
0.0996474422936207, 2.307523937145409, 0.9424463317291131, 0.5192292225428126, 0,2, 0
0.0996474422936207, 2.3116083226898256, 0.9424463317291131, 0.516561940936219, 0,7, 0
0.0996474422936207, 2.3107330783718893, 0.9424463317291131, 0.5191363867379598, 0,5, 0
0.0996474422936207, 2.3082891297357837, 0.9424463317291131, 0.5188284974800943, 0,1, 0
0.0996474422936207, 2.309598382136418, 0.9424463317291131, 0.5169766029428255, 0,2, 0
0.0996474422936207, 2.3129496371715135, 0.9424463317291131, 0.5189842229072827, 0,2, 0
0.0996474422936207, 2.310147908556559, 0.9424463317291131, 0.5208807882551793, 0,2, 0
0.10097784873278787, 3.3755014826380263, 0.8896953824485279, 0.5059020862514764, 0,7, 0
0.0996474422936207, 2.3133741282642797, 0.9424463317291131, 0.5209711436615545, 0,4, 0
0.0996474422936207, 2.311774329131119, 0.9424463317291131, 0.5217732208661292, 0,4, 0
0.0996474422936207, 2.31380031556575, 0.9424463317291131, 0.5205580457190437, 0,5, 0
0.0996474422936207, 2.3118034755288344, 0.9424463317291131, 0.518227060239228, 0,2, 0
0.0996474422936207, 2.3080348954707937, 0.9424463317291131, 0.5140055731240227, 0,4, 0
0.09991352358145414, 2.3111798009940316, 0.9273376082964652, 0.5239285146077315, 0,4, 0
0.10024612519124593, 25.80014279023034, 0.88033626681359, 0.49254615644594624, 0,3, 0
0.10024612519124593, 312.0385207761938, 0.88033626681359, 0.4980582472091238, 0,2, 0
0.10024612519124593, 23.4282106203225, 0.88033626681359, 0.4942927382803074, 0,0, 0
0.10024612519124593, 710.6976978385995, 0.88033626681359, 0.49221575245559424, 0,5, 0
0.10024612519124593, 365.27775825150815, 0.88033626681359, 0.49357134322239915, 0,4, 0
0.10024612519124593, 2560.259580272278, 0.88033626681359, 0.4958306525870628, 0,3, 0
0.0996474422936207, 2.313626849531596, 0.9424463317291131, 0.51930562841723, 0,0, 0
0.10024612519124593, 2508.6299138700683, 0.88033626681359, 0.4980834577392432, 0,1, 0
0.09991352358145414, 2.3110317608668307, 0.9273376082964652, 0.5201885556659986, 0,5, 0
0.09991352358145414, 2.314653182627634, 0.9273376082964652, 0.5191204334906815, 0,3, 0
0.09904875939599547, 2.3154945607306847, 0.8938837418790088, 0.5050634547625769, 0,3, 0
0.09904875939599547, 2.309993405958409, 0.8938837418790088, 0.5009224166775085, 0,3, 0
0.09991352358145414, 2.3119935569574137, 0.9273376082964652, 0.519154423171912, 0,2, 0
0.09991352358145414, 2.3172302198673305, 0.9273376082964652, 0.5211344134318577, 0,1, 0
0.09904875939599547, 2.320471137613385, 0.8938837418790088, 0.50773569412792, 0,2, 0
0.09991352358145414, 2.3169862351271315, 0.9273376082964652, 0.5237566431506546, 0,3, 0
0.09991352358145414, 2.3174187277935543, 0.9273376082964652, 0.5206360932694931, 0,1, 0
0.0996474422936207, 2.3179166529981594, 0.9424463317291131, 0.5186104113531687, 0,2, 0
0.0996474422936207, 2.319922151960775, 0.9424463317291131, 0.5210005243155444, 0,1, 0
0.0996474422936207, 2.3150614092848474, 0.9424463317291131, 0.5183642760185985, 0,2, 0
0.09904875939599547, 2.3146670405786844, 0.8938837418790088, 0.5069352729790234, 0,2, 0
0.10024612519124593, 3.232350434235912, 0.88033626681359, 0.494901542139368, 0,2, 0
0.09904875939599547, 2.314894538102397, 0.8938837418790088, 0.5062409802617932, 0,1, 0
0.10024612519124593, 170.08833076425285, 0.88033626681359, 0.4972234733582838, 0,3, 0
0.10024612519124593, 2.828832494659845, 0.88033626681359, 0.4935451713847291, 0,1, 0
0.10024612519124593, 15711.768558221798, 0.88033626681359, 0.4962481010950633, 0,2, 0
0.09991352358145414, 2.30909769837826, 0.9273376082964652, 0.5222848210111632, 0,1, 0
0.0996474422936207, 2.304306694302406, 0.9424463317291131, 0.5174417820300878, 0,2, 0
0.09991352358145414, 2.305133921541965, 0.9273376082964652, 0.5211391146779508, 0,5, 0
0.10097784873278787, 2.303757826994733, 0.8896953824485279, 0.5034814745040148, 0,5, 0
0.10097784873278787, 2.3052284234791136, 0.8896953824485279, 0.5062618078562128, 0,0, 0
0.09991352358145414, 2.306516199984855, 0.9273376082964652, 0.5213240696003107, 0,3, 0
0.09991352358145414, 2.306183610777334, 0.9273376082964652, 0.5228312798255212, 0,3, 0
0.0996474422936207, 2.304121403004891, 0.9424463317291131, 0.5206511004759051, 0,6, 0
0.0996474422936207, 2.3036578376239416, 0.9424463317291131, 0.5161074430478941, 0,5, 0
0.10097784873278787, 2.3040360163874727, 0.8896953824485279, 0.5057071389035288, 0,1, 0
0.0996474422936207, 2.3050449159040207, 0.9424463317291131, 0.5157405544723161, 0,5, 0
0.0996474422936207, 2.30353554690946, 0.9424463317291131, 0.518150241542582, 0,4, 0
0.0996474422936207, 2.303613231193676, 0.9424463317291131, 0.5206809532393777, 0,0, 0
0.09991352358145414, 2.304291359259999, 0.9273376082964652, 0.5202512123276473, 0,4, 0
0.09991352358145414, 2.304453842116395, 0.9273376082964652, 0.5210540538487198, 0,3, 0
0.09991352358145414, 2.303977109949278, 0.9273376082964652, 0.5183498983990632, 0,3, 0
0.10017960486928756, 2.3049895756101764, 0.8835487229879121, 0.5066004333109934, 0,2, 0
0.10017960486928756, 2.3044996672045213, 0.8835487229879121, 0.5061724374201545, 0,4, 0
0.09904875939599547, 2.3057654310603395, 0.8938837418790088, 0.504760595354785, 0,2, 0
0.10017960486928756, 2.3060355310643703, 0.8835487229879121, 0.504959219410966, 0,2, 0
0.09904875939599547, 2.306581487851031, 0.8938837418790088, 0.5044140139228329, 0,4, 0
0.09904875939599547, 2.310083195461069, 0.8938837418790088, 0.5054584506347957, 0,4, 0
0.09904875939599547, 2.3134391272463724, 0.8938837418790088, 0.5086359013827096, 0,4, 0
0.09904875939599547, 61696883945.96779, 0.8938837418790088, 0.5041220293937296, 0,6, 0
0.09904875939599547, 2.3120426049943315, 0.8938837418790088, 0.5052627901569453, 0,3, 0
0.09904875939599547, 2.3110955094875614, 0.8938837418790088, 0.5063248090902971, 0,3, 0
0.09904875939599547, 15035539148.241426, 0.8938837418790088, 0.5070498803957216, 0,3, 0
0.09904875939599547, 2.3079790620836187, 0.8938837418790088, 0.5057772827043479, 0,4, 0
0.09991352358145414, 2.3097318949071677, 0.9273376082964652, 0.5221312584460924, 0,5, 0
0.09871615778620368, 2.3023907247595483, 0.8941031684593774, 0.3785704305846782, 0,0, 0
0.10024612519124593, 5866.233528597332, 0.88033626681359, 0.4943302764912387, 0,2, 0
0.10111088937670458, 4.318052105169957, 0.9116167084157132, 0.510161848761894, 0,1, 0
0.10111088937670458, 19.160063042072036, 0.9116167084157132, 0.513841761301113, 0,2, 0
0.10111088937670458, 132.4356855238173, 0.9116167084157132, 0.5113231310081257, 0,2, 0
0.10111088937670458, 10.739138574131724, 0.9116167084157132, 0.5154415627512219, 0,3, 0
0.10111088937670458, 4.196730383219757, 0.9116167084157132, 0.5128145024767002, 0,0, 0
0.10111088937670458, 103.14624571513964, 0.9116167084157132, 0.5133301047263439, 0,3, 0
0.10111088937670458, 11.374205656690146, 0.9116167084157132, 0.5127497705525499, 0,4, 0
0.10097784873278787, 2.889131633867279, 0.8896953824485279, 0.5081089298796649, 0,1, 0
0.10111088937670458, 53.87624756915432, 0.9116167084157132, 0.5127639097436283, 0,2, 0
0.10111088937670458, 10.158072448963098, 0.9116167084157132, 0.5115022618416135, 0,2, 0
0.10111088937670458, 22.997903996533733, 0.9116167084157132, 0.5112958229387566, 0,2, 0
0.10111088937670458, 41.54420023236172, 0.9116167084157132, 0.5150886919003747, 0,3, 0
0.10111088937670458, 53.532389876230944, 0.9116167084157132, 0.5149415587939827, 0,5, 0
0.10111088937670458, 52.41262823621749, 0.9116167084157132, 0.5136335976091777, 0,3, 0
0.10111088937670458, 48.55647072907194, 0.9116167084157132, 0.5136197039506232, 0,4, 0
0.10111088937670458, 34.747552170127584, 0.9116167084157132, 0.5095335248887497, 0,2, 0
0.10111088937670458, 14.504074923226769, 0.9116167084157132, 0.5108814228957227, 0,6, 0
0.10111088937670458, 16.756431860480646, 0.9116167084157132, 0.5113876445921572, 0,4, 0
0.10111088937670458, 22.081324639997106, 0.9116167084157132, 0.5138703425710123, 0,3, 0
0.10111088937670458, 22.717375847861206, 0.9116167084157132, 0.512676811049324, 0,6, 0
0.10111088937670458, 17.166178822854413, 0.9116167084157132, 0.5149307127809354, 0,3, 0
0.10111088937670458, 13.508080861243803, 0.9116167084157132, 0.5137381745722874, 0,2, 0
0.10111088937670458, 8.152520635198915, 0.9116167084157132, 0.5162057938243734, 0,2, 0
0.10111088937670458, 12.87919542711033, 0.9116167084157132, 0.5143504022620791, 0,3, 0
0.10111088937670458, 15.079093692006603, 0.9116167084157132, 0.51489627025402, 0,4, 0
0.10111088937670458, 17.60825535156433, 0.9116167084157132, 0.5119674425558796, 0,3, 0
0.10111088937670458, 14.299169628077587, 0.9116167084157132, 0.5138682059254339, 0,5, 0
0.10111088937670458, 12.178562372599757, 0.9116167084157132, 0.5150177746901997, 0,5, 0
0.10111088937670458, 14.667330470376486, 0.9116167084157132, 0.5126790543334769, 0,6, 0
0.10111088937670458, 16.42737545089586, 0.9116167084157132, 0.5123612534869797, 0,4, 0
0.07470232155923634, 479.421063397754, 0.9372081778525788, 0.3700014743981426, 0,0, 0
0.09958092197166234, 22239.352319124366, 0.8933638062721464, 0.5139254407617263, 0,4, 0
0.09878267810816205, 37.497206390893254, 0.9000015148416551, 0.5116450618586534, 0,2, 0
0.09878267810816205, 120669.54309523289, 0.9000015148416551, 0.5108227275552963, 0,2, 0
0.10097784873278787, 25356340.28846834, 0.8896953824485279, 0.5052546695497667, 0,5, 0
0.10051220647907935, 2.3110579207756636, 0.8777699163158681, 0.5066189538956583, 0,7, 0
0.09991352358145414, 2.3135296134013643, 0.9273376082964652, 0.5209801347770706, 0,2, 0
0.0996474422936207, 2.323219533294275, 0.9424463317291131, 0.5203589829528802, 0,2, 0
0.09878267810816205, 5.015436032436441, 0.9000015148416551, 0.5123901057577782, 0,1, 0
0.09878267810816205, 554.2114191805778, 0.9000015148416551, 0.5134187237095582, 0,3, 0
0.09878267810816205, 388.76269620479735, 0.9000015148416551, 0.5127045963648418, 0,0, 0
0.09878267810816205, 200.51927010538668, 0.9000015148416551, 0.513099201894456, 0,5, 0
0.09878267810816205, 397.2732645543696, 0.9000015148416551, 0.5156108892656741, 0,3, 0
0.09904875939599547, 2.3093309135071607, 0.8938837418790088, 0.5043703131697922, 0,3, 0
0.09904875939599547, 2.308023762244597, 0.8938837418790088, 0.5098296781673209, 0,1, 0
0.09878267810816205, 3999.0240378838166, 0.9000015148416551, 0.5113775130144498, 0,5, 0
0.09878267810816205, 62.739671640298816, 0.9000015148416551, 0.5146299563581243, 0,3, 0
0.09878267810816205, 435832.2502936998, 0.9000015148416551, 0.5143253399560104, 0,2, 0
0.09878267810816205, 8.60200352408029, 0.9000015148416551, 0.5137283678191146, 0,0, 0
0.09878267810816205, 200.640111306863, 0.9000015148416551, 0.5143434384844454, 0,3, 0
0.09878267810816205, 13794.969897083725, 0.9000015148416551, 0.5105755983270097, 0,2, 0
0.09878267810816205, 57.68501135851522, 0.9000015148416551, 0.5133422791264973, 0,3, 0
0.09878267810816205, 256007.14607933792, 0.9000015148416551, 0.5111743940853494, 0,3, 0
0.09958092197166234, 11.255179994355924, 0.8933638062721464, 0.516770182488321, 0,6, 0
0.09958092197166234, 27.708593420280412, 0.8933638062721464, 0.5135130942311988, 0,1, 0
0.09958092197166234, 33.306813121714264, 0.8933638062721464, 0.5123565256833487, 0,2, 0
0.09958092197166234, 1075.6386617339574, 0.8933638062721464, 0.517605866370085, 0,2, 0
0.09878267810816205, 6.799170835562304, 0.9000015148416551, 0.5123975339130464, 0,5, 0
0.09878267810816205, 8.2952903926884, 0.9000015148416551, 0.5141598101970432, 0,4, 0
0.09878267810816205, 4684.584143466265, 0.9000015148416551, 0.5130861247817639, 0,4, 0
0.09958092197166234, 135.0316772449915, 0.8933638062721464, 0.5145771981398722, 0,7, 0
0.09958092197166234, 22.609354324781084, 0.8933638062721464, 0.5137127302454384, 0,3, 0
0.09958092197166234, 1026.288373470679, 0.8933638062721464, 0.5137605532679307, 0,2, 0
0.10051220647907935, 2676989.0727380114, 0.9412463523458677, 0.4633027967500827, 0,3, 0
0.0996474422936207, 2.3123265549482035, 0.9424463317291131, 0.5173579792070392, 0,4, 0
0.0996474422936207, 2.3130061423747605, 0.9424463317291131, 0.5198172912803454, 0,5, 0
0.0996474422936207, 2.310770162666644, 0.9424463317291131, 0.5191009909464004, 0,3, 0
0.0996474422936207, 2.311639391780415, 0.9424463317291131, 0.5199558428121867, 0,8, 0
0.0996474422936207, 2.3081708139330614, 0.9424463317291131, 0.5169994262227546, 0,2, 0
0.0996474422936207, 2.3137709702559195, 0.9424463317291131, 0.5165007686749147, 0,5, 0
0.0996474422936207, 2.314680585959219, 0.9424463317291131, 0.5211405679488039, 0,1, 0
0.0996474422936207, 2.311083553223238, 0.9424463317291131, 0.5189649190500095, 0,2, 0
0.0996474422936207, 2.3084984284186962, 0.9424463317291131, 0.5179335057733201, 0,2, 0
0.0996474422936207, 2.3102063349222206, 0.9424463317291131, 0.5187298463825313, 0,3, 0
0.0996474422936207, 63516208.11647756, 0.9424463317291131, 0.51980793113865, 0,1, 0
0.0996474422936207, 293116900.9520087, 0.9424463317291131, 0.5201344509183187, 0,3, 0
0.0996474422936207, 7751808698.127285, 0.9424721045868543, 0.5136950819530877, 0,2, 0
0.0996474422936207, 2.309309031588584, 0.9424463317291131, 0.5177206595385274, 0,3, 0
0.0996474422936207, 46304092.98425566, 0.9424463317291131, 0.5188870825955091, 0,5, 0
0.0996474422936207, 2.304472382511278, 0.9424463317291131, 0.5163474839769111, 0,1, 0
0.09991352358145414, 2.3052188511309666, 0.9273376082964652, 0.5214759587467451, 0,4, 0
0.09904875939599547, 2.3063981952380495, 0.8938837418790088, 0.5020585287120979, 0,2, 0
0.0996474422936207, 2.306429056098962, 0.9424463317291131, 0.5208354953418004, 0,4, 0
0.09904875939599547, 2.3095258229555804, 0.8938837418790088, 0.5069744315726156, 0,1, 0
0.09904875939599547, 2.315726708162095, 0.8938837418790088, 0.5046759859968701, 0,3, 0
0.09904875939599547, 2.323344579628268, 0.8938837418790088, 0.5088946903090765, 0,0, 0
0.09904875939599547, 2.320055761031506, 0.8938837418790088, 0.5050066801805599, 0,4, 0
0.09904875939599547, 2.3150312149111545, 0.8938837418790088, 0.5060116806480386, 0,2, 0
0.09904875939599547, 2.3102091178838218, 0.8938837418790088, 0.5065422649422129, 0,4, 0
0.09904875939599547, 43497687.7553697, 0.8938837418790088, 0.5062817007435763, 0,0, 0
0.09904875939599547, 2.3155186372642893, 0.8938837418790088, 0.5064706748649266, 0,2, 0
0.0996474422936207, 210788554.29393187, 0.9424463317291131, 0.5146217725564012, 0,3, 0
0.0996474422936207, 2.3140834510695125, 0.9424463317291131, 0.5157113628288374, 0,3, 0
0.0996474422936207, 23393310.579432882, 0.9424463317291131, 0.5185479370162299, 0,6, 0
0.0996474422936207, 80106440.61232695, 0.9424463317291131, 0.5143575110342935, 0,5, 0
0.09904875939599547, 2.315281850535308, 0.8938837418790088, 0.5070506897608662, 0,4, 0
0.0996474422936207, 2.3148651841173216, 0.9424463317291131, 0.5166091646274388, 0,2, 0
0.09904875939599547, 4356231.345107775, 0.8938837418790088, 0.5075223075917232, 0,0, 0
0.09904875939599547, 5284358.301743126, 0.8938837418790088, 0.5082025264296005, 0,0, 0
0.09898223907403712, 2.3026628949594126, 0.8797692275207335, 0.4012314445116194, 0,0, 0
0.09991352358145414, 6079.04977308486, 0.9273376082964652, 0.5259148401357592, 0,2, 0
0.10097784873278787, 47.384004624232254, 0.8896953824485279, 0.5065481444482707, 0,3, 0
0.10097784873278787, 133.71357633538685, 0.8896953824485279, 0.5046918607256878, 0,3, 0
0.10097784873278787, 61.32794779318956, 0.8896953824485279, 0.5067621337110612, 0,1, 0
0.09904875939599547, 2.3232647637871144, 0.8938837418790088, 0.5057486373706779, 0,0, 0
0.10097784873278787, 35.67317556679895, 0.8896953824485279, 0.508683493052113, 0,2, 0
0.10097784873278787, 73.89955602816235, 0.8896953824485279, 0.5040199901713901, 0,1, 0
0.09878267810816205, 2.487188538542005, 0.9000015148416551, 0.5099441829441395, 0,1, 0
0.10097784873278787, 34.95550186222267, 0.8896953824485279, 0.5047013772251784, 0,3, 0
0.10097784873278787, 9.241670370018666, 0.8896953824485279, 0.5027904412635902, 0,2, 0
0.10097784873278787, 22.690101165166595, 0.8896953824485279, 0.5056057945244627, 0,2, 0
0.10097784873278787, 75.9858691154729, 0.8896953824485279, 0.5087190145188154, 0,2, 0
0.10097784873278787, 5.182703813012232, 0.8896953824485279, 0.5051418651674946, 0,3, 0
0.10097784873278787, 3.7394234623522338, 0.8896953824485279, 0.5083540429357787, 0,4, 0
0.10097784873278787, 62.25111102038877, 0.8896953824485279, 0.5094333744565749, 0,0, 0
0.09878267810816205, 3.9239612811658304, 0.9000015148416551, 0.5111129612107269, 0,1, 0
0.10097784873278787, 38.090768654808144, 0.8896953824485279, 0.5040929584024975, 0,1, 0
0.10097784873278787, 29.39027023174675, 0.8896953824485279, 0.5049673670188379, 0,3, 0
0.10097784873278787, 47.29147048806911, 0.8896953824485279, 0.5032011232742113, 0,3, 0
0.10097784873278787, 34.51917115992782, 0.8896953824485279, 0.5075582372112152, 0,2, 0
0.09878267810816205, 8.356999302183187, 0.9000015148416551, 0.510039942176884, 0,5, 0
0.10097784873278787, 21.785103381251034, 0.8896953824485279, 0.5058096140480818, 0,2, 0
0.10097784873278787, 21.363615611614062, 0.8896953824485279, 0.507369491310925, 0,2, 0
0.10097784873278787, 13.067233007019853, 0.8896953824485279, 0.506650955593794, 0,3, 0
0.09878267810816205, 20.64505182019982, 0.9000015148416551, 0.5106501989633765, 0,2, 0
0.09878267810816205, 7.5003603638895635, 0.9000015148416551, 0.5140589610791939, 0,4, 0
0.09878267810816205, 8.470334585897065, 0.9000015148416551, 0.5160013127783989, 0,2, 0
0.09878267810816205, 5.80641025941957, 0.9000015148416551, 0.513278751324715, 0,1, 0
0.10097784873278787, 18.19314795091767, 0.8896953824485279, 0.5055576841834708, 0,5, 0
0.10097784873278787, 23.169035744529868, 0.8896953824485279, 0.5044810419100609, 0,3, 0
0.10117740969866294, 109.18076941972046, 0.8952566979846068, 0.35461950202442877, 0,2, 0
0.10111088937670458, 55.21805296846709, 0.8953173040452128, 0.3561011095720859, 0,2, 0
0.10097784873278787, 27.126896782255393, 0.8896953824485279, 0.5084231115381967, 0,4, 0
0.10097784873278787, 252.6215150689678, 0.8896953824485279, 0.5074423679272928, 0,1, 0
0.09878267810816205, 8.3049329586279, 0.9000015148416551, 0.5128286205975056, 0,3, 0
0.10097784873278787, 8.537708937031443, 0.8896953824485279, 0.5058166680698062, 0,3, 0
0.09958092197166234, 8.258009168509039, 0.8933638062721464, 0.5139551907970792, 0,6, 0
0.09878267810816205, 39.53418058863088, 0.9000015148416551, 0.5125011876725409, 0,5, 0
0.09958092197166234, 59.091407406770614, 0.8933638062721464, 0.5149589972110565, 0,4, 0
0.09878267810816205, 8140.812712071012, 0.9000015148416551, 0.5112121445974769, 0,4, 0
0.0996474422936207, 6592383.808623113, 0.9424463317291131, 0.5185874003748598, 0,6, 0
0.10097784873278787, 6299.069275126663, 0.8896953824485279, 0.5060928857954764, 0,5, 0
0.10097784873278787, 47.33656311768954, 0.8896953824485279, 0.504800676208829, 0,3, 0
0.10097784873278787, 174.74690932928743, 0.8896953824485279, 0.5073352087071306, 0,6, 0
0.10097784873278787, 185.35964321489067, 0.8896953824485279, 0.5085326818566898, 0,5, 0
0.10097784873278787, 130.64956693186824, 0.8896953824485279, 0.5048738428971812, 0,0, 0
0.10097784873278787, 2667.4220260041748, 0.8896953824485279, 0.5041784383597845, 0,4, 0
0.10051220647907935, 2.5396001485264295, 0.8777699163158681, 0.5063676393029922, 0,3, 0
0.10097784873278787, 70.612656449186, 0.8896953824485279, 0.5045489052022872, 0,4, 0
0.10097784873278787, 18.8845533365056, 0.8896953824485279, 0.5053096640158352, 0,1, 0
0.10097784873278787, 31.69776215541706, 0.8896953824485279, 0.5042786892650883, 0,2, 0
0.10097784873278787, 97.03560058717154, 0.8896953824485279, 0.5053001085456016, 0,4, 0
0.10097784873278787, 519.3036585685054, 0.8896953824485279, 0.5048164773209178, 0,2, 0
0.10051220647907935, 43.83060037411949, 0.8777699163158681, 0.5048087567507006, 0,1, 0
0.10064524712299608, 59.83272030926001, 0.877623524040196, 0.5078964093855834, 0,2, 0
0.10051220647907935, 21.76048006375163, 0.8777699163158681, 0.5075045629056558, 0,5, 0
0.10051220647907935, 21.58105711988336, 0.8777699163158681, 0.505856473494342, 0,4, 0
0.10051220647907935, 31.848933402288065, 0.8777699163158681, 0.505381940960758, 0,3, 0
0.10097784873278787, 44315.20726953096, 0.8896953824485279, 0.507232501892251, 0,3, 0
0.10051220647907935, 46.736819904697306, 0.8777699163158681, 0.5064246440146337, 0,4, 0
0.10051220647907935, 38.63729386029546, 0.8777699163158681, 0.505862978401413, 0,2, 0
0.10051220647907935, 51.98866314071782, 0.8777699163158681, 0.5093292383463822, 0,5, 0
0.09991352358145414, 24.69237027701635, 0.9273376082964652, 0.5248251257332683, 0,4, 0
0.10051220647907935, 11.761083765919, 0.8777699163158681, 0.5046780008198036, 0,3, 0
0.10051220647907935, 135.20406759764782, 0.8777699163158681, 0.5066988602093059, 0,2, 0
0.10024612519124593, 531676.6523264644, 0.88033626681359, 0.49719211900012, 0,4, 0
0.10017960486928756, 192.94924957252806, 0.8835487229879121, 0.5055950637796296, 0,4, 0
0.10017960486928756, 41.6845897134319, 0.8835487229879121, 0.5023251188532063, 0,4, 0
0.10017960486928756, 51.10342863540494, 0.8835487229879121, 0.5070824338141966, 0,4, 0
0.10017960486928756, 44.49011740490159, 0.8835487229879121, 0.5066858383020414, 0,3, 0
0.10017960486928756, 88.15946196016326, 0.8835487229879121, 0.5040856764103513, 0,0, 0
0.10017960486928756, 1985553.7153503178, 0.8835487229879121, 0.5051021681245244, 0,6, 0
0.09904875939599547, 2.315245668799119, 0.8938837418790088, 0.50462598092189, 0,1, 0
0.09904875939599547, 2.312079349820552, 0.8938837418790088, 0.5046069971938739, 0,5, 0
0.09904875939599547, 2.3084079345876187, 0.8938837418790088, 0.5048497367403172, 0,4, 0
0.09904875939599547, 2.3080020401916017, 0.8938837418790088, 0.5064872154793331, 0,3, 0
0.09904875939599547, 2.311508923640137, 0.8938837418790088, 0.5088763407902201, 0,2, 0
0.09904875939599547, 2.3130092074483612, 0.8938837418790088, 0.5028358180722198, 0,6, 0
0.09904875939599547, 2.3165713611385317, 0.8938837418790088, 0.5027741257625844, 0,2, 0
0.09904875939599547, 2.322062256893997, 0.8938837418790088, 0.504982111189353, 0,3, 0
0.09904875939599547, 2.3184873234493755, 0.8938837418790088, 0.5082772724484638, 0,1, 0
0.09904875939599547, 2.318307300024084, 0.8938837418790088, 0.5059183053606637, 0,1, 0
0.09904875939599547, 2.3125720038699793, 0.8938837418790088, 0.5077828100599465, 0,5, 0
0.09904875939599547, 10080914315.85159, 0.8938837418790088, 0.503755274885725, 0,2, 0
0.09904875939599547, 25343557063.20208, 0.8938837418790088, 0.5032587838723149, 0,4, 0
0.09472493846870218, 4319648401412.492, 0.9021363565029357, 0.36701470934612884, 0,8, 0
0.10456994611853922, 1072184268922.1566, 0.8736756572466886, 0.3747684837723084, 0,6, 0
0.09139892237078427, 42074200162132.92, 0.9176022114664343, 0.3841849479701927, 0,1, 0
0.09991352358145414, 2.3147649875715217, 0.9273376082964652, 0.5191008322139278, 0,2, 0
0.09991352358145414, 2.3161337448912596, 0.9273376082964652, 0.520070255351654, 0,0, 0
0.09991352358145414, 2.3140532664019435, 0.9273376082964652, 0.5177854876592507, 0,3, 0
0.09991352358145414, 2.3131791114141023, 0.9273376082964652, 0.5206613439605536, 0,3, 0
0.0996474422936207, 2.3062888850219267, 0.9424463317291131, 0.5167189192572973, 0,4, 0
0.0996474422936207, 2.3077793589991455, 0.9424463317291131, 0.518309389427019, 0,0, 0
0.1028404177476219, 4792873101806.685, 0.9332583175843803, 0.36230747359173665, 0,6, 0
0.0996474422936207, 2.3071652865652506, 0.9424463317291131, 0.5177484247108071, 0,4, 0
0.10004656422537085, 17361051646.424557, 0.941662886140804, 0.5109106175270595, 0,1, 0
0.0996474422936207, 2.305675482754697, 0.9424463317291131, 0.5185567569584524, 0,6, 0
0.09904875939599547, 2.306455990562878, 0.8938837418790088, 0.5027946787586313, 0,1, 0
0.09904875939599547, 2.3111637751356553, 0.8938837418790088, 0.5050005248252678, 0,3, 0
0.09711967005920309, 2.3037417474037585, 0.8960200532976864, 0.45989756022399514, 0,0, 0
0.09958092197166234, 1454.3463946424872, 0.8933638062721464, 0.512595374555801, 0,1, 0
0.09904875939599547, 20.811800353944875, 0.8938837418790088, 0.5046172751106272, 0,1, 0
0.09904875939599547, 23.573951255014503, 0.8938837418790088, 0.5055349354354172, 0,4, 0
0.09904875939599547, 32.32047000655467, 0.8938837418790088, 0.5042349394373523, 0,3, 0
0.09904875939599547, 35.5822522114161, 0.8938837418790088, 0.5081820757258538, 0,3, 0
0.09904875939599547, 20.419804272112682, 0.8938837418790088, 0.5023339204961607, 0,3, 0
0.09904875939599547, 5.351836959635959, 0.8938837418790088, 0.5091919636678172, 0,4, 0
0.09904875939599547, 5.314348756811032, 0.8938837418790088, 0.5061249889102554, 0,4, 0
0.09904875939599547, 15.66724633988115, 0.8938837418790088, 0.5046428976416601, 0,1, 0
0.09904875939599547, 15.23899312705345, 0.8938837418790088, 0.5060193300085637, 0,3, 0
0.09904875939599547, 7.254431602347518, 0.8938837418790088, 0.5038934572968848, 0,1, 0
0.09904875939599547, 20.297981941003624, 0.8938837418790088, 0.5059267454882618, 0,4, 0
0.09904875939599547, 18.430997356960756, 0.8938837418790088, 0.5046371437673437, 0,2, 0
0.09904875939599547, 1561.8976207807036, 0.8938837418790088, 0.5061689130547653, 0,7, 0
0.10017960486928756, 83.27418229832966, 0.8835487229879121, 0.5100130418806372, 0,6, 0
0.09878267810816205, 11.570176915225414, 0.9000015148416551, 0.5146888189292929, 0,0, 0
0.09878267810816205, 13.641078665244923, 0.9000015148416551, 0.5126945968791914, 0,4, 0
0.10024612519124593, 9.364971343330508, 0.88033626681359, 0.4966225247504963, 0,1, 0
0.09991352358145414, 28.196910658552287, 0.9273376082964652, 0.5216505077506275, 0,3, 0
0.0991818000399122, 9404.506756948069, 0.8938168696570091, 0.5060986625031113, 0,2, 0
0.10111088937670458, 29060.306501602525, 0.9116167084157132, 0.5127471123366132, 0,2, 0
0.09878267810816205, 27.73814262804899, 0.9000015148416551, 0.5141612128511391, 0,3, 0
0.09878267810816205, 1083184.5726753785, 0.9000015148416551, 0.5129544588602583, 0,4, 0
0.0996474422936207, 2.3068691541007804, 0.9424463317291131, 0.5174057320364732, 0,3, 0
0.10024612519124593, 6.872796568494204, 0.88033626681359, 0.4933569330239983, 0,4, 0
0.0996474422936207, 2.3091199822128634, 0.9424463317291131, 0.5194614799273043, 0,2, 0
0.10024612519124593, 22.96128335393483, 0.88033626681359, 0.4933045892707046, 0,5, 0
0.10024612519124593, 3121038.9031459736, 0.88033626681359, 0.49418958706276345, 0,2, 0
0.10024612519124593, 312.8110016502005, 0.88033626681359, 0.4917814237719723, 0,7, 0
0.10024612519124593, 96.49700725770857, 0.88033626681359, 0.4964895492879268, 0,2, 0
0.10024612519124593, 69126.27541220076, 0.88033626681359, 0.49597347362496585, 0,3, 0
0.09991352358145414, 133.27219234473657, 0.9273376082964652, 0.5198597904404414, 0,6, 0
0.09991352358145414, 105.6696794444292, 0.9273376082964652, 0.5247971577900393, 0,5, 0
0.09991352358145414, 1928.2166334824165, 0.9273376082964652, 0.5227145707615337, 0,0, 0
0.09991352358145414, 2734.5340758608913, 0.9273376082964652, 0.5198467807357303, 0,3, 0
0.09991352358145414, 883.9761375512365, 0.9273376082964652, 0.5231836272506017, 0,2, 0
0.09991352358145414, 6019.418528402394, 0.9273376082964652, 0.52213432916964, 0,4, 0
0.10111088937670458, 2340548.4062136947, 0.9116167084157132, 0.5141134935052564, 0,3, 0
0.10097784873278787, 223.00890451827684, 0.8896953824485279, 0.5063271745809197, 0,2, 0
0.10097784873278787, 11873.832756579435, 0.8896953824485279, 0.5048896000342173, 0,6, 0
0.10051220647907935, 145.06015822648416, 0.8777699163158681, 0.5036388195110739, 0,2, 0
0.10051220647907935, 21604.913306131213, 0.8777699163158681, 0.5079665318567415, 0,6, 0
0.10051220647907935, 101.63642640524161, 0.8777699163158681, 0.5082483387823704, 0,4, 0
0.10051220647907935, 868689.593099463, 0.8777699163158681, 0.5069591841301248, 0,4, 0
0.10017960486928756, 15.0014561428125, 0.8835487229879121, 0.5043478273764336, 0,4, 0
0.10017960486928756, 117.73291852372235, 0.8835487229879121, 0.5045510274903557, 0,3, 0
0.10017960486928756, 16.922838516263575, 0.8835487229879121, 0.5083101393262414, 0,1, 0
0.10017960486928756, 535138.8186920349, 0.8835487229879121, 0.5050586554516041, 0,3, 0
0.09904875939599547, 74.20183975384286, 0.8938837418790088, 0.503763039405797, 0,4, 0
0.09904875939599547, 633061.8830075136, 0.8938837418790088, 0.5087567134220646, 0,4, 0
0.0996474422936207, 2.3124465639780105, 0.9424463317291131, 0.5154819889896759, 0,4, 0
0.0996474422936207, 2.309742937415991, 0.9424463317291131, 0.5158916052784054, 0,4, 0
0.10097784873278787, 110628768.730469, 0.8896953824485279, 0.5025785465457314, 0,2, 0
0.09991352358145414, 2963670.6309312964, 0.9273376082964652, 0.5194370022412328, 0,4, 0
0.10051220647907935, 40.36135695301785, 0.8777699163158681, 0.5077070809867388, 0,3, 0
0.10051220647907935, 15.384349150682395, 0.8777699163158681, 0.508159007938015, 0,3, 0
0.10051220647907935, 53.40617455589964, 0.8777699163158681, 0.5090489291200541, 0,1, 0
0.10051220647907935, 121289.16191146694, 0.8777699163158681, 0.502659782774396, 0,3, 0
0.09878267810816205, 95.40008973796782, 0.9000015148416551, 0.5120037052671698, 0,4, 0
0.10111088937670458, 107.32030671913004, 0.9116167084157132, 0.5140420955165265, 0,3, 0
0.10111088937670458, 48.46168577100697, 0.9116167084157132, 0.5164156137247499, 0,4, 0
0.10111088937670458, 105.95763582818998, 0.9116167084157132, 0.5127250662323443, 0,5, 0
0.10111088937670458, 29.989463063385017, 0.9116167084157132, 0.5103062462310028, 0,2, 0
0.10111088937670458, 155.93373216495368, 0.9116167084157132, 0.5142105828029885, 0,1, 0
0.10111088937670458, 110.79983656257262, 0.9116167084157132, 0.512807394751917, 0,3, 0
0.10111088937670458, 95.16524911416684, 0.9116167084157132, 0.5126115796793996, 0,6, 0
0.09878267810816205, 54.88792380440983, 0.9000015148416551, 0.5158221330059781, 0,5, 0
0.09878267810816205, 1529.327778153796, 0.9000015148416551, 0.5116045587781501, 0,3, 0
0.09958092197166234, 18.32083481069272, 0.8933638062721464, 0.5147290524869694, 0,4, 0
0.09958092197166234, 9820086.31489376, 0.8933638062721464, 0.5123982773187934, 0,1, 0
0.0996474422936207, 2.3127379622326507, 0.9424463317291131, 0.5171508111693075, 0,1, 0
0.0996474422936207, 2.312770682609399, 0.9424463317291131, 0.5164441759349134, 0,2, 0
0.10017960486928756, 19887625.21188991, 0.8835487229879121, 0.5051310070904657, 0,1, 0
0.10017960486928756, 1155402.9859328908, 0.8835487229879121, 0.5097102070410681, 0,3, 0
0.10017960486928756, 1488051.8264737169, 0.8835487229879121, 0.5047182216975485, 0,8, 0
0.0996474422936207, 91.83006478979988, 0.9424463317291131, 0.5183169467792831, 0,4, 0
0.0996474422936207, 54208.566819928004, 0.9424463317291131, 0.5155837669178358, 0,5, 0
0.0996474422936207, 78.67544226785037, 0.9424463317291131, 0.5153376987696038, 0,2, 0
0.0996474422936207, 23322.256836497854, 0.9424463317291131, 0.5188516715787636, 0,6, 0
0.0996474422936207, 5192724.432502865, 0.9424463317291131, 0.5164154321765333, 0,5, 0
0.10111088937670458, 669433.2773847517, 0.9116167084157132, 0.5131542426128075, 0,3, 0
0.09878267810816205, 275480418.1628042, 0.9000015148416551, 0.5132708748402232, 0,2, 0
0.09991352358145414, 2.3078211923959704, 0.9273376082964652, 0.5187064608491244, 0,2, 0
0.09991352358145414, 2.3071502528726353, 0.9273376082964652, 0.5208437241659325, 0,0, 0
0.09991352358145414, 2.3092012799984363, 0.9273376082964652, 0.5215373930828107, 0,1, 0
0.09991352358145414, 2722515477814.6655, 0.9273376082964652, 0.5175009030994278, 0,5, 0
0.09991352358145414, 2.3066893530282115, 0.9273376082964652, 0.5188169655501619, 0,3, 0
0.09658750748353621, 674721337249033.9, 0.9432807519044547, 0.45085974489508124, 0,5, 0
0.0996474422936207, 1591026130095.6545, 0.9424463317291131, 0.5134844289468042, 0,2, 0
0.0996474422936207, 22299133145.48518, 0.9424463317291131, 0.515377841962837, 0,9, 0
0.09991352358145414, 2.3053097192663667, 0.9273376082964652, 0.5200057907660844, 0,5, 0
0.11075633606066654, 606654375243603.5, 0.91437278778956, 0.4024101792054237, 0,4, 0
0.09991352358145414, 2.309869944751917, 0.9273376082964652, 0.5240196482552697, 0,2, 0
0.09991352358145414, 2.309301895271524, 0.9273376082964652, 0.5214953662962325, 0,1, 0
0.09944788132774562, 4244704233625065.0, 0.9276807105642054, 0.5143267254180519, 0,6, 0
