acuracia,loss,frr,fpr, removed, n_clf, tp_removed
0.09825051553249518, 2.3036959164792696, 0.8944041643372586, 0.3510638335706202, 0,0, 0
0.10057872680103772, 2.3019760334110306, 0.892571978063168, 0.4879406788768882, 0,0, 0
0.09991352358145414, 2.3281574551394493, 0.8927579796911026, 0.5010505874141729, 0,3, 0
0.10031264551320429, 2.4120884356618935, 0.8804177047310777, 0.46990467807290837, 0,0, 0
0.14208740770305328, 2.4321969420833915, 0.8615506866514583, 0.3527920539472863, 0,3, 0
0.10024612519124593, 2.3698764766578164, 0.88033626681359, 0.49804166070324274, 0,1, 0
0.10024612519124593, 2.384929048375107, 0.88033626681359, 0.49713094687943815, 0,1, 0
0.09958092197166234, 2.3845861924826197, 0.8933638062721464, 0.5104879277074453, 0,0, 0
0.1197365795250449, 2.4565494325769515, 0.8639468305718431, 0.4073419540472018, 0,1, 0
0.13430453003392537, 2.3749972551888607, 0.8656661466012391, 0.3425887645035926, 0,4, 0
0.10164305195237144, 2.3963134502576335, 0.9109848536466779, 0.5090725627947276, 0,2, 0
0.10011308454732921, 2.343716243819579, 0.9000794990837345, 0.4053268055237318, 0,5, 0
0.09991352358145414, 2.3652732985577787, 0.9273376082964652, 0.5208916812960112, 0,1, 0
0.10024612519124593, 2.415052342207094, 0.88033626681359, 0.4946843748888909, 0,3, 0
0.09991352358145414, 2.4107196278132137, 0.9273376082964652, 0.524347882137094, 0,4, 0
0.09991352358145414, 2.350672670413989, 0.9273376082964652, 0.5219837097608779, 0,2, 0
0.0996474422936207, 2.47765351279897, 0.9424463317291131, 0.5197538721386983, 0,5, 0
0.09878267810816205, 2.390551208506117, 0.9000015148416551, 0.5135955579573772, 0,5, 0
0.09878267810816205, 2.3872598238606053, 0.9000015148416551, 0.5137488913268051, 0,5, 0
0.09958092197166234, 2.4283181432239833, 0.8933638062721464, 0.5125669422308475, 0,4, 0
0.10024612519124593, 2.4247045215078753, 0.88033626681359, 0.49566055898308714, 0,1, 0
0.0996474422936207, 2.448709981262125, 0.9424463317291131, 0.5191143697114731, 0,3, 0
0.09878267810816205, 2.426356828126303, 0.9000015148416551, 0.5166472563483235, 0,1, 0
0.09878267810816205, 2.4446592940975234, 0.9000015148416551, 0.5142573077039563, 0,2, 0
0.10051220647907935, 2.4364477935240494, 0.8777699163158681, 0.5052145824820967, 0,2, 0
0.09958092197166234, 2.4724897247647633, 0.8933638062721464, 0.5147751387466264, 0,4, 0
0.09991352358145414, 2.490657457943441, 0.9273376082964652, 0.5184020936664496, 0,4, 0
0.0996474422936207, 2.4306697469901746, 0.9424463317291131, 0.5196312508068511, 0,0, 0
0.09991352358145414, 2.3968452448490605, 0.9273376082964652, 0.5222903405614319, 0,3, 0
0.09878267810816205, 2.3885541069192784, 0.9000015148416551, 0.5141380202949325, 0,3, 0
0.09991352358145414, 2.4397883133316345, 0.9273376082964652, 0.5211147143890511, 0,2, 0
0.10111088937670458, 2.3767755560426744, 0.9116167084157132, 0.5128550447116415, 0,4, 0
0.10024612519124593, 2.6596894300579508, 0.88033626681359, 0.49558610874211745, 0,2, 0
0.09904875939599547, 2.4632141034157304, 0.8938837418790088, 0.5059150664054686, 0,2, 0
0.10111088937670458, 2.416980501968355, 0.9116167084157132, 0.515307927010457, 0,4, 0
0.09991352358145414, 2.5513192508650944, 0.9273376082964652, 0.5238552206740458, 0,2, 0
0.10024612519124593, 2.478352092597518, 0.88033626681359, 0.4932032674121377, 0,3, 0
0.10111088937670458, 2.4082600812684243, 0.9116167084157132, 0.5123130007391223, 0,1, 0
0.10051220647907935, 2.344897309669452, 0.8777699163158681, 0.5090444461564606, 0,2, 0
0.09958092197166234, 2.353747274794281, 0.8933638062721464, 0.5131919608206982, 0,0, 0
0.09878267810816205, 2.451931748269347, 0.9000015148416551, 0.5119183438773954, 0,2, 0
0.10024612519124593, 2.4435226659150544, 0.88033626681359, 0.49486206221125384, 0,5, 0
0.09958092197166234, 2.4460436721638845, 0.8933638062721464, 0.512937313053043, 0,6, 0
0.09958092197166234, 2.4497014884343526, 0.8933638062721464, 0.5168107579018324, 0,5, 0
0.09878267810816205, 2.465118014494483, 0.9000015148416551, 0.5119220588503982, 0,4, 0
0.09958092197166234, 2.361086388234725, 0.8933638062721464, 0.5166439029177665, 0,8, 0
0.09878267810816205, 2.4739653432487385, 0.9000015148416551, 0.5118429847642595, 0,3, 0
0.10024612519124593, 2.398484621014351, 0.88033626681359, 0.4925206096481541, 0,4, 0
0.10111088937670458, 2.4067352895353524, 0.9116167084157132, 0.5121842200981225, 0,2, 0
0.10111088937670458, 2.521612335732698, 0.9116167084157132, 0.5157729002316809, 0,2, 0
0.10111088937670458, 2.4370503514491655, 0.9116167084157132, 0.5114281458581101, 0,6, 0
0.09878267810816205, 2.460914934132696, 0.9000015148416551, 0.5120251585534301, 0,4, 0
0.09878267810816205, 2.467235531951586, 0.9000015148416551, 0.5145731076382162, 0,2, 0
0.09991352358145414, 2.5352265251489294, 0.9273376082964652, 0.5225903863862329, 0,2, 0
0.09904875939599547, 2.4861697969755108, 0.8938837418790088, 0.5038275808409453, 0,3, 0
0.09991352358145414, 2.460903990390034, 0.9273376082964652, 0.5214039658275518, 0,3, 0
0.0996474422936207, 2.4086771357886563, 0.9424463317291131, 0.5159868441641551, 0,3, 0
0.10024612519124593, 2.4226178320583562, 0.88033626681359, 0.4958829089509031, 0,2, 0
0.09878267810816205, 2.458695385505726, 0.9000015148416551, 0.5121994592672883, 0,6, 0
0.10017960486928756, 2.5164018347933723, 0.8835487229879121, 0.5055082221921599, 0,4, 0
0.10111088937670458, 2.407551669474967, 0.9116167084157132, 0.5147516966574858, 0,3, 0
0.09878267810816205, 2.469936594954827, 0.9000015148416551, 0.5143796534434029, 0,1, 0
0.10111088937670458, 2.506272159047464, 0.9116167084157132, 0.5109876914856282, 0,3, 0
0.09958092197166234, 2.4437704934162237, 0.8933638062721464, 0.5134948982988113, 0,0, 0
0.09878267810816205, 2.604407476798381, 0.9000015148416551, 0.5135854940967408, 0,4, 0
0.0996474422936207, 2.424635960013299, 0.9424463317291131, 0.5197936808045025, 0,5, 0
0.09904875939599547, 2.3809506960878797, 0.8938837418790088, 0.5049625271453299, 0,2, 0
0.09958092197166234, 2.385010420606021, 0.8933638062721464, 0.5154535326763449, 0,5, 0
0.09904875939599547, 2.487098564646768, 0.8938837418790088, 0.5048994575348724, 0,2, 0
0.09958092197166234, 2.4054186517651637, 0.8933638062721464, 0.5130786189495408, 0,0, 0
0.09878267810816205, 2.7073862582300423, 0.9000015148416551, 0.511923840628955, 0,3, 0
0.0996474422936207, 2.4086816455205664, 0.9424463317291131, 0.5180573797569272, 0,4, 0
0.10111088937670458, 2.3992166801467354, 0.9116167084157132, 0.5162709646978761, 0,3, 0
0.09878267810816205, 2.3812704007163905, 0.9000015148416551, 0.511703374357792, 0,3, 0
0.09904875939599547, 2.4959987205381537, 0.8938837418790088, 0.5034088806063117, 0,3, 0
0.09878267810816205, 2.4049733538181335, 0.9000015148416551, 0.5126527691008473, 0,3, 0
0.09904875939599547, 2.5783987222995806, 0.8938837418790088, 0.5050820712280443, 0,4, 0
0.09904875939599547, 2.419898701270786, 0.8938837418790088, 0.5064403866505619, 0,6, 0
0.09878267810816205, 2.3768568369297576, 0.9000015148416551, 0.512940111279795, 0,3, 0
0.0996474422936207, 2.407076887041479, 0.9424463317291131, 0.5182707917955021, 0,1, 0
0.0996474422936207, 2.37263777314217, 0.9424463317291131, 0.5174338850045248, 0,4, 0
0.09991352358145414, 2.3724408479045507, 0.9273376082964652, 0.5168437373050444, 0,3, 0
0.09878267810816205, 2.408318190495982, 0.9000015148416551, 0.5126904903990422, 0,0, 0
0.10024612519124593, 2.413102924026812, 0.88033626681359, 0.4955224445279437, 0,2, 0
0.0996474422936207, 2.450796103870798, 0.9424463317291131, 0.5155246363077914, 0,2, 0
0.09904875939599547, 2.500192947542486, 0.8938837418790088, 0.5042263797140935, 0,4, 0
0.0996474422936207, 2.3547781310633082, 0.9424463317291131, 0.5200932522736644, 0,2, 0
0.09904875939599547, 2.464984321462603, 0.8938837418790088, 0.504417248859091, 0,2, 0
0.09878267810816205, 2.5099462657554303, 0.9000015148416551, 0.512968120761274, 0,4, 0
0.09878267810816205, 2.5194750349178907, 0.9000015148416551, 0.5157851132885397, 0,3, 0
0.10097784873278787, 2.3523684763063066, 0.8896953824485279, 0.507010409166555, 0,2, 0
0.09991352358145414, 2.4330736534059274, 0.9273376082964652, 0.5232317429845856, 0,2, 0
0.09904875939599547, 2.4834275656115037, 0.8938837418790088, 0.5037478561250436, 0,5, 0
0.09904875939599547, 2.5349649652102224, 0.8938837418790088, 0.505789731847477, 0,2, 0
0.0996474422936207, 2.3609938284502783, 0.9424463317291131, 0.5181141077502169, 0,2, 0
0.0996474422936207, 2.383866073786598, 0.9424463317291131, 0.5188194747529673, 0,5, 0
0.10024612519124593, 2.423294072085208, 0.88033626681359, 0.49447264291161724, 0,5, 0
0.09878267810816205, 2.37369228045336, 0.9000015148416551, 0.5111753273171393, 0,2, 0
0.10111088937670458, 2.382112260240047, 0.9116167084157132, 0.5119303865377842, 0,6, 0
0.10111088937670458, 2.3914659966856613, 0.9116167084157132, 0.5122269711533864, 0,4, 0
0.10111088937670458, 2.439882988987795, 0.9116167084157132, 0.5130142210404816, 0,1, 0
0.10483602740637264, 2.302300703340778, 0.8799971932431429, 0.3187304467056437, 0,0, 0
0.09765183263486996, 2.310454337189141, 0.8967323623361436, 0.4014432113545689, 0,0, 0
0.09958092197166234, 2.3757862568551857, 0.8981348724262422, 0.4825188437482316, 0,3, 0
0.1124193441096255, 2.4019704838518465, 0.88576423748829, 0.410481955736976, 0,1, 0
0.09911527971795384, 2.537631222034955, 0.8937674628092414, 0.503199225719215, 0,1, 0
0.09878267810816205, 2.385651993845098, 0.9000015148416551, 0.5111661161359722, 0,0, 0
0.10024612519124593, 2.3966550349808577, 0.88033626681359, 0.49480630635722117, 0,2, 0
0.0996474422936207, 2.3829390592285793, 0.8934266421053891, 0.4833178381406427, 0,1, 0
0.11268542539745892, 2.3800443551310884, 0.8844587551054947, 0.4320968018360071, 0,4, 0
0.1517993747089736, 2.3377985629557707, 0.8291305780731308, 0.3208560156705971, 0,3, 0
0.10111088937670458, 2.3884225185304584, 0.9116167084157132, 0.5122626591277072, 0,3, 0
0.1378966274196767, 2.3477623296150356, 0.8419614722612572, 0.33969895204210504, 0,1, 0
0.10051220647907935, 2.324453794067272, 0.8799302318975957, 0.4857900976814449, 0,3, 0
0.09904875939599547, 2.4711055004738656, 0.8938837418790088, 0.5054320719963001, 0,3, 0
0.09958092197166234, 2.4221829222735156, 0.8933638062721464, 0.5128551699432002, 0,2, 0
0.1353688551852591, 2.4398088919968135, 0.8558896105258859, 0.34141069807011254, 0,2, 0
0.09878267810816205, 2.3726435681425992, 0.9000015148416551, 0.5131550980860302, 0,1, 0
0.09878267810816205, 2.3238911680267105, 0.9000015148416551, 0.5179034755460523, 0,1, 0
0.09878267810816205, 2.4402516543139625, 0.9000015148416551, 0.5117337283745779, 0,7, 0
0.09991352358145414, 2.4751217855804817, 0.9273376082964652, 0.5228386339052327, 0,1, 0
0.09991352358145414, 2.4135292360488108, 0.9273376082964652, 0.5227867803268395, 0,0, 0
0.09958092197166234, 2.3599714602823307, 0.8933638062721464, 0.5135109286562483, 0,4, 0
0.09958092197166234, 2.415115559639541, 0.8933638062721464, 0.5143959711681007, 0,6, 0
0.09878267810816205, 2.389123075055813, 0.9000015148416551, 0.5149825163655124, 0,7, 0
0.09878267810816205, 2.358821989834479, 0.9000015148416551, 0.5118568424734441, 0,1, 0
0.10024612519124593, 2.3524160276810218, 0.88033626681359, 0.49745233152515744, 0,4, 0
0.09878267810816205, 2.47013729968915, 0.9000015148416551, 0.5140195860895304, 0,3, 0
0.09904875939599547, 2.369307368464442, 0.8938837418790088, 0.5100276234438176, 0,3, 0
0.10111088937670458, 2.3979698823675584, 0.9116167084157132, 0.5125252679872576, 0,2, 0
0.10024612519124593, 2.4733228545571757, 0.88033626681359, 0.495667019990055, 0,4, 0
0.10051220647907935, 2.43022761666544, 0.8777699163158681, 0.5065499304738212, 0,4, 0
0.09958092197166234, 2.5303373634676443, 0.8933638062721464, 0.5158827390360056, 0,3, 0
0.10111088937670458, 2.5142722146474443, 0.9116167084157132, 0.5138045780635111, 0,2, 0
0.10111088937670458, 2.4630162393960346, 0.9116167084157132, 0.5115288024153295, 0,2, 0
0.10024612519124593, 2.548579702681508, 0.88033626681359, 0.49576797702069575, 0,2, 0
0.0996474422936207, 2.3586993252993946, 0.9424463317291131, 0.5194130145870461, 0,2, 0
0.10111088937670458, 2.4372705521717095, 0.9116167084157132, 0.5121393532591176, 0,1, 0
0.10111088937670458, 2.4209588802337394, 0.9116167084157132, 0.5160170014916724, 0,1, 0
0.09878267810816205, 2.4331119375965407, 0.9000015148416551, 0.5152001169940182, 0,4, 0
0.09878267810816205, 2.4165342226084268, 0.9000015148416551, 0.5164956811570913, 0,3, 0
0.0996474422936207, 2.5079401772964154, 0.9424463317291131, 0.5140058156058874, 0,4, 0
0.09904875939599547, 2.399090810267105, 0.8938837418790088, 0.5043836452150663, 0,4, 0
0.09958092197166234, 2.402882280411901, 0.8933638062721464, 0.5126391186320182, 0,3, 0
0.10111088937670458, 2.486997769850025, 0.9116167084157132, 0.5135217377102336, 0,2, 0
0.09878267810816205, 2.3903984437959127, 0.9000015148416551, 0.5105549541109147, 0,1, 0
0.09878267810816205, 2.3979668381018593, 0.9000015148416551, 0.5107743328638736, 0,6, 0
0.09958092197166234, 2.4867907632557382, 0.8933638062721464, 0.5137345419397203, 0,2, 0
0.10024612519124593, 2.379688412789646, 0.88033626681359, 0.4946757785129911, 0,7, 0
0.09991352358145414, 2.4611308956419027, 0.9273376082964652, 0.5209057385936474, 0,3, 0
0.10024612519124593, 2.3855860022293833, 0.88033626681359, 0.49451772095894925, 0,6, 0
0.09958092197166234, 2.500526433432561, 0.8933638062721464, 0.5138372792676777, 0,3, 0
0.09878267810816205, 2.5311551485868584, 0.9000015148416551, 0.5140600897995486, 0,0, 0
0.09904875939599547, 2.6476271494748245, 0.8938837418790088, 0.5039140732696324, 0,2, 0
0.10024612519124593, 2.5664655610820866, 0.88033626681359, 0.49626322432256553, 0,2, 0
0.10024612519124593, 2.592703228113236, 0.88033626681359, 0.4980189134842319, 0,1, 0
0.09904875939599547, 2.4269340802418973, 0.8938837418790088, 0.505423434758305, 0,1, 0
0.09958092197166234, 2.5191461229200636, 0.8933638062721464, 0.5147454149203483, 0,4, 0
0.09878267810816205, 2.4576388373866904, 0.9000015148416551, 0.51348230379526, 0,4, 0
0.10111088937670458, 2.4253562164902966, 0.9116167084157132, 0.5097814373843653, 0,4, 0
0.0996474422936207, 2.482585532432274, 0.9424463317291131, 0.5185515587368407, 0,3, 0
0.09878267810816205, 2.4937268607846232, 0.9000015148416551, 0.5137054840798132, 0,2, 0
0.09991352358145414, 2.452989320582769, 0.9273376082964652, 0.5215718783714275, 0,3, 0
0.09904875939599547, 2.423406298087757, 0.8938837418790088, 0.5067742993407439, 0,1, 0
0.09991352358145414, 2.6270372099579196, 0.9273376082964652, 0.5232844930382232, 0,4, 0
0.09878267810816205, 2.489273135425611, 0.9000015148416551, 0.5127408813467292, 0,2, 0
0.09878267810816205, 2.4879403656085537, 0.9000015148416551, 0.5102907022302083, 0,4, 0
0.09958092197166234, 2.3565787560115243, 0.8933638062721464, 0.5164157846242104, 0,1, 0
0.10111088937670458, 2.3973186560862794, 0.9116167084157132, 0.5138093828390116, 0,5, 0
0.09958092197166234, 2.416606886486946, 0.8933638062721464, 0.5127982169763459, 0,7, 0
0.10024612519124593, 2.462406065715713, 0.88033626681359, 0.492015479435513, 0,2, 0
0.0996474422936207, 2.382825616717156, 0.9424463317291131, 0.5155321638349072, 0,3, 0
0.09958092197166234, 2.5445368786593408, 0.8933638062721464, 0.510198933285136, 0,2, 0
0.09904875939599547, 2.370231408261812, 0.8938837418790088, 0.5018265463806308, 0,3, 0
0.09991352358145414, 2.4880213547092325, 0.9273376082964652, 0.521580044638513, 0,5, 0
0.10024612519124593, 2.4176581494070564, 0.88033626681359, 0.49432440367394936, 0,4, 0
0.0996474422936207, 2.47631150264032, 0.9424463317291131, 0.5220497532539686, 0,3, 0
0.09958092197166234, 2.412218010870432, 0.8933638062721464, 0.5164629036487607, 0,4, 0
0.09958092197166234, 2.488170396716249, 0.8933638062721464, 0.5120681019950106, 0,4, 0
0.09878267810816205, 2.4367659170692777, 0.9000015148416551, 0.5110114082693749, 0,3, 0
0.09958092197166234, 2.487855578613941, 0.8933638062721464, 0.5157458119849102, 0,4, 0
0.10111088937670458, 2.413549778165356, 0.9116167084157132, 0.5126054660896217, 0,2, 0
0.09958092197166234, 2.4331029955993304, 0.8933638062721464, 0.5157494274402025, 0,5, 0
0.0996474422936207, 2.436577876456474, 0.9424463317291131, 0.518339974799613, 0,0, 0
0.10111088937670458, 2.364940692705522, 0.9116167084157132, 0.5149879247707365, 0,4, 0
0.09904875939599547, 2.5950873180086926, 0.8938837418790088, 0.5072719852506732, 0,2, 0
0.10024612519124593, 2.559735253583106, 0.88033626681359, 0.49698941251000156, 0,3, 0
0.10111088937670458, 2.498015429598838, 0.9116167084157132, 0.5147025073890732, 0,1, 0
0.10111088937670458, 2.423600054814939, 0.9116167084157132, 0.5152569944085545, 0,3, 0
0.09958092197166234, 2.3498504977498094, 0.8933638062721464, 0.5161719850929302, 0,2, 0
0.09991352358145414, 2.381674879501103, 0.9273376082964652, 0.52061548694711, 0,2, 0
0.10024612519124593, 2.4798339873915114, 0.88033626681359, 0.4943795998208324, 0,3, 0
0.09991352358145414, 2.3590253066740643, 0.9273376082964652, 0.5215852176347773, 0,6, 0
0.10024612519124593, 2.454214077545229, 0.88033626681359, 0.4971961389636719, 0,2, 0
0.10111088937670458, 2.3647372661486665, 0.9116167084157132, 0.5137475453251272, 0,3, 0
0.09878267810816205, 2.562968390078187, 0.9000015148416551, 0.5150461227925617, 0,4, 0
0.10111088937670458, 2.3649453012035937, 0.9116167084157132, 0.5116472523984096, 0,1, 0
0.10024612519124593, 2.399682911476562, 0.88033626681359, 0.49391347622791637, 0,5, 0
0.10024612519124593, 2.4224063937459284, 0.88033626681359, 0.49545845858590204, 0,3, 0
0.09904875939599547, 2.45231476293498, 0.8938837418790088, 0.5051690495601169, 0,2, 0
0.09904875939599547, 2.469836983829489, 0.8938837418790088, 0.5094775293024495, 0,1, 0
0.10017960486928756, 2.3595544343015944, 0.8835487229879121, 0.5048810037013144, 0,3, 0
0.09239672720015965, 2.3030418414742235, 0.9016928649094144, 0.41746729687200035, 0,0, 0
0.09904875939599547, 2.3393804792760573, 0.8938837418790088, 0.5059542385692262, 0,0, 0
0.09991352358145414, 2.3744031513537394, 0.9422871221559636, 0.5070949379957999, 0,1, 0
0.11993614049091998, 2.3953142555413556, 0.9099873368994577, 0.446545739514016, 0,1, 0
0.09878267810816205, 2.4013138231558373, 0.9000015148416551, 0.5137450560330218, 0,0, 0
0.10024612519124593, 2.4557482122637464, 0.88033626681359, 0.49371765068777557, 0,3, 0
0.09958092197166234, 2.511324168401414, 0.8933638062721464, 0.5167437724291633, 0,1, 0
0.0996474422936207, 2.3704659487445743, 0.9424463317291131, 0.5206088764244973, 0,3, 0
0.10064524712299608, 2.4797815903054814, 0.8923938868056922, 0.4849740631004517, 0,2, 0
0.12286303465708774, 2.375780540185719, 0.8876131810456888, 0.36232732519298977, 0,5, 0
0.0996474422936207, 2.36369094282918, 0.9424463317291131, 0.5176720690131096, 0,1, 0
0.10137697066453802, 2.3360150166632514, 0.9115436079910921, 0.5112675740912129, 0,3, 0
0.10077828776691279, 2.300548423155731, 0.8927443277716381, 0.49872010330454886, 0,6, 0
0.12858378234550655, 2.3923327336330056, 0.8824264244007197, 0.3646422749072836, 0,1, 0
0.10024612519124593, 2.5338736715680277, 0.8930009181403002, 0.49896701263098786, 0,0, 0
0.0996474422936207, 2.458409812749681, 0.9424463317291131, 0.5185003120626535, 0,3, 0
0.1291824652431318, 2.3405252234835685, 0.8660768964024573, 0.3672088507936628, 0,2, 0
0.10111088937670458, 2.5419298575118434, 0.9116167084157132, 0.5116304181839848, 0,1, 0
0.09991352358145414, 2.433941694780285, 0.9273376082964652, 0.5225507379389512, 0,2, 0
0.10151001130845473, 2.39855671626781, 0.9110684036486305, 0.5033631809405161, 0,2, 0
0.1020421738841216, 2.4113088315938245, 0.911014562603387, 0.49172521184376194, 0,4, 0
0.10051220647907935, 2.3414227433811443, 0.8777699163158681, 0.5073429438308448, 0,6, 0
0.09878267810816205, 2.347711777874217, 0.9000015148416551, 0.5151267679282031, 0,2, 0
0.09904875939599547, 2.463270116144174, 0.8938837418790088, 0.5059874588247115, 0,2, 0
0.09991352358145414, 2.470836994375669, 0.9273376082964652, 0.5218039955064417, 0,3, 0
0.09878267810816205, 2.4464390270567096, 0.9000015148416551, 0.5134786965582123, 0,7, 0
0.09878267810816205, 2.3550969681910776, 0.9000015148416551, 0.5150178948409859, 0,3, 0
0.09991352358145414, 2.407337141807768, 0.9273376082964652, 0.5230196447029115, 0,11, 0
0.10111088937670458, 2.3886496081193953, 0.9116167084157132, 0.5163803059975873, 0,6, 0
0.10051220647907935, 2.385944985379115, 0.8777699163158681, 0.5071656008816825, 0,2, 0
0.10111088937670458, 2.4211321055972395, 0.9116167084157132, 0.5138971798719715, 0,4, 0
0.09878267810816205, 2.449115562270852, 0.9000015148416551, 0.5123514118630618, 0,1, 0
0.09991352358145414, 2.523718019417721, 0.9273376082964652, 0.5203927083530541, 0,4, 0
0.09991352358145414, 2.4784203475958364, 0.9273376082964652, 0.5245571428767822, 0,3, 0
0.09991352358145414, 2.5267296829187473, 0.9273376082964652, 0.5219253753576243, 0,3, 0
0.09958092197166234, 2.4369824793590467, 0.8933638062721464, 0.5143420250171186, 0,1, 0
0.09904875939599547, 2.4672419843674973, 0.8938837418790088, 0.5085248180608926, 0,2, 0
0.09904875939599547, 2.401016160525589, 0.8938837418790088, 0.5038189692395831, 0,5, 0
0.09991352358145414, 2.570586667861449, 0.9273376082964652, 0.521583414437356, 0,4, 0
0.0996474422936207, 2.395063430600194, 0.9424463317291131, 0.5198369903313419, 0,3, 0
0.10111088937670458, 2.455850825880385, 0.9116167084157132, 0.5135722415704054, 0,3, 0
0.10017960486928756, 2.369810452997617, 0.8835487229879121, 0.5046609501163404, 0,5, 0
0.09958092197166234, 2.4094082889526436, 0.8933638062721464, 0.5144564902934112, 0,4, 0
0.09958092197166234, 2.4231978613388385, 0.8933638062721464, 0.515663185052168, 0,2, 0
0.09878267810816205, 2.496756593196016, 0.9000015148416551, 0.5085245433591397, 0,4, 0
0.09958092197166234, 2.3799917276118285, 0.8933638062721464, 0.5144503121003511, 0,5, 0
0.09878267810816205, 2.4379611261541365, 0.9000015148416551, 0.5123380022295572, 0,7, 0
0.09991352358145414, 2.3650082348587746, 0.9273376082964652, 0.5208310076074733, 0,3, 0
0.0996474422936207, 2.4525903415784605, 0.9424463317291131, 0.5184599803290965, 0,4, 0
0.09991352358145414, 2.3899992776553027, 0.9273376082964652, 0.5195417512616008, 0,4, 0
0.10111088937670458, 2.3725019205768754, 0.9116167084157132, 0.5116832657959006, 0,1, 0
0.09878267810816205, 2.4601001783512566, 0.9000015148416551, 0.5133495893117754, 0,2, 0
0.09878267810816205, 2.470523436079163, 0.9000015148416551, 0.5176723656246743, 0,2, 0
0.09904875939599547, 2.5190931884208254, 0.8938837418790088, 0.5043676051605902, 0,2, 0
0.09878267810816205, 2.427743529168018, 0.9000015148416551, 0.515989821367013, 0,2, 0
0.09878267810816205, 2.4643582047114374, 0.9000015148416551, 0.5117923729705174, 0,4, 0
0.09904875939599547, 2.46211078755673, 0.8938837418790088, 0.5069159111238543, 0,7, 0
0.0996474422936207, 2.386760191234502, 0.9424463317291131, 0.5163431064501857, 0,5, 0
0.09991352358145414, 2.5176759315553654, 0.9273376082964652, 0.519792017836555, 0,1, 0
0.09904875939599547, 2.387543854453024, 0.8938837418790088, 0.5041845984527377, 0,4, 0
0.09904875939599547, 2.4704087757504425, 0.8938837418790088, 0.5054606167401976, 0,4, 0
0.09958092197166234, 2.5813419991946938, 0.8933638062721464, 0.5148275177834493, 0,7, 0
0.09904875939599547, 2.3819843826596547, 0.8938837418790088, 0.5068163744816065, 0,1, 0
0.09904875939599547, 2.4381761520373435, 0.8938837418790088, 0.5087947034146354, 0,2, 0
0.10051220647907935, 2.3680063932469957, 0.8777699163158681, 0.5045622214276768, 0,1, 0
0.09958092197166234, 2.42069538808635, 0.8933638062721464, 0.5131218439937648, 0,2, 0
0.09958092197166234, 2.424511585162324, 0.8933638062721464, 0.5128706951431142, 0,1, 0
0.09878267810816205, 2.456794848883294, 0.9000015148416551, 0.5099985852505299, 0,3, 0
0.09878267810816205, 2.3925654927485085, 0.9000015148416551, 0.5154063289916457, 0,1, 0
0.09878267810816205, 2.4581782985398104, 0.9000015148416551, 0.515136238997128, 0,2, 0
0.09991352358145414, 2.603422233843164, 0.9273376082964652, 0.5229299891069294, 0,4, 0
0.10024612519124593, 2.475203905817373, 0.88033626681359, 0.5000407283142235, 0,6, 0
0.09904875939599547, 2.594413210284184, 0.8938837418790088, 0.5059601515837227, 0,0, 0
0.10111088937670458, 2.511093205323375, 0.9116167084157132, 0.511860237796419, 0,4, 0
0.09878267810816205, 2.39852825643567, 0.9000015148416551, 0.5104720544681208, 0,3, 0
0.09878267810816205, 2.4860610255682483, 0.9000015148416551, 0.5154383114013583, 0,4, 0
0.09958092197166234, 2.376891335549409, 0.8933638062721464, 0.5163072994751086, 0,4, 0
0.09878267810816205, 2.4207197435520875, 0.9000015148416551, 0.5143851433017372, 0,1, 0
0.10024612519124593, 2.517005062337995, 0.88033626681359, 0.49731655160009025, 0,5, 0
0.09878267810816205, 2.3868424648027857, 0.9000015148416551, 0.5121756739388458, 0,5, 0
0.09904875939599547, 2.5549444942062647, 0.8938837418790088, 0.5041022638862004, 0,7, 0
0.09878267810816205, 2.5399519553134073, 0.9000015148416551, 0.5121586912703789, 0,6, 0
0.0996474422936207, 2.3815796161248266, 0.9424463317291131, 0.5187692352747341, 0,2, 0
0.10024612519124593, 2.3243286836284494, 0.88033626681359, 0.4927954307462991, 0,3, 0
0.09991352358145414, 2.3978951891794624, 0.9273376082964652, 0.522494102244768, 0,0, 0
0.09991352358145414, 2.3917818024337216, 0.9273376082964652, 0.5225170910999042, 0,3, 0
0.10024612519124593, 2.3603165162772957, 0.88033626681359, 0.4947558511873872, 0,4, 0
0.09878267810816205, 2.3730708432278456, 0.9000015148416551, 0.5134810725204599, 0,3, 0
0.09904875939599547, 2.550266224776708, 0.8938837418790088, 0.5074042036851973, 0,0, 0
0.09878267810816205, 2.425920378041348, 0.9000015148416551, 0.5141034576286889, 0,7, 0
0.10111088937670458, 2.462099386294001, 0.9116167084157132, 0.5134140793308841, 0,2, 0
0.09878267810816205, 2.5709856859757294, 0.9000015148416551, 0.5145839025633638, 0,4, 0
0.09878267810816205, 2.4678427465009745, 0.9000015148416551, 0.5130756671135802, 0,1, 0
0.09878267810816205, 2.4662740932033977, 0.9000015148416551, 0.5156392717389441, 0,3, 0
0.09878267810816205, 2.4066716714477234, 0.9000015148416551, 0.5111295772938211, 0,5, 0
0.09878267810816205, 2.3660449521600118, 0.9000015148416551, 0.5130516401722754, 0,3, 0
0.10111088937670458, 2.462727876470164, 0.9116167084157132, 0.5166616862549456, 0,2, 0
0.10024612519124593, 2.3754848943438303, 0.88033626681359, 0.4952335388064538, 0,4, 0
0.09991352358145414, 2.420294277533033, 0.9273376082964652, 0.5215617414965548, 0,2, 0
0.0996474422936207, 2.532826862490313, 0.9424463317291131, 0.5164765849698099, 0,3, 0
0.09958092197166234, 2.519657962195199, 0.8933638062721464, 0.5172553541262448, 0,3, 0
0.06758464710969202, 2.303689280582713, 0.9313862123644965, 0.22981331435282107, 0,0, 0
0.09904875939599547, 2.3167551840199354, 0.8938837418790088, 0.5072239457810711, 0,1, 0
0.12126654693008714, 2.315102912903403, 0.8759617591096424, 0.3305733491212963, 0,2, 0
0.10024612519124593, 2.42972089967066, 0.88033626681359, 0.49456145788835576, 0,1, 0
0.10111088937670458, 2.4585088952560032, 0.9116167084157132, 0.50822338752094, 0,1, 0
0.09904875939599547, 2.3856474683486653, 0.8938837418790088, 0.5032731933234708, 0,3, 0
0.09904875939599547, 2.3717347911785107, 0.8938837418790088, 0.5030317446557256, 0,2, 0
0.09904875939599547, 2.45453958458064, 0.8938837418790088, 0.5048353515596355, 0,10, 0
0.10563427126987295, 2.3178999368313233, 0.8737663606636089, 0.4631241895576359, 0,4, 0
0.13004722942859043, 2.3867279653229465, 0.8702361506280176, 0.3010705234563262, 0,2, 0
0.0991818000399122, 2.3611634145245803, 0.8937717509287826, 0.5032668436449426, 0,4, 0
0.09958092197166234, 2.38076947075255, 0.8933638062721464, 0.5174651561791648, 0,9, 0
0.09878267810816205, 2.52579772602431, 0.9000015148416551, 0.5121446021937204, 0,3, 0
0.09878267810816205, 2.4375387158276816, 0.9000015148416551, 0.5135213742886975, 0,5, 0
0.0996474422936207, 2.3695301796666306, 0.9424463317291131, 0.5184824593312249, 0,3, 0
0.10111088937670458, 2.4308777791665697, 0.9116167084157132, 0.5102087421657356, 0,2, 0
0.10051220647907935, 2.3802846844527945, 0.8777699163158681, 0.5087673010405225, 0,2, 0
0.09878267810816205, 2.390392033939454, 0.9000015148416551, 0.5138600367021957, 0,3, 0
0.10097784873278787, 2.409359690418724, 0.8896953824485279, 0.5036965008129733, 0,3, 0
0.09958092197166234, 2.5736408157674706, 0.8933638062721464, 0.5140721504518784, 0,3, 0
0.10024612519124593, 2.355276176222608, 0.88033626681359, 0.49319083233077976, 0,2, 0
0.09904875939599547, 2.527663004895547, 0.8938837418790088, 0.5062038300034077, 0,2, 0
0.09958092197166234, 2.408630353782909, 0.8933638062721464, 0.5169306396550595, 0,1, 0
0.10051220647907935, 2.4399745348390685, 0.8777699163158681, 0.5043236322461877, 0,1, 0
0.09878267810816205, 2.433387586466687, 0.9000015148416551, 0.5168791658321734, 0,6, 0
0.09991352358145414, 2.415862541573653, 0.9273376082964652, 0.5249437487442227, 0,0, 0
0.10017960486928756, 2.4392978836341364, 0.8835487229879121, 0.5071484770383512, 0,2, 0
0.09904875939599547, 2.3812641126305603, 0.8938837418790088, 0.5068003560195788, 0,4, 0
0.10097784873278787, 2.368400225134688, 0.8896953824485279, 0.505500184568714, 0,7, 0
0.10024612519124593, 2.4057721093387205, 0.88033626681359, 0.4946669511823471, 0,0, 0
0.09878267810816205, 2.3573245786188415, 0.9000015148416551, 0.512819630778147, 0,5, 0
0.09878267810816205, 2.464702879090767, 0.9000015148416551, 0.516261019906732, 0,3, 0
0.09878267810816205, 2.459957130272644, 0.9000015148416551, 0.5110626893850274, 0,3, 0
0.09958092197166234, 2.6836268706433684, 0.8933638062721464, 0.5150523777428299, 0,4, 0
0.09958092197166234, 2.540529382440578, 0.8933638062721464, 0.5143168852501452, 0,5, 0
0.09958092197166234, 2.4545554590266456, 0.8933638062721464, 0.5131729868128777, 0,3, 0
0.09958092197166234, 2.626057170333956, 0.8933638062721464, 0.5160284239243574, 0,6, 0
0.10017960486928756, 2.368857167259246, 0.8835487229879121, 0.508232193945301, 0,4, 0
0.09878267810816205, 2.3535234264562064, 0.9000015148416551, 0.513876585657195, 0,2, 0
0.09958092197166234, 2.727960014631908, 0.8933638062721464, 0.514465860840074, 0,3, 0
0.09878267810816205, 2.4042047336097885, 0.9000015148416551, 0.5138555990791346, 0,4, 0
0.09991352358145414, 2.4135278040465264, 0.9273376082964652, 0.5222833659321444, 0,2, 0
0.09991352358145414, 2.432270196861892, 0.9273376082964652, 0.5224920517556363, 0,3, 0
0.10024612519124593, 2.439581920388041, 0.88033626681359, 0.49401421726945927, 0,3, 0
0.09878267810816205, 2.394727653422407, 0.9000015148416551, 0.5157731500978082, 0,2, 0
0.10111088937670458, 2.445657463517167, 0.9116167084157132, 0.5104267451724572, 0,3, 0
0.09904875939599547, 2.6633984648934748, 0.8938837418790088, 0.5068549797332391, 0,4, 0
0.09991352358145414, 2.5790469716157154, 0.9273376082964652, 0.5216813111621006, 0,3, 0
0.09878267810816205, 2.4574074582299303, 0.9000015148416551, 0.5133958978862964, 0,3, 0
0.09991352358145414, 2.4624842051331144, 0.9273376082964652, 0.5216499070041843, 0,2, 0
0.10111088937670458, 2.3792936983345148, 0.9116167084157132, 0.5098485195988011, 0,4, 0
0.09878267810816205, 2.425640843850778, 0.9000015148416551, 0.5102678608056356, 0,0, 0
0.10111088937670458, 2.4221375683765007, 0.9116167084157132, 0.5135696050551395, 0,6, 0
0.09904875939599547, 2.428745849414999, 0.8938837418790088, 0.5059417569882322, 0,1, 0
0.09904875939599547, 2.6113733605203584, 0.8938837418790088, 0.5062105777486721, 0,2, 0
0.10024612519124593, 2.500647410949626, 0.88033626681359, 0.49641389354392756, 0,4, 0
0.10024612519124593, 2.3822434226695646, 0.88033626681359, 0.49372220875654454, 0,0, 0
0.09904875939599547, 2.4853534391363614, 0.8938837418790088, 0.5038024009572802, 0,3, 0
0.09904875939599547, 2.522964693991984, 0.8938837418790088, 0.5041527570170856, 0,4, 0
0.09958092197166234, 2.4734967852244636, 0.8933638062721464, 0.5138648371046168, 0,2, 0
0.10111088937670458, 2.6112886331740044, 0.9116167084157132, 0.512453747815336, 0,4, 0
0.09904875939599547, 2.548994304375251, 0.8938837418790088, 0.5100371962005407, 0,3, 0
0.09958092197166234, 2.4165568120511463, 0.8933638062721464, 0.514126790070477, 0,3, 0
0.09958092197166234, 2.419144331223394, 0.8933638062721464, 0.5143487148404835, 0,1, 0
0.09958092197166234, 2.4326113600427344, 0.8933638062721464, 0.5129215115112659, 0,2, 0
0.10051220647907935, 2.3478891555320747, 0.8777699163158681, 0.5068941685467987, 0,4, 0
0.09878267810816205, 2.4139051798740754, 0.9000015148416551, 0.5148866191072957, 0,2, 0
0.09904875939599547, 2.395789601556525, 0.8938837418790088, 0.5057993411775478, 0,2, 0
0.10111088937670458, 2.40773120217002, 0.9116167084157132, 0.5122536467490147, 0,3, 0
0.09904875939599547, 2.4490426726059895, 0.8938837418790088, 0.5071429298998783, 0,4, 0
0.09878267810816205, 2.423135594115368, 0.9000015148416551, 0.5150204734125302, 0,4, 0
0.09958092197166234, 2.597512691025565, 0.8933638062721464, 0.5157033832717471, 0,5, 0
0.10111088937670458, 2.3906910443650125, 0.9116167084157132, 0.5126460435574282, 0,3, 0
0.09904875939599547, 2.491785964121768, 0.8938837418790088, 0.5049801540654364, 0,3, 0
0.10024612519124593, 2.6931033475443584, 0.88033626681359, 0.4952299453378, 0,3, 0
0.09878267810816205, 2.456975901141928, 0.9000015148416551, 0.5108208392049636, 0,3, 0
0.09904875939599547, 2.506987135321336, 0.8938837418790088, 0.5053608408016108, 0,3, 0
0.09904875939599547, 2.5318529307465587, 0.8938837418790088, 0.5049240363386126, 0,3, 0
0.09958092197166234, 2.3705267546967197, 0.8933638062721464, 0.5156412976441589, 0,3, 0
0.09904875939599547, 2.4173784206975033, 0.8938837418790088, 0.5046523882063435, 0,4, 0
0.09878267810816205, 2.4215808941251717, 0.9000015148416551, 0.5149837634597104, 0,2, 0
0.09878267810816205, 2.431708869776754, 0.9000015148416551, 0.5127515046048363, 0,2, 0
0.09904875939599547, 2.369705031852732, 0.8938837418790088, 0.5040517792562546, 0,3, 0
0.13317368456063328, 2.3941556160570356, 0.8888486403131215, 0.4039798364625049, 0,2, 0
0.09991352358145414, 2.3898648735942905, 0.9273376082964652, 0.519329715701092, 0,4, 0
0.09991352358145414, 2.466378959806619, 0.9273376082964652, 0.5194791692127325, 0,3, 0
0.09878267810816205, 2.434730708317581, 0.9000015148416551, 0.5152118795467345, 0,4, 0
0.09904875939599547, 2.4377784406180107, 0.8938837418790088, 0.5038715505499154, 0,4, 0
0.09991352358145414, 2.3375436571760426, 0.9273376082964652, 0.5212622862975441, 0,2, 0
0.10024612519124593, 2.3507225130922755, 0.88033626681359, 0.49233480485710557, 0,2, 0
0.10111088937670458, 2.463391272637735, 0.9116167084157132, 0.5131051490339062, 0,2, 0
0.10111088937670458, 2.4651910524870084, 0.9116167084157132, 0.511363971122676, 0,2, 0
0.09904875939599547, 2.4433026712335515, 0.8938837418790088, 0.5054324487158356, 0,2, 0
0.09878267810816205, 2.403079631727771, 0.9000015148416551, 0.5144802570379708, 0,2, 0
0.09958092197166234, 2.4376209692541715, 0.8933638062721464, 0.5157930646690408, 0,3, 0
0.09878267810816205, 2.4589085313744596, 0.9000015148416551, 0.5156104791587736, 0,3, 0
0.10024612519124593, 2.5298501042035704, 0.88033626681359, 0.4943204827020816, 0,4, 0
0.09904875939599547, 2.5034310874416863, 0.8938837418790088, 0.5076651945631117, 0,3, 0
0.09878267810816205, 2.386548299470015, 0.9000015148416551, 0.5141747350156574, 0,4, 0
0.09878267810816205, 2.440229158237183, 0.9000015148416551, 0.5130484072187128, 0,2, 0
0.09878267810816205, 2.461624204434456, 0.9000015148416551, 0.5148399777996171, 0,1, 0
0.09731923102507817, 2.303051444336396, 0.8869208246318664, 0.355616928452958, 0,0, 0
0.10097784873278787, 2.307254619911776, 0.8896953824485279, 0.5078240720575944, 0,0, 0
0.09904875939599547, 2.3492707577102525, 0.8938837418790088, 0.5064837641567765, 0,3, 0
0.09904875939599547, 2.3349187271106366, 0.8938837418790088, 0.5083827602033969, 0,3, 0
0.09904875939599547, 2.337544770961765, 0.8938837418790088, 0.5053193481900056, 0,1, 0
0.10170957227432981, 2.353032083304542, 0.8939241840107667, 0.41241554937126407, 0,8, 0
0.09878267810816205, 2.3693315524711727, 0.9000015148416551, 0.5121174248635465, 0,1, 0
0.10024612519124593, 2.3808972248494693, 0.88033626681359, 0.49303324126019255, 0,6, 0
0.09878267810816205, 2.427444934519847, 0.9000015148416551, 0.5115869999658592, 0,3, 0
0.10024612519124593, 2.3639451428134706, 0.88033626681359, 0.4952111489212046, 0,2, 0
0.09991352358145414, 2.42316169646942, 0.9273376082964652, 0.5193818573340008, 0,4, 0
0.10024612519124593, 2.34785500769684, 0.88033626681359, 0.49533778654636157, 0,4, 0
0.10024612519124593, 2.487517540797275, 0.88033626681359, 0.49666234680105137, 0,4, 0
0.09904875939599547, 2.47490369831898, 0.8938837418790088, 0.5059375617268314, 0,5, 0
0.09878267810816205, 2.3957891906163398, 0.9000015148416551, 0.5192123169797974, 0,1, 0
0.10024612519124593, 2.488013416407772, 0.88033626681359, 0.4958534754093872, 0,4, 0
0.09904875939599547, 2.4378540819057455, 0.8938837418790088, 0.5070187757319533, 0,1, 0
0.09958092197166234, 2.4831833736249282, 0.8933638062721464, 0.5141329249037738, 0,3, 0
0.0996474422936207, 2.342080406075917, 0.9424463317291131, 0.5189088310760659, 0,4, 0
0.10024612519124593, 2.392738480462624, 0.88033626681359, 0.4931632390069944, 0,1, 0
0.10111088937670458, 2.4529797453560898, 0.9116167084157132, 0.5136268030577219, 0,6, 0
0.09878267810816205, 2.457669688327373, 0.9000015148416551, 0.5154123654937046, 0,1, 0
0.10111088937670458, 2.3639117539273933, 0.9116167084157132, 0.5128856479039341, 0,4, 0
0.09878267810816205, 2.351774546206057, 0.9000015148416551, 0.5123302487191703, 0,4, 0
0.10024612519124593, 2.4001566282981077, 0.88033626681359, 0.4944861893863311, 0,5, 0
0.09991352358145414, 2.386769100473541, 0.9273376082964652, 0.5215605701509312, 0,1, 0
0.09904875939599547, 2.384814692147833, 0.8938837418790088, 0.5034729460761429, 0,3, 0
0.09958092197166234, 2.4349369787689312, 0.8933638062721464, 0.5143491061661857, 0,6, 0
0.09878267810816205, 2.418823730308821, 0.9000015148416551, 0.5187489417601561, 0,3, 0
0.09904875939599547, 2.4695197923497623, 0.8938837418790088, 0.5043472432920147, 0,4, 0
0.10024612519124593, 2.574260872019223, 0.88033626681359, 0.49709061213855565, 0,2, 0
0.10111088937670458, 2.495880481734181, 0.9116167084157132, 0.5123451423464825, 0,2, 0
0.09878267810816205, 2.35936893388626, 0.9000015148416551, 0.5097644433749633, 0,4, 0
0.09878267810816205, 2.400283332484168, 0.9000015148416551, 0.5140301654708622, 0,4, 0
0.09878267810816205, 2.463863387084377, 0.9000015148416551, 0.517094136578151, 0,2, 0
0.10017960486928756, 2.372302493641161, 0.8835487229879121, 0.5062179438840821, 0,2, 0
0.09878267810816205, 2.4638003046098826, 0.9000015148416551, 0.5116563321098524, 0,5, 0
0.09878267810816205, 2.3948658836155143, 0.9000015148416551, 0.5126711629970605, 0,3, 0
0.10111088937670458, 2.3914051616151424, 0.9116167084157132, 0.5115379867300508, 0,2, 0
0.10097784873278787, 2.3841299849071005, 0.8896953824485279, 0.5052757424632063, 0,3, 0
0.09878267810816205, 2.465551083121068, 0.9000015148416551, 0.517336590795503, 0,4, 0
0.09878267810816205, 2.498621894619719, 0.9000015148416551, 0.5116444794633023, 0,2, 0
0.10111088937670458, 2.460180209939576, 0.9116167084157132, 0.512616072687579, 0,4, 0
0.09904875939599547, 2.5877966005819757, 0.8938837418790088, 0.5065933352753753, 0,1, 0
0.09904875939599547, 2.472279613780728, 0.8938837418790088, 0.5054017965957286, 0,1, 0
0.10111088937670458, 2.363254794649106, 0.9116167084157132, 0.5113191374133019, 0,5, 0
0.09958092197166234, 2.3477445493032776, 0.8933638062721464, 0.5139546391357473, 0,5, 0
0.09958092197166234, 2.4133079506827078, 0.8933638062721464, 0.5148469277326303, 0,5, 0
0.0996474422936207, 2.3859423769136505, 0.9424463317291131, 0.5161959243916125, 0,4, 0
0.09904875939599547, 2.539648329879379, 0.8938837418790088, 0.5055710296044201, 0,2, 0
0.10017960486928756, 2.4258721784497657, 0.8835487229879121, 0.5060119990879562, 0,3, 0
0.09958092197166234, 2.4848523385857963, 0.8933638062721464, 0.5162879237555109, 0,6, 0
0.09904875939599547, 2.5769624576623795, 0.8938837418790088, 0.5072049375706762, 0,1, 0
0.09991352358145414, 2.567276146409834, 0.9273376082964652, 0.5212555059174442, 0,2, 0
0.09878267810816205, 2.6511602463506856, 0.9000015148416551, 0.5149855462353533, 0,6, 0
0.09878267810816205, 2.453414733582911, 0.9000015148416551, 0.5137639416949459, 0,2, 0
0.09958092197166234, 2.4046071658137316, 0.8933638062721464, 0.5153823823380413, 0,3, 0
0.09878267810816205, 2.4470442781062656, 0.9000015148416551, 0.5097919810821118, 0,6, 0
0.09958092197166234, 2.4309901024365406, 0.8933638062721464, 0.5130999914893815, 0,1, 0
0.09904875939599547, 2.5459938808598617, 0.8938837418790088, 0.5047315982475342, 0,1, 0
0.09904875939599547, 2.4637798567949982, 0.8938837418790088, 0.5051537490936902, 0,2, 0
0.09878267810816205, 2.3766583143923325, 0.9000015148416551, 0.5122912923872258, 0,4, 0
0.10024612519124593, 2.4586103115381217, 0.88033626681359, 0.4956702040373455, 0,2, 0
0.10111088937670458, 2.509219660791009, 0.9116167084157132, 0.5124516826487454, 0,4, 0
0.0996474422936207, 2.3875130091345986, 0.9424463317291131, 0.5190419095898584, 0,4, 0
0.09991352358145414, 2.44311520904709, 0.9273376082964652, 0.5184208209601014, 0,1, 0
0.09991352358145414, 2.4824104510499976, 0.9273376082964652, 0.5204227322465317, 0,3, 0
0.09958092197166234, 2.4550568905370262, 0.8933638062721464, 0.5143773634921183, 0,1, 0
0.10024612519124593, 2.5281399358320416, 0.88033626681359, 0.492339407351834, 0,3, 0
0.10024612519124593, 2.3870084392392434, 0.88033626681359, 0.49337361896296344, 0,4, 0
0.10097784873278787, 2.430778815330308, 0.8896953824485279, 0.5015283492996738, 0,1, 0
0.09991352358145414, 2.3999847039755795, 0.9273376082964652, 0.5234325824310201, 0,4, 0
0.10024612519124593, 2.413241751099001, 0.88033626681359, 0.4947978622682945, 0,4, 0
0.0996474422936207, 2.4654298465281896, 0.9424463317291131, 0.5178586857864957, 0,2, 0
0.0996474422936207, 2.521069705077911, 0.9424463317291131, 0.5172578216410717, 0,6, 0
0.09878267810816205, 2.3676273389180755, 0.9000015148416551, 0.5123464317240981, 0,1, 0
0.09958092197166234, 2.3823157173188583, 0.8933638062721464, 0.5161742411597832, 0,3, 0
0.09991352358145414, 2.37890679626291, 0.9273376082964652, 0.5242366265384728, 0,0, 0
0.09991352358145414, 2.6839119945545917, 0.9273376082964652, 0.5202411923393377, 0,3, 0
0.09904875939599547, 2.5825461639517724, 0.8938837418790088, 0.5052786818963315, 0,4, 0
0.09904875939599547, 2.5301976533244726, 0.8938837418790088, 0.5038508196719047, 0,1, 0
0.09958092197166234, 2.470014160132841, 0.8933638062721464, 0.5120930820182291, 0,5, 0
0.09958092197166234, 2.4444587721222297, 0.8933638062721464, 0.5138110309512892, 0,2, 0
0.10024612519124593, 2.4676009188914483, 0.88033626681359, 0.4957500518117622, 0,2, 0
0.09958092197166234, 2.417566369918897, 0.8933638062721464, 0.5142442490680142, 0,1, 0
0.10051220647907935, 2.439942623298103, 0.8777699163158681, 0.5098292703371349, 0,4, 0
0.0996474422936207, 2.4451659370355245, 0.9424463317291131, 0.519010320687264, 0,2, 0
0.09991352358145414, 2.4541923157082244, 0.9273376082964652, 0.5200836911936821, 0,2, 0
0.09904875939599547, 2.535184817820706, 0.8938837418790088, 0.5050792810405458, 0,5, 0
0.09878267810816205, 2.4616011672967417, 0.9000015148416551, 0.5151970537710135, 0,2, 0
0.09958092197166234, 2.3585348989263646, 0.8933638062721464, 0.5119812462533654, 0,1, 0
0.09991352358145414, 2.4905271778434668, 0.9273376082964652, 0.5211342063457242, 0,7, 0
0.09991352358145414, 2.539937080495143, 0.9273376082964652, 0.5203973610839973, 0,2, 0
0.09878267810816205, 2.4309992505382305, 0.9000015148416551, 0.5161102954996113, 0,2, 0
0.09904875939599547, 2.386838038587954, 0.8938837418790088, 0.5010756908185804, 0,3, 0
0.09878267810816205, 2.4840684170447953, 0.9000015148416551, 0.5146198387046047, 0,2, 0
0.10097784873278787, 2.370158339977296, 0.8896953824485279, 0.5075196838323829, 0,2, 0
0.10024612519124593, 2.4650660734614998, 0.88033626681359, 0.49392495576725354, 0,2, 0
0.10111088937670458, 2.391178871488917, 0.9116167084157132, 0.5139148965080766, 0,4, 0
0.09958092197166234, 2.3926724740815466, 0.8933638062721464, 0.5163239688236891, 0,1, 0
0.09878267810816205, 2.4374420586075125, 0.9000015148416551, 0.5142671826218809, 0,4, 0
0.10350562096720548, 2.302226446365268, 0.9217100347689013, 0.416767540831729, 0,0, 0
0.12545732721346373, 2.3022153490929678, 0.8605329370510578, 0.33495314020243105, 0,1, 0
0.09991352358145414, 2.340137475345581, 0.9273376082964652, 0.5245763894923156, 0,1, 0
0.09878267810816205, 2.3164030287561244, 0.9000015148416551, 0.5137877306662861, 0,3, 0
0.10097784873278787, 2.4389900058390954, 0.9397502366437359, 0.4848932854317604, 0,2, 0
0.0996474422936207, 2.428752475494413, 0.9424463317291131, 0.517792371440408, 0,1, 0
0.12545732721346373, 2.4196003386893925, 0.9021386017124773, 0.3963353286552379, 0,3, 0
0.09991352358145414, 2.4403775654208326, 0.9273376082964652, 0.5208085755237232, 0,4, 0
0.09991352358145414, 2.4071747491612356, 0.9273376082964652, 0.5219799414023434, 0,2, 0
0.16091265881726868, 2.3259028862917215, 0.840552663355823, 0.2588356382891353, 0,4, 0
0.12073438435442027, 2.3138636722937718, 0.8804460453019769, 0.3953968482979127, 0,3, 0
0.12552384753542206, 2.3236514655826714, 0.8484855161158724, 0.3693186116173372, 0,2, 0
0.14933812279651434, 2.4071956265990084, 0.8283067886630573, 0.322442828957268, 0,2, 0
0.10111088937670458, 2.389035486020403, 0.9116167084157132, 0.5123744316106587, 0,2, 0
0.10117740969866294, 2.3696638224946915, 0.9115385227125276, 0.5144670560238296, 0,4, 0
0.10024612519124593, 2.37075689084308, 0.88033626681359, 0.4935931889894947, 0,4, 0
0.11787401051021087, 2.3951815473559943, 0.8703733000706123, 0.33748171535612037, 0,2, 0
0.09904875939599547, 2.42685154410867, 0.8938837418790088, 0.5051661070714334, 0,2, 0
0.10097784873278787, 2.386711934048489, 0.9255622046446323, 0.49096599114392814, 0,2, 0
0.12179870950575401, 2.3660824361980173, 0.8695326604223826, 0.35937081086002165, 0,6, 0
0.09878267810816205, 2.3439685156869845, 0.9000015148416551, 0.513281736970828, 0,3, 0
0.10024612519124593, 2.4111430623023358, 0.88033626681359, 0.4974611992248056, 0,5, 0
0.10111088937670458, 2.5068194710517653, 0.9116167084157132, 0.5116205348896616, 0,3, 0
0.10111088937670458, 2.475773626606772, 0.9116167084157132, 0.515446997595491, 0,2, 0
0.09904875939599547, 2.482673299040598, 0.8938837418790088, 0.5068829140684196, 0,2, 0
0.09904875939599547, 2.6502128696121283, 0.8938837418790088, 0.5058666974920625, 0,1, 0
0.09878267810816205, 2.41541612142734, 0.9000015148416551, 0.5118686483021692, 0,3, 0
0.10051220647907935, 2.3812667675490293, 0.8777699163158681, 0.5070558199635257, 0,2, 0
0.09878267810816205, 2.3565548486214136, 0.9000015148416551, 0.5118496995214178, 0,5, 0
0.0996474422936207, 2.409550400112692, 0.9424463317291131, 0.5171266195323828, 0,2, 0
0.10024612519124593, 2.4505594211892516, 0.88033626681359, 0.49333278621339427, 0,5, 0
0.10111088937670458, 2.38900980684228, 0.9116167084157132, 0.5117197660017939, 0,2, 0
0.09904875939599547, 2.40730498257031, 0.8938837418790088, 0.5080755059563421, 0,1, 0
0.09991352358145414, 2.3980482531618406, 0.9273376082964652, 0.517656372507469, 0,3, 0
0.09904875939599547, 2.438773579879141, 0.8938837418790088, 0.5013437570567519, 0,2, 0
0.09958092197166234, 2.512626706836213, 0.8933638062721464, 0.5126539993622297, 0,5, 0
0.1036386616111222, 2.3912018617850643, 0.8872243027004545, 0.474666688149675, 0,7, 0
0.09878267810816205, 2.420414383251383, 0.9000015148416551, 0.5189122453520016, 0,5, 0
0.09958092197166234, 2.4129740864995997, 0.8933638062721464, 0.5113295684752933, 0,2, 0
0.09878267810816205, 2.4296826860476957, 0.9000015148416551, 0.5127577531780162, 0,3, 0
0.09904875939599547, 2.4826858726509204, 0.8938837418790088, 0.5046654813775272, 0,5, 0
0.10024612519124593, 2.403359692071176, 0.88033626681359, 0.4906238994716899, 0,4, 0
0.10024612519124593, 2.467801309826131, 0.88033626681359, 0.49697211386818496, 0,3, 0
0.09878267810816205, 2.4855574053902196, 0.9000015148416551, 0.5105978430166489, 0,3, 0
0.10051220647907935, 2.402099009054368, 0.8777699163158681, 0.5078727523787873, 0,2, 0
0.09958092197166234, 2.394758006258099, 0.8933638062721464, 0.5116272944398519, 0,2, 0
0.09878267810816205, 2.4378652821549522, 0.9000015148416551, 0.5140689719504953, 0,4, 0
0.09904875939599547, 2.387065599423512, 0.8938837418790088, 0.5052037768431703, 0,4, 0
0.10111088937670458, 2.3895759345893097, 0.9116167084157132, 0.5135514394240818, 0,5, 0
0.09991352358145414, 2.388641602200186, 0.9273376082964652, 0.5209533652769182, 0,2, 0
0.09878267810816205, 2.500862471050094, 0.9000015148416551, 0.512751009833718, 0,4, 0
0.10024612519124593, 2.3764402733618, 0.88033626681359, 0.49801728700492925, 0,5, 0
0.09878267810816205, 2.371805896288318, 0.9000015148416551, 0.5150902249632697, 0,5, 0
0.09878267810816205, 2.4051238977844855, 0.9000015148416551, 0.5151217025753096, 0,3, 0
0.09958092197166234, 2.4478814653442154, 0.8933638062721464, 0.514406490271082, 0,7, 0
0.09878267810816205, 2.4535826219101198, 0.9000015148416551, 0.5102273395148678, 0,2, 0
0.10017960486928756, 2.532191935361427, 0.8835487229879121, 0.5054449636646532, 0,3, 0
0.09991352358145414, 2.4058260245768204, 0.9273376082964652, 0.5243269302630078, 0,4, 0
0.09991352358145414, 2.3749241318236742, 0.9273376082964652, 0.5221814631902497, 0,2, 0
0.10111088937670458, 2.391620422205763, 0.9116167084157132, 0.5127350885822701, 0,4, 0
0.09904875939599547, 2.5143169181468856, 0.8938837418790088, 0.5037022444904062, 0,3, 0
0.09991352358145414, 2.5067093407712058, 0.9273376082964652, 0.5199573592121378, 0,1, 0
0.0996474422936207, 2.409660274172181, 0.9424463317291131, 0.5177380133713592, 0,1, 0
0.10111088937670458, 2.357086724993284, 0.9116167084157132, 0.5134098758140992, 0,1, 0
0.09958092197166234, 2.509186589566405, 0.8933638062721464, 0.5153390323714986, 0,5, 0
0.10024612519124593, 2.4881254456551227, 0.88033626681359, 0.4941130828267349, 0,1, 0
0.10111088937670458, 2.409706887113733, 0.9116167084157132, 0.5164751125860977, 0,4, 0
0.09991352358145414, 2.366626532533121, 0.9273376082964652, 0.5237902032063398, 0,4, 0
0.10051220647907935, 2.399292854541775, 0.8777699163158681, 0.5070687475781819, 0,3, 0
0.09878267810816205, 2.3890658658175523, 0.9000015148416551, 0.5145146186531704, 0,1, 0
0.09958092197166234, 2.48871519588103, 0.8933638062721464, 0.5167483770432512, 0,3, 0
0.10097784873278787, 2.449205499680894, 0.8896953824485279, 0.5041568474351554, 0,0, 0
0.0996474422936207, 2.408991795087982, 0.9424463317291131, 0.5149778700315578, 0,3, 0
0.09878267810816205, 2.3943778721307525, 0.9000015148416551, 0.5159347573998825, 0,1, 0
0.09878267810816205, 2.452394412312926, 0.9000015148416551, 0.5143480354713311, 0,2, 0
0.09958092197166234, 2.4141686456468157, 0.8933638062721464, 0.5133479085177922, 0,3, 0
0.10051220647907935, 2.371465155109788, 0.8777699163158681, 0.5081925684456609, 0,6, 0
0.09904875939599547, 2.4282735836828633, 0.8938837418790088, 0.5043598950164884, 0,6, 0
0.09958092197166234, 2.4553471881298297, 0.8933638062721464, 0.5146525935745211, 0,3, 0
0.09878267810816205, 2.4236432529531426, 0.9000015148416551, 0.5136258449739666, 0,5, 0
0.10024612519124593, 2.5391365300393396, 0.88033626681359, 0.4961494804698611, 0,2, 0
0.10051220647907935, 2.404412843490689, 0.8777699163158681, 0.504312980234634, 0,3, 0
0.09878267810816205, 2.396617276522798, 0.9000015148416551, 0.5115212762749932, 0,4, 0
0.10051220647907935, 2.479942381719007, 0.8777699163158681, 0.507545571274498, 0,3, 0
0.0996474422936207, 2.3272314367279723, 0.9424463317291131, 0.52025984385692, 0,2, 0
0.10111088937670458, 2.5412838672486195, 0.9116167084157132, 0.5118727376455062, 0,4, 0
0.10024612519124593, 2.4764510971228058, 0.88033626681359, 0.4927066504854126, 0,6, 0
0.09878267810816205, 2.398447732404266, 0.9000015148416551, 0.5140530335855042, 0,2, 0
0.09991352358145414, 2.470003698151768, 0.9273376082964652, 0.5179745740752986, 0,4, 0
0.09991352358145414, 2.471799376965172, 0.9273376082964652, 0.5247321465825313, 0,4, 0
0.0996474422936207, 2.4192126245466303, 0.9424463317291131, 0.5166664023372602, 0,0, 0
0.09958092197166234, 2.4468534944110276, 0.8933638062721464, 0.5146177140970891, 0,4, 0
0.09958092197166234, 2.369848256227555, 0.8933638062721464, 0.5137916712067898, 0,0, 0
0.10111088937670458, 2.4146924035671127, 0.9116167084157132, 0.5114139879275561, 0,5, 0
0.09878267810816205, 2.384824667656992, 0.9000015148416551, 0.5122273985142552, 0,1, 0
0.09958092197166234, 2.4346176019441597, 0.8933638062721464, 0.512571225943807, 0,3, 0
0.09878267810816205, 2.3797203094780204, 0.9000015148416551, 0.5131509920106633, 0,5, 0
0.09878267810816205, 2.3796753491151916, 0.9000015148416551, 0.5137644284175877, 0,2, 0
0.09991352358145414, 2.507190978480283, 0.9273376082964652, 0.5224419788613006, 0,8, 0
0.09878267810816205, 2.39546396609735, 0.9000015148416551, 0.5129999340918521, 0,6, 0
0.09991352358145414, 2.4171205887511875, 0.9273376082964652, 0.5219610815836574, 0,2, 0
0.10609991352358146, 2.3049802154645564, 0.9261701881432591, 0.3063404153261391, 0,0, 0
0.11587840085146012, 2.319933310927233, 0.921329577956378, 0.40693634720383337, 0,1, 0
0.09891571875207876, 2.442752457629308, 0.9016816900084802, 0.36163754623139255, 0,0, 0
0.09904875939599547, 2.4008304001938785, 0.8938837418790088, 0.510820866874914, 0,3, 0
0.10084480808887115, 2.325579881009914, 0.8975451763054825, 0.4755063290700786, 0,0, 0
0.10111088937670458, 2.4141871932023444, 0.9116167084157132, 0.5090958480148383, 0,4, 0
0.12432648174017162, 2.3210821874459047, 0.8664356310230744, 0.32828787486205313, 0,2, 0
0.0996474422936207, 2.3568895502749583, 0.9424463317291131, 0.5169082087224346, 0,4, 0
0.09878267810816205, 2.329462089851327, 0.9000015148416551, 0.5141831130343815, 0,4, 0
0.0996474422936207, 2.35687291615025, 0.9424463317291131, 0.5200757750376744, 0,3, 0
0.09958092197166234, 2.332168412416319, 0.8933638062721464, 0.5147646587161835, 0,3, 0
0.09878267810816205, 2.4284958018757328, 0.9000015148416551, 0.51053146543686, 0,5, 0
0.09878267810816205, 2.438072605348114, 0.9000015148416551, 0.512095695236918, 0,5, 0
0.09991352358145414, 2.4790208609781526, 0.9273376082964652, 0.522264522326958, 0,1, 0
0.09991352358145414, 2.459554358045078, 0.9273376082964652, 0.5189074805857424, 0,4, 0
0.09958092197166234, 2.3966187740810727, 0.8933638062721464, 0.5154724887495468, 0,4, 0
0.10111088937670458, 2.3624577027455795, 0.9116167084157132, 0.5129864652994243, 0,7, 0
0.10111088937670458, 2.430022691733536, 0.9116167084157132, 0.5146598783479367, 0,1, 0
0.09991352358145414, 2.4975634829644187, 0.9273376082964652, 0.5210050561068524, 0,2, 0
0.09958092197166234, 2.476749191953141, 0.8933638062721464, 0.5140324548416925, 0,3, 0
0.09904875939599547, 2.5103903377570767, 0.8938837418790088, 0.503964802247449, 0,1, 0
0.09904875939599547, 2.473418807639243, 0.8938837418790088, 0.5045610445215889, 0,5, 0
0.09991352358145414, 2.440983762888901, 0.9273376082964652, 0.5226623672079702, 0,4, 0
0.09991352358145414, 2.4692872755226003, 0.9273376082964652, 0.5205497096480682, 0,2, 0
0.0996474422936207, 2.484586059829079, 0.9424463317291131, 0.5191572673522837, 0,2, 0
0.0996474422936207, 2.495730690729957, 0.9424463317291131, 0.5195868804688706, 0,1, 0
0.09958092197166234, 2.3707709365886087, 0.8933638062721464, 0.5130505102404022, 0,0, 0
0.09904875939599547, 2.476477547335163, 0.8938837418790088, 0.5079397047150025, 0,5, 0
0.10024612519124593, 2.5701360894813274, 0.88033626681359, 0.49613231184832024, 0,2, 0
0.09958092197166234, 2.442796681206883, 0.8933638062721464, 0.5139782414171684, 0,0, 0
0.09991352358145414, 2.5609674228052097, 0.9273376082964652, 0.5208852324343711, 0,3, 0
0.10097784873278787, 2.337214223688126, 0.8896953824485279, 0.5051145225012582, 0,4, 0
0.10024612519124593, 2.5037074422737975, 0.88033626681359, 0.4935998122991976, 0,4, 0
0.09958092197166234, 2.3794013975322077, 0.8933638062721464, 0.5157171482934799, 0,3, 0
0.09991352358145414, 2.3462783749181417, 0.9273376082964652, 0.5185934034032946, 0,4, 0
0.09991352358145414, 2.4179102654213804, 0.9273376082964652, 0.5219970198126356, 0,2, 0
0.10097784873278787, 2.402933568422534, 0.8896953824485279, 0.5047999714504761, 0,3, 0
0.09991352358145414, 2.4139469381277334, 0.9273376082964652, 0.5198468779246667, 0,4, 0
0.10024612519124593, 2.4739212495222986, 0.88033626681359, 0.4952655190665318, 0,4, 0
0.09958092197166234, 2.3986848615120326, 0.8933638062721464, 0.5136756409021607, 0,1, 0
0.10111088937670458, 2.3932576579723435, 0.9116167084157132, 0.5142519917391791, 0,4, 0
0.09904875939599547, 2.5612565884450267, 0.8938837418790088, 0.5058101622664058, 0,2, 0
0.10111088937670458, 2.3950340315577656, 0.9116167084157132, 0.512136163609595, 0,1, 0
0.09991352358145414, 2.5685006589191066, 0.9273376082964652, 0.5234579926037948, 0,2, 0
0.09958092197166234, 2.4918768478075854, 0.8933638062721464, 0.5134703269242251, 0,1, 0
0.09958092197166234, 2.3677861831275906, 0.8933638062721464, 0.5138616497995663, 0,2, 0
0.10111088937670458, 2.531384645722896, 0.9116167084157132, 0.5113867509277361, 0,2, 0
0.09904875939599547, 2.4446556883991293, 0.8938837418790088, 0.5041914753126235, 0,3, 0
0.09904875939599547, 2.3500668061578107, 0.8938837418790088, 0.5060284560190383, 0,4, 0
0.09878267810816205, 2.3725086884418345, 0.9000015148416551, 0.5112840964292777, 0,6, 0
0.09878267810816205, 2.3867794619280285, 0.9000015148416551, 0.5104618854426122, 0,6, 0
0.09958092197166234, 2.403792091934678, 0.8933638062721464, 0.513647382112416, 0,7, 0
0.09878267810816205, 2.463128044276484, 0.9000015148416551, 0.515968650008929, 0,4, 0
0.09991352358145414, 2.5962140896930466, 0.9273376082964652, 0.5182747466271226, 0,6, 0
0.09878267810816205, 2.4454533065665087, 0.9000015148416551, 0.5143450061481762, 0,3, 0
0.10111088937670458, 2.362138117389797, 0.9116167084157132, 0.5131144712008888, 0,0, 0
0.09904875939599547, 2.503222798734957, 0.8938837418790088, 0.5064968017391877, 0,2, 0
0.09991352358145414, 2.5026220952347193, 0.9273376082964652, 0.5224170376429345, 0,3, 0
0.09991352358145414, 2.466167567780669, 0.9273376082964652, 0.5205321620493043, 0,5, 0
0.10111088937670458, 2.363602554878218, 0.9116167084157132, 0.5131776116060099, 0,6, 0
0.10097784873278787, 2.3269618199049718, 0.8896953824485279, 0.5069007854138663, 0,2, 0
0.09878267810816205, 2.423372414324135, 0.9000015148416551, 0.5135733727183981, 0,5, 0
0.10024612519124593, 2.3908663051519965, 0.88033626681359, 0.4954630784751391, 0,3, 0
0.09958092197166234, 2.381169372330341, 0.8933638062721464, 0.5137263825839053, 0,3, 0
0.09904875939599547, 2.3929849415809374, 0.8938837418790088, 0.5033293325257633, 0,3, 0
0.09904875939599547, 2.4839921988611775, 0.8938837418790088, 0.5057105407599409, 0,4, 0
0.09904875939599547, 2.590456194873818, 0.8938837418790088, 0.5038739989774851, 0,0, 0
0.09958092197166234, 2.491759331245539, 0.8933638062721464, 0.5147721697887203, 0,3, 0
0.09878267810816205, 2.3952021726248454, 0.9000015148416551, 0.5148511886503363, 0,3, 0
0.09958092197166234, 2.470614992247159, 0.8933638062721464, 0.5156288587452658, 0,5, 0
0.10111088937670458, 2.5049473122431354, 0.9116167084157132, 0.5138960416958128, 0,6, 0
0.09878267810816205, 2.391929403723559, 0.9000015148416551, 0.5160344802160796, 0,3, 0
0.09991352358145414, 2.465039935042534, 0.9273376082964652, 0.5188751735924392, 0,0, 0
0.10017960486928756, 2.408155557321533, 0.8835487229879121, 0.5071347984967989, 0,2, 0
0.09904875939599547, 2.594356425712663, 0.8938837418790088, 0.5049260826164504, 0,3, 0
0.10051220647907935, 2.4363722215114, 0.8777699163158681, 0.5058204213860725, 0,1, 0
0.09991352358145414, 2.4628740507852354, 0.9273376082964652, 0.5197364037318317, 0,2, 0
0.0996474422936207, 2.346473111480183, 0.9424463317291131, 0.5173991290489852, 0,3, 0
0.09904875939599547, 2.3686618388615024, 0.8938837418790088, 0.508542709036982, 0,7, 0
0.09904875939599547, 2.4238242039080666, 0.8938837418790088, 0.5043102195553255, 0,1, 0
0.10111088937670458, 2.3613514338457633, 0.9116167084157132, 0.5157418925567616, 0,0, 0
0.09958092197166234, 2.348265773346187, 0.8933638062721464, 0.5143779841469059, 0,3, 0
0.10111088937670458, 2.394963440317471, 0.9116167084157132, 0.5140450971368855, 0,0, 0
0.10111088937670458, 2.453319451516001, 0.9116167084157132, 0.5115999115080867, 0,2, 0
0.10024612519124593, 2.421131594003591, 0.88033626681359, 0.4953443717693969, 0,5, 0
0.0996474422936207, 2.3518484089733445, 0.9424463317291131, 0.5195158900686093, 0,1, 0
0.09991352358145414, 2.465561597439087, 0.9273376082964652, 0.5212953132162551, 0,0, 0
0.09991352358145414, 2.395388861009558, 0.9273376082964652, 0.5201323086585539, 0,5, 0
0.10024612519124593, 2.4424080094169542, 0.88033626681359, 0.4960080844202039, 0,2, 0
0.09878267810816205, 2.458274657058754, 0.9000015148416551, 0.5147225807298746, 0,4, 0
0.10111088937670458, 2.3494171761216687, 0.9116167084157132, 0.5143256917343125, 0,4, 0
0.10024612519124593, 2.5848480817650414, 0.88033626681359, 0.49636364275873235, 0,4, 0
0.09878267810816205, 2.3787103489488373, 0.9000015148416551, 0.5134739420252618, 0,4, 0
0.09958092197166234, 2.477497647053339, 0.8933638062721464, 0.5118766565340644, 0,3, 0
0.09904875939599547, 2.525488242357305, 0.8938837418790088, 0.5050887534595385, 0,2, 0
0.09878267810816205, 2.357531524248516, 0.9000015148416551, 0.5147134959362761, 0,4, 0
0.10111088937670458, 2.3616238312514124, 0.9116167084157132, 0.512616562340001, 0,2, 0
0.09878267810816205, 2.4560729321673476, 0.9000015148416551, 0.5141503887278378, 0,1, 0
0.09958092197166234, 2.3899409798006332, 0.8933638062721464, 0.5171392760028448, 0,5, 0
0.09958092197166234, 2.364578379839629, 0.8933638062721464, 0.5154078047881224, 0,4, 0
0.10024612519124593, 2.3460570799172826, 0.88033626681359, 0.4931721409056412, 0,6, 0
0.10244129581587175, 2.3061240811171286, 0.8894549319268751, 0.33599863702908556, 0,0, 0
0.10031264551320429, 2.3194429387845164, 0.8921188190007379, 0.4660931442089632, 0,0, 0
0.11102241734849996, 2.3736090034985904, 0.9010127730536308, 0.41818968029985976, 0,2, 0
0.09878267810816205, 2.3748763052597104, 0.9000015148416551, 0.5126797496459254, 0,1, 0
0.10117740969866294, 2.5011867574927638, 0.9114830019480514, 0.5093295581719882, 0,3, 0
0.1632408700858112, 2.437885581856279, 0.8245624666548713, 0.25144470433894817, 0,2, 0
0.09958092197166234, 2.321767365060975, 0.8933638062721464, 0.51297182514184, 0,3, 0
0.0996474422936207, 2.3849800685712426, 0.9424463317291131, 0.5197330362743283, 0,1, 0
0.10064524712299608, 2.3101734530225544, 0.8920246403143313, 0.5049892485270986, 0,4, 0
0.15931617109026808, 2.334265563949999, 0.838071204052394, 0.2775887058684356, 0,5, 0
0.12266347369121267, 2.329173275915788, 0.8807961924277489, 0.36438286959641003, 0,4, 0
0.10024612519124593, 2.3327113313921704, 0.88033626681359, 0.4937877391795198, 0,6, 0
0.09958092197166234, 2.4020603894394394, 0.8933638062721464, 0.5114352137792775, 0,4, 0
0.09991352358145414, 2.4399848587378323, 0.9273376082964652, 0.5195753859584663, 0,4, 0
0.09878267810816205, 2.3895384721918385, 0.9000015148416551, 0.5132499316319737, 0,2, 0
0.09904875939599547, 2.4752238050141844, 0.8938837418790088, 0.5032208273172339, 0,0, 0
0.09991352358145414, 2.407829576026162, 0.9273376082964652, 0.5223753132341887, 0,5, 0
0.09958092197166234, 2.3460879429509713, 0.8933638062721464, 0.5168269248040668, 0,5, 0
0.09878267810816205, 2.4339029027944172, 0.9000015148416551, 0.5161028159979282, 0,2, 0
0.10024612519124593, 2.3878750537895024, 0.88033626681359, 0.49529997761649036, 0,1, 0
0.09958092197166234, 2.35346366494333, 0.8933638062721464, 0.5122569101184019, 0,1, 0
0.09991352358145414, 2.3450550025692403, 0.9273376082964652, 0.5216105429146147, 0,5, 0
0.09878267810816205, 2.377684573376083, 0.9000015148416551, 0.5102575067532649, 0,7, 0
0.09958092197166234, 2.445069338543753, 0.8933638062721464, 0.517606527844974, 0,5, 0
0.10017960486928756, 2.461284850890754, 0.8835487229879121, 0.507665904352986, 0,4, 0
0.0996474422936207, 2.3769083436453866, 0.9424463317291131, 0.5170260313646078, 0,2, 0
0.10024612519124593, 2.509207689190374, 0.88033626681359, 0.4936203293539085, 0,3, 0
0.09991352358145414, 2.3688528375188516, 0.9273376082964652, 0.5235092192811114, 0,4, 0
0.09878267810816205, 2.4162466014477495, 0.9000015148416551, 0.5107037702357076, 0,2, 0
0.10111088937670458, 2.4080871129031194, 0.9116167084157132, 0.5091518145315166, 0,3, 0
0.09991352358145414, 2.405015194478692, 0.9273376082964652, 0.5192883183470972, 0,3, 0
0.09991352358145414, 2.5185255829084023, 0.9273376082964652, 0.5230043473871868, 0,3, 0
0.09991352358145414, 2.437906364437302, 0.9273376082964652, 0.5209210563669856, 0,3, 0
0.10111088937670458, 2.5501847829455855, 0.9116167084157132, 0.511717534269142, 0,4, 0
0.09958092197166234, 2.3401144907668483, 0.8933638062721464, 0.5147851229547197, 0,0, 0
0.09991352358145414, 2.4443850087634202, 0.9273376082964652, 0.5227132448125087, 0,3, 0
0.10111088937670458, 2.3881784320741977, 0.9116167084157132, 0.5124036890928457, 0,4, 0
0.0996474422936207, 2.4048904996428004, 0.9424463317291131, 0.5177175239544886, 0,7, 0
0.09878267810816205, 2.3507146663091016, 0.9000015148416551, 0.5139220460735765, 0,4, 0
0.10024612519124593, 2.433645527860659, 0.88033626681359, 0.49091443519627737, 0,1, 0
0.09878267810816205, 2.4948366884698983, 0.9000015148416551, 0.5146037279321871, 0,1, 0
0.0996474422936207, 2.5667749955285726, 0.9424463317291131, 0.5183045824703354, 0,2, 0
0.0996474422936207, 2.485719950749617, 0.9424463317291131, 0.520923479244561, 0,6, 0
0.09958092197166234, 2.466006210612686, 0.8933638062721464, 0.5138210526180498, 0,1, 0
0.09991352358145414, 2.580125166256017, 0.9273376082964652, 0.5218909903533473, 0,3, 0
0.09904875939599547, 2.4400495938703477, 0.8938837418790088, 0.5044832355367564, 0,3, 0
0.09904875939599547, 2.3986041575049732, 0.8938837418790088, 0.5033126578031124, 0,4, 0
0.09878267810816205, 2.4484969595667607, 0.9000015148416551, 0.5117232275242595, 0,2, 0
0.09878267810816205, 2.424679058172076, 0.9000015148416551, 0.5137546539960419, 0,5, 0
0.09878267810816205, 2.400348772880822, 0.9000015148416551, 0.5119634105521249, 0,4, 0
0.09878267810816205, 2.4081386301733656, 0.9000015148416551, 0.5124931899025806, 0,5, 0
0.0996474422936207, 2.4370555618617664, 0.9424463317291131, 0.5208750353552938, 0,4, 0
0.10111088937670458, 2.434222798286255, 0.9116167084157132, 0.5097178933188463, 0,4, 0
0.10111088937670458, 2.4461759618677825, 0.9116167084157132, 0.5120554283032707, 0,1, 0
0.0996474422936207, 2.3983607257759787, 0.9424463317291131, 0.5179697855658587, 0,7, 0
0.10024612519124593, 2.3986660531678456, 0.88033626681359, 0.494075432777202, 0,3, 0
0.09878267810816205, 2.4087462287014816, 0.9000015148416551, 0.5092331878367071, 0,3, 0
0.09878267810816205, 2.427550824334155, 0.9000015148416551, 0.5164505568073461, 0,5, 0
0.09878267810816205, 2.471257158773099, 0.9000015148416551, 0.5161112878730278, 0,2, 0
0.10051220647907935, 2.4968249101105275, 0.8777699163158681, 0.5071743492400725, 0,3, 0
0.10111088937670458, 2.473672200365789, 0.9116167084157132, 0.5111338810607753, 0,5, 0
0.09991352358145414, 2.4169748349317586, 0.9273376082964652, 0.5231749531826432, 0,3, 0
0.09904875939599547, 2.452991895845992, 0.8938837418790088, 0.5063668128348964, 0,4, 0
0.09878267810816205, 2.4052253820967042, 0.9000015148416551, 0.5140368261620462, 0,4, 0
0.09878267810816205, 2.4639728140832577, 0.9000015148416551, 0.5117682157282537, 0,1, 0
0.09904875939599547, 2.4152338730395218, 0.8938837418790088, 0.5057908139270463, 0,2, 0
0.10111088937670458, 2.3552925808498073, 0.9116167084157132, 0.5112338715927733, 0,1, 0
0.09958092197166234, 2.3956981975780245, 0.8933638062721464, 0.5119791399049834, 0,1, 0
0.10097784873278787, 2.362894094577927, 0.8896953824485279, 0.5048394131516482, 0,6, 0
0.0996474422936207, 2.4115868925310804, 0.9424463317291131, 0.5192725409572102, 0,5, 0
0.09878267810816205, 2.4978190946981815, 0.9000015148416551, 0.5123605266444415, 0,2, 0
0.09904875939599547, 2.4328801257718324, 0.8938837418790088, 0.5031169018789218, 0,2, 0
0.10024612519124593, 2.6447558859060254, 0.88033626681359, 0.49704890908093263, 0,3, 0
0.09958092197166234, 2.453150557470934, 0.8933638062721464, 0.5155676565596246, 0,3, 0
0.09878267810816205, 2.41690472014799, 0.9000015148416551, 0.5140358793679681, 0,1, 0
0.10017960486928756, 2.37872183099285, 0.8835487229879121, 0.5063493210271655, 0,4, 0
0.10017960486928756, 2.3441997573641036, 0.8835487229879121, 0.504991643563901, 0,3, 0
0.09904875939599547, 2.4812858042932353, 0.8938837418790088, 0.5052869816378827, 0,3, 0
0.10017960486928756, 2.3675830525996036, 0.8835487229879121, 0.5065622889008783, 0,3, 0
0.10024612519124593, 2.3389313231603768, 0.88033626681359, 0.49808129438779214, 0,5, 0
0.09904875939599547, 2.546867707837788, 0.8938837418790088, 0.506366413119245, 0,2, 0
0.10051220647907935, 2.3927999888955336, 0.8777699163158681, 0.5050335554029725, 0,4, 0
0.0996474422936207, 2.3593889519196583, 0.9424463317291131, 0.5155855920564675, 0,3, 0
0.09958092197166234, 2.7747096308951034, 0.8933638062721464, 0.5114816421870316, 0,3, 0
0.10111088937670458, 2.3924250703113947, 0.9116167084157132, 0.5115636153893847, 0,2, 0
0.10017960486928756, 2.38736292087238, 0.8835487229879121, 0.5060860694394257, 0,4, 0
0.0996474422936207, 2.4135269823564722, 0.9424463317291131, 0.5178166864415775, 0,1, 0
0.09904875939599547, 2.508561068679301, 0.8938837418790088, 0.5060537239702114, 0,3, 0
0.09991352358145414, 2.376922991257866, 0.9273376082964652, 0.5210538307809421, 0,1, 0
0.10024612519124593, 2.474857049415602, 0.88033626681359, 0.49532568365216983, 0,5, 0
0.10024612519124593, 2.3584506613428085, 0.88033626681359, 0.49300018633877907, 0,3, 0
0.09878267810816205, 2.496632774369585, 0.9000015148416551, 0.5106620232430552, 0,2, 0
0.0996474422936207, 2.4051138811194557, 0.9424463317291131, 0.5184273607807994, 0,2, 0
0.09958092197166234, 2.399305779594691, 0.8933638062721464, 0.5184861511206411, 0,3, 0
0.10017960486928756, 2.436744227814102, 0.8835487229879121, 0.5036779400325067, 0,1, 0
0.09991352358145414, 2.363715594418945, 0.9273376082964652, 0.5190375811178071, 0,1, 0
0.09878267810816205, 2.390842167812376, 0.9000015148416551, 0.5145402065033617, 0,5, 0
0.09878267810816205, 2.53745875623121, 0.9000015148416551, 0.5116981584080613, 0,5, 0
0.09904875939599547, 2.5505531497370546, 0.8938837418790088, 0.5060973224513099, 0,2, 0
0.09904875939599547, 2.4464352859800815, 0.8938837418790088, 0.5098680012959519, 0,3, 0
0.0996474422936207, 2.375730332370005, 0.9424463317291131, 0.5154893993831708, 0,2, 0
0.10942592962149937, 2.3038127898916168, 0.8877748107916953, 0.322238006066136, 0,0, 0
0.10583383223574802, 2.317109470158718, 0.8866644283419329, 0.4457321962254755, 0,0, 0
0.130712432648174, 2.3181692252954957, 0.8942660107137348, 0.36153327821830883, 0,4, 0
0.10197565356216325, 2.328467493070573, 0.8909558399631409, 0.49691575641504443, 0,4, 0
0.0996474422936207, 2.394471099615684, 0.9424463317291131, 0.518965949532048, 0,1, 0
0.10862768575799907, 2.463511798050814, 0.8830634317376902, 0.4543262848843923, 0,1, 0
0.12712033526242267, 2.3405059002072703, 0.890086402561006, 0.34348907687538793, 0,2, 0
0.13916051353688552, 2.3057112059954483, 0.8617521802878241, 0.35923887260536963, 0,5, 0
0.09878267810816205, 2.4373974172383703, 0.9000015148416551, 0.5123171193121369, 0,5, 0
0.09904875939599547, 2.3641003215811747, 0.8938837418790088, 0.5065296288043073, 0,2, 0
0.10111088937670458, 2.456275818337305, 0.9116167084157132, 0.5105512265437441, 0,4, 0
0.09878267810816205, 2.3998500052575604, 0.9000015148416551, 0.5170407362975812, 0,1, 0
0.09904875939599547, 2.4664144274368978, 0.8938837418790088, 0.5070323318811559, 0,2, 0
0.09904875939599547, 2.415015721879367, 0.8938837418790088, 0.5066819557749427, 0,3, 0
0.09904875939599547, 2.3545961422508825, 0.8938837418790088, 0.5048114919331679, 0,4, 0
0.09958092197166234, 2.4788657027090855, 0.8933638062721464, 0.5114699964872513, 0,3, 0
0.10017960486928756, 2.414910404829496, 0.8835487229879121, 0.5081754321562018, 0,4, 0
0.0996474422936207, 2.4099308001117254, 0.9424463317291131, 0.5200542108000523, 0,2, 0
0.0996474422936207, 2.376149747080331, 0.9424463317291131, 0.518182170780162, 0,7, 0
0.09991352358145414, 2.537320281132914, 0.9273376082964652, 0.520191897878697, 0,1, 0
0.09991352358145414, 2.451159153823279, 0.9273376082964652, 0.5211464985430438, 0,2, 0
0.11115545799241669, 2.4573159100631434, 0.8758815278223492, 0.3485048246329308, 0,4, 0
0.09878267810816205, 2.4013739585686147, 0.9000015148416551, 0.5167290783773834, 0,2, 0
0.09904875939599547, 2.4793938343248816, 0.8938837418790088, 0.5068671085820199, 0,1, 0
0.09878267810816205, 2.4889271338447667, 0.9000015148416551, 0.5114208574242137, 0,3, 0
0.09878267810816205, 2.5251890531217773, 0.9000015148416551, 0.5137787932493009, 0,3, 0
0.09958092197166234, 2.5399627151154935, 0.8933638062721464, 0.5134156847531782, 0,6, 0
0.09904875939599547, 2.3936578017750367, 0.8938837418790088, 0.5095378354528171, 0,2, 0
0.09878267810816205, 2.4147371763019896, 0.9000015148416551, 0.5143173106011804, 0,4, 0
0.09878267810816205, 2.361883283145158, 0.9000015148416551, 0.5133423878803012, 0,2, 0
0.09991352358145414, 2.3607459468675978, 0.9273376082964652, 0.5195256786752513, 0,2, 0
0.09878267810816205, 2.4116579529165882, 0.9000015148416551, 0.5155777656617304, 0,2, 0
0.09958092197166234, 2.4503571389559333, 0.8933638062721464, 0.5141463107749921, 0,4, 0
0.09904875939599547, 2.485326917499932, 0.8938837418790088, 0.5057869643862059, 0,1, 0
0.09958092197166234, 2.5000354787082655, 0.8933638062721464, 0.5164401859759807, 0,3, 0
0.09904875939599547, 2.403247008183787, 0.8938837418790088, 0.5016073338012625, 0,2, 0
0.09991352358145414, 2.4801636586715494, 0.9273376082964652, 0.5222748692357589, 0,2, 0
0.09878267810816205, 2.446370141786753, 0.9000015148416551, 0.5099791913705363, 0,1, 0
0.10024612519124593, 2.5338377722927508, 0.88033626681359, 0.49550351537849147, 0,5, 0
0.09904875939599547, 2.468274000859392, 0.8938837418790088, 0.5092759648492242, 0,4, 0
0.09904875939599547, 2.430325852621659, 0.8938837418790088, 0.5045674577754279, 0,5, 0
0.10111088937670458, 2.3599379538205114, 0.9116167084157132, 0.5098207102512314, 0,2, 0
0.0996474422936207, 2.360996115558964, 0.9424463317291131, 0.5179194603503912, 0,1, 0
0.09958092197166234, 2.50672068022083, 0.8933638062721464, 0.5137391324615195, 0,4, 0
0.09878267810816205, 2.378498859845782, 0.9000015148416551, 0.5173200033671417, 0,3, 0
0.10024612519124593, 2.629480298650421, 0.88033626681359, 0.49545162277939425, 0,2, 0
0.09878267810816205, 2.386405589067792, 0.9000015148416551, 0.5130306221976552, 0,2, 0
0.10111088937670458, 2.397981960584896, 0.9116167084157132, 0.5145817895097309, 0,4, 0
0.0996474422936207, 2.4367630282284485, 0.9424463317291131, 0.5163413136784246, 0,2, 0
0.0996474422936207, 2.3871517406683247, 0.9424463317291131, 0.5200735626506656, 0,2, 0
0.09878267810816205, 2.405865689114738, 0.9000015148416551, 0.5159914655914608, 0,3, 0
0.09958092197166234, 2.4430239844970867, 0.8933638062721464, 0.515292843634935, 0,3, 0
0.09958092197166234, 2.447561477818651, 0.8933638062721464, 0.5135427283583546, 0,5, 0
0.09991352358145414, 2.427065083059589, 0.9273376082964652, 0.5244559071335542, 0,2, 0
0.10017960486928756, 2.4748047117954446, 0.8835487229879121, 0.505789223242949, 0,6, 0
0.10024612519124593, 2.4223053943751647, 0.88033626681359, 0.49803977791504794, 0,7, 0
0.10017960486928756, 2.42170413751481, 0.8835487229879121, 0.5066908044939545, 0,1, 0
0.10051220647907935, 2.4170280144868523, 0.8777699163158681, 0.5077684992522616, 0,5, 0
0.09904875939599547, 2.512812486952875, 0.8938837418790088, 0.5074891688373089, 0,4, 0
0.10111088937670458, 2.3401168505921697, 0.9116167084157132, 0.5132443570457087, 0,1, 0
0.10097784873278787, 2.4219290884813214, 0.8896953824485279, 0.5062009641915687, 0,4, 0
0.10024612519124593, 2.4095926801101943, 0.88033626681359, 0.4952116210739314, 0,4, 0
0.09878267810816205, 2.3861351072578096, 0.9000015148416551, 0.5130214589701366, 0,3, 0
0.10111088937670458, 2.3512089150256283, 0.9116167084157132, 0.515118987715342, 0,5, 0
0.10024612519124593, 2.397536336586622, 0.88033626681359, 0.49518037873300436, 0,4, 0
0.09904875939599547, 2.5373485914479152, 0.8938837418790088, 0.503373073299716, 0,2, 0
0.10024612519124593, 2.3361015940413523, 0.88033626681359, 0.493244862701563, 0,1, 0
0.09958092197166234, 2.443956658494914, 0.8933638062721464, 0.5161513727721354, 0,3, 0
0.10017960486928756, 2.526929197399898, 0.8835487229879121, 0.5059558391230229, 0,5, 0
0.10097784873278787, 2.3771029021983723, 0.8896953824485279, 0.5055652478910629, 0,5, 0
0.09878267810816205, 2.4675029572680556, 0.9000015148416551, 0.5130771279461872, 0,1, 0
0.10017960486928756, 2.575721322740773, 0.8835487229879121, 0.506178285549871, 0,3, 0
0.10111088937670458, 2.3402780279589535, 0.9116167084157132, 0.5150377296239317, 0,4, 0
0.0996474422936207, 2.393130838319878, 0.9424463317291131, 0.5171809257358859, 0,1, 0
0.10111088937670458, 2.4198488748566023, 0.9116167084157132, 0.5110605414940231, 0,3, 0
0.10111088937670458, 2.54876396665235, 0.9116167084157132, 0.5136224351043363, 0,2, 0
0.10017960486928756, 2.383309393738555, 0.8835487229879121, 0.5094785336831291, 0,3, 0
0.09991352358145414, 2.3963430703047117, 0.9273376082964652, 0.5219877370655019, 0,1, 0
0.09991352358145414, 2.3683875760164264, 0.9273376082964652, 0.519123439567873, 0,2, 0
0.09878267810816205, 2.3909220087197554, 0.9000015148416551, 0.5123948825223013, 0,4, 0
0.10024612519124593, 2.4459126552469375, 0.88033626681359, 0.49575628889106027, 0,5, 0
0.10051220647907935, 2.3614623865379922, 0.8777699163158681, 0.5055764952384287, 0,4, 0
0.09878267810816205, 2.5415408152952836, 0.9000015148416551, 0.5132248183468785, 0,4, 0
0.09878267810816205, 2.385000726146263, 0.9000015148416551, 0.512344005708092, 0,4, 0
0.09878267810816205, 2.582736842156345, 0.9000015148416551, 0.5127137595634198, 0,5, 0
0.09958092197166234, 2.4805997981525882, 0.8933638062721464, 0.5119883445604588, 0,4, 0
0.09878267810816205, 2.5059628849502795, 0.9000015148416551, 0.5131507191363643, 0,5, 0
0.10111088937670458, 2.3763927923089088, 0.9116167084157132, 0.5117193287120937, 0,3, 0
0.10097784873278787, 2.4455524417031813, 0.8896953824485279, 0.5072334780424226, 0,4, 0
0.09991352358145414, 2.4888172952951026, 0.9273376082964652, 0.5211428166719577, 0,1, 0
0.09991352358145414, 2.6242748332231383, 0.9273376082964652, 0.5213585971306207, 0,3, 0
0.10024612519124593, 2.3927656647561593, 0.88033626681359, 0.49269820898173317, 0,4, 0
0.09958092197166234, 2.5265754426238556, 0.8933638062721464, 0.5170377146569666, 0,3, 0
0.09958092197166234, 2.585083850849684, 0.8933638062721464, 0.5150725880138132, 0,3, 0
0.09878267810816205, 2.6354807060429226, 0.9000015148416551, 0.5122040911231277, 0,2, 0
0.09958092197166234, 2.493519267810364, 0.8933638062721464, 0.5129155220890386, 0,3, 0
0.10024612519124593, 2.437882222617322, 0.88033626681359, 0.49626387150997525, 0,2, 0
0.09878267810816205, 2.4965157936030598, 0.9000015148416551, 0.5132902463294367, 0,3, 0
0.09904875939599547, 2.4308430009645385, 0.8938837418790088, 0.5039802630013711, 0,1, 0
0.09878267810816205, 2.4068245076375088, 0.9000015148416551, 0.514714904907381, 0,1, 0
0.10111088937670458, 2.3506153339493707, 0.9116167084157132, 0.5110976609451765, 0,1, 0
0.10609991352358146, 2.3033261121504878, 0.8787170538019514, 0.2954537727433371, 0,0, 0
0.11221978314375042, 2.302624750096094, 0.8818011975402549, 0.4066828230237807, 0,0, 0
0.10676511674316504, 2.343066233016294, 0.9210022787394885, 0.4516676632985117, 0,0, 0
0.09991352358145414, 2.351240971175162, 0.9273376082964652, 0.5231595873692864, 0,2, 0
0.10111088937670458, 2.370483777039796, 0.9116167084157132, 0.5116749168060184, 0,3, 0
0.09958092197166234, 2.3353264541641203, 0.9042094002548913, 0.4479809160684099, 0,3, 0
0.09878267810816205, 2.5467678413795216, 0.9000015148416551, 0.510449639883309, 0,2, 0
0.10097784873278787, 2.3314119313344155, 0.8896953824485279, 0.5040421688322996, 0,5, 0
0.09878267810816205, 2.3528303505219297, 0.9000015148416551, 0.5125376147645521, 0,1, 0
0.09958092197166234, 2.4323389537635935, 0.8933638062721464, 0.5159140627743033, 0,4, 0
0.10111088937670458, 2.356447526551067, 0.9116167084157132, 0.5095454348496152, 0,3, 0
0.10051220647907935, 2.3294789629338437, 0.8777699163158681, 0.5055444975650216, 0,1, 0
0.0996474422936207, 2.3330579991271807, 0.9424463317291131, 0.515713671192372, 0,0, 0
0.09991352358145414, 2.3980405549918045, 0.9273376082964652, 0.5239657111470087, 0,2, 0
0.09878267810816205, 2.4230935092315873, 0.9000015148416551, 0.512944221187445, 0,4, 0
0.0996474422936207, 2.506145722017724, 0.8933305836807842, 0.5124419075899984, 0,0, 0
0.09878267810816205, 2.419304444936906, 0.9000015148416551, 0.5144391130789019, 0,3, 0
0.10111088937670458, 2.388595310361658, 0.9116167084157132, 0.5107539422734318, 0,3, 0
0.10057872680103772, 2.449150104512555, 0.8941839703533665, 0.4509203192465725, 0,2, 0
0.09878267810816205, 2.4460280597435933, 0.9000015148416551, 0.5127938863887224, 0,3, 0
0.10024612519124593, 2.4484398935096974, 0.88033626681359, 0.49361596870185137, 0,5, 0
0.09958092197166234, 2.454245641148591, 0.8933638062721464, 0.5130293634746795, 0,2, 0
0.09958092197166234, 2.376895677557266, 0.8933638062721464, 0.5128849333029327, 0,5, 0
0.10111088937670458, 2.3754385307402477, 0.9116167084157132, 0.5136715144066879, 0,3, 0
0.10111088937670458, 2.3919459698498864, 0.9116167084157132, 0.5136251371620721, 0,6, 0
0.09958092197166234, 2.436343655094275, 0.8933638062721464, 0.5161400944009157, 0,2, 0
0.0996474422936207, 2.374488422219279, 0.9424463317291131, 0.5185806454570843, 0,3, 0
0.10051220647907935, 2.394113560505734, 0.8777699163158681, 0.5061353233416709, 0,4, 0
0.10024612519124593, 2.407590346747765, 0.88033626681359, 0.4949278314533207, 0,2, 0
0.09958092197166234, 2.3793237924036577, 0.8933638062721464, 0.5123920726989053, 0,3, 0
0.09904875939599547, 2.4520723557492845, 0.8938837418790088, 0.5034183072920362, 0,1, 0
0.09878267810816205, 2.4081226303486547, 0.9000015148416551, 0.5145070627723305, 0,4, 0
0.09878267810816205, 2.410396258908578, 0.9000015148416551, 0.5129058862052817, 0,7, 0
0.10024612519124593, 2.4750119776717203, 0.88033626681359, 0.49347634896064413, 0,1, 0
0.10111088937670458, 2.340982829970149, 0.9116167084157132, 0.5155983476888236, 0,9, 0
0.09991352358145414, 2.4207279929015355, 0.9273376082964652, 0.5244314570322935, 0,8, 0
0.0996474422936207, 2.338078619373905, 0.9424463317291131, 0.5184424059218364, 0,3, 0
0.10111088937670458, 2.335627102728162, 0.9116167084157132, 0.513316179532884, 0,4, 0
0.10097784873278787, 2.376566135018186, 0.8896953824485279, 0.5098804785217789, 0,2, 0
0.09991352358145414, 2.380409612307044, 0.9273376082964652, 0.5207327933907433, 0,0, 0
0.09904875939599547, 2.3725491801810454, 0.8938837418790088, 0.5059590175770549, 0,4, 0
0.09878267810816205, 2.401795696024329, 0.9000015148416551, 0.5120470307128124, 0,5, 0
0.10024612519124593, 2.545320760947632, 0.88033626681359, 0.49459847664739237, 0,0, 0
0.09904875939599547, 2.465292409977291, 0.8938837418790088, 0.5058759613614721, 0,4, 0
0.09958092197166234, 2.5004086109293455, 0.8933638062721464, 0.5139291919642022, 0,3, 0
0.09958092197166234, 2.42502570734333, 0.8933638062721464, 0.5182201651589033, 0,1, 0
0.09958092197166234, 2.3782687448879556, 0.8933638062721464, 0.5107765060833848, 0,3, 0
0.09958092197166234, 2.5683867125852786, 0.8933638062721464, 0.5141087738461089, 0,3, 0
0.10111088937670458, 2.531437420197957, 0.9116167084157132, 0.514976947842054, 0,4, 0
0.09958092197166234, 2.464082795790329, 0.8933638062721464, 0.5177538780576979, 0,4, 0
0.09878267810816205, 2.3581738667614025, 0.9000015148416551, 0.5152415492186446, 0,4, 0
0.09904875939599547, 2.4319520263878687, 0.8938837418790088, 0.5078731200415864, 0,1, 0
0.09904875939599547, 2.623661552893063, 0.8938837418790088, 0.5067325231602221, 0,3, 0
0.09878267810816205, 2.4489475676520636, 0.9000015148416551, 0.511150254444044, 0,4, 0
0.09878267810816205, 2.4183441551591414, 0.9000015148416551, 0.510568029768531, 0,3, 0
0.10051220647907935, 2.451732145862126, 0.8777699163158681, 0.5061280523168363, 0,3, 0
0.09958092197166234, 2.53868371210182, 0.8933638062721464, 0.5163457594176802, 0,5, 0
0.09904875939599547, 2.4786750382548566, 0.8938837418790088, 0.5065671369400188, 0,3, 0
0.09958092197166234, 2.4083314486497702, 0.8933638062721464, 0.5151806179400753, 0,1, 0
0.10051220647907935, 2.381791041606773, 0.8777699163158681, 0.5056828019318812, 0,3, 0
0.09958092197166234, 2.354745912534434, 0.8933638062721464, 0.5134481388174277, 0,4, 0
0.09904875939599547, 2.4644084225187504, 0.8938837418790088, 0.5065767396441042, 0,3, 0
0.10111088937670458, 2.3755865406071774, 0.9116167084157132, 0.5162066008068484, 0,4, 0
0.0996474422936207, 2.545919064148643, 0.9424463317291131, 0.519575552276597, 0,3, 0
0.09878267810816205, 2.3704956849003747, 0.9000015148416551, 0.5140410239097701, 0,1, 0
0.10024612519124593, 2.3734445365644268, 0.88033626681359, 0.49404899461256635, 0,3, 0
0.10024612519124593, 2.363805148500506, 0.88033626681359, 0.4944248826505319, 0,2, 0
0.10024612519124593, 2.4717004771703004, 0.88033626681359, 0.49480675603974406, 0,7, 0
0.09904875939599547, 2.44367347787036, 0.8938837418790088, 0.5050483417772608, 0,4, 0
0.09904875939599547, 2.776752885964581, 0.8938837418790088, 0.5038382903228552, 0,3, 0
0.09991352358145414, 2.4459943847409473, 0.9273376082964652, 0.5211672929807407, 0,2, 0
0.10024612519124593, 2.4605451899200337, 0.88033626681359, 0.4955109412091837, 0,4, 0
0.09904875939599547, 2.426196631910732, 0.8938837418790088, 0.506006073462149, 0,2, 0
0.09904875939599547, 2.5013720115596785, 0.8938837418790088, 0.5073322476228631, 0,2, 0
0.09904875939599547, 2.4526623753597976, 0.8938837418790088, 0.5064095196096873, 0,1, 0
0.0996474422936207, 2.395211961965143, 0.9424463317291131, 0.5162917417184607, 0,3, 0
0.10111088937670458, 2.389746049401575, 0.9116167084157132, 0.5141039880952992, 0,5, 0
0.0996474422936207, 2.3611376853250245, 0.9424463317291131, 0.5172128888483072, 0,3, 0
0.10017960486928756, 2.504825837445784, 0.8835487229879121, 0.5073184516925076, 0,4, 0
0.10111088937670458, 2.388351252635209, 0.9116167084157132, 0.5118641314895878, 0,1, 0
0.10024612519124593, 2.460237845462263, 0.88033626681359, 0.4968983812556737, 0,3, 0
0.10111088937670458, 2.53490191043466, 0.9116167084157132, 0.5151995244801065, 0,4, 0
0.09958092197166234, 2.408360811207003, 0.8933638062721464, 0.5163359075474179, 0,0, 0
0.09958092197166234, 2.36540144387337, 0.8933638062721464, 0.5175537326869566, 0,4, 0
0.09904875939599547, 2.4592735473326024, 0.8938837418790088, 0.5080616636253393, 0,3, 0
0.10024612519124593, 2.470945210495863, 0.88033626681359, 0.49470771242920547, 0,5, 0
0.09958092197166234, 2.40576116404181, 0.8933638062721464, 0.5127875628443153, 0,2, 0
0.10024612519124593, 2.5516864658076077, 0.88033626681359, 0.494728944175503, 0,1, 0
0.09958092197166234, 2.448768640265512, 0.8933638062721464, 0.5154632374266589, 0,2, 0
0.09904875939599547, 2.463585193290576, 0.8938837418790088, 0.5075277201311691, 0,5, 0
0.09958092197166234, 2.3673340056238, 0.8933638062721464, 0.5124086581091182, 0,0, 0
0.09904875939599547, 2.5332083190533403, 0.8938837418790088, 0.5024345144162051, 0,2, 0
0.09958092197166234, 2.5114780775858225, 0.8933638062721464, 0.5135306843425551, 0,1, 0
0.10017960486928756, 2.5005165209021945, 0.8835487229879121, 0.5065607738584174, 0,3, 0
0.09878267810816205, 2.4104080011306515, 0.9000015148416551, 0.5125817492883018, 0,4, 0
0.10024612519124593, 2.525284250220448, 0.88033626681359, 0.49297643680014663, 0,0, 0
0.10024612519124593, 2.580498790579198, 0.88033626681359, 0.49398190231966405, 0,3, 0
0.09878267810816205, 2.3230073353507232, 0.9000015148416551, 0.513409269356859, 0,4, 0
0.09878267810816205, 2.428822529408728, 0.9000015148416551, 0.5108656260702249, 0,1, 0
0.09878267810816205, 2.4487192400564557, 0.9000015148416551, 0.5148277268759155, 0,3, 0
0.09878267810816205, 2.3857621011925594, 0.9000015148416551, 0.5121199308428047, 0,3, 0
