acuracia,loss,frr,fpr, removed, n_clf, tp_removed
0.09825051553249518, 2.3036959164792696, 0.8944041643372586, 0.3510638335706202, 0,0, 0
0.10111088937670458, 2.3180824332090384, 0.9116167084157132, 0.5128145269433011, 0,2, 0
0.17308587773564824, 2.3494529774634176, 0.8068530613447747, 0.24325731147295948, 0,5, 0
0.09904875939599547, 2.400791585544527, 0.8938837418790088, 0.5067652158511456, 0,2, 0
0.11561231956362669, 2.3967531571676575, 0.8963281679811334, 0.41224089469207564, 0,7, 0
0.14494778154726268, 2.3526180435668635, 0.8596047180983465, 0.33296313351714163, 0,8, 0
0.17541408900419078, 2.306276819793667, 0.828239181435394, 0.24702333878652802, 0,7, 0
0.15459322823122465, 2.3641329545869425, 0.8310114774858854, 0.3545585099599034, 0,7, 0
0.10629947448945654, 2.3279610503768997, 0.9207091549642564, 0.46929186082378466, 0,6, 0
0.1809352757267345, 2.309889404944838, 0.7959389762045488, 0.24005144808907364, 0,6, 0
0.15539147209472493, 2.2397734371002724, 0.8680035952157603, 0.35618266353276107, 0,7, 0
0.1903811614448214, 2.2015616532008995, 0.8201281382617575, 0.23019736442102168, 0,10, 0
0.20874077030532828, 2.158093776443099, 0.8209796096623255, 0.22990681939212138, 0,3, 0
0.16936073970598017, 2.1859523754098302, 0.8239824924282614, 0.30265683143705074, 0,3, 0
0.16457127652497838, 2.3073962107474224, 0.8381874085179352, 0.32653476597567876, 0,7, 0
0.14195436705913655, 2.3769947859346927, 0.8435217017158344, 0.38799043160592517, 0,11, 0
0.26781081620435043, 2.0849786196086155, 0.718774779068831, 0.16834685332709004, 0,8, 0
0.20302002261690946, 2.2225749295271537, 0.7940526244327654, 0.23328807826176873, 0,9, 0
0.20415086809020155, 2.3252168962565802, 0.7827938253870329, 0.23315964229667452, 0,10, 0
0.2125324286569547, 2.1222708864990114, 0.7708943120102338, 0.2355422088745492, 0,7, 0
0.2354819397325883, 2.173570784113011, 0.7404327370674969, 0.202524661355643, 0,8, 0
0.19916184394332467, 2.2411438293984522, 0.7925489350915451, 0.28939331729942713, 0,7, 0
0.24333133772367457, 1.9981124919228297, 0.7506372274381338, 0.2033851560335987, 0,6, 0
0.2587640524180137, 2.0477342761887973, 0.7238868312231453, 0.179927062688645, 0,5, 0
0.24725603671921773, 2.0611111918767993, 0.7409401734494648, 0.19403727687220562, 0,8, 0
0.20834164837357813, 2.1157384761704234, 0.7892666375854606, 0.2659184024078643, 0,7, 0
0.26089270272068116, 2.0959920074810787, 0.7265297545928534, 0.18744090974874175, 0,6, 0
0.2157254041109559, 2.224911864044296, 0.7869566298784179, 0.23430609945415895, 0,4, 0
0.2603605401450143, 2.0776244438131486, 0.7284657388464727, 0.19160252097391503, 0,10, 0
0.2539080689150536, 2.020464268485951, 0.7253141249306987, 0.19608906859561692, 0,7, 0
0.2666799707310583, 2.067333148814069, 0.7491722238419327, 0.18964918232188008, 0,10, 0
0.2719350761657686, 1.9471635138933778, 0.7410254453022718, 0.19399536035411752, 0,9, 0
0.24692343510942594, 1.958282185054417, 0.755435312082431, 0.20803364076320682, 0,7, 0
0.21053681899820395, 2.178931393597104, 0.8130389307486611, 0.2635815636186575, 0,18, 0
0.24067052484534024, 2.005095269951541, 0.7763910773900102, 0.22294134576260993, 0,6, 0
0.2587640524180137, 1.992803342108605, 0.7627824586520737, 0.20371407736450625, 0,7, 0
0.24100312645513206, 2.034255497590246, 0.7532171717351652, 0.2204589773165734, 0,6, 0
0.26960686489722613, 1.985914587593916, 0.721895509209767, 0.19478478980496003, 0,9, 0
0.24220049225038248, 2.11274853883798, 0.7400586348443461, 0.21936069066399277, 0,7, 0
0.25424067052484534, 1.9233211186929258, 0.7313050337346338, 0.20562192493407902, 0,7, 0
0.2535089469833034, 2.040144704542482, 0.7290964108209935, 0.2130274004444826, 0,9, 0
0.2473225570411761, 2.1113985444303918, 0.7422795152672588, 0.2081084496896328, 0,8, 0
0.2680103771702255, 1.997166965985214, 0.7280088742605366, 0.20173240273655452, 0,8, 0
0.2916250914654427, 1.911592837690966, 0.6973481465575254, 0.18402171853877816, 0,13, 0
0.28863167697731656, 2.0070261451914617, 0.6971252201540152, 0.18450528019857626, 0,8, 0
0.22936207011241935, 2.088692190933313, 0.7672092714504001, 0.2489188631241727, 0,8, 0
0.2713363932681434, 1.960147433145979, 0.7169591837557214, 0.20755293994444243, 0,9, 0
0.30386483070578063, 1.8682272361438685, 0.7035242162309701, 0.1792199231812789, 0,6, 0
0.30413091199361403, 1.861763241710059, 0.6891824636123435, 0.1906808593371293, 0,11, 0
0.3503625357546731, 1.7693214583704588, 0.6577937723479773, 0.16059824942881804, 0,9, 0
0.2884321160114415, 1.8920884678156513, 0.729679994846804, 0.20690877174815095, 0,8, 0
0.2827113683230227, 1.859776916673129, 0.7083172865589704, 0.22410610348095214, 0,8, 0
0.30632608261823985, 1.862324266244034, 0.6933406654268203, 0.19439357168306995, 0,5, 0
0.2883655956894831, 1.8882814574517597, 0.6975420653079876, 0.19274597326955434, 0,12, 0
0.2399388013037983, 1.989852171449979, 0.7898078750113463, 0.2756602928978188, 0,5, 0
0.3274795450009978, 1.788412565166568, 0.7159568184891393, 0.18303343766657906, 0,7, 0
0.2915585711434843, 1.870996944947783, 0.7274824037486316, 0.19890331139533898, 0,6, 0
0.27705714095656225, 1.9851871743765546, 0.7035578484723777, 0.1966779460369168, 0,5, 0
0.36140490919976054, 1.7360985588029831, 0.6497035914697261, 0.1578976038593971, 0,8, 0
0.3145746025410763, 1.8418118002639434, 0.6789890893506504, 0.1854191356682129, 0,11, 0
0.3029335461983636, 1.837442573768796, 0.70239191078781, 0.20015286646594613, 0,8, 0
0.28457393733785674, 1.9332437905922373, 0.7229425623853832, 0.19393866961568956, 0,9, 0
0.3129781148140757, 1.8587430086595715, 0.7027347086972098, 0.18680584559424002, 0,12, 0
0.326215658883789, 1.8163827640214287, 0.6595659840720098, 0.18036724506767002, 0,8, 0
0.3800971196700592, 1.6886285920882347, 0.6129630324734507, 0.15210461594572947, 0,8, 0
0.34457526774429587, 1.7939119700322343, 0.633476509086378, 0.1632747140488283, 0,5, 0
0.3586110556775095, 1.7299246988491266, 0.6620304002716244, 0.16294038419079604, 0,5, 0
0.3636666001463447, 1.7437151492074174, 0.633407214378085, 0.15761380351040363, 0,7, 0
0.36140490919976054, 1.7229732717692492, 0.657492509198645, 0.1649105786790854, 0,8, 0
0.31131510676511676, 1.8027298352338197, 0.6793488128787566, 0.191646407700148, 0,10, 0
0.33246856914787465, 1.8065726390532342, 0.6419799825200516, 0.17341768553084105, 0,8, 0
0.30845473292090736, 1.8318625362398524, 0.695363412507429, 0.18757407428479728, 0,12, 0
0.3428457393733786, 1.7841935976730139, 0.6374074940833107, 0.17269379570636814, 0,7, 0
0.2984766846271536, 1.8667823850775498, 0.6906103054374657, 0.19810568008430388, 0,6, 0
0.32102707377103706, 1.8579331280834968, 0.6582491451918777, 0.1773720350582101, 0,7, 0
0.30745692809153197, 1.9724062659470358, 0.6637665182495068, 0.18913222798137233, 0,8, 0
0.364464844009845, 1.780468568091842, 0.6246531978446245, 0.15717415468575957, 0,8, 0
0.33586110556775095, 1.8588384698724776, 0.6496686589292515, 0.17565013165202215, 0,6, 0
0.35787933213596756, 1.699820508724089, 0.6485281107296398, 0.16469600692363, 0,9, 0
0.38023016031397594, 1.7111711307338142, 0.6319906497433867, 0.1539812743596083, 0,9, 0
0.35262422670125726, 1.7151081725991686, 0.6527403840541353, 0.18283896575609276, 0,6, 0
0.36220315306326084, 1.7662383430749367, 0.6281741987345162, 0.15894367236577078, 0,7, 0
0.35894365728730127, 1.7268747506579072, 0.6581616870568938, 0.1733247202771842, 0,9, 0
0.3806958025676844, 1.6729382376926814, 0.6018496563188512, 0.15331211016312188, 0,6, 0
0.32189183795649573, 1.7987481426936553, 0.6668728009467485, 0.1845040224434992, 0,7, 0
0.359076697931218, 1.7158222209806175, 0.6434765103918899, 0.17324481794569307, 0,7, 0
0.3925364198762722, 1.6458175475112233, 0.6086772364394245, 0.15120307651182324, 0,10, 0
0.3592762588970931, 1.6978676012356442, 0.6424621797365634, 0.17503789904688044, 0,7, 0
0.32914255304995677, 1.8110882378001971, 0.6629589739053359, 0.1840643886910296, 0,7, 0
0.3727798842546398, 1.7024015153504286, 0.6379714148899052, 0.16211147734925038, 0,6, 0
0.3514268609060068, 1.802526586386668, 0.6518983484948636, 0.17068779848188434, 0,7, 0
0.3815605667531431, 1.7037653889887936, 0.6191609960888566, 0.15528112944303055, 0,5, 0
0.4056409233020688, 1.623782721364648, 0.6033721354709852, 0.14973466217494003, 0,10, 0
0.38062928224572606, 1.6853831372721453, 0.6191143627230441, 0.16476954206487368, 0,8, 0
0.391937736978647, 1.6388474369127577, 0.613442944269545, 0.1564294471360792, 0,11, 0
0.37557373777689085, 1.673184654661609, 0.6214841281280363, 0.16020910817513953, 0,7, 0
0.3665934943125125, 1.741100524869546, 0.6225330740057529, 0.1593024026595249, 0,8, 0
0.3721146810350562, 1.668654575699113, 0.605756093683041, 0.17078195030000654, 0,9, 0
0.4078360939266946, 1.595209345361283, 0.5877998045168057, 0.14741714910809964, 0,10, 0
0.3998536552916916, 1.6221840063199577, 0.6301451781543984, 0.16177749158164986, 0,7, 0
0.3539546331404244, 1.6951138568318613, 0.6647963408832854, 0.18011100142334813, 0,3, 0
0.09146544269274264, 2.305035100728303, 0.9195890098403159, 0.26629769111178325, 0,0, 0
0.0996474422936207, 2.3456459040493653, 0.9424463317291131, 0.5189461065647262, 0,3, 0
0.10217521452803832, 2.35320294788321, 0.9113478428523105, 0.4884200523837001, 0,3, 0
0.15026940730393135, 2.3492671274610726, 0.8517731023101053, 0.26111374993834086, 0,5, 0
0.1714228696866893, 2.3652864979197306, 0.8377319678625029, 0.25275347953400695, 0,8, 0
0.09958092197166234, 2.700567310892686, 0.8933638062721464, 0.5140709405155544, 0,6, 0
0.10051220647907935, 2.4624872491450587, 0.9268895047941451, 0.5166076183061192, 0,6, 0
0.09991352358145414, 2.539989879695446, 0.9273376082964652, 0.5227590964665704, 0,6, 0
0.1728197964478148, 2.2657782223888683, 0.8210092714384766, 0.2719345590483017, 0,9, 0
0.10111088937670458, 2.5228944305593934, 0.9116167084157132, 0.510127060504211, 0,4, 0
0.16656688618372914, 2.4409690395543766, 0.8201619880899131, 0.299588841843188, 0,5, 0
0.19264285239140558, 2.2545964547056228, 0.7908713786878162, 0.25319671979231645, 0,10, 0
0.18040311315106766, 2.2754492009462397, 0.8247994628106814, 0.2514412763590491, 0,6, 0
0.2106033393201623, 2.1565601443813, 0.7820275221694805, 0.2151256545236096, 0,8, 0
0.1611787401051021, 2.2858330798800943, 0.8680041790541945, 0.24501435337053223, 0,12, 0
0.17215459322823123, 2.232287299650472, 0.8071122333132064, 0.2663127233525492, 0,9, 0
0.18665602341515333, 2.183567444023508, 0.8333479157468172, 0.27243737863977285, 0,8, 0
0.18326348699527706, 2.220894391685952, 0.793393973448877, 0.2637817210094739, 0,8, 0
0.2342180536153795, 2.1503722495140765, 0.7506177350120938, 0.1882922010372868, 0,12, 0
0.2320228829907537, 2.1411651574406787, 0.7524161492441686, 0.19553916916864125, 0,1, 0
0.16729860972527108, 2.2395300504405253, 0.8244530851360059, 0.2834856402164816, 0,9, 0
0.22111355018958292, 2.1230240833463525, 0.7893198919425657, 0.20746385437078146, 0,9, 0
0.229295549790461, 2.2561302034391626, 0.7610491856975612, 0.20025130210691752, 0,10, 0
0.18772034856648706, 2.2742529660849913, 0.7935671991013912, 0.2547996422047509, 0,8, 0
0.1911794053083217, 2.1387557566843927, 0.8455944723238404, 0.2840492661004982, 0,6, 0
0.2192509811747489, 2.130400677351532, 0.7578376935435348, 0.22204139261181888, 0,6, 0
0.22829774496108562, 2.1219238455421014, 0.7629439561060457, 0.21673942250111108, 0,7, 0
0.26761125523847534, 1.982046576988861, 0.7457951430624822, 0.1863491747685355, 0,6, 0
0.22357480210204217, 2.1102686683899914, 0.7669687510138157, 0.22202895102902712, 0,8, 0
0.18259828377569348, 2.170397299266834, 0.8502829998632894, 0.30737701146020835, 0,8, 0
0.21911794053083217, 2.1217052862013457, 0.8083475884410198, 0.22872344017683852, 0,8, 0
0.20667864032461916, 2.161810818760011, 0.7965091697901805, 0.26107315136792303, 0,6, 0
0.23075899687354487, 2.1530051828104764, 0.767077264880038, 0.21158525217167043, 0,4, 0
0.16763121133506287, 2.2636866156691555, 0.8258315589257025, 0.30790857271138666, 0,7, 0
0.24659083349963415, 2.026937979511703, 0.7667293180169239, 0.18592401638104214, 0,9, 0
0.2591631743497638, 2.0138020920260242, 0.7850274847667148, 0.2083014122518351, 0,7, 0
0.2238408833898756, 2.0594426412104387, 0.7597844065741994, 0.2237614491822291, 0,7, 0
0.25157985764651103, 2.0172533804385604, 0.7425880145854706, 0.19840605920838705, 0,4, 0
0.20827512805161977, 2.0639475550486925, 0.790726736009084, 0.2521887104642413, 0,7, 0
0.25257766247588637, 2.0419754742632397, 0.73854100578271, 0.19736296120859909, 0,7, 0
0.22936207011241935, 2.129573867808382, 0.7609821027067383, 0.2522190376032206, 0,5, 0
0.2654160846138495, 1.9601721365215663, 0.755896563757106, 0.19504912476906378, 0,7, 0
0.25903013370584715, 2.019809933953091, 0.7724399658492096, 0.19725519034741454, 0,6, 0
0.2782545067518127, 1.9706928489895421, 0.7643553868135959, 0.18939389006664506, 0,7, 0
0.2549723940663873, 1.9624835041471245, 0.7491678217422691, 0.22353890537025398, 0,8, 0
0.2181201357014568, 2.1282416033441893, 0.8037475729634553, 0.25927461139466884, 0,9, 0
0.2682764584580589, 1.975906837865168, 0.7430662869213502, 0.18903630491394913, 0,7, 0
0.24798776026075967, 2.0104784088593743, 0.7432608503415132, 0.20912972558464887, 0,12, 0
0.2780549457859376, 1.9590701594257882, 0.743335230103773, 0.18921990123702678, 0,8, 0
0.22590301337058472, 2.109634447716702, 0.7592736951489192, 0.2296518984983582, 0,8, 0
0.22330872081420874, 2.0952300006762985, 0.7769522384978929, 0.2572870011847326, 0,9, 0
0.2836426528304397, 1.9299555534827355, 0.7096818419721571, 0.19323649920451505, 0,8, 0
0.26694605201889177, 1.9957600497504808, 0.7320881185952143, 0.2150150685017415, 0,9, 0
0.2206479079358744, 2.206349668545708, 0.7741197946556426, 0.2745569085671295, 0,9, 0
0.21080290028603738, 2.1463416638404778, 0.7825094251183401, 0.2710154432133981, 0,11, 0
0.23987228098183996, 2.0584095747521767, 0.7485456649319105, 0.23644638688466318, 0,5, 0
0.2549058737444289, 1.950333672496664, 0.7779713456938832, 0.23323953397639233, 0,9, 0
0.303931351027739, 1.8587356020152461, 0.7030035092803493, 0.17831100177397466, 0,9, 0
0.2822457260693142, 1.91473085837617, 0.7025067904019575, 0.1931867409629248, 0,8, 0
0.24419610190913324, 2.0516930765586405, 0.734991119533642, 0.2292424827518321, 0,8, 0
0.31843278121466106, 1.923317616371895, 0.6812155132224259, 0.1673906217806139, 0,7, 0
0.33266813011374974, 1.8376802353613757, 0.6920308345209439, 0.16281998143923748, 0,8, 0
0.2815805228497306, 2.020799778634295, 0.7241333924471591, 0.20786488205371556, 0,6, 0
0.2667464910530167, 1.937204748172052, 0.7383042526809822, 0.22870352653249687, 0,3, 0
0.30020621299807093, 1.8571518427604197, 0.6791269944538826, 0.18191862391669317, 0,7, 0
0.2692742632874343, 1.9842246801011982, 0.722034262622049, 0.20812743173427395, 0,11, 0
0.3161710902680769, 1.9042810791347473, 0.6836820630299143, 0.17377001220089636, 0,3, 0
0.29348766048027675, 1.9344571539759834, 0.7157879042809732, 0.18354453295596293, 0,10, 0
0.2781879864298543, 1.8959460197027624, 0.7293423548924924, 0.20955318207179688, 0,9, 0
0.28723475021619105, 1.8933747697120764, 0.7094693690139583, 0.1984177379489528, 0,11, 0
0.32288964278587107, 1.8120954965019405, 0.6887109959414304, 0.1854023480753122, 0,7, 0
0.3249517727665802, 1.8185244648072612, 0.7195786660727045, 0.1857664206895847, 0,7, 0
0.3005388146078627, 1.892023863132974, 0.6936860280374043, 0.1848651833889018, 0,13, 0
0.31723541541941064, 1.828602480716289, 0.6721077363751253, 0.185943567871589, 0,5, 0
0.3232222443956629, 1.854175391334708, 0.6624354826631379, 0.17291472994179036, 0,9, 0
0.2716689948779352, 1.921043537420831, 0.7194950743760766, 0.23713934287755234, 0,6, 0
0.2747289296880197, 1.9595837462533616, 0.7092424765441667, 0.2036336108998988, 0,7, 0
0.323421805361538, 1.9105343929840912, 0.6503029940012314, 0.1739651143534536, 0,5, 0
0.2964145546464445, 1.8809783341189483, 0.6795075604314081, 0.21167385879760933, 0,6, 0
0.35914321825317636, 1.7379314341501015, 0.6257605888116899, 0.1586070029520306, 0,6, 0
0.330672520454999, 1.7769717244357157, 0.6526693843426643, 0.16384283032052513, 0,7, 0
0.3586775759994678, 1.7180033537439583, 0.6263616608484309, 0.16316436495697878, 0,11, 0
0.3272134637131644, 1.8081615440726384, 0.6464895651979714, 0.18060149464093744, 0,11, 0
0.3566819663407171, 1.7529123290755717, 0.6296918840978603, 0.16020145016593446, 0,4, 0
0.3055943590766979, 1.890633056491766, 0.6899890870957853, 0.19861604110148134, 0,8, 0
0.2713363932681434, 1.9491095723371057, 0.7214435869374346, 0.23168328181456246, 0,8, 0
0.38142752610922637, 1.6763097956089696, 0.63153386266534, 0.1527894539733178, 0,7, 0
0.295017627885319, 1.853893212490847, 0.7070696702885716, 0.20666729075273593, 0,6, 0
0.30665868422803166, 1.840801251441714, 0.6649198381710462, 0.18175893391304485, 0,7, 0
0.2535089469833034, 1.9286194933152268, 0.7353922009828737, 0.251761421999231, 0,5, 0
0.34524047096387944, 1.782954846427706, 0.6439648483148752, 0.1701099475216769, 0,5, 0
0.3268143417814142, 1.7969725108496373, 0.6778399928524323, 0.1914642716125784, 0,9, 0
0.36872214461517994, 1.7127325526970014, 0.6598833494033848, 0.16344827610337045, 0,7, 0
0.30812213131111554, 1.818456229367894, 0.7034960236996899, 0.19765767632924264, 0,6, 0
0.2646178407503492, 2.004627026026258, 0.73058964673772, 0.2308086602755746, 0,8, 0
0.34863300738375574, 1.7384040440432542, 0.6391112742050863, 0.1737129462237611, 0,11, 0
0.35408767378434114, 1.7283800438255605, 0.6336513888400005, 0.16911838241079397, 0,4, 0
0.33266813011374974, 1.7498419411103263, 0.6441389369457223, 0.1907714892027043, 0,13, 0
0.3819596886848932, 1.684757490294633, 0.6446745047597082, 0.16248562808717334, 0,5, 0
0.28464045765981505, 1.941012631218836, 0.6969449099894522, 0.2067430600099508, 0,3, 0
0.36965342912259697, 1.7079839118304292, 0.6458336607101232, 0.16673304064519864, 0,9, 0
0.11108893767045833, 2.300355603291604, 0.8697164721432508, 0.253811968822136, 0,0, 0
0.11361670990487593, 2.338716123463, 0.9331632454641742, 0.3890293324175667, 0,1, 0
0.09911527971795384, 2.3553106011978318, 0.8937674628092414, 0.499571139916976, 0,1, 0
0.10097784873278787, 2.486986199634118, 0.8797611625834478, 0.46578684768472944, 0,8, 0
0.09904875939599547, 2.6884958588941394, 0.8938837418790088, 0.5046376472529119, 0,5, 0
0.09878267810816205, 2.4365447525222215, 0.9000015148416551, 0.5143119779014496, 0,8, 0
0.14534690347901283, 2.359507545948758, 0.8409697149900468, 0.2896842646906961, 0,9, 0
0.14647774895230492, 2.404649761434738, 0.8564940642518689, 0.3332050122894733, 0,4, 0
0.09991352358145414, 2.4827442218909552, 0.9273376082964652, 0.5245058406003634, 0,8, 0
0.11807357147608595, 2.2820895964899663, 0.9059812515148298, 0.39249230100024124, 0,6, 0
0.11780749018825251, 2.2650845075354624, 0.8804551430344396, 0.42722690297201865, 0,10, 0
0.1923102507816138, 2.1975501107335336, 0.8323803287373059, 0.22712550372868173, 0,3, 0
0.2000931284507417, 2.253369340058898, 0.8158402967746019, 0.22574681250083478, 0,7, 0
0.18599082019556976, 2.1910627188736798, 0.8060074804234678, 0.23821143334885253, 0,13, 0
0.20654559968070246, 2.167618708942636, 0.8057516817138202, 0.2237834684851153, 0,8, 0
0.1921106898157387, 2.2451769069688634, 0.7960404902084306, 0.21930320783972987, 0,8, 0
0.18186656023415154, 2.2582514192072654, 0.8143952621085616, 0.25352812547612974, 0,6, 0
0.13796314774163507, 2.5066708437357486, 0.8882352099865283, 0.3807272623392287, 0,6, 0
0.18133439765848466, 2.3699009201963257, 0.8062873411410749, 0.281702074689283, 0,9, 0
0.191977649171822, 2.426731573689256, 0.7989667454507596, 0.24685098952183446, 0,7, 0
0.17641189383356615, 2.242500287603255, 0.8196403152143685, 0.2696602106202373, 0,8, 0
0.26169094658418146, 2.122080737298052, 0.7483092598568706, 0.18897448650720858, 0,8, 0
0.26761125523847534, 2.035743532871951, 0.7615849282969536, 0.1857367891941667, 0,7, 0
0.24559302867025876, 2.1462442408713134, 0.737930984744631, 0.19463645179263078, 0,8, 0
0.24545998802634206, 2.1063895348516724, 0.7371816596885374, 0.19364786845659387, 0,5, 0
0.23448413490321293, 2.12268226463733, 0.7563716812991629, 0.22327091752539407, 0,13, 0
0.241734849996674, 2.0817012006568945, 0.7542304973823409, 0.2099143938416848, 0,5, 0
0.23175680170292023, 2.02878523507312, 0.8073118387370957, 0.2254288766114055, 0,10, 0
0.17967138960952572, 2.194669625797267, 0.8366625081709236, 0.2719807603018307, 0,8, 0
0.22084746890174947, 2.0836168650991467, 0.7712519210185239, 0.2179092949860528, 0,5, 0
0.20055877070445022, 2.3727619147131023, 0.795605445437339, 0.2497465606629881, 0,10, 0
0.25869753209605534, 1.9955382838122646, 0.7398730828127615, 0.19990611182632448, 0,12, 0
0.21718885119403977, 2.012663993956459, 0.776030192842058, 0.24713948714671793, 0,9, 0
0.22364132242400053, 2.11606261850014, 0.7655254297622385, 0.23144773712956024, 0,6, 0
0.26089270272068116, 2.066472193862216, 0.72776136913832, 0.18760740275758017, 0,10, 0
0.2318233220248786, 2.066207784605004, 0.7939110421858117, 0.2386910140247643, 0,5, 0
0.25583715825184594, 2.054677965746806, 0.7826696985550179, 0.21135173540247135, 0,5, 0
0.29029468502627553, 2.0088659054598774, 0.7193394953450704, 0.17427166421584697, 0,12, 0
0.2192509811747489, 2.1630473633904597, 0.812132685476725, 0.25294882472320745, 0,10, 0
0.2512472560367192, 1.9928548625944016, 0.7888345785824113, 0.2075702427183479, 0,5, 0
0.30200226169094657, 1.9318798702332356, 0.6880134589029018, 0.17203020629138868, 0,4, 0
0.2496507683097186, 2.0542489024012864, 0.7800446258968846, 0.2229472579083464, 0,5, 0
0.22776558238541875, 2.107900968423775, 0.7767865413154661, 0.2543304607692616, 0,8, 0
0.31370983835561767, 1.9086409947702145, 0.6932298960516011, 0.17014487230561293, 0,6, 0
0.30346570877403045, 1.943431188672759, 0.685683711617216, 0.16683505282665576, 0,5, 0
0.2954832701390275, 1.9006585204529127, 0.752717859375963, 0.19712223557250358, 0,4, 0
0.27672453934677044, 1.9539301801186189, 0.7169986223566461, 0.19788182549878258, 0,7, 0
0.3175680170292024, 1.9055799154561888, 0.6802947886792698, 0.15820355782103174, 0,7, 0
0.32594957759595555, 1.8397177553720867, 0.7071777335191318, 0.16815722935209312, 0,10, 0
0.23255504556642054, 2.059478813759908, 0.75985545064044, 0.22359634405164022, 0,11, 0
0.2584314508082219, 1.936432276690053, 0.751821729486907, 0.23241217382796656, 0,12, 0
0.261424865296348, 1.908836725819478, 0.7617380037745705, 0.22640783995838148, 0,8, 0
0.2910264085678175, 1.9135506633853259, 0.6951780856490422, 0.177408713104612, 0,11, 0
0.2666134504091, 2.0609908359799167, 0.7215348816041905, 0.20208929381271423, 0,8, 0
0.2896960021286503, 1.9333951005890944, 0.6874231397519164, 0.1940911081261881, 0,12, 0
0.354619836360008, 1.773064579180533, 0.653839659678464, 0.15852705294465314, 0,8, 0
0.23361937071775427, 2.0236886526735325, 0.8039392117867225, 0.2633577448555103, 0,9, 0
0.30911993614049094, 1.8873074009973894, 0.6725299099219061, 0.18011195720152606, 0,4, 0
0.25157985764651103, 2.0457067265050948, 0.727116136020193, 0.2142091425331027, 0,5, 0
0.3049956761790727, 1.8805796208634138, 0.6954891172873091, 0.18759639518490875, 0,10, 0
0.27033858843876807, 2.039201605362005, 0.7179067666205249, 0.20729640642618424, 0,14, 0
0.3250848134104969, 1.8208810338112502, 0.6668551019637435, 0.17186240425619598, 0,4, 0
0.33872147941196035, 1.7929487562557025, 0.6770906663973829, 0.177923231162899, 0,9, 0
0.27240071841947716, 1.894056430892983, 0.739729771288969, 0.23039712645348523, 0,5, 0
0.29515066852923566, 1.8709920025875744, 0.7310574159811465, 0.21562820931649662, 0,6, 0
0.3163041309119936, 1.8374185155352805, 0.7044499181329718, 0.19167769643744148, 0,7, 0
0.3155058870484933, 1.8064201307960481, 0.6675378907661286, 0.18252013460540262, 0,8, 0
0.3415153329342114, 1.790536458423448, 0.689201431850519, 0.1738062710623683, 0,7, 0
0.2944854653096521, 1.8940660952094357, 0.7341527333825557, 0.20844706915110567, 0,5, 0
0.30107097718352954, 1.8715536747357489, 0.6752102077398819, 0.18860393500024308, 0,7, 0
0.31257899288232555, 1.8351472897665362, 0.6873721617123917, 0.18864875370571507, 0,8, 0
0.3346637397725005, 1.8097445167051471, 0.6558017765048123, 0.17802231909452057, 0,3, 0
0.2831104902547728, 1.8580605180005165, 0.7114581612848583, 0.2233494120365253, 0,9, 0
0.32488525244462185, 1.7787331928553747, 0.6653054322734568, 0.18176390612415105, 0,7, 0
0.32555045566420543, 1.777633138325593, 0.654032435956441, 0.17855597522904643, 0,11, 0
0.30665868422803166, 1.8969610035597886, 0.6697086247860332, 0.1770282214901353, 0,9, 0
0.3775693474356416, 1.693353936941508, 0.6335121522722619, 0.15083228490982836, 0,6, 0
0.3544202753941329, 1.7426843238925216, 0.6654422168822656, 0.16891336237682983, 0,11, 0
0.27399720614647777, 1.963506386454199, 0.7414010392656736, 0.21451388738190683, 0,8, 0
0.3370584713630014, 1.7580698904722805, 0.6538582681262879, 0.1888318240991113, 0,4, 0
0.33326681301137495, 1.7828879159803537, 0.6548181411230365, 0.17731111970922325, 0,7, 0
0.3673252178540544, 1.705504841451785, 0.6316288484372959, 0.16072804201218255, 0,7, 0
0.335129382026209, 1.813997263708713, 0.6561639740741146, 0.17651316312823354, 0,6, 0
0.34863300738375574, 1.740330908540432, 0.6352921325512066, 0.1647331885183698, 0,7, 0
0.32734650435708107, 1.8182542630693264, 0.6656279443101926, 0.17652612765848472, 0,9, 0
0.35488591764784144, 1.7149186462098505, 0.6334185741041387, 0.16936439745809725, 0,2, 0
0.36685957560034593, 1.7052834215836952, 0.6515384842281375, 0.1638743519509905, 0,6, 0
0.3493647309252977, 1.7439538180721041, 0.6860420406007806, 0.17888589196496288, 0,9, 0
0.3404510077828777, 1.8167822545896484, 0.6347797108400288, 0.16740360076176075, 0,5, 0
0.36054014501430187, 1.7088783763129498, 0.6564641147372723, 0.1663404908969909, 0,9, 0
0.32089403312712034, 1.8363125229011885, 0.695818109308266, 0.1911890683843401, 0,7, 0
0.33093860174283246, 1.8673174188898003, 0.6507088928082273, 0.17550267483049123, 0,6, 0
0.3537550721745493, 1.7471447758258147, 0.6355947247325253, 0.1697137802711501, 0,7, 0
0.3367258697532096, 1.7829004463750286, 0.6639849493182604, 0.17850773708566575, 0,6, 0
0.3586110556775095, 1.7170431849339254, 0.6212495850840971, 0.16936442929816067, 0,8, 0
0.3653296081953037, 1.6849582914201306, 0.6482838512699665, 0.17080006421847668, 0,6, 0
0.3955963546863567, 1.643386614934846, 0.5988386367892957, 0.15772758385559127, 0,6, 0
0.39180469633473025, 1.6521432806154073, 0.6006665884319535, 0.15681414998841758, 0,11, 0
0.37903279451872546, 1.6696112735169317, 0.6040004031665299, 0.1570028054809891, 0,5, 0
0.4096986629415286, 1.6017692196609445, 0.6058294439006682, 0.1479666963742582, 0,5, 0
0.3979910862768576, 1.6428624703436405, 0.598592857410346, 0.14843431370493929, 0,3, 0
0.0747688418811947, 2.3045451321034407, 0.9337384884011755, 0.23943967853245765, 0,0, 0
0.09492449943457726, 2.337341964859405, 0.8924597655915685, 0.35091068546326476, 0,0, 0
0.09958092197166234, 2.4752903225210496, 0.8933638062721464, 0.5161295752645522, 0,4, 0
0.09931484068382891, 2.4117523682916, 0.8936838730903267, 0.49909025432578297, 0,5, 0
0.1414222044834697, 2.3542445065898585, 0.9019531141670644, 0.3689568475289289, 0,5, 0
0.15020288698197298, 2.3353739223786, 0.8512219592287142, 0.3154155932166057, 0,9, 0
0.16776425197897957, 2.2635026744190254, 0.8302512866350356, 0.25923721000126826, 0,8, 0
0.1388944322490521, 2.3233584412587645, 0.8570655525664709, 0.3745380161024548, 0,8, 0
0.15712100046564226, 2.4405179628670544, 0.8898500430567186, 0.3518308918233906, 0,6, 0
0.14880596022084747, 2.363729393990511, 0.8977249682152459, 0.36138037156965747, 0,8, 0
0.10337258032328876, 2.353645380929599, 0.8949383228024053, 0.48713215354789924, 0,8, 0
0.16703252843743763, 2.2083703696366945, 0.8251141099868922, 0.2909592649267387, 0,6, 0
0.19217721013769706, 2.2645053037156733, 0.7954838126737549, 0.2433279208478123, 0,5, 0
0.19916184394332467, 2.192037606979966, 0.8030518396096844, 0.21470943210521903, 0,7, 0
0.1587840085146012, 2.2147719520521143, 0.8605554795625082, 0.327786962176778, 0,3, 0
0.17102374775493914, 2.2529847415702227, 0.8113626594736552, 0.2660283461887363, 0,11, 0
0.1425530499567618, 2.3031023253995184, 0.8537311273819723, 0.3876608896597148, 0,10, 0
0.20621299807091067, 2.1586483182810676, 0.8268377446380443, 0.2759909798160365, 0,7, 0
0.1857247389077363, 2.1704167770560705, 0.8014106303016484, 0.2796294771571907, 0,9, 0
0.19982704716290828, 2.2889008727416558, 0.7893747740618664, 0.2562855483913766, 0,3, 0
0.22224439566287502, 2.120313437257961, 0.8099702157629097, 0.23528734359356007, 0,4, 0
0.22690081819996008, 2.1910612890203818, 0.8121817632172795, 0.2399864202786805, 0,8, 0
0.2192509811747489, 2.0763395511524365, 0.819914540154197, 0.23396567622045392, 0,11, 0
0.23308720814208742, 2.060051704649677, 0.7954659826890625, 0.21567359130335667, 0,12, 0
0.24393002062129981, 2.001545357678787, 0.7844866336354116, 0.1981077214740744, 0,5, 0
0.23035987494179472, 2.058736346157013, 0.7569686817685988, 0.2093563991973496, 0,8, 0
0.20661212000266083, 2.082046017678192, 0.7880469201613615, 0.25632602227713114, 0,8, 0
0.21659016829641456, 2.072473774926594, 0.7697896145144846, 0.23619653747243963, 0,9, 0
0.20907337191512007, 2.03089429242148, 0.7835405166943097, 0.2828148350670464, 0,4, 0
0.25683496308122133, 1.9786384145212628, 0.7747913572912947, 0.2016393116701081, 0,6, 0
0.2155923634670392, 2.1132120955595433, 0.7798959681590852, 0.240891452335518, 0,10, 0
0.2691412226435176, 1.987901208850031, 0.7348383121161497, 0.18585204815247736, 0,10, 0
0.28444089669394, 2.0090736159305806, 0.7435947693650147, 0.1796061183579601, 0,9, 0
0.23953967937204815, 2.102932183025507, 0.7958255838924018, 0.22679064471668975, 0,6, 0
0.25769972726667995, 2.0343094803192163, 0.7776810042192845, 0.21824607347880726, 0,5, 0
0.22603605401450144, 2.092846644727213, 0.7789597891924384, 0.24003169284963766, 0,9, 0
0.2401383622696734, 2.0254132267934457, 0.7788227819533816, 0.2072909025692793, 0,16, 0
0.24007184194771503, 2.0833773785687995, 0.7560947545980659, 0.22036213904934374, 0,4, 0
0.24293221579192442, 2.0498082379393017, 0.7379501414321418, 0.20623963639535592, 0,11, 0
0.20634603871482737, 2.093910003738521, 0.7782350372505639, 0.25796304126013825, 0,10, 0
0.2516463779684694, 2.064960734292132, 0.73228148634203, 0.19578487004408426, 0,10, 0
0.26820993813610056, 1.948320714694523, 0.7509541600189439, 0.21628123705830332, 0,9, 0
0.28457393733785674, 1.909845506987124, 0.7194829535252761, 0.19648437806963914, 0,5, 0
0.2887647176212333, 1.9041679794342863, 0.7319256280923265, 0.18354017723921626, 0,12, 0
0.2841082950841482, 1.912114754203217, 0.7320699849679825, 0.19270595147944106, 0,10, 0
0.2785871083616045, 1.9968028834049616, 0.7662557296678272, 0.20787470380716613, 0,3, 0
0.2498503292755937, 1.9943071449936123, 0.7439639719093215, 0.2085241784106424, 0,11, 0
0.2881660347236081, 1.920791445287221, 0.7493684699208617, 0.2037368030049358, 0,5, 0
0.258631011774097, 2.0131529233360976, 0.7354979435035418, 0.20690726817625102, 0,7, 0
0.2871017095722743, 1.9564130649447387, 0.7148860307017124, 0.1763282371408991, 0,9, 0
0.26089270272068116, 1.955412600918745, 0.7528252763642872, 0.2197372610356748, 0,3, 0
0.20987161577862037, 2.092946759335955, 0.7742446554221856, 0.26724649525313626, 0,6, 0
0.28457393733785674, 1.8649623296792608, 0.6981358244995025, 0.19966479959282146, 0,9, 0
0.30000665203219584, 1.8909947341179758, 0.6911945959534478, 0.17790682174074982, 0,11, 0
0.2666799707310583, 2.012064940418097, 0.7194396827306215, 0.20071908074883407, 0,7, 0
0.32368788664937137, 1.8391198110835785, 0.6689490429613296, 0.16333326815746907, 0,7, 0
0.2575666866227633, 1.994349550415416, 0.7313828135890074, 0.2451349782112726, 0,10, 0
0.2989423268808621, 1.8991807960015938, 0.6834379395665056, 0.19176731591189144, 0,1, 0
0.3029335461983636, 1.9072633089835571, 0.6896870136582993, 0.1729375413828395, 0,4, 0
0.29614847335861105, 1.8928781821109542, 0.7301894158412685, 0.19366376461710694, 0,10, 0
0.3383223574802102, 1.7840253398707548, 0.6756512295397082, 0.166039550614769, 0,5, 0
0.3088538548526575, 1.8574468432917277, 0.7326783197490901, 0.19515282392311264, 0,8, 0
0.3043304729594891, 1.8552377031868124, 0.7052418277426412, 0.19377214383333677, 0,11, 0
0.30765648905740706, 1.839419230910933, 0.6795594519626031, 0.1807394137208436, 0,4, 0
0.2774562628883124, 1.919923585870979, 0.6962537054410817, 0.20303236853992612, 0,10, 0
0.3152398057606599, 1.8342749792397288, 0.6703127909390385, 0.1865638155857557, 0,6, 0
0.29568283110490257, 1.83599231334406, 0.6825632881565348, 0.19194627577594064, 0,8, 0
0.32934211401583185, 1.8066865913146177, 0.6606236075073363, 0.17222365884225677, 0,10, 0
0.33951972327546065, 1.7904464744018047, 0.6754032691595994, 0.17016733818229693, 0,8, 0
0.3254174150202887, 1.8214259677357376, 0.6772751010886229, 0.17145258493244062, 0,8, 0
0.3075899687354487, 1.8693510054836235, 0.6820419619832573, 0.1992911492826107, 0,5, 0
0.3260826182398723, 1.8870207030981083, 0.6584894154687145, 0.17956617871501837, 0,8, 0
0.34051752810483604, 1.829424760496752, 0.6491556994457333, 0.16613020815364518, 0,7, 0
0.3117142286968669, 1.8017828814729455, 0.7086378355413001, 0.18923743984396804, 0,6, 0
0.34716956030067186, 1.7496239043876796, 0.6863475853159897, 0.16888126088151126, 0,9, 0
0.35801237277988424, 1.7615937172815423, 0.6656436591390377, 0.16143769353569862, 0,6, 0
0.2845074170158984, 1.8659334958852554, 0.703150933952359, 0.20537653356324242, 0,6, 0
0.2900286037384421, 1.881362755998185, 0.6792704294691774, 0.2009399696804581, 0,8, 0
0.3511607796181733, 1.7195947821812898, 0.6406536411438191, 0.16472444545986129, 0,12, 0
0.3430453003392536, 1.7544590756302068, 0.6856183079632912, 0.1781437583336537, 0,5, 0
0.32661478081553913, 1.7861522697886172, 0.6567551252403709, 0.18684596181750412, 0,8, 0
0.4119603538881128, 1.6310169119198292, 0.5960613461830883, 0.14243897304652686, 0,12, 0
0.3625357546730526, 1.7001851130442207, 0.6819470955128897, 0.1752044447310722, 0,15, 0
0.33825583715825186, 1.7519580246738782, 0.6583456840292683, 0.1806776358403015, 0,3, 0
0.3862169892902282, 1.6520480470672256, 0.6050776736986478, 0.15192232418403018, 0,8, 0
0.33905408102175216, 1.7544373228470975, 0.6616069925366826, 0.17606400075485726, 0,6, 0
0.28889775826515, 1.9546874881480607, 0.7070943686060666, 0.2040410675149251, 0,8, 0
0.36073970598017696, 1.7216811847133264, 0.6210482767990397, 0.1664345396242257, 0,8, 0
0.35608328344309187, 1.716107667043586, 0.6577757404363435, 0.16770981535849203, 0,11, 0
0.38402181866560237, 1.656310684223149, 0.6298177558480753, 0.15637555868730538, 0,11, 0
0.372447282644848, 1.6956532525975, 0.6400127006533731, 0.16331846163053323, 0,5, 0
0.34603871482737975, 1.778135031768997, 0.6557751712167988, 0.17350067688511386, 0,8, 0
0.3539546331404244, 1.7048375506184736, 0.6447039873059331, 0.17536687281878197, 0,10, 0
0.3383223574802102, 1.7617499891698047, 0.643593271150355, 0.1779176200911046, 0,4, 0
0.3681234617175547, 1.7060182710801866, 0.6481871051051029, 0.1699492543131434, 0,8, 0
0.38608394864631146, 1.654012411232124, 0.6121700006261876, 0.15758793093609386, 0,11, 0
0.37796846936739176, 1.6709285879384128, 0.6190765926710456, 0.16274848318286195, 0,10, 0
0.3864165502561032, 1.694175337120293, 0.619713217945085, 0.1552417786570834, 0,9, 0
0.3947981108228564, 1.6555663927500417, 0.603350624132945, 0.15207317725065408, 0,7, 0
0.3687886649371383, 1.68602439539721, 0.6232569687012149, 0.16433131751494212, 0,7, 0
0.3890773631344376, 1.667803283802868, 0.6212049150694858, 0.1566296988686351, 0,10, 0
0.10550123062595623, 2.30378162381115, 0.8919827566537682, 0.3644868836451288, 0,0, 0
0.10323953967937205, 2.33106029178777, 0.8939598614912572, 0.44977010513401816, 0,3, 0
0.09958092197166234, 2.5300175786406935, 0.8933638062721464, 0.5115347897147544, 0,4, 0
0.10237477549391338, 2.4261004870534064, 0.8959955197492746, 0.46408033536094834, 0,5, 0
0.14807423667930553, 2.2763582553675112, 0.8379283767608089, 0.2662146868659771, 0,4, 0
0.12312911594492118, 2.4298220633239254, 0.864103656439431, 0.3351346891355997, 0,5, 0
0.1433512938202621, 2.433712660810361, 0.845381785055295, 0.30051212478129696, 0,7, 0
0.15040244794784807, 2.37555686938884, 0.8661543591360436, 0.2983975298386361, 0,5, 0
0.09991352358145414, 2.4701870982180507, 0.8932058043502127, 0.5016534311632121, 0,8, 0
0.13177675779950776, 2.248968859192442, 0.864727404820821, 0.3690888140546473, 0,10, 0
0.15073504955763986, 2.5336696906122453, 0.8372174450972679, 0.30185513096177297, 0,6, 0
0.18725470631277855, 2.2697505595750185, 0.8172277063586363, 0.24935075487440173, 0,5, 0
0.19882924233353289, 2.384568594168627, 0.7819364811279891, 0.21972522100847272, 0,10, 0
0.1831969666733187, 2.3032909543390705, 0.8171862104062226, 0.27258734188740064, 0,5, 0
0.17534756868223242, 2.1213315153902244, 0.8145685959165069, 0.2746023449902221, 0,9, 0
0.15472626887514135, 2.2505016003604705, 0.8356912248326575, 0.3758136840282921, 0,7, 0
0.19749883589436573, 2.1602816191895124, 0.7867278491758302, 0.25808666527970625, 0,9, 0
0.16164438235881062, 2.3232340959266202, 0.841774921897576, 0.2929962907169202, 0,10, 0
0.20834164837357813, 2.18178189037121, 0.7689909752468551, 0.2275334341705514, 0,10, 0
0.24000532162575666, 2.0959020770017176, 0.7513573628123034, 0.18929502386441135, 0,5, 0
0.22404044435575068, 2.096489670636181, 0.757209038278569, 0.2074043289544692, 0,6, 0
0.2594292556375973, 2.0044690163749457, 0.7567640149223531, 0.190524431255217, 0,8, 0
0.2155923634670392, 2.075830954511921, 0.76785215626284, 0.22643851659702785, 0,8, 0
0.2547063127785538, 2.019312721752148, 0.7555573851531184, 0.18739445597393975, 0,7, 0
0.1915120069181135, 2.096766845076763, 0.8067939843572566, 0.25420957562109114, 0,11, 0
0.23847535422071442, 2.0437222146697684, 0.757113698065535, 0.2058404832160523, 0,8, 0
0.22071442825783277, 2.0440504690102537, 0.7628662558639192, 0.24228981975558944, 0,10, 0
0.2270338588438768, 2.077342869599787, 0.7624021366039652, 0.22524403031246806, 0,9, 0
0.2610257433645979, 2.010479800241052, 0.7237286173192904, 0.18225952637666754, 0,4, 0
0.2410696467770904, 1.9790685989975192, 0.7495652085220327, 0.20764610413411488, 0,4, 0
0.25157985764651103, 2.070316881696708, 0.754261628252375, 0.21175985707621514, 0,7, 0
0.2946185059535688, 1.917384603677265, 0.730813733773779, 0.1724536588532831, 0,11, 0
0.28257832767910596, 1.974716587511673, 0.6990004605622265, 0.17468998105274663, 0,9, 0
0.24945120734384355, 2.0503320359845905, 0.7486607423327925, 0.2105005834904617, 0,5, 0
0.26415219849664073, 1.9679598233216553, 0.72543901879315, 0.19253246676777014, 0,6, 0
0.27998403512273, 1.9509422995885086, 0.7095099440898665, 0.18056918362374882, 0,8, 0
0.2378766713230892, 1.9685274561107464, 0.754720142123124, 0.24190325558309184, 0,9, 0
0.30625956229628154, 1.8856257501257827, 0.7041703416332434, 0.17575751780038673, 0,11, 0
0.30366526973990554, 1.883468574022633, 0.6896699342561035, 0.17439184405460317, 0,12, 0
0.31051686290161645, 1.8701128302430596, 0.721848548499797, 0.1743885638908819, 0,5, 0
0.29854320494911196, 1.9012816190275534, 0.73860698261547, 0.18758318355595538, 0,7, 0
0.24945120734384355, 1.9991434528657492, 0.7517888777287368, 0.21552655604831203, 0,6, 0
0.24226701257234085, 2.001395026192506, 0.7416969191882389, 0.21742920675080704, 0,6, 0
0.26554912525776625, 1.983280086127979, 0.7317946802071567, 0.20990916425804837, 0,8, 0
0.24705647575334264, 2.0712375729841948, 0.7632155310545323, 0.2067459558044403, 0,5, 0
0.29574935142686093, 1.8547365181715532, 0.7042181569343632, 0.19317507499512288, 0,4, 0
0.30892037517461585, 1.8704467144291899, 0.6790698117885412, 0.17093647603267798, 0,10, 0
0.26248919044768176, 1.965141943802672, 0.7234293235384441, 0.21117526418769983, 0,10, 0
0.31923102507816137, 1.8310384973155074, 0.7114603435498708, 0.17660323830462482, 0,7, 0
0.2849065389476485, 1.945409218153062, 0.7089303525679627, 0.18225615751765967, 0,16, 0
0.268476019423934, 1.9925565402609124, 0.7326263203684684, 0.2192142851579812, 0,5, 0
0.2751945719417282, 2.0001030157705606, 0.7160892169204748, 0.20579666202810848, 0,8, 0
0.2896960021286503, 2.0696501934162783, 0.6996264387785921, 0.19073476195018357, 0,7, 0
0.2756602141954367, 1.9288123425138153, 0.7011336277988809, 0.19702695445882312, 0,6, 0
0.3177010576731191, 1.8387501019644243, 0.6762219580182993, 0.17559225047803853, 0,5, 0
0.2610257433645979, 2.150131605391587, 0.723742039527346, 0.21922384732107938, 0,6, 0
0.3365928291092929, 1.8550877637716616, 0.6494957164672364, 0.1609987884482592, 0,1, 0
0.3294751546597485, 1.8630223204289766, 0.6680419516146988, 0.16687602098102022, 0,4, 0
0.29694671722211136, 1.8892652957923777, 0.6790696374493308, 0.19104014717874873, 0,6, 0
0.3197631876538282, 1.8120734571403494, 0.6948901342182139, 0.17192962261583422, 0,8, 0
0.29741235947581984, 1.8369815678587933, 0.727203029597788, 0.20300815187688603, 0,10, 0
0.2611587840085146, 1.940048047809205, 0.7604951324047974, 0.23030571799349142, 0,4, 0
0.34683695869088005, 1.8550093584786091, 0.6303678924934518, 0.16204326586738957, 0,8, 0
0.2873012705381494, 1.8975141264083404, 0.7062765126501108, 0.21644301523728895, 0,6, 0
0.2817135634936473, 1.963229771598659, 0.7041132488285462, 0.2340664736127729, 0,7, 0
0.33506286170425065, 1.7998023774304615, 0.6498481591561621, 0.1790033223680645, 0,5, 0
0.33665934943125125, 1.7947252755836598, 0.6542039798411373, 0.17461412124048512, 0,5, 0
0.359076697931218, 1.7201066832853904, 0.6457248838706523, 0.16419681912061257, 0,5, 0
0.3497638528570478, 1.7417558762101462, 0.6753840717268139, 0.16962713240257568, 0,4, 0
0.33459721945054216, 1.803255031438817, 0.6437399180592904, 0.1712779770191591, 0,8, 0
0.3397858045632941, 1.769801505958218, 0.6375134598587809, 0.16669335396697316, 0,6, 0
0.35974190115080157, 1.7107667265708817, 0.6581714923512321, 0.1684996126534207, 0,6, 0
0.3775693474356416, 1.7116590719681208, 0.6417628592869272, 0.15584454512924528, 0,8, 0
0.3638661611122198, 1.7230695554582547, 0.6503216158788383, 0.1566388135330311, 0,6, 0
0.3638661611122198, 1.7111923484549125, 0.6257757472132934, 0.15930994620388825, 0,7, 0
0.3508946983303399, 1.73278785153935, 0.6559019383154578, 0.16689024039129335, 0,7, 0
0.3355950242799175, 1.8031164802576676, 0.6707524145767674, 0.16778834927469222, 0,9, 0
0.3657952504490122, 1.7161796933193292, 0.6667098022245286, 0.16599638677414297, 0,8, 0
0.36486396594159515, 1.7037420371395064, 0.6505580320873645, 0.17463082982408973, 0,7, 0
0.3798975587041841, 1.6864684437639674, 0.6323262966795378, 0.15968628902607068, 0,6, 0
0.3073904077695736, 1.8216200561304732, 0.6851372928930377, 0.2182389205808566, 0,8, 0
0.3793653961285173, 1.6930324317634537, 0.6246891220995355, 0.15695452515947192, 0,7, 0
0.39040776957360473, 1.6590368236831219, 0.6318247033383716, 0.1514174064694083, 0,5, 0
0.38415485930951904, 1.687480272619039, 0.607873876948908, 0.15429683129213945, 0,6, 0
0.36140490919976054, 1.7301052379638289, 0.6189106504885009, 0.16902316649287769, 0,6, 0
0.334198097518792, 1.7512696845195397, 0.6651990192266293, 0.18575868452587657, 0,3, 0
0.3437105035588372, 1.7191514469648972, 0.6680943642176174, 0.17569576194556868, 0,7, 0
0.3809618838555179, 1.6704493504571938, 0.6032726147214973, 0.15439021073932657, 0,7, 0
0.3835561764118938, 1.7161032359558674, 0.5954011429061804, 0.1538486317254035, 0,7, 0
0.3812279651433513, 1.7194032400126849, 0.6050040059811604, 0.15568657259960705, 0,12, 0
0.33792323554846004, 1.809982475805511, 0.6426061493460843, 0.1778615520709201, 0,11, 0
0.37377768908401515, 1.674402068167685, 0.6215988858523109, 0.1619701614289054, 0,6, 0
0.3177675779950775, 1.8391949093556725, 0.6866363189803145, 0.1908986663523993, 0,10, 0
0.3756402580988492, 1.6886658519000928, 0.6082499292230691, 0.16353572232924293, 0,6, 0
0.3222244395662875, 1.8648465357877961, 0.6561761646540581, 0.1857693571227139, 0,6, 0
0.4198762722011575, 1.5930519863226644, 0.5933831445894664, 0.1462309061823965, 0,8, 0
0.3971263220913989, 1.6623302542393312, 0.6117821637826074, 0.1549346246292097, 0,13, 0
0.3413822922902947, 1.7627003007343347, 0.6671181885844306, 0.18076236397317413, 0,5, 0
0.368921705581055, 1.6767517675747932, 0.6366527841147903, 0.1684890012425317, 0,9, 0
0.37577329874276594, 1.6624159901424265, 0.651531510591466, 0.17360308633829605, 0,12, 0
0.3797645180602674, 1.673607559482994, 0.6367849206742654, 0.16132545728281592, 0,7, 0
0.10397126322091399, 2.30379408431816, 0.8843698301905044, 0.2697131845925734, 0,0, 0
0.10503558837224772, 2.3131184841767682, 0.886147222747143, 0.37819529879952307, 0,0, 0
0.09958092197166234, 2.3538842132639792, 0.8933638062721464, 0.5136153138892439, 0,7, 0
0.09958092197166234, 2.429345021964404, 0.8933638062721464, 0.515812194916748, 0,6, 0
0.15585711434843344, 2.3817640796897495, 0.8261937453160183, 0.3236562544354399, 0,11, 0
0.1028404177476219, 2.5432784563448507, 0.8979044035368053, 0.4273615926647381, 0,7, 0
0.09998004390341249, 2.5182857065312456, 0.8972011790020673, 0.48720825442677934, 0,9, 0
0.09951440164970399, 2.459210138783074, 0.8932557085043628, 0.5042240091047938, 0,9, 0
0.1819330805561099, 2.4890837422516627, 0.7851287170079827, 0.2586665405160782, 0,7, 0
0.13024679039446552, 2.3403062891565236, 0.8499420752769741, 0.33564758355584057, 0,6, 0
0.18452737311248588, 2.2884955039909642, 0.8124285379582433, 0.25655913759678606, 0,5, 0
0.16876205680835496, 2.257059015017946, 0.8544919979281087, 0.3217277163951983, 0,5, 0
0.18419477150269406, 2.211417632181313, 0.8148944935864227, 0.2481981958345676, 0,8, 0
0.16257566686622762, 2.365497977475258, 0.8175417840737061, 0.27182796290210304, 0,9, 0
0.14388345639592895, 2.488208176997229, 0.8791131910419481, 0.3511959396287247, 0,8, 0
0.2451939067385086, 2.0990028661667512, 0.7545921530415337, 0.17726240395519466, 0,10, 0
0.17421672320894033, 2.114044453560422, 0.806776621690954, 0.30635566377210444, 0,12, 0
0.22723341980975187, 2.0837212300844583, 0.7648471200246874, 0.21581454437831243, 0,3, 0
0.2227100379165835, 2.097156031866206, 0.7596224835893323, 0.21793840413729093, 0,10, 0
0.23461717554712966, 2.1028526463940307, 0.7692031861525059, 0.19697794787727727, 0,9, 0
0.2399388013037983, 2.100290683435837, 0.7548127044113998, 0.19711874292976503, 0,3, 0
0.21871881859908202, 2.183551136798538, 0.7745689660267958, 0.20393271343592206, 0,9, 0
0.233752411361671, 2.110830573386032, 0.7520502072571229, 0.19817404000705982, 0,5, 0
0.19763187653828246, 2.1648903598822193, 0.8486205864226711, 0.28479538545881466, 0,10, 0
0.21851925763320695, 2.1182244401178556, 0.8267560476732156, 0.23385437434320402, 0,7, 0
0.19550322623561497, 2.093084403392933, 0.8437786562632539, 0.2695948853178186, 0,7, 0
0.25962881660347237, 2.0322488687562266, 0.7285270580665957, 0.1954943570233751, 0,9, 0
0.2686755803898091, 1.969165092305034, 0.7112321677949548, 0.17887214307335822, 0,6, 0
0.1916450475620302, 2.138708710531699, 0.8069547338178649, 0.28425497127351634, 0,5, 0
0.23561498037650502, 2.0716833591278796, 0.750139150664002, 0.20579570375309583, 0,7, 0
0.17461584514069048, 2.154492314758474, 0.831541735862956, 0.2911781483093062, 0,9, 0
0.22297611920441696, 2.110778213308567, 0.7722487339577495, 0.2445699154095071, 0,7, 0
0.24592563028005054, 2.1653221065766686, 0.733623043671838, 0.2075788404974935, 0,5, 0
0.22164571276524977, 2.116561858396937, 0.763717511460156, 0.22883196278068246, 0,7, 0
0.23894099647442293, 2.0676063994031337, 0.7923112338833961, 0.21435598971846148, 0,12, 0
0.2535089469833034, 1.9969339954720629, 0.7665498338514971, 0.2172462536249866, 0,6, 0
0.25743364597884655, 1.9587683606859865, 0.7584411291519092, 0.20642762662977834, 0,7, 0
0.27526109226368656, 1.9663337933749945, 0.7057079390941684, 0.17346820429942406, 0,6, 0
0.2927559369387348, 1.9149245078919106, 0.6954345152241632, 0.17532118556206158, 0,11, 0
0.263087873345307, 2.048825144284041, 0.7221663583562007, 0.19378683004037117, 0,12, 0
0.2329541674981707, 2.0036319064569037, 0.7647640922679924, 0.2515840666124581, 0,10, 0
0.26129182465243134, 1.9452258421815989, 0.7149323839060842, 0.1974491702338373, 0,5, 0
0.2757932548393534, 1.9660249327674388, 0.7055944611607627, 0.17928336005589138, 0,10, 0
0.23428457393733787, 2.037156436988585, 0.7643109304976609, 0.21325549734362007, 0,6, 0
0.29634803432448614, 1.9194110688958301, 0.691420772275826, 0.1858047759491448, 0,10, 0
0.30632608261823985, 1.8556607614288008, 0.7093134203408274, 0.17578934507881405, 0,4, 0
0.23934011840617309, 2.003731651328911, 0.7559025117974144, 0.22125388509207625, 0,8, 0
0.25710104436905473, 1.9910297028788277, 0.7270498088901214, 0.2157591542848305, 0,10, 0
0.28071575866427195, 1.9449880182770827, 0.7043917246199721, 0.18959864056092193, 0,2, 0
0.32388744761524646, 1.915749816086322, 0.6619332035589409, 0.17086529025660158, 0,8, 0
0.2573006053349298, 1.952528400085076, 0.723340612215007, 0.22079849931641982, 0,8, 0
0.3633339985365529, 1.7622180573995627, 0.654779896263226, 0.15263938332571148, 0,6, 0
0.2944854653096521, 1.8661193638308466, 0.7411726937788508, 0.1976279323513114, 0,6, 0
0.32934211401583185, 1.8457531327973866, 0.7079748968872334, 0.16880923848829416, 0,9, 0
0.26415219849664073, 1.9152446242456609, 0.7257468075465939, 0.2268391858412338, 0,7, 0
0.2847069779817734, 1.934877010743188, 0.705115751355438, 0.19360922677931428, 0,12, 0
0.30379831038382227, 1.8688704003190546, 0.685822880464092, 0.17896899067164113, 0,7, 0
0.24931816669992682, 2.028643737444817, 0.7652041554536236, 0.2275419337403598, 0,8, 0
0.3151067651167432, 1.8091402508252508, 0.6769400032850089, 0.1815834594375282, 0,7, 0
0.2496507683097186, 1.9882958836519955, 0.7487567507871076, 0.22078238975007994, 0,4, 0
0.3199627486197033, 1.8078000241669878, 0.6672410495072236, 0.17513493219099438, 0,7, 0
0.27938535222510474, 1.9175826346993978, 0.7171955350702202, 0.22036424730317278, 0,7, 0
0.32801170757666465, 1.8055760275458794, 0.7144569863167451, 0.19778606549805203, 0,6, 0
0.2978780017295284, 1.8790068732505072, 0.6915886069662089, 0.19859137560802906, 0,8, 0
0.2958823920707776, 1.8665505560986146, 0.717471813520635, 0.20465117568299782, 0,6, 0
0.31923102507816137, 1.8720547100633773, 0.6854065638672217, 0.1864765626203801, 0,4, 0
0.32920907337191513, 1.8512555399293442, 0.6705227887155512, 0.17023125435035585, 0,6, 0
0.3570145679505089, 1.7663128638048653, 0.6722612490597194, 0.16742610870912564, 0,11, 0
0.3362602274995011, 1.7717559395622748, 0.657257120516491, 0.17237717605595076, 0,5, 0
0.3385884387680436, 1.7775000839154735, 0.6507068398391175, 0.16578681484222685, 0,4, 0
0.34577263353954635, 1.7315171881702334, 0.6481906620006851, 0.17859514774720212, 0,7, 0
0.3086542938867824, 1.8767422495932349, 0.6742815769145153, 0.18814336546837546, 0,9, 0
0.3624027140291359, 1.7090520538081906, 0.6569326291963913, 0.16347946620903708, 0,6, 0
0.34843344641788065, 1.7948503968149954, 0.640532151863507, 0.16691144003760455, 0,7, 0
0.35162642187188187, 1.7699422066316215, 0.6388272015732496, 0.16665339258745815, 0,11, 0
0.3525577063792989, 1.7377909902151907, 0.6377403461254538, 0.16563867037351343, 0,8, 0
0.3692543071908468, 1.7160803163304568, 0.6337017842374733, 0.15527737973343295, 0,11, 0
0.3843544202753941, 1.6748385499680358, 0.6302674443692587, 0.1536246618895831, 0,8, 0
0.3139093993214927, 1.8034601641156864, 0.6830526015935822, 0.2116335485711539, 0,8, 0
0.35022949511075635, 1.7327788481175967, 0.6426501328109323, 0.1702579637003101, 0,6, 0
0.35787933213596756, 1.759322702194778, 0.6335518705116777, 0.16703813281665184, 0,6, 0
0.35169294219384023, 1.7909877162600423, 0.6580595884631302, 0.16388784936045528, 0,7, 0
0.3445087474223375, 1.8094454428031996, 0.680158366038047, 0.17088236472049265, 0,5, 0
0.28989556309452535, 1.8859179886619877, 0.717184378864054, 0.23347327947533109, 0,5, 0
0.3655956894831371, 1.7045183582417878, 0.6498275825941652, 0.1597683634258996, 0,6, 0
0.3604736246923435, 1.7161449247718785, 0.6715104035358358, 0.16834900320686072, 0,8, 0
0.33772367458258495, 1.7723767284063778, 0.6631887406607878, 0.19052888893747594, 0,8, 0
0.38954300538814607, 1.6662961828417624, 0.6189225671007208, 0.15383510837508746, 0,7, 0
0.3175014967072441, 1.8131933945849976, 0.6657492502770879, 0.20889197330215367, 0,5, 0
0.3437105035588372, 1.7540908126681023, 0.6469116538739342, 0.1765946847645432, 0,6, 0
0.36439832368788666, 1.6957903285151208, 0.635317595345756, 0.17189536353984958, 0,12, 0
0.38082884321160115, 1.6817027265175624, 0.6462558931722387, 0.16135495394106655, 0,4, 0
0.38309053415818534, 1.6943731304177074, 0.6208476588808457, 0.15180720742218523, 0,9, 0
0.37045167298609727, 1.7138344795770657, 0.6484048051385493, 0.16181542710121644, 0,8, 0
0.3545533160380496, 1.7842782729897029, 0.6231560300471758, 0.17055265166676306, 0,10, 0
0.3434444222710038, 1.7840944562281533, 0.6466144056565123, 0.17124353961782277, 0,6, 0
0.34457526774429587, 1.7834425341826843, 0.6552663292503789, 0.17766829080467775, 0,6, 0
0.348499966739839, 1.7401631835282845, 0.6548739415939534, 0.17937881711591758, 0,5, 0
0.3576797711700925, 1.7252572787376583, 0.6307550127748834, 0.17303421012400058, 0,2, 0
0.4054413623361937, 1.6262747126399801, 0.6014127016726412, 0.14924971037527057, 0,8, 0
0.388412159914854, 1.6961859081822432, 0.614471902940204, 0.1544855862598031, 0,6, 0
0.09938136100578727, 2.300958052054538, 0.8962012490862418, 0.39772906766454597, 0,0, 0
0.09991352358145414, 2.3343185118189482, 0.9273376082964652, 0.5250002945788573, 0,0, 0
0.13630013969267613, 2.328810141153665, 0.8581871163837225, 0.3360812913020817, 0,3, 0
0.10024612519124593, 2.5801921770306695, 0.88033626681359, 0.49193200864327613, 0,7, 0
0.0996474422936207, 2.5323646639164656, 0.9424463317291131, 0.5154725989465611, 0,5, 0
0.10137697066453802, 2.5121968527131395, 0.8797056467480874, 0.4380175326632276, 0,6, 0
0.1800039912193175, 2.300762716456499, 0.8530907344467302, 0.24263815695136468, 0,8, 0
0.0996474422936207, 2.519961736139277, 0.9424463317291131, 0.5142005343322033, 0,6, 0
0.15712100046564226, 2.2941524190182045, 0.828154196412808, 0.32068100044983394, 0,3, 0
0.10676511674316504, 2.3677678189337596, 0.9211393124875231, 0.4849924401923848, 0,5, 0
0.15459322823122465, 2.323746985235527, 0.8378761517275741, 0.2971062533544333, 0,6, 0
0.1441495376837624, 2.325729360212817, 0.8543048245952568, 0.3436174639278622, 0,5, 0
0.1764784141555245, 2.2717273970655136, 0.8251074898122848, 0.2801716302418894, 0,11, 0
0.1686955364863966, 2.241259272049535, 0.8641518832595595, 0.3179839674534747, 0,4, 0
0.14853987893301404, 2.2848498796517442, 0.8762431046673482, 0.37257443743252977, 0,5, 0
0.1768110157653163, 2.3169930727350367, 0.8142906290991512, 0.2722347411150323, 0,7, 0
0.16643384553981241, 2.3433716465064025, 0.8382299213129322, 0.261852103628738, 0,4, 0
0.21898489988691544, 2.1529219269332223, 0.7780766917117972, 0.21539198316663252, 0,12, 0
0.1967671123528238, 2.24008910071784, 0.849358814178194, 0.2671103231291079, 0,4, 0
0.18485997472227766, 2.167546988160027, 0.809495387471618, 0.29450271086731544, 0,7, 0
0.24393002062129981, 2.106435480211687, 0.7474907490129654, 0.18206845185354326, 0,6, 0
0.21273198962282977, 2.153973888051983, 0.7812229895674458, 0.2277469093384299, 0,3, 0
0.2308920375174616, 2.1160976696750295, 0.7676561007332501, 0.20740049521703915, 0,6, 0
0.18978247854719618, 2.194976282926216, 0.8079487504087653, 0.2988519204357347, 0,11, 0
0.2504490121732189, 2.0783950373979416, 0.7528996075781257, 0.1901000348212792, 0,8, 0
0.20800904676378634, 2.1180625364451022, 0.8097682289701161, 0.2513532807287471, 0,7, 0
0.17980443025344242, 2.224043356177257, 0.8680895231762927, 0.31993305602957717, 0,7, 0
0.24492782545067518, 2.0462325146746543, 0.7875778459225793, 0.21641145757673738, 0,7, 0
0.2664138894432249, 1.9995926458313977, 0.7607182212258649, 0.19347346389144143, 0,7, 0
0.30546131843278124, 1.9977465126199303, 0.7104082635903631, 0.1533750669052835, 0,15, 0
0.24366393933346636, 2.0553796093660397, 0.7558370482631208, 0.20748641627034733, 0,8, 0
0.2676777755604337, 1.9868367939170453, 0.736787744628261, 0.17975205810854583, 0,8, 0
0.15652231756801702, 2.2809213749910238, 0.8396648463828952, 0.3529972595168987, 0,6, 0
0.264019157852724, 2.0757838164722022, 0.7283835451285628, 0.19136669108038787, 0,5, 0
0.22477216789729262, 2.133793535088538, 0.763893191625425, 0.2242982589700096, 0,10, 0
0.2654826049358079, 2.07672992780649, 0.7307800212621857, 0.19071012606141646, 0,10, 0
0.22803166367325217, 2.1793958527047597, 0.757603913210274, 0.22303015604231152, 0,8, 0
0.2753941329076033, 2.0816557931977737, 0.7018716239862647, 0.1861135722933331, 0,7, 0
0.2717355151998936, 2.006641844270044, 0.7057383313435952, 0.1858791002435312, 0,8, 0
0.2733320029268942, 1.9441781487958458, 0.7421389594973181, 0.18741839627558993, 0,6, 0
0.27605933612718686, 1.9472568624114621, 0.7259502329214356, 0.1904237239145668, 0,2, 0
0.2580988491984301, 2.0439903640004835, 0.7434099048460518, 0.20163193516471242, 0,12, 0
0.272001596487727, 1.9920411689873188, 0.7146805581092834, 0.1903111969846031, 0,4, 0
0.3270139027472893, 1.867545056119457, 0.6914205783038239, 0.1586691131482102, 0,6, 0
0.2406040045233819, 2.0241442675053825, 0.7747754816786872, 0.22624715935424472, 0,9, 0
0.3000731723541542, 1.8848652991477437, 0.7353358185460513, 0.17280658181426845, 0,8, 0
0.22902946850262756, 2.1277896117555053, 0.76708368179657, 0.23132963508796242, 0,6, 0
0.25889709306193043, 2.079655341122557, 0.7201482946123171, 0.2081334182916659, 0,6, 0
0.2718685558438103, 1.9700106014028913, 0.7021136263057193, 0.19725254570500678, 0,7, 0
0.2954832701390275, 1.8989128184034654, 0.6933365501674099, 0.17747176120647332, 0,10, 0
0.29794452205148675, 1.9493216842636967, 0.6921685722579344, 0.1741816158336309, 0,11, 0
0.30466307456928093, 1.9260863717493004, 0.6965393145596999, 0.16851482886820165, 0,6, 0
0.30127053814940463, 1.8632798688081673, 0.6964137184532926, 0.17708892425039302, 0,8, 0
0.27938535222510474, 1.9283940565805746, 0.7117482558338725, 0.18438580071756946, 0,7, 0
0.31031730193574136, 1.841121217804517, 0.6836873773762306, 0.1786525774885387, 0,8, 0
0.26235614980376504, 1.9622574986823422, 0.7485866724703153, 0.2188382942706809, 0,9, 0
0.2949511075633606, 1.8996206881725122, 0.6984502703365165, 0.19047982028075594, 0,8, 0
0.3059934810084481, 1.8994781178707436, 0.6954405603401262, 0.1831804434851657, 0,8, 0
0.3153728464045766, 1.8926383635641406, 0.7164664572267866, 0.17961666293212886, 0,8, 0
0.30938601742832433, 1.8489082202038778, 0.7194469350372448, 0.18439110926326907, 0,6, 0
0.30938601742832433, 1.830413419183108, 0.7197570172315467, 0.1955556848782917, 0,8, 0
0.3304729594891239, 1.8427058911241077, 0.67704707633954, 0.17258873100342, 0,7, 0
0.31357679771170094, 1.8706295961535302, 0.6779058745310875, 0.17654929620027437, 0,6, 0
0.357413689882259, 1.781869165001139, 0.6465540508724383, 0.15188933087209036, 0,13, 0
0.28497305926960687, 1.9382979350437988, 0.7164241992838097, 0.20021439073350794, 0,6, 0
0.3091864564624493, 1.852256146085831, 0.7128412666970761, 0.18450160980336658, 0,10, 0
0.3045300339253642, 1.8864819613440675, 0.7438089865698467, 0.1999351680388779, 0,5, 0
0.2622896294818067, 2.0072829716082525, 0.7769848664507916, 0.22828108923765478, 0,7, 0
0.30319962748619705, 1.8885061172345343, 0.7394500276758997, 0.18808077673447496, 0,8, 0
0.3424466174416284, 1.7953088417830665, 0.6779839981317001, 0.17035025650472246, 0,5, 0
0.33000731723541543, 1.8094494999513682, 0.654628055884346, 0.17837310195252987, 0,8, 0
0.30625956229628154, 1.8542314746426956, 0.7139297249335084, 0.17945832059283237, 0,4, 0
0.3329342114015832, 1.8227908074883559, 0.6910668184232415, 0.17488378066206664, 0,5, 0
0.33320029268941664, 1.8247137779085838, 0.6793522168072529, 0.17494907130003653, 0,6, 0
0.3250848134104969, 1.8497046542835356, 0.6652737606893332, 0.1719086662134189, 0,12, 0
0.30300006652032196, 1.945157549821838, 0.6755262343310919, 0.18636904214386552, 0,8, 0
0.2980110423734451, 1.9151416563321824, 0.683898135705988, 0.18569501871971203, 0,5, 0
0.30606000133040645, 1.9042648586305102, 0.7277256048729346, 0.20496620026780324, 0,12, 0
0.299474489456529, 1.8508674673102203, 0.6933445172121772, 0.2027779685243601, 0,5, 0
0.3284773498303732, 1.8236312683210048, 0.6671945252941085, 0.17563989196972385, 0,13, 0
0.34238009711967005, 1.7882009224644886, 0.6590035062712042, 0.1655143936249627, 0,2, 0
0.3673917381760128, 1.7105864730236067, 0.6166905002652069, 0.1603728696275833, 0,8, 0
0.3433113816270871, 1.7630109593182006, 0.6780531599883405, 0.1814880314125603, 0,5, 0
0.3264817401716224, 1.7933693623055893, 0.7091748691823432, 0.1864262584672782, 0,10, 0
0.3709838355617641, 1.7288620130812615, 0.6363335340211029, 0.15477578690800842, 0,12, 0
0.2999401317102375, 1.8358754167171056, 0.6833805584491356, 0.20935048401090814, 0,6, 0
0.32002926894166167, 1.767857105172276, 0.6640147697092209, 0.19044472689191902, 0,7, 0
0.33040643916716556, 1.7941514940776646, 0.6654111253447104, 0.17752402515038812, 0,6, 0
0.32229095988824585, 1.865162622850907, 0.6692951579430106, 0.17764414934486328, 0,7, 0
0.3489656089935475, 1.7498684750181832, 0.6373444888074602, 0.16703973069385347, 0,8, 0
0.37477549391339054, 1.7279153706379884, 0.6220142812873216, 0.15251140658420884, 0,10, 0
0.3343311381627087, 1.7955742031682762, 0.6880187270044757, 0.18276428883984533, 0,6, 0
0.3625357546730526, 1.7358481082731971, 0.6571360410202702, 0.17025182747965448, 0,12, 0
0.3258830572739972, 1.8836249149441204, 0.6489326102162295, 0.1838445735922902, 0,6, 0
0.3464378367591299, 1.7969031473607477, 0.6345238367620641, 0.1735161283067681, 0,9, 0
0.364464844009845, 1.7059426491392797, 0.6183429857202387, 0.16774734804471222, 0,8, 0
0.38927692410031267, 1.6630496216028074, 0.6087881503397877, 0.15631385730845626, 0,8, 0
0.34969733253508944, 1.8004295561220534, 0.6219294439159667, 0.16678846210903264, 0,4, 0
0.3925364198762722, 1.648214553136086, 0.6270286309477803, 0.15958935302016503, 0,5, 0
0.39519723275460655, 1.648461706083406, 0.6129825954660797, 0.1508668667356487, 0,7, 0
0.3746424532694738, 1.676168510742247, 0.6219828243623977, 0.1624804196862191, 0,7, 0
0.10503558837224772, 2.304134833553408, 0.8883758423590439, 0.324836877684291, 0,0, 0
0.10111088937670458, 2.3267503696422747, 0.9116167084157132, 0.511965225586176, 0,4, 0
0.10024612519124593, 2.398684604648645, 0.88033626681359, 0.4943420182245738, 0,3, 0
0.10270737710370519, 2.4415399036285033, 0.877264104811524, 0.4568324842669528, 0,2, 0
0.09878267810816205, 2.351409071926933, 0.9000015148416551, 0.5140382287093838, 0,7, 0
0.11760792922237744, 2.2999813033618874, 0.8787028727524338, 0.441358580486385, 0,7, 0
0.1229295549790461, 2.4814157191923436, 0.8615767116554065, 0.36058263624084247, 0,6, 0
0.16363999201756135, 2.2975136262804483, 0.8338594825174462, 0.30014837640484715, 0,6, 0
0.15026940730393135, 2.352121228805553, 0.8532515147606395, 0.33008233461004266, 0,7, 0
0.12984766846271537, 2.456139669552825, 0.9019301745634293, 0.41749190193705876, 0,5, 0
0.11754140890041907, 2.4347036070256842, 0.8881226899899636, 0.35161410850950064, 0,7, 0
0.14208740770305328, 2.2959641280196776, 0.8670030569046598, 0.33786671508774085, 0,3, 0
0.1642386749151866, 2.261157960994177, 0.8531850629988561, 0.24956118816087783, 0,7, 0
0.18891771436173752, 2.1832696367529727, 0.838633687305332, 0.24448314906744667, 0,7, 0
0.16383955298343644, 2.289166724698507, 0.8418557325702897, 0.2842138223644089, 0,12, 0
0.18120135701456794, 2.24312212009959, 0.8126900841888381, 0.25793396293842136, 0,9, 0
0.17967138960952572, 2.2117511433755093, 0.8463209913990097, 0.27161566105015406, 0,7, 0
0.19703319364065722, 2.1997640837946157, 0.7948090974798467, 0.23644799421734422, 0,5, 0
0.24545998802634206, 2.1195959459717924, 0.7498467343402687, 0.17865611657881977, 0,10, 0
0.23082551719550323, 2.0839648652059277, 0.789543278455362, 0.20561449680032745, 0,8, 0
0.19457194172819797, 2.1751445100223883, 0.7887953305133226, 0.2524774068197653, 0,9, 0
0.17115678839885584, 2.1937285789288516, 0.8547603679776351, 0.29348293244592927, 0,6, 0
0.18831903146411227, 2.2051610818429754, 0.8242099759446516, 0.2656504896741771, 0,8, 0
0.2407370451672986, 2.143525755715483, 0.753332454102339, 0.19459259153482386, 0,11, 0
0.24259961418213263, 2.0666474241351747, 0.7996169846754343, 0.21888670600171942, 0,7, 0
0.2431317767577995, 2.0546378976672437, 0.7535171746324258, 0.20363828361009573, 0,8, 0
0.25038249185126055, 2.047750031021091, 0.7683241628979406, 0.2075314160299754, 0,5, 0
0.2662808487993082, 2.0355637670475226, 0.7425371670977864, 0.18069010088830495, 0,4, 0
0.234683695869088, 2.1138900628721435, 0.7937765454490203, 0.21331327342431056, 0,6, 0
0.24047096387946518, 2.1006676812716876, 0.7836433589175492, 0.21242323434794383, 0,6, 0
0.2609592230426395, 1.983319539989864, 0.7342282712596788, 0.18776818338912882, 0,7, 0
0.1940397791525311, 2.0737998452775295, 0.8067427829600482, 0.28633389830244355, 0,4, 0
0.24047096387946518, 2.090198549017065, 0.7585894975340292, 0.20444446985710496, 0,8, 0
0.23907403711833966, 2.131765834686325, 0.7462930017426115, 0.21393238029703526, 0,14, 0
0.1972327546065323, 2.1389842252646316, 0.7881231735425035, 0.28902347627580627, 0,9, 0
0.24319829707975787, 2.031119265044385, 0.7417102614808414, 0.20592911930582466, 0,4, 0
0.28949644116277523, 1.9504642145509834, 0.7322003419617059, 0.17401659799055832, 0,5, 0
0.22424000532162575, 2.079720043905289, 0.7858153678349834, 0.2289895204932699, 0,8, 0
0.22749950109758532, 2.0654343129718944, 0.7624627979897478, 0.2573797185089985, 0,5, 0
0.20574735581720216, 2.15972681384295, 0.789738004319826, 0.281006173879226, 0,5, 0
0.28517262023548196, 1.9758419638870957, 0.7536143224127662, 0.18742487365031374, 0,10, 0
0.20973857513470365, 2.1564452285451945, 0.809846470162332, 0.2597157411428109, 0,6, 0
0.25257766247588637, 2.073348986732185, 0.7350788830605463, 0.19704206721919296, 0,7, 0
0.2517128982904277, 2.0906448893891847, 0.7339785848822982, 0.2132317905115048, 0,10, 0
0.2780549457859376, 1.988231411516599, 0.7126567217152757, 0.18278444224068033, 0,9, 0
0.24705647575334264, 2.0541409621463598, 0.8000156293224654, 0.23780452017300632, 0,6, 0
0.2390075167963813, 2.1441605078625297, 0.801350646352552, 0.22775597099417144, 0,6, 0
0.29069380695802566, 1.9109688407526453, 0.7075879098365523, 0.18054027797414057, 0,8, 0
0.2519124592563028, 2.1040953997127834, 0.7332313817689967, 0.2039828650517318, 0,9, 0
0.2811148805960221, 1.9538639520826449, 0.7504009201664029, 0.1871201681933307, 0,11, 0
0.28497305926960687, 1.8814442074482038, 0.7053196934634299, 0.19107309595484762, 0,6, 0
0.26521652364797443, 1.977447986765345, 0.7385411679758139, 0.19902384753315228, 0,7, 0
0.27286636067318565, 1.9782810886328246, 0.7180381337528062, 0.19731699354214072, 0,9, 0
0.29149205082152596, 1.9207378594507232, 0.6918936081304562, 0.18030870424683035, 0,6, 0
0.26235614980376504, 2.050051718228656, 0.7212846875623892, 0.20507809212263148, 0,12, 0
0.28723475021619105, 1.9129459095962318, 0.698211155230507, 0.1815291857529399, 0,7, 0
0.23235548460054548, 2.073085807843225, 0.75998680976277, 0.2613750181855315, 0,10, 0
0.2555710769640125, 2.0587277364875156, 0.7338277382606119, 0.21680261132656165, 0,7, 0
0.27180203552185195, 2.1226617934928558, 0.7069691328751229, 0.1996853290550072, 0,6, 0
0.2944189449876937, 1.9118590179828558, 0.6833598263290886, 0.18111571050128833, 0,8, 0
0.25437371116876206, 2.0120992103391706, 0.7376429044101385, 0.23143034396423726, 0,10, 0
0.3190314641122863, 1.880668982039714, 0.6913331092370761, 0.17703747535119457, 0,9, 0
0.3387879997339187, 1.7926634169065776, 0.6709909332770683, 0.16335641676357285, 0,8, 0
0.29614847335861105, 1.9240057646082378, 0.7190843005129761, 0.19105640325574175, 0,5, 0
0.32654826049358077, 1.8296892832418739, 0.7078567566801184, 0.1775752013334555, 0,7, 0
0.3221579192443291, 1.836884007120548, 0.6713530963994557, 0.1830361443178565, 0,6, 0
0.3026009445885718, 1.9059479167970015, 0.6831431484999946, 0.17996246953303036, 0,3, 0
0.34257965808554514, 1.794053950892121, 0.6740347456671718, 0.17034994490792676, 0,8, 0
0.3282777888644981, 1.7991248201362025, 0.7044241013682168, 0.1828420415207769, 0,5, 0
0.34357746291492053, 1.7979638350943261, 0.6586985826964217, 0.17299646052488327, 0,5, 0
0.326215658883789, 1.8471698321792123, 0.6982456480387339, 0.17872986549661873, 0,11, 0
0.3274795450009978, 1.8044222898883893, 0.6795906133756517, 0.18459765529315902, 0,12, 0
0.3641322424000532, 1.7348584241672942, 0.6440089665258394, 0.16018373290451918, 0,4, 0
0.2693407836093927, 1.9497272476642136, 0.709174434596645, 0.21073640433221372, 0,8, 0
0.2962815140025278, 1.8657288487772896, 0.6926678614227768, 0.2014927344930247, 0,5, 0
0.33186988625024944, 1.8084661585758255, 0.6441186447264209, 0.1719938693727714, 0,8, 0
0.35249118605734053, 1.7712569389325499, 0.6623492511493994, 0.16724017551012949, 0,8, 0
0.32754606532295616, 1.7895264457872844, 0.6792134761303498, 0.1730528692436038, 0,7, 0
0.2891638395529834, 1.8863156418802574, 0.6933927863694079, 0.21451029849738784, 0,7, 0
0.33286769107962483, 1.789045315274759, 0.6583088553136655, 0.16913490269920423, 0,11, 0
0.3341315771968336, 1.8672762901009197, 0.6515235163132137, 0.17143403099281548, 0,7, 0
0.3337324552650835, 1.7874378201879524, 0.6666679205958802, 0.17526280111434367, 0,6, 0
0.35308986895496575, 1.7242792365928932, 0.6591597410890934, 0.17364228085666927, 0,11, 0
0.35714760859442557, 1.7281545344119396, 0.6635816689178741, 0.16835663812724316, 0,6, 0
0.3426461784075035, 1.8060893927007142, 0.6541839997858342, 0.1721941386434417, 0,6, 0
0.3213596753808288, 1.8489455629400584, 0.6745264615621122, 0.19828981530112863, 0,15, 0
0.3330672520454999, 1.775702635550272, 0.6774236402383761, 0.17980342782813732, 0,10, 0
0.30426395263753075, 1.951696967750318, 0.7027384053789354, 0.19542238977137275, 0,10, 0
0.3652630878733453, 1.7683293819823982, 0.631039349784928, 0.1541569160271209, 0,7, 0
0.39360074502760595, 1.6658051556169189, 0.5998342073877533, 0.1504803470727326, 0,7, 0
0.33486330073837556, 1.8146097531977952, 0.6804258810802447, 0.17961567450843044, 0,9, 0
0.35901017760925963, 1.7351213559148506, 0.6512252543983466, 0.16950236256944437, 0,9, 0
0.4016497039845673, 1.63950992285559, 0.6163065827811421, 0.1495223660219097, 0,5, 0
0.36599481141488727, 1.7073564240534862, 0.6396889132462887, 0.1644035410741713, 0,9, 0
0.3296747156256236, 1.8183917456489833, 0.6915117728154019, 0.18498755738301995, 0,9, 0
0.36300139692676114, 1.7079053506540625, 0.6381086755830372, 0.16842876338973958, 0,9, 0
0.3375241136167099, 1.7844141014383708, 0.6464844587390776, 0.18858316896260846, 0,13, 0
0.38548526574868625, 1.669234132773464, 0.6123973260136185, 0.1499559482153816, 0,7, 0
0.352025543803632, 1.7553648658556225, 0.6528723469474178, 0.16888873630450882, 0,10, 0
0.327878666932748, 1.8194151378705625, 0.6774365064609154, 0.18984550845671447, 0,7, 0
0.342180536153795, 1.7848925812372245, 0.6610115261633319, 0.17631881153254597, 0,7, 0
0.1189383356615446, 2.3005756061487723, 0.904573421066796, 0.22767760430022452, 0,0, 0
0.12758597751613118, 2.3034617691024812, 0.860729417165658, 0.35561764543512736, 0,3, 0
0.10709771835295682, 2.3914904438520725, 0.9050491269302823, 0.48767363817061105, 0,5, 0
0.10576731191378966, 2.316153863078541, 0.8816252899122086, 0.43624363989984277, 0,3, 0
0.11986962016896162, 2.460536474438712, 0.8693829733940719, 0.33646872759344887, 0,7, 0
0.10949244994345772, 2.3472193294059, 0.8902107111755178, 0.45494367699734534, 0,3, 0
0.10111088937670458, 2.7560307747041173, 0.9116167084157132, 0.5151930673615821, 0,9, 0
0.14661078959622165, 2.4507298420378447, 0.8409184749265302, 0.3346860536072789, 0,5, 0
0.16556908135435375, 2.256735128405755, 0.836702737357628, 0.28234927320785724, 0,5, 0
0.1631078294418945, 2.436744342654049, 0.8420510253210998, 0.27233847156545266, 0,7, 0
0.17893966606798378, 2.208658474937913, 0.820859114255537, 0.26023032601374796, 0,10, 0
0.17401716224306527, 2.2724796458568304, 0.8257532548468608, 0.29424745754513143, 0,6, 0
0.13430453003392537, 2.291902811716934, 0.8667744050766859, 0.3968891478954896, 0,8, 0
0.14135568416151134, 2.370074060829482, 0.8512166924604039, 0.33951919718600815, 0,8, 0
0.17301935741368987, 2.3970863430798035, 0.8223936404518858, 0.28196565610186386, 0,3, 0
0.1811348366926096, 2.2594584432784126, 0.7947519744330261, 0.2494862583914944, 0,4, 0
0.18858511275194573, 2.194832395335233, 0.8286950636601331, 0.28272533018538754, 0,6, 0
0.20880729062728665, 2.1637829639379875, 0.7824142391737527, 0.2256427361638861, 0,9, 0
0.17102374775493914, 2.334316560491421, 0.8271696446436576, 0.2810881439206483, 0,8, 0
0.19144548659615512, 2.2870038679789095, 0.809258052298394, 0.24222935387849126, 0,9, 0
0.1895829175813211, 2.334068971900481, 0.8035389719121921, 0.25338519594817777, 0,5, 0
0.20428390873411828, 2.4772202628684807, 0.7845160468577713, 0.24579041818835062, 0,10, 0
0.22111355018958292, 2.1793423590843752, 0.7702364716561729, 0.24079955747200188, 0,6, 0
0.23774363067917248, 2.054865567094035, 0.7472829662864164, 0.20278733997558998, 0,10, 0
0.26062662143284776, 2.0520052590000963, 0.7225948359715311, 0.18629317728736583, 0,8, 0
0.2473225570411761, 2.07293866742183, 0.7521295765879568, 0.19282485724968534, 0,6, 0
0.21086942060799574, 2.205724086985413, 0.7976004509164051, 0.24232855507267384, 0,7, 0
0.22869686689283575, 2.304082176832511, 0.7556559834961574, 0.22176610749467318, 0,9, 0
0.2209805095456662, 2.1338481932773425, 0.8102599811102575, 0.24777505412793455, 0,10, 0
0.22716689948779353, 2.0792646583013332, 0.7804842263064081, 0.24226836116089007, 0,8, 0
0.2270338588438768, 2.0774454260938207, 0.765247002324078, 0.21537290926429922, 0,8, 0
0.22317568017029202, 2.028004854253402, 0.7980307472548499, 0.27062489768207454, 0,10, 0
0.20002660812878334, 2.176493991514027, 0.8243316138573523, 0.25667749178844523, 0,8, 0
0.250648573139094, 2.023529983895875, 0.7384194354372703, 0.18353014381515162, 0,12, 0
0.2459921506020089, 2.0747430653563517, 0.7360935581736215, 0.2188597352944984, 0,11, 0
0.2329541674981707, 2.052747798724889, 0.7740802895704527, 0.24376837345157287, 0,7, 0
0.22856382624891905, 2.068976580652578, 0.7700735323163453, 0.21566474522389106, 0,8, 0
0.2805827180203552, 1.9441690020065445, 0.7365702412211559, 0.1838562787607851, 0,13, 0
0.17907270671190048, 2.272632477562291, 0.8039349959906005, 0.3080430865843289, 0,11, 0
0.23953967937204815, 2.088547531536919, 0.7576515425751197, 0.22204136995899873, 0,9, 0
0.22171223308720814, 2.0740552211262973, 0.7654312722201573, 0.25818837160732805, 0,4, 0
0.22364132242400053, 2.0991141984802613, 0.7754400428498606, 0.23226893961649864, 0,10, 0
0.27991751480077165, 1.9199756860756823, 0.7344514349094857, 0.20461251000322947, 0,11, 0
0.2761923767711036, 1.9508132624791101, 0.7309956624103029, 0.20343870613004517, 0,8, 0
0.28404177476218984, 1.886466060259746, 0.7311712712813483, 0.1883194842475081, 0,10, 0
0.2609592230426395, 2.004140393229482, 0.7535824064577197, 0.20701260384774456, 0,9, 0
0.2882990753675248, 1.907878219359714, 0.6878273971628529, 0.18973428760717215, 0,10, 0
0.28297744961085614, 1.9618345737052854, 0.7052664441600095, 0.1922042210499735, 0,8, 0
0.24785471961684294, 2.024001526414678, 0.8015251362546778, 0.2659213882363514, 0,6, 0
0.2964145546464445, 1.8863107376784405, 0.6859967361476188, 0.18516934366597723, 0,5, 0
0.2829109292888978, 1.937194427231119, 0.7092580212123906, 0.18737071600835253, 0,3, 0
0.3497638528570478, 1.7856479503473566, 0.681680613832374, 0.15648804079102718, 0,5, 0
0.31829974057074434, 1.8367638970447508, 0.6816738218679953, 0.17508501212782254, 0,5, 0
0.3506286170425065, 1.774598367483976, 0.683068996867774, 0.17008740899558236, 0,7, 0
0.29189117275327614, 1.8860679617987846, 0.7054794332703372, 0.1939775527326936, 0,4, 0
0.2782545067518127, 1.9787989628851823, 0.7445489478757996, 0.20201688873236726, 0,7, 0
0.32794518725470634, 1.8034247462283048, 0.6927846470808809, 0.17268206230825126, 0,10, 0
0.26794385684826716, 1.950811359555328, 0.7156729927995845, 0.21329061754380846, 0,6, 0
0.23834231357679772, 2.2352990727993824, 0.7446039767264804, 0.24568824780254267, 0,8, 0
0.30300006652032196, 1.9203830880176076, 0.6762851627423201, 0.19985184328366917, 0,9, 0
0.30459655424732257, 1.907149412520495, 0.6798287392355887, 0.19818058253299206, 0,4, 0
0.2822457260693142, 1.8754085523555801, 0.7041365326892465, 0.21165509791817028, 0,6, 0
0.3252178540544136, 1.814611573006938, 0.6641603219260148, 0.1725247304363683, 0,8, 0
0.3175014967072441, 1.8509012697791019, 0.6702976248820026, 0.1808982338790559, 0,6, 0
0.3122463912725338, 1.8726193451210544, 0.7156871004276804, 0.18610164898311954, 0,5, 0
0.34337790194904544, 1.7820635656472144, 0.6591379626547673, 0.16491870049376745, 0,7, 0
0.30020621299807093, 1.884589615132545, 0.69364812835382, 0.20148659354735518, 0,7, 0
0.2986097252710703, 1.8647477612625947, 0.7028194747119062, 0.20481935422171166, 0,6, 0
0.3080556109891572, 1.834151873403083, 0.7154292126159999, 0.20759055727270895, 0,6, 0
0.31071642386749154, 1.7962767908825796, 0.6727220277897231, 0.20103904362084243, 0,9, 0
0.3258830572739972, 1.8312156183280481, 0.6669853587866673, 0.1690466944624529, 0,11, 0
0.2973458391538615, 1.904183582211892, 0.6912578519358603, 0.21304221717673424, 0,5, 0
0.3081886516330739, 1.8128396155495912, 0.684938186543414, 0.20353466637760845, 0,5, 0
0.32262356149803767, 1.8495584247688457, 0.6640373893343628, 0.19898338856227685, 0,10, 0
0.3250182930885385, 1.7701782541626951, 0.6782674708282073, 0.1846854439468317, 0,7, 0
0.32754606532295616, 1.7664063351522112, 0.6651714002869855, 0.18577475126821089, 0,5, 0
0.35355551120867423, 1.7355594400246843, 0.6282263302319481, 0.16473649618490924, 0,10, 0
0.3049956761790727, 1.8997342645634294, 0.6730413918201917, 0.1945274835657299, 0,14, 0
0.3772367458258498, 1.7086638629987616, 0.6386249062132996, 0.15645422074337406, 0,10, 0
0.3141089602873678, 1.8432217151440047, 0.6834813374349367, 0.19805859135304973, 0,5, 0
0.334198097518792, 1.7855185763188672, 0.6985863848835706, 0.182226501563217, 0,7, 0
0.3270139027472893, 1.7961003459677292, 0.7117395606077588, 0.18970783074657707, 0,8, 0
0.3586775759994678, 1.7415569903631216, 0.6320767536943351, 0.16493008610013224, 0,9, 0
0.3319364065722078, 1.7981939640423736, 0.6552879632844967, 0.1845261290935705, 0,10, 0
0.34989689350096453, 1.7701261454235013, 0.6433471759733819, 0.16608037257873703, 0,12, 0
0.3383223574802102, 1.7480672444878862, 0.6600287943503005, 0.1876271378168039, 0,7, 0
0.3486995277057141, 1.8030745567758744, 0.6338095533001707, 0.16988197212079595, 0,5, 0
0.3061265216523648, 1.872645461171923, 0.6975984247469611, 0.19522915813750824, 0,5, 0
0.3282777888644981, 1.8313082142646366, 0.652960980596053, 0.1943943981914703, 0,7, 0
0.334198097518792, 1.7736999289897326, 0.6680831956854573, 0.17579852659806983, 0,6, 0
0.3671921772101377, 1.726790034917866, 0.6325496247794294, 0.16200421443234414, 0,4, 0
0.35595024279917514, 1.7142695283402878, 0.641583661967143, 0.17670772108495073, 0,4, 0
0.34577263353954635, 1.8546327326196734, 0.6340394166118284, 0.16939850322045222, 0,6, 0
0.34317834098317035, 1.7776633264941861, 0.6453815334431257, 0.17526871326201196, 0,11, 0
0.3592097385751347, 1.7372189992889469, 0.6290009245574553, 0.17191940760845037, 0,6, 0
0.31563892769241003, 1.7884107162549112, 0.6988653710183698, 0.1942191923965785, 0,8, 0
0.3584114947116344, 1.7659116103558263, 0.6439686676246267, 0.16411185371652312, 0,9, 0
0.3537550721745493, 1.7987960052650418, 0.6264524043412368, 0.17607246050578276, 0,12, 0
0.32900951240604004, 1.841347194535523, 0.6675679270892239, 0.18698389815086774, 0,10, 0
0.37124991684959757, 1.6722165934599256, 0.618990025022099, 0.16402903526425813, 0,7, 0
0.3326016097917914, 1.7836737180998374, 0.6471054239914504, 0.1864702555033591, 0,9, 0
0.09412625557107697, 2.3032417586326663, 0.9013284041945492, 0.30736590643412903, 0,0, 0
0.11880529501762789, 2.339441096283897, 0.8689840864825235, 0.37355925382629374, 0,2, 0
0.11913789662741968, 2.459358280586687, 0.8739404032384185, 0.36908090002569016, 0,3, 0
0.09878267810816205, 2.501949130287429, 0.9000015148416551, 0.5140613579541042, 0,4, 0
0.14434909864963746, 2.46722141207791, 0.859176889014654, 0.3314787987503736, 0,2, 0
0.15685491917780883, 2.3086395128626696, 0.8391732480818057, 0.29549354089620766, 0,7, 0
0.10111088937670458, 2.329920379398493, 0.9116167084157132, 0.5135484315856587, 0,8, 0
0.13669926162442625, 2.407590430879406, 0.8650285341630694, 0.391650152795452, 0,9, 0
0.12492516463779685, 2.276227593604322, 0.8772991018524376, 0.32574315086621586, 0,4, 0
0.15552451273864165, 2.5162246661264565, 0.8401694918252991, 0.26968697718531726, 0,6, 0
0.15492582984101644, 2.1975968460325217, 0.8239486242250795, 0.3133822779000976, 0,4, 0
0.15366194372380762, 2.290687073579942, 0.825447969692293, 0.2953476749208178, 0,4, 0
0.15732056143151732, 2.2634532282010356, 0.8354609403829286, 0.30483752878537457, 0,13, 0
0.20501563227566022, 2.264533799200376, 0.7794577960123235, 0.22425490217022262, 0,7, 0
0.1811348366926096, 2.1670056657385763, 0.8132433049140783, 0.2581437482779596, 0,8, 0
0.18133439765848466, 2.1522980310884705, 0.8575846989110881, 0.2798940574698473, 0,9, 0
0.17900618638994212, 2.2913332795982613, 0.8179733504236754, 0.2762994420863086, 0,8, 0
0.1924432914255305, 2.1756299856473036, 0.8089385909698942, 0.23458582241922116, 0,5, 0
0.18525909665402782, 2.126100953777639, 0.7952836547006966, 0.28411701612812357, 0,7, 0
0.17847402381427527, 2.287950100897474, 0.8078272321016897, 0.27919695674012096, 0,10, 0
0.23747754939133905, 2.1302405194608798, 0.7922668184544868, 0.21578112926328402, 0,4, 0
0.25138029668063594, 2.0247813728067725, 0.7634955663022512, 0.1920117611925097, 0,6, 0
0.2237078427459589, 2.0706515162162247, 0.7756719861950144, 0.21520002799698798, 0,7, 0
0.24512738641655027, 2.0753720861419205, 0.8029792883745432, 0.2163120282287436, 0,6, 0
0.23328676910796248, 2.0257685971911905, 0.7642507761724735, 0.20526241656503608, 0,9, 0
0.2724672387414355, 2.006138965849279, 0.7301206530616001, 0.17482729398535188, 0,5, 0
0.23641322424000533, 2.184623927213011, 0.7505303306495195, 0.2043818319273113, 0,11, 0
0.2136632741302468, 2.0624026718479365, 0.7899090064781774, 0.2339783229312461, 0,5, 0
0.20368522583649304, 2.1241447093608428, 0.7897768840646486, 0.23829682467690896, 0,7, 0
0.27672453934677044, 1.995570392473201, 0.7087142986997652, 0.17040326673317516, 0,6, 0
0.26075966207676443, 1.9733480572946325, 0.7453040255282949, 0.19110747055129462, 0,11, 0
0.206279518392869, 2.245279196972683, 0.7871972918857486, 0.24774625430732924, 0,5, 0
0.2495177276658019, 2.0077412623508417, 0.7561410522645279, 0.2062472610977721, 0,5, 0
0.2569014834031797, 2.1272852419300214, 0.7551743258233635, 0.19649792684836812, 0,11, 0
0.25710104436905473, 2.004547218263629, 0.7385511890784229, 0.2028602195960186, 0,8, 0
0.24978380895363533, 2.001291537153216, 0.7440130743948058, 0.22250511549760205, 0,9, 0
0.2724672387414355, 1.9643952235532902, 0.7237766445208051, 0.18349336994886292, 0,5, 0
0.2593627353156389, 1.9616176362309812, 0.7440683418081038, 0.20301243213202536, 0,10, 0
0.2922237743630679, 1.9173591372012488, 0.7484581826418873, 0.18900461749987632, 0,6, 0
0.27552717355152, 1.9581319827809192, 0.7119459644500913, 0.18936104768607737, 0,13, 0
0.3071908468036985, 1.870232072980677, 0.7285814109362154, 0.1792060515761193, 0,7, 0
0.2735315638927692, 1.9461523963132639, 0.7621879652351204, 0.20147909851588586, 0,8, 0
0.26062662143284776, 2.010306761157431, 0.7168117101414246, 0.19882356890280709, 0,7, 0
0.2253043304729595, 2.060384534143255, 0.7760402036349306, 0.23898870598245187, 0,6, 0
0.2904942459921506, 1.8990700208664195, 0.6972548061442032, 0.1875510081183906, 0,8, 0
0.31018426129182464, 1.8970573286425605, 0.7162110463275598, 0.17661154339632346, 0,7, 0
0.27067119004855983, 1.954983104867611, 0.7099169543813078, 0.20069129954035675, 0,5, 0
0.25683496308122133, 1.993703783958058, 0.7766970030185147, 0.22046673143514814, 0,7, 0
0.30845473292090736, 1.9318205544606484, 0.6916944727307714, 0.1726667109676836, 0,8, 0
0.22969467172221114, 2.074385518320527, 0.7646093131475084, 0.238341108193078, 0,4, 0
0.2800505554446884, 2.0582273644712057, 0.7118268005749635, 0.188607145889877, 0,6, 0
0.26248919044768176, 2.022585548533339, 0.7296870933420323, 0.20726741002546759, 0,4, 0
0.28257832767910596, 1.8964594351843287, 0.7305785796431299, 0.21014213381039312, 0,9, 0
0.29408634337790196, 1.9232658777441212, 0.7173838290092405, 0.19545618521277563, 0,6, 0
0.23840883389875606, 2.0386522754968333, 0.7531443993070862, 0.25082352525194895, 0,7, 0
0.29268941661677644, 1.8559810667982248, 0.7063860065435786, 0.19672707418346352, 0,12, 0
0.2270338588438768, 1.9849704345376606, 0.7758344005899025, 0.2826144024292038, 0,9, 0
0.30931949710636597, 1.8899072612393746, 0.6915715019621771, 0.17681580632806587, 0,8, 0
0.28903079890906674, 1.9694675766865841, 0.6974789798925665, 0.19308141999893766, 0,10, 0
0.34011840617308586, 1.790372592218303, 0.6993988912955166, 0.16989608749905283, 0,4, 0
0.25424067052484534, 1.9355731104821936, 0.7367906935859183, 0.2435490269350203, 0,5, 0
0.3043304729594891, 1.822281099496579, 0.6819128199516448, 0.20287648048393542, 0,6, 0
0.32568349630812216, 1.7987908702057485, 0.6478283920974042, 0.17183724888658072, 0,11, 0
0.3209605534490787, 1.8193965418042357, 0.6709111233585684, 0.17970011124220148, 0,5, 0
0.3143085212532429, 1.8418513803014829, 0.6601383152848814, 0.1794169780624173, 0,5, 0
0.329741235947582, 1.8783212461007186, 0.6629200938690769, 0.17203921369500003, 0,8, 0
0.35275726734517393, 1.7341783581431545, 0.6580401504069573, 0.1661018761105639, 0,9, 0
0.31803365928291094, 1.8036084072358958, 0.6887095881565591, 0.18260214484383258, 0,6, 0
0.3322690081819996, 1.8068642738193268, 0.6821905507600106, 0.17162096253478018, 0,4, 0
0.3320694472161245, 1.7928523540036896, 0.6618129790265843, 0.17076768159385072, 0,6, 0
0.33772367458258495, 1.7631703899691444, 0.7025622291430357, 0.18709632323671702, 0,6, 0
0.3252178540544136, 1.8056921025144992, 0.6682125192016115, 0.1782253898816622, 0,6, 0
0.32189183795649573, 1.8487672311400238, 0.6606136611592052, 0.19106733824269345, 0,8, 0
0.32834430918645646, 1.7795982207992171, 0.6753395094746979, 0.17707181970312147, 0,7, 0
0.31131510676511676, 1.8635016275163516, 0.6737131326976766, 0.20396243053121918, 0,9, 0
0.39133905408102176, 1.657272031784121, 0.6172479194011949, 0.14977963784003157, 0,5, 0
0.3053282777888645, 1.8983398718719893, 0.6867969184049878, 0.19907630265512816, 0,8, 0
0.37158251845938933, 1.714989471051346, 0.626966755586745, 0.15967985951253913, 0,3, 0
0.38575134703651964, 1.6689300350401284, 0.6283853525589403, 0.15237149364317942, 0,8, 0
0.3375906339386683, 1.82640163595786, 0.6317585550081691, 0.1796754764761573, 0,7, 0
0.3361271868555844, 1.8241426206940323, 0.6420160624601842, 0.1738373179390624, 0,9, 0
0.3349298210603339, 1.754696263720126, 0.6645588724586221, 0.19145013104252584, 0,6, 0
0.32295616310782943, 1.7513744680259642, 0.6673689565572044, 0.20101104625170854, 0,9, 0
0.35002993414488126, 1.7221481422083682, 0.6294783950045959, 0.1715727965960439, 0,7, 0
0.32002926894166167, 1.8815202121010466, 0.6538306446267883, 0.19165792412825192, 0,8, 0
0.3420474955098783, 1.7413698645089428, 0.6481548103187619, 0.177663952952445, 0,8, 0
0.28503957959156523, 1.9078643583675698, 0.7022394446236163, 0.21867835475576683, 0,7, 0
0.29149205082152596, 1.9221834961719193, 0.7085093816009896, 0.21287421903762663, 0,5, 0
0.3405840484267944, 1.7695575313464076, 0.6347408938044339, 0.17028144677926574, 0,7, 0
0.33645978846537616, 1.7924536581363124, 0.6601775648080528, 0.18029555923557974, 0,8, 0
0.3533559502427992, 1.7470308291450563, 0.6409031647407023, 0.17399240965733667, 0,7, 0
0.3616044701656356, 1.6967162359920969, 0.6435412482192213, 0.1701767497024667, 0,9, 0
0.3878799973391871, 1.6504022261541793, 0.6278094993947415, 0.15710445256293426, 0,8, 0
0.39852324885252444, 1.6356490944932656, 0.6044972015829055, 0.14847101983531397, 0,6, 0
0.3628683562828444, 1.7624529758145502, 0.6233690848777098, 0.16413087881978008, 0,4, 0
0.3925364198762722, 1.657181921063454, 0.6169730187302749, 0.15491790399968958, 0,7, 0
0.41269207742965475, 1.6566601970322172, 0.5985272700478004, 0.14773252919310056, 0,11, 0
0.354619836360008, 1.7639980208415404, 0.6667689401135205, 0.18261710754324628, 0,4, 0
0.39546331404243995, 1.6202743861467184, 0.597482878054751, 0.1564158570548168, 0,5, 0
0.3951307124326482, 1.6340910462132394, 0.6046071624578083, 0.15408179777569458, 0,9, 0
0.34909864963746423, 1.7349531730773373, 0.6380016095450026, 0.19132779266698144, 0,9, 0
