acuracia,loss,frr,fpr, removed, n_clf, tp_removed
0.09825051553249518, 2.3036959164792696, 0.8944041643372586, 0.3510638335706202, 0,0, 0
0.0996474422936207, 2.3351023030171634, 0.9424463317291131, 0.5223446976523549, 0,3, 0
0.10071176744495443, 2.36920291112821, 0.8801227579267102, 0.4290184498926375, 0,2, 0
0.09904875939599547, 2.3258853712172627, 0.8938837418790088, 0.5056443675398463, 0,5, 0
0.1012439300206213, 2.435426215707427, 0.8972962686799755, 0.4829534294546637, 0,9, 0
0.10111088937670458, 2.352655495171822, 0.9116167084157132, 0.5156637789401873, 0,6, 0
0.15998137430985165, 2.31723522623721, 0.8878665446340815, 0.3508037187968796, 0,9, 0
0.1517993747089736, 2.343474074822497, 0.8689032804262617, 0.28692648748517724, 0,5, 0
0.09978048293753741, 2.290835579593191, 0.8932711730056485, 0.5123850725489798, 0,3, 0
0.15618971595822523, 2.2970998536515106, 0.8547546718769341, 0.267736173790796, 0,6, 0
0.11601144149537684, 2.379820504913642, 0.9126933491761615, 0.4491115785838789, 0,4, 0
0.17987095057540078, 2.27223196191749, 0.806914673672819, 0.272053724842107, 0,7, 0
0.19889576265549125, 2.233280657377816, 0.8209303982917247, 0.2563922511297628, 0,6, 0
0.16204350429056077, 2.22033988082987, 0.8285931977301888, 0.3246780931230679, 0,6, 0
0.21898489988691544, 2.128930546959376, 0.8157049431428024, 0.2155152353875207, 0,8, 0
0.17927226767777557, 2.2243044261787097, 0.8527868767141726, 0.27854526090908954, 0,7, 0
0.20634603871482737, 2.2121801836114914, 0.7950351180455564, 0.24891455260827602, 0,8, 0
0.18485997472227766, 2.1231578063292393, 0.8602714742996482, 0.2986336423566445, 0,11, 0
0.19716623428457394, 2.1446558901517125, 0.786774719971669, 0.25781303838494424, 0,3, 0
0.21831969666733186, 2.107115130732019, 0.76108508946623, 0.22916875769909628, 0,4, 0
0.24386350029934145, 2.1624110330089255, 0.7393324358725226, 0.1875597411442781, 0,8, 0
0.20940597352491186, 2.2989254614625363, 0.7743490345082601, 0.22953806007469638, 0,7, 0
0.19071376305461318, 2.133243247324428, 0.8154367400868792, 0.27646906837624263, 0,9, 0
0.20561431517328543, 2.0929755960793535, 0.8333090233220135, 0.27107908625234034, 0,12, 0
0.27958491319097983, 1.97182224704494, 0.7581960358289606, 0.18364024657965047, 0,6, 0
0.21180070511541277, 2.1757042125766484, 0.8197025762237046, 0.26335781277589204, 0,10, 0
0.23714494778154727, 2.0409431588996285, 0.7560793547056578, 0.21755349931297044, 0,13, 0
0.20894033127120334, 2.169671210979088, 0.8321866974324554, 0.25945482764413397, 0,10, 0
0.20548127452936873, 2.065373740050002, 0.7967877522605076, 0.25745350253144156, 0,8, 0
0.2656156455797246, 1.9755436692624513, 0.7577289128466179, 0.19170351181602346, 0,8, 0
0.24532694738242533, 2.0773185330824027, 0.7837361138189083, 0.2026073108749106, 0,4, 0
0.23541541941062993, 2.1778115005318073, 0.7950016576058877, 0.23736694525309365, 0,8, 0
0.24565954899221712, 1.9609581788587116, 0.7453971239924791, 0.2114994609745958, 0,4, 0
0.26415219849664073, 1.9696551861777591, 0.7198564070413181, 0.19205095506346495, 0,3, 0
0.217787534091665, 2.051982031106108, 0.7679730956262343, 0.23810347147202268, 0,5, 0
0.2718685558438103, 2.0447276401589556, 0.7191796439906484, 0.1794445558019273, 0,7, 0
0.24725603671921773, 1.9928276328271968, 0.7457427305911237, 0.22178260072808917, 0,8, 0
0.23794319164504757, 2.0612014569795623, 0.8045168932444278, 0.22269753080561078, 0,12, 0
0.2838422137963148, 1.9255334476760735, 0.7415600918586209, 0.1818390213293936, 0,8, 0
0.28723475021619105, 1.921844849315762, 0.7138577220415621, 0.17743297694266155, 0,8, 0
0.2565688817933879, 1.9351419521204403, 0.739550601882199, 0.20506465089812032, 0,7, 0
0.30000665203219584, 1.9299440452662848, 0.7168620376264951, 0.17431705309549372, 0,8, 0
0.23255504556642054, 2.0696796886357753, 0.7605361114962947, 0.22162179880054167, 0,11, 0
0.270139027472893, 1.9942952471246327, 0.7081213506187934, 0.19651770087374754, 0,7, 0
0.3161710902680769, 1.8889925012147284, 0.6928084045342529, 0.16534892858014658, 0,7, 0
0.2915585711434843, 1.9047430426403726, 0.7063834779254786, 0.18613334308976148, 0,6, 0
0.2885651566553582, 1.8964992510513545, 0.7048239440724045, 0.18805463331380803, 0,8, 0
0.3047961152131976, 1.8871599662679006, 0.7013816992296795, 0.18487390591965724, 0,11, 0
0.2401383622696734, 2.167048302368752, 0.739920488385118, 0.23424203448813394, 0,4, 0
0.2841082950841482, 1.9424980787597144, 0.7128757687753648, 0.18622571374709337, 0,9, 0
0.281846604137564, 1.9238528655982576, 0.7073584939796248, 0.2087211791581567, 0,8, 0
0.3181001796048693, 1.8768928235244713, 0.6648870470644497, 0.17146797095401303, 0,7, 0
0.2225769972726668, 2.1093723001589852, 0.778033375781101, 0.24106502441436686, 0,5, 0
0.3222244395662875, 1.8389331792743113, 0.6627632416494965, 0.16651779079128398, 0,6, 0
0.30672520454999, 1.897428611961896, 0.6946181848627291, 0.192664761787814, 0,6, 0
0.3061265216523648, 1.8495261033324515, 0.6755013365399529, 0.1840039565622204, 0,12, 0
0.3282777888644981, 1.7924328489169734, 0.6965634282348654, 0.17636114331303193, 0,7, 0
0.2944854653096521, 1.8623386141997424, 0.7022735319030622, 0.19033331203042939, 0,5, 0
0.3511607796181733, 1.7560813806057451, 0.6741761815052452, 0.16080325213516908, 0,6, 0
0.36246923435109424, 1.735362358252017, 0.6583528289354025, 0.15672241260959524, 0,9, 0
0.35641588505288363, 1.7366068161811403, 0.6713914801968706, 0.1603819374009746, 0,9, 0
0.37876671323089206, 1.7104101195343635, 0.6254073882647213, 0.147075175637653, 0,7, 0
0.3428457393733786, 1.7618664992685875, 0.6727546559254799, 0.16519620446556538, 0,7, 0
0.3538215924965077, 1.7310349824724658, 0.6507889571407142, 0.16858580078987206, 0,12, 0
0.34510743031996277, 1.791139271411878, 0.6329133162900102, 0.16120515015342893, 0,10, 0
0.32275660214195434, 1.8017741284319355, 0.6914405879481846, 0.17769944804891277, 0,6, 0
0.3359276258897093, 1.7507655757483644, 0.6613252386228317, 0.18000489771921604, 0,6, 0
0.3481008448080889, 1.749150980932781, 0.681920487862977, 0.1695676324020428, 0,7, 0
0.2928224572606931, 1.8416535906399, 0.6952764211644273, 0.209591497085433, 0,6, 0
0.3113816270870751, 1.801788813179857, 0.7214249998661586, 0.2021946415898159, 0,4, 0
0.381361005787268, 1.6883143137324905, 0.6415883589208171, 0.15198593512830424, 0,6, 0
0.346637397725005, 1.7445021443307371, 0.6371849577876887, 0.16428015300273419, 0,10, 0
0.3522251047695071, 1.7379655985031934, 0.6279884007513232, 0.16223925814210646, 0,10, 0
0.3488990886715892, 1.7587865216483187, 0.6393684503199196, 0.16276925299591707, 0,6, 0
0.320827512805162, 1.827859000014837, 0.6473938830696528, 0.17954360556485618, 0,7, 0
0.33772367458258495, 1.7853875553894207, 0.641223772174136, 0.17569592438240472, 0,12, 0
0.3472360806226302, 1.781587961238198, 0.6645535065080403, 0.16861030363773263, 0,10, 0
0.3214261957027872, 1.838261954566164, 0.6563333152495852, 0.17552444291194702, 0,5, 0
0.3667265349564292, 1.7078628000651324, 0.658538116846029, 0.17256462730187871, 0,10, 0
0.35734716956030066, 1.7535032320009103, 0.6285155063513366, 0.16594763133438906, 0,12, 0
0.3621366327413025, 1.7136589071156378, 0.6374073352867847, 0.16432399266735856, 0,8, 0
0.23667930552783875, 2.06960349688628, 0.7708014733155454, 0.26558399513139874, 0,9, 0
0.317301935741369, 1.849948838439394, 0.6625545524302733, 0.18430670920608314, 0,6, 0
0.2986097252710703, 1.8937137530323498, 0.680872373014454, 0.2055933592788648, 0,9, 0
0.3489656089935475, 1.7963406866732166, 0.6286726492661775, 0.1715759778757761, 0,14, 0
0.32388744761524646, 1.9099960255680752, 0.6590649628152723, 0.1784646581777189, 0,7, 0
0.35641588505288363, 1.7843074861745163, 0.6361894429838469, 0.16538282614481534, 0,10, 0
0.3693873478347635, 1.7006724682990118, 0.6077421505384283, 0.1635615140848567, 0,8, 0
0.3566154460187587, 1.7657742804434378, 0.6210106915472033, 0.16857266714738015, 0,12, 0
0.3566819663407171, 1.7647815771796924, 0.6218866792973035, 0.16416912775962925, 0,4, 0
0.4049757200824852, 1.620125171536815, 0.5932591196083961, 0.15175892224868182, 0,6, 0
0.3791658351626422, 1.6917672561332786, 0.6149038794558858, 0.158881305302073, 0,11, 0
0.3837557373777689, 1.685345366594202, 0.6258589338336218, 0.16320499612628725, 0,13, 0
0.39499767178873146, 1.641651511382638, 0.6190683801814777, 0.15791861030847662, 0,6, 0
0.36932082751280515, 1.7322384504503352, 0.6260354876426052, 0.1616142760398221, 0,6, 0
0.37663806292822455, 1.7195402059711746, 0.6001999826667125, 0.15766167953723237, 0,5, 0
0.3392536419876272, 1.7923206967769219, 0.6487968572587376, 0.17868996910179874, 0,10, 0
0.3477682431982971, 1.7642056645172162, 0.6256062178902144, 0.17318694961879266, 0,7, 0
0.3691877868688884, 1.689857540278586, 0.611963325372555, 0.1590180273419365, 0,7, 0
0.3638661611122198, 1.78140979448986, 0.6076290813509685, 0.1668383714911235, 0,9, 0
0.38309053415818534, 1.6900347567406322, 0.5946421784559777, 0.16431727163536475, 0,5, 0
0.10077828776691279, 2.3037361388180155, 0.8944213325400786, 0.29326970296135924, 0,0, 0
0.11561231956362669, 2.3107577266787005, 0.9122934457742228, 0.24280766180534463, 0,2, 0
0.09878267810816205, 2.349672071275411, 0.9000015148416551, 0.5177168515347518, 0,0, 0
0.1264551320428391, 2.4151940065127113, 0.8620548280160601, 0.3093011102099833, 0,7, 0
0.12359475819862968, 2.403402442514385, 0.8652474822241263, 0.3265529857031869, 0,8, 0
0.10024612519124593, 2.4956563738920825, 0.88033626681359, 0.49913331027582536, 0,11, 0
0.15811880529501762, 2.310870853637988, 0.882541610303011, 0.28877525989480135, 0,6, 0
0.16816337391072972, 2.3010871533837487, 0.8260975644200341, 0.259888433675948, 0,7, 0
0.16111221978314375, 2.285250097971147, 0.8093608776651496, 0.30013103134075914, 0,9, 0
0.20481607130978513, 2.271323479618338, 0.7756333271772466, 0.22521306697578442, 0,8, 0
0.15911661012439302, 2.278383696046742, 0.8276059032153686, 0.32338607224247595, 0,8, 0
0.20175613649970067, 2.1420089850238258, 0.7758693594446295, 0.22312858926244628, 0,6, 0
0.20195569746557573, 2.149789930611149, 0.8322026040440391, 0.2534638030715699, 0,10, 0
0.16191046364664405, 2.2593733055786815, 0.8776198794758863, 0.28285677749481225, 0,7, 0
0.15406106565555777, 2.3280470927603933, 0.8884321867463832, 0.351665897729432, 0,6, 0
0.1772766580190248, 2.216723231310411, 0.8212513063298408, 0.28240934654600364, 0,11, 0
0.21027073771037053, 2.255774023828968, 0.801831404379859, 0.20615344480364103, 0,12, 0
0.1603804962416018, 2.351550286071375, 0.8357944087766225, 0.31692383961721066, 0,7, 0
0.1915120069181135, 2.226078443586537, 0.7996241416613182, 0.23983144311673552, 0,8, 0
0.20381826648040977, 2.2555828175842585, 0.7882185777781295, 0.2349114904429253, 0,7, 0
0.24432914255304997, 2.0915061485217827, 0.7418209165974032, 0.18593600529406246, 0,5, 0
0.25297678440763655, 2.045978143140163, 0.7616084854874445, 0.18646274992379042, 0,5, 0
0.17328543870152333, 2.275410196044159, 0.8490694746296793, 0.33305178927857193, 0,7, 0
0.19330805561098915, 2.2492556131140624, 0.8044175666438265, 0.2737599955779823, 0,4, 0
0.2510476950708441, 2.108831661273911, 0.7668493429693217, 0.19573480642670094, 0,7, 0
0.18938335661544603, 2.085940040225224, 0.8085755770048314, 0.2939156950206944, 0,11, 0
0.23574802102042175, 2.1066992415652606, 0.7456874913044956, 0.21210283841922922, 0,7, 0
0.19523714494778155, 2.1976932900430737, 0.7990595728588087, 0.26529445297691656, 0,7, 0
0.2306924765515865, 2.1944502299317086, 0.7597310065349138, 0.21118607636426617, 0,10, 0
0.23874143550854787, 2.1074718897637514, 0.7520957784837651, 0.21248296465564856, 0,9, 0
0.23062595622962814, 2.05537998976048, 0.7555436557722601, 0.23841244069649745, 0,6, 0
0.2543071908468037, 2.0184891418545403, 0.7652297456683844, 0.1971018892205802, 0,7, 0
0.20188917714361737, 2.262419473948073, 0.8042411350647676, 0.24623907340518486, 0,3, 0
0.2598948978913058, 2.0170466307314507, 0.7252854451702588, 0.1889425568110654, 0,8, 0
0.2676777755604337, 1.9924778962360523, 0.7479029006998403, 0.20193008649784427, 0,7, 0
0.26554912525776625, 2.019886059916631, 0.7132174739261855, 0.1936445896083854, 0,9, 0
0.1742832435308987, 2.1858268452405945, 0.8161174335841238, 0.34907904523113914, 0,11, 0
0.23215592363467039, 2.017823132045301, 0.7506529013043726, 0.24907842538811187, 0,9, 0
0.24572606931417548, 2.0489614394850926, 0.7471716933519914, 0.2303269835955063, 0,8, 0
0.32388744761524646, 1.895372765558903, 0.6801327781262171, 0.15520778737226068, 0,10, 0
0.3087873345306991, 1.9107490225814578, 0.6891571831842334, 0.16890224206051194, 0,11, 0
0.3005388146078627, 1.9055398337928104, 0.7199139947748237, 0.18356122048395002, 0,6, 0
0.23894099647442293, 2.1016891892343463, 0.7771904937393598, 0.22984814990667896, 0,5, 0
0.31111554579924167, 1.89515517820643, 0.6873857499035144, 0.17317536484573423, 0,4, 0
0.3064591232621566, 1.863091276179354, 0.7019813102728735, 0.1817904794214477, 0,12, 0
0.29774496108561166, 1.9019391481441659, 0.7397589611210875, 0.1859162984019596, 0,9, 0
0.26900818199960086, 1.9830814845141858, 0.7131740647462379, 0.20150786937676726, 0,9, 0
0.27878666932747953, 1.9549858282880062, 0.7106613783827741, 0.20419476944801665, 0,10, 0
0.28863167697731656, 2.0075922158158863, 0.7014111565964539, 0.2023150525787624, 0,6, 0
0.25889709306193043, 1.9429365534399556, 0.7411670030883727, 0.2240319939644561, 0,9, 0
0.3088538548526575, 1.9264822129336356, 0.6890512245240795, 0.1703197561237551, 0,8, 0
0.3078560500232821, 1.8838087760116704, 0.6764652666705604, 0.17632411699219752, 0,10, 0
0.2900286037384421, 1.8933367586836465, 0.7155173157427188, 0.20286292038595874, 0,10, 0
0.3272799840351227, 1.8762041572316601, 0.7049625501932256, 0.17019004058303155, 0,10, 0
0.3473026009445886, 1.7804326252500224, 0.6558411827404197, 0.16098873737292638, 0,8, 0
0.3298742765914987, 1.8066970999271168, 0.683432820875229, 0.1795860593554745, 0,5, 0
0.3230226834297878, 1.8193060085301325, 0.6971703644143061, 0.18051992431397493, 0,7, 0
0.3319364065722078, 1.7888992264592258, 0.6688061041200225, 0.17796518040358336, 0,4, 0
0.31989622829774494, 1.8474586986241714, 0.6691782873611615, 0.1750828962151222, 0,6, 0
0.34297878001729526, 1.782144330932115, 0.6607692922438615, 0.1621471086687596, 0,5, 0
0.3121798709505754, 1.8573362167498662, 0.6975869646632731, 0.179605493120501, 0,9, 0
0.332535089469833, 1.7865129968985693, 0.683768034168051, 0.18200156754755958, 0,12, 0
0.27486197033193643, 2.0080837834871024, 0.7116448725630407, 0.23212100251831988, 0,8, 0
0.3315372846404577, 1.8456254595689794, 0.6576323272094006, 0.1748902955161234, 0,9, 0
0.3373910729727932, 1.7566655204537656, 0.6919505389408936, 0.18084077758710854, 0,9, 0
0.3393866826315439, 1.8057673930138527, 0.654560825020596, 0.16546144990802208, 0,10, 0
0.3103838222576997, 1.823403923044279, 0.6806178510473483, 0.19380934721366774, 0,10, 0
0.299674050422404, 1.8443976944929619, 0.7066347866247744, 0.19398272550248932, 0,11, 0
0.3011374975054879, 1.8571729885717436, 0.700634161468075, 0.19868134976783722, 0,9, 0
0.35595024279917514, 1.7360551731418978, 0.6684607039246373, 0.17384984417753774, 0,4, 0
0.34078360939266944, 1.7533471724916136, 0.6472219458404486, 0.17069913483065874, 0,6, 0
0.3548193973258831, 1.7499845745375886, 0.6366497433940795, 0.1655449382568723, 0,9, 0
0.38162708707510146, 1.7006724383678296, 0.6223366570793649, 0.1533806119975944, 0,8, 0
0.35269074702321557, 1.7229115571208418, 0.649024188931474, 0.16749931199503912, 0,9, 0
0.30466307456928093, 1.8224583585537624, 0.683734160764031, 0.19842395424891898, 0,14, 0
0.35901017760925963, 1.725104114244554, 0.6408211793963535, 0.16480889714178434, 0,6, 0
0.33506286170425065, 1.781447415499997, 0.6664450539033969, 0.17825237307686043, 0,10, 0
0.31450808221911797, 1.8094793649452663, 0.6889127802254744, 0.19705789222553727, 0,8, 0
0.34091665003658617, 1.7393671948459504, 0.6724679147735667, 0.17485270546259854, 0,7, 0
0.3542872347502162, 1.713173515598574, 0.6522733835574571, 0.17233742728183013, 0,9, 0
0.31723541541941064, 1.8544476441714386, 0.6836669389925807, 0.186415404871277, 0,9, 0
0.34257965808554514, 1.735809332557379, 0.6441660560608645, 0.1830150987174519, 0,4, 0
0.3568150069846338, 1.7132364401423685, 0.6348697857764528, 0.17387600703621614, 0,12, 0
0.32920907337191513, 1.8017139218329812, 0.7110336383850004, 0.20513220176851962, 0,8, 0
0.3725803232887647, 1.6976210367637568, 0.640386634308557, 0.16182482269747253, 0,6, 0
0.37131643717155594, 1.7029609303885034, 0.6289286749740645, 0.15582488207509618, 0,9, 0
0.32774562628883125, 1.8266308424037936, 0.6624361279533554, 0.1790330881127635, 0,5, 0
0.361870551453469, 1.7298051548390334, 0.6328025039488048, 0.1634103626584612, 0,3, 0
0.2841082950841482, 1.9376774320367376, 0.7336336153306964, 0.23379191734045782, 0,9, 0
0.32328876471762125, 1.8010271131924935, 0.6676643668835457, 0.18905400663805627, 0,6, 0
0.3140424399654094, 1.9131684392930537, 0.6757459696130235, 0.20357113806175015, 0,6, 0
0.3747089735914322, 1.687199775048028, 0.6403837059791386, 0.15944824087695345, 0,11, 0
0.29475154659748554, 1.9256263683287198, 0.7052906144667181, 0.2064467265403587, 0,9, 0
0.3953967937204816, 1.6387132145303345, 0.6152179468146113, 0.15478993997670062, 0,7, 0
0.37171555910330606, 1.6841178439611575, 0.6314089078900723, 0.15880268014699855, 0,5, 0
0.3131111554579924, 1.8356751174305614, 0.6681663901676064, 0.20331941198553113, 0,9, 0
0.35368855185259096, 1.7158295467395803, 0.636530041166773, 0.17988650150541918, 0,5, 0
0.38388877802168564, 1.6826357195784627, 0.6368062395583657, 0.16323709533860206, 0,10, 0
0.38222576997272667, 1.6686669781438321, 0.6225330015540258, 0.1573553183989463, 0,10, 0
0.3671921772101377, 1.7285875231850325, 0.6185392813679325, 0.1693678270280336, 0,13, 0
0.34510743031996277, 1.7614077073006162, 0.6382809687384826, 0.17195619942889007, 0,4, 0
0.10077828776691279, 2.3037361388180155, 0.8944213325400786, 0.29326970296135924, 0,0, 0
0.10210869420607996, 2.3214634605441464, 0.8938715633828643, 0.4561497021832491, 0,3, 0
0.12718685558438103, 2.3816829235707737, 0.8879676189411678, 0.3538766012513633, 0,2, 0
0.0996474422936207, 2.4520682060321253, 0.9424463317291131, 0.5223446976523549, 0,5, 0
0.15825184593893435, 2.338626510161392, 0.8818621912330675, 0.3269626686128624, 0,7, 0
0.15838488658285105, 2.3122795656722896, 0.8490220499403291, 0.28595039728345883, 0,7, 0
0.15771968336326747, 2.354409914066523, 0.8876405641625693, 0.31194443922187975, 0,6, 0
0.1468103505620967, 2.3447810231366573, 0.8441547948592297, 0.3136698069523074, 0,12, 0
0.16157786203685226, 2.3052817646284933, 0.874470049360488, 0.3092197496620154, 0,7, 0
0.12605601011108894, 2.3437237301875453, 0.885765775993366, 0.36612260753781384, 0,6, 0
0.18565821858577797, 2.2192424352651328, 0.8074143018651094, 0.227856743654723, 0,5, 0
0.17055810550123063, 2.297561313937399, 0.8210305429512039, 0.25337615362617805, 0,6, 0
0.18971595822523782, 2.2335554781307727, 0.8494389849969819, 0.26309594082808535, 0,8, 0
0.17940530832169227, 2.2666873377192434, 0.8548218107324672, 0.29924277260605325, 0,9, 0
0.1819330805561099, 2.2172941512978417, 0.8092387959881769, 0.2556741582892949, 0,7, 0
0.19237677110357215, 2.2675400265579664, 0.8075963210107233, 0.24220837013130217, 0,5, 0
0.19976052684094991, 2.2345244605479535, 0.836071479688649, 0.2611579628574269, 0,10, 0
0.16749817069114614, 2.2528160500889616, 0.8755474787950248, 0.32340351330654166, 0,13, 0
0.1779418612386084, 2.3064066344595937, 0.8172507262218021, 0.29633413442135487, 0,7, 0
0.2286303465708774, 2.1856869867776894, 0.7610035247387487, 0.19541917623398394, 0,4, 0
0.21153462382757932, 2.1969153516617537, 0.7663076196367914, 0.22511583591857603, 0,6, 0
0.2077429654759529, 2.092151179202959, 0.7797324672478573, 0.25091598738804466, 0,8, 0
0.25517195503226237, 2.046747350945711, 0.7522445772248361, 0.19590808910444327, 0,9, 0
0.24412958158717488, 2.1064251938646823, 0.7372731488040775, 0.19324533872909044, 0,6, 0
0.19457194172819797, 2.1239055046193545, 0.7906308198661561, 0.29223943904339544, 0,12, 0
0.23574802102042175, 2.0351348387808854, 0.7552047607625955, 0.2179063353903323, 0,9, 0
0.22517128982904278, 2.046806491690863, 0.8032108670907228, 0.23308513467077197, 0,9, 0
0.21066985964212068, 2.1430436091366576, 0.7736240563023329, 0.2520867147891258, 0,5, 0
0.19417281979644782, 2.1688137899764337, 0.7953472289208922, 0.27920674445654436, 0,5, 0
0.2620235481939733, 2.020707210765376, 0.7614711964234908, 0.19675309663921262, 0,9, 0
0.2557041176079292, 2.020987612495346, 0.7600520559293795, 0.20455399208103558, 0,9, 0
0.2834430918645646, 1.9781289538691351, 0.7490396390896749, 0.1787137705489295, 0,12, 0
0.26734517395064195, 2.0424348060174244, 0.7199589579347077, 0.18842820810556313, 0,7, 0
0.25297678440763655, 2.0533718774793375, 0.7820036452204691, 0.2235716045789536, 0,10, 0
0.23248852524446217, 2.0882362377331942, 0.7517441534388841, 0.21541006231232313, 0,4, 0
0.23029335461983635, 2.106619185170418, 0.7517328615440744, 0.23520491973061008, 0,12, 0
0.2789862302933546, 1.9625220890650372, 0.7217650382472566, 0.19104907915339076, 0,8, 0
0.25197897957826115, 1.9670698312849355, 0.7602590016853269, 0.2177751033820285, 0,8, 0
0.2516463779684694, 2.0816529359811478, 0.7741194919210628, 0.21839619439130728, 0,2, 0
0.2555045566420541, 2.0057034852705673, 0.7325972664731425, 0.20244745568032235, 0,9, 0
0.27931883190314644, 1.9144729171011459, 0.7235536207589575, 0.19109060163779307, 0,7, 0
0.24452870351892503, 1.9884273413411873, 0.7402711410474021, 0.21892515124551248, 0,9, 0
0.24605867092396727, 2.0231300684963722, 0.7414286688176248, 0.22460853859216917, 0,8, 0
0.2769906206346039, 1.910512060095496, 0.7289092797576346, 0.1976867881407108, 0,3, 0
0.24166832967471563, 1.993641443304266, 0.7804570134985596, 0.2525796434081729, 0,5, 0
0.2678773365263088, 1.974540468809142, 0.730065481364208, 0.2197621287297688, 0,6, 0
0.25197897957826115, 1.982157678742264, 0.7393856310013, 0.23675903197042011, 0,3, 0
0.286303465708774, 1.902842446064383, 0.7144919415181566, 0.20807693748646228, 0,11, 0
0.2682764584580589, 2.009385526838444, 0.7098359618231875, 0.20152616650173247, 0,9, 0
0.2678773365263088, 1.922734125232392, 0.7368217555787779, 0.21986104226053635, 0,9, 0
0.3239539679372048, 1.8752332362619248, 0.6669124434577292, 0.16265228290969133, 0,7, 0
0.30220182265682166, 1.866606638625513, 0.7204221324363761, 0.18729632965952564, 0,9, 0
0.27160247455597686, 1.9326280085997518, 0.718630858619921, 0.20388292765829008, 0,4, 0
0.2949511075633606, 1.9000554570163357, 0.7403028829336781, 0.19212391030376288, 0,5, 0
0.30346570877403045, 1.9321516421727298, 0.6978143124392254, 0.18126953497372633, 0,10, 0
0.299674050422404, 1.8584448332035763, 0.7137403666565174, 0.20218669008905357, 0,7, 0
0.33439765848466707, 1.8008916248289053, 0.6829536025067129, 0.16487985388452311, 0,5, 0
0.32994079691345707, 1.8313953820669286, 0.6934364468637167, 0.1723269654435224, 0,10, 0
0.314707643184993, 1.8665375758500455, 0.6776027495962093, 0.1738083128534695, 0,12, 0
0.29940796913457063, 1.8454707581499081, 0.7074184331317817, 0.19828946346538776, 0,8, 0
0.24592563028005054, 1.9669959103284795, 0.7362205090966971, 0.2691123029495625, 0,6, 0
0.30080489589569614, 1.8708108338713052, 0.6845735846401564, 0.1964828645781711, 0,8, 0
0.33459721945054216, 1.803735332147079, 0.659716263949339, 0.16751912707717054, 0,7, 0
0.32295616310782943, 1.7976600437878627, 0.6743060530797261, 0.17925504010430438, 0,5, 0
0.29727931883190317, 1.8760619648759937, 0.718367226468893, 0.19743707360127996, 0,9, 0
0.30792257034524045, 1.8861451488027139, 0.7099365568752457, 0.18267983369355187, 0,7, 0
0.29022816470431717, 1.9251177053778883, 0.7140255959690828, 0.19802364174771495, 0,13, 0
0.28610390474289893, 1.9330216575817125, 0.7010857007039507, 0.19875065077625265, 0,7, 0
0.34876604802767247, 1.7785910024365716, 0.6726448425690819, 0.17235242923008073, 0,8, 0
0.37297944522051485, 1.7328919842517092, 0.6391068673754781, 0.15369366198630047, 0,5, 0
0.34796780416417217, 1.8069012890451723, 0.6865171688672167, 0.16541056983294747, 0,9, 0
0.312845074170159, 1.8264005786881097, 0.6903236764547341, 0.1892236453723161, 0,10, 0
0.2919576930752345, 1.9052364471024845, 0.7477844205573208, 0.22468498959404173, 0,7, 0
0.3254174150202887, 1.7732938773291225, 0.6837688583239979, 0.19207990304709407, 0,7, 0
0.35614980376505023, 1.7752333724759641, 0.6201205699908552, 0.1595417154821059, 0,4, 0
0.3195636266879532, 1.8413794538713553, 0.6703108500464847, 0.19172952767547408, 0,12, 0
0.3427792190514202, 1.7505759684389908, 0.6500684634073355, 0.174636560458374, 0,14, 0
0.3469699993347968, 1.7503953514354145, 0.6490664132599232, 0.17155017477451534, 0,10, 0
0.3934677043836892, 1.6581296527020146, 0.6282512708970589, 0.15329343456203248, 0,6, 0
0.31843278121466106, 1.7992571210132453, 0.6758316982861416, 0.19240489207452596, 0,10, 0
0.3537550721745493, 1.7346105266396874, 0.6846795657340473, 0.17459824712517213, 0,7, 0
0.32774562628883125, 1.7804213620775324, 0.7006583776813105, 0.1868508239498377, 0,10, 0
0.29215725404110954, 1.8784009633818874, 0.7273249241675981, 0.2355584479798403, 0,5, 0
0.37796846936739176, 1.6776180617277838, 0.6223451927426329, 0.16019357688510566, 0,12, 0
0.33160380496241604, 1.8558823591473494, 0.6582080772810397, 0.181938038893749, 0,7, 0
0.3321359675380829, 1.7886330174553666, 0.6455181202168743, 0.17826338888645746, 0,5, 0
0.3558837224772168, 1.733143465432754, 0.6347650699230629, 0.16493674795483554, 0,10, 0
0.3823588106166434, 1.6584919797385325, 0.6331506486117974, 0.16050889188073053, 0,9, 0
0.3850196234949777, 1.6923251861224018, 0.608356936111472, 0.153190313775196, 0,8, 0
0.3600745027605934, 1.7376582795200348, 0.6447784342737026, 0.16927986222636662, 0,14, 0
0.3542207144282578, 1.7154451997101066, 0.6326689941660684, 0.18127546710587428, 0,10, 0
0.38974256635402116, 1.6487418647469188, 0.6072115688353281, 0.15797665544339523, 0,6, 0
0.34537351160779617, 1.7549971320497801, 0.6427397751518261, 0.17204564125210045, 0,5, 0
0.35182598283775696, 1.756108344838282, 0.6423253474889363, 0.17267276877720308, 0,5, 0
0.3777023880795583, 1.6741113417132572, 0.6137074250753962, 0.16626086680430455, 0,7, 0
0.34497438967604604, 1.807225939176091, 0.6313803298491483, 0.1724687436070267, 0,7, 0
0.3727798842546398, 1.6835196232641876, 0.6254549860290247, 0.16769856940320516, 0,5, 0
0.3467704383689217, 1.7551527527217132, 0.6639197903186898, 0.1751291788947401, 0,7, 0
0.3906073305394798, 1.6605157970208524, 0.6272346790918965, 0.16086158590696772, 0,8, 0
0.3878799973391871, 1.667170088967425, 0.6261533168022616, 0.15540988538674064, 0,5, 0
0.31131510676511676, 1.8717603160320289, 0.6799380636022019, 0.1931184185182297, 0,7, 0
0.10077828776691279, 2.3037361388180155, 0.8944213325400786, 0.29326970296135924, 0,0, 0
0.10915984833366593, 2.304067719445006, 0.9015486460139036, 0.42820116784715606, 0,2, 0
0.14188784673717822, 2.3396805958984808, 0.8520468737326641, 0.3038963166898211, 0,5, 0
0.13550189582917582, 2.3488826055310406, 0.8777047041844678, 0.28649552048346094, 0,2, 0
0.12352823787667132, 2.478534234455862, 0.8883976382988972, 0.3759889986370693, 0,9, 0
0.09904875939599547, 2.501403394307172, 0.8963298066931568, 0.5023943505285134, 0,6, 0
0.14288565156655358, 2.317545204107723, 0.8574953130548105, 0.331085746594052, 0,6, 0
0.12831770105767312, 2.34780182496188, 0.9187329231312569, 0.4168957372576162, 0,7, 0
0.1549923501629748, 2.3423248203121276, 0.845367531057692, 0.3095467436137762, 0,8, 0
0.16357347169560302, 2.5179415762816997, 0.8295579484904992, 0.2798658408264625, 0,4, 0
0.15026940730393135, 2.3749590456894136, 0.8561735244170294, 0.2837258468805309, 0,2, 0
0.19457194172819797, 2.294663668915888, 0.8006870359039462, 0.24140499249771494, 0,4, 0
0.15718752078760062, 2.365251784088178, 0.8443807081447496, 0.32147962076852915, 0,9, 0
0.16975986163773032, 2.4271942224996117, 0.8158050372875694, 0.28862006153053155, 0,8, 0
0.20581387613916052, 2.2829280794162456, 0.7750678244335291, 0.2238048684307746, 0,8, 0
0.18412825118073572, 2.1880359936956317, 0.8114299811569183, 0.27001195292353136, 0,6, 0
0.20634603871482737, 2.2206158694936744, 0.8391291057750775, 0.2557037732419415, 0,7, 0
0.19942792523115813, 2.2534327270908046, 0.8067893478256646, 0.24936946262180368, 0,8, 0
0.1972327546065323, 2.363860257734663, 0.7850453266160962, 0.23831752014137175, 0,7, 0
0.2264351759462516, 2.125725054478428, 0.7519388090649015, 0.20519169819478264, 0,8, 0
0.24339785804563294, 2.0554392968538573, 0.7553426050314063, 0.19556587723602495, 0,9, 0
0.21805361537949844, 2.151150490823227, 0.7684670440393052, 0.23225547971665075, 0,10, 0
0.2617574669061398, 2.071837230276809, 0.7181994254645219, 0.18563536714627754, 0,7, 0
0.2815805228497306, 1.9684043290816025, 0.7065669959170541, 0.17372847000610522, 0,7, 0
0.20321958358278455, 2.144220495413522, 0.7907671515588021, 0.28237187933554686, 0,4, 0
0.2500498902414688, 2.0765893957234742, 0.7418925290690767, 0.1876913238337012, 0,5, 0
0.2512472560367192, 2.000732451714989, 0.7573568547173953, 0.20074544990131898, 0,7, 0
0.21818665602341517, 2.050415638039024, 0.7808070341515707, 0.24234781210523007, 0,5, 0
0.20421738841215992, 2.073427387977054, 0.7950847171240224, 0.28418767052495364, 0,12, 0
0.23282112685425396, 2.039877705621456, 0.7902526636923467, 0.22777936350292916, 0,4, 0
0.23208940331271202, 2.0773799645007034, 0.7521964665501437, 0.21817494843381502, 0,8, 0
0.2264351759462516, 2.2969016454608857, 0.7670881181933514, 0.22432355086872635, 0,7, 0
0.23095855783941993, 2.146452793633796, 0.764307994854497, 0.22221284451293266, 0,12, 0
0.2227100379165835, 2.2018125771104335, 0.7633571417651026, 0.24067368836692687, 0,6, 0
0.2211800705115413, 2.130643693997, 0.7641830933308177, 0.2430584219605223, 0,9, 0
0.25962881660347237, 1.970461119758086, 0.7829697908891791, 0.22121290041078223, 0,8, 0
0.25803232887647176, 2.005882325853122, 0.7581700353349009, 0.2138260467376271, 0,5, 0
0.26268875141355685, 1.9363309247863434, 0.7418295911951139, 0.2217290007804668, 0,6, 0
0.2410696467770904, 2.0473475708842854, 0.7615961224797665, 0.22136496428314495, 0,12, 0
0.2147941196035389, 2.2293830897084397, 0.7770328420175808, 0.26858065599500613, 0,10, 0
0.2737976451806027, 1.9513610133247399, 0.7478079171892287, 0.21008861885962082, 0,6, 0
0.25849797113018025, 2.0397249053578124, 0.7298265357333011, 0.20680557000331387, 0,4, 0
0.2627552717355152, 1.9911447549376953, 0.7229780799914856, 0.20578513966179268, 0,10, 0
0.23807623228896427, 2.0165495763541554, 0.7506423170527651, 0.2319227697645595, 0,7, 0
0.24492782545067518, 1.971414787476865, 0.752779854574111, 0.23361827636838492, 0,11, 0
0.3072573671256569, 1.8742025335859747, 0.7060198069390269, 0.17701614967954232, 0,11, 0
0.25683496308122133, 1.919739712555791, 0.7668515904240364, 0.22769934386724447, 0,10, 0
0.2672786536286836, 2.02189203941171, 0.7242478569703391, 0.202416039583618, 0,3, 0
0.256968003725138, 1.960774877055045, 0.7285260344509072, 0.22571774258013166, 0,8, 0
0.26029401982305594, 1.9415762580250708, 0.7332587194311531, 0.2392490429395123, 0,8, 0
0.2345506552251713, 2.105902256557964, 0.764293929755111, 0.23410050924482953, 0,8, 0
0.27306592163906074, 1.9053090568598434, 0.7249615953244879, 0.21845862685662498, 0,6, 0
0.28597086409898226, 1.9800110728823321, 0.6991214554479102, 0.19003012331205313, 0,9, 0
0.319164504756203, 1.901605608287562, 0.6698814177460136, 0.17742558140951417, 0,5, 0
0.28723475021619105, 1.869647891949031, 0.70799619866898, 0.20785275334943568, 0,8, 0
0.36220315306326084, 1.7534232255125175, 0.6578314547251154, 0.15949130103860337, 0,7, 0
0.35468635668196635, 1.775246953485271, 0.6494451480082184, 0.15688181765754947, 0,9, 0
0.3071908468036985, 1.8192595467313373, 0.6808959975036828, 0.18433437476197465, 0,7, 0
0.34830040577396393, 1.7692255728288238, 0.6509273659145117, 0.16507094617460885, 0,3, 0
0.33180336592829107, 1.8068638252837688, 0.6519308996890157, 0.1658876578283786, 0,5, 0
0.27785538482006256, 1.9561285773040784, 0.7051753164057932, 0.20532597165065564, 0,7, 0
0.3228231224639127, 1.8473654862158488, 0.6812371333465319, 0.17769131697195792, 0,7, 0
0.31257899288232555, 1.8261354350622627, 0.6731087203649406, 0.18758946170745983, 0,6, 0
0.2535089469833034, 1.998915347630794, 0.7421246799131294, 0.2370464436865098, 0,9, 0
0.33772367458258495, 1.7703145281375465, 0.6777504549643213, 0.17091509063407412, 0,3, 0
0.3190314641122863, 1.821885798490984, 0.6616232951128717, 0.17936107662196116, 0,7, 0
0.34617175547129647, 1.762680986573388, 0.6786136226111023, 0.1736011908028242, 0,9, 0
0.3311381627087075, 1.8041207457836903, 0.6740239750064156, 0.16942990279099898, 0,6, 0
0.325284374376372, 1.7943142334921491, 0.6681231642759075, 0.18642968946396254, 0,7, 0
0.35328942992084084, 1.7515100035800324, 0.6522490828940394, 0.16319329199622884, 0,10, 0
0.36054014501430187, 1.7433189548200645, 0.6351411636302663, 0.16194440689441034, 0,6, 0
0.32169227699062064, 1.7877904834888783, 0.6976094074442262, 0.1891828584085751, 0,8, 0
0.30911993614049094, 1.8152753734972427, 0.7034007670577641, 0.200047024391243, 0,2, 0
0.29794452205148675, 1.8866370310050986, 0.7295687635208263, 0.2044116743077787, 0,11, 0
0.2901616443823588, 1.8875024372855878, 0.7199940265490596, 0.22252774249096344, 0,8, 0
0.2851060999135236, 1.8966885923919012, 0.7102628729062875, 0.22840764925274762, 0,6, 0
0.3205614315173285, 1.7992590327807818, 0.6675159184821043, 0.1775016995822448, 0,12, 0
0.31783409831703585, 1.8047039939449558, 0.667268012246294, 0.17870371086971765, 0,2, 0
0.3296747156256236, 1.8122388157493727, 0.6575256606521613, 0.18755194738296604, 0,8, 0
0.35002993414488126, 1.8114429914149617, 0.6326180528781198, 0.16429988073973545, 0,7, 0
0.3742433313377237, 1.697370334110645, 0.6143542884220694, 0.15557980262605686, 0,8, 0
0.37444289230359873, 1.7151684157467568, 0.6165055999276567, 0.162437500942499, 0,4, 0
0.35209206412559035, 1.7758089494127909, 0.6658623271703062, 0.16807011061083382, 0,6, 0
0.33180336592829107, 1.7703816977032865, 0.6775006400375874, 0.188405230432702, 0,6, 0
0.33446417880662543, 1.8178551504194542, 0.6584664422224985, 0.17725867204165532, 0,12, 0
0.30732388744761524, 1.84211373681644, 0.6777678747964115, 0.192333379558, 0,10, 0
0.3613383888778022, 1.6937182638203163, 0.6454779356891994, 0.1679965041392201, 0,6, 0
0.3513603405840484, 1.7314584569200533, 0.6732548710829046, 0.1719816309538146, 0,9, 0
0.3181001796048693, 1.8346583240840881, 0.6848876465607432, 0.1988212471002461, 0,9, 0
0.29475154659748554, 1.9275697108150234, 0.6922954556827405, 0.20998755916955203, 0,7, 0
0.3530233486330074, 1.73962326821735, 0.6362242598720603, 0.16829883427666195, 0,8, 0
0.3254174150202887, 1.8435792184646025, 0.6760874057639797, 0.18444797831853252, 0,7, 0
0.34736912126654695, 1.7610550309531205, 0.6658633743661884, 0.17797715571550465, 0,9, 0
0.37437637198164037, 1.6828439326087437, 0.6148763180357816, 0.16245606379632618, 0,8, 0
0.3611388279119271, 1.7177824550963428, 0.6372503765273152, 0.16447287632644111, 0,5, 0
0.32821126854253974, 1.790439944892977, 0.6633237206938232, 0.18738021648956665, 0,8, 0
0.39200425730060534, 1.6641056120617697, 0.6057447650912963, 0.15577036499607963, 0,7, 0
0.38049624160180934, 1.6779550108368475, 0.638485910673734, 0.16059145770747957, 0,12, 0
0.3287434311182066, 1.7764837480305848, 0.6499185508468157, 0.1863360591857431, 0,9, 0
0.34637131643717156, 1.7353509690961715, 0.641643073611776, 0.17866350143129492, 0,13, 0
0.3566154460187587, 1.700880796470574, 0.6363172796911666, 0.18555531423760374, 0,9, 0
0.10077828776691279, 2.3037361388180155, 0.8944213325400786, 0.29326970296135924, 0,0, 0
0.0996474422936207, 2.311362939070285, 0.9424463317291131, 0.5223446976523549, 0,4, 0
0.10955897026541608, 2.4294468663310225, 0.8862756658186655, 0.47370293627479976, 0,2, 0
0.10071176744495443, 2.2897786621973517, 0.879954949396797, 0.490501608958106, 0,6, 0
0.09971396261557906, 2.42169684127666, 0.8930808635661944, 0.505372263841755, 0,7, 0
0.09904875939599547, 2.443135492500174, 0.8938837418790088, 0.5092195881961945, 0,8, 0
0.14102308255171955, 2.322027491704834, 0.8459150857704378, 0.30151145382095407, 0,7, 0
0.13636666001463446, 2.3796771761900506, 0.8723870975783483, 0.31391377979643054, 0,4, 0
0.15246457792855717, 2.266189197005368, 0.8314384612626827, 0.3471030079598705, 0,5, 0
0.12545732721346373, 2.522195428239128, 0.875425886664911, 0.37154808654561217, 0,5, 0
0.10403778354287235, 2.5537317640757773, 0.9200996225207839, 0.5134499655637252, 0,6, 0
0.15133373245526507, 2.296435319686661, 0.8378709730174867, 0.3062627753271252, 0,8, 0
0.1691611787401051, 2.291693575390321, 0.8240968424006876, 0.2908119827768343, 0,3, 0
0.14009179804430252, 2.341707260009336, 0.8507561086883934, 0.3539822334183214, 0,5, 0
0.15253109825051553, 2.2181354359160053, 0.8527758756651649, 0.31293855541863647, 0,6, 0
0.20435042905607664, 2.248375295323938, 0.7877757297740006, 0.2508632284022375, 0,9, 0
0.21738841215991486, 2.215433578905783, 0.7669931561974933, 0.2191543069187224, 0,9, 0
0.22803166367325217, 2.1343323406658987, 0.7499218478286406, 0.20237317066643307, 0,8, 0
0.20188917714361737, 2.1456062293200167, 0.809019412206815, 0.23830150975156222, 0,8, 0
0.2024878600412426, 2.0726983276485944, 0.7950637841775243, 0.24952244040730429, 0,9, 0
0.24339785804563294, 2.1301474713806554, 0.7529434697114432, 0.19315886254596695, 0,5, 0
0.21639060733053947, 2.1260763297837184, 0.7892555846998437, 0.22705963339720941, 0,9, 0
0.21213330672520456, 2.091142461783299, 0.7981289177017339, 0.21376262710016442, 0,10, 0
0.23488325683496308, 2.0615966977223357, 0.753477399726963, 0.2226513916171603, 0,9, 0
0.20075833167032528, 2.275260402129683, 0.779017683113476, 0.23827495181947017, 0,10, 0
0.21326415219849665, 2.2445789861883667, 0.7682849855709694, 0.23647536197473007, 0,8, 0
0.22390740371183396, 2.0470805655281947, 0.7944854297057969, 0.25472651445186734, 0,8, 0
0.21738841215991486, 2.0694331876382948, 0.7825748961420799, 0.2650181502934012, 0,9, 0
0.27226767777556043, 2.0127373124829453, 0.722059607925998, 0.17237500560454846, 0,15, 0
0.2635535155990155, 2.029868664187141, 0.7225883328053712, 0.19307419621217078, 0,5, 0
0.21273198962282977, 2.2690703179961087, 0.7634140114521741, 0.23435292785599648, 0,5, 0
0.22244395662875008, 2.1690400152207054, 0.7773934494190591, 0.2222179431611269, 0,9, 0
0.241734849996674, 2.038245186044143, 0.7512749281894835, 0.2158358978200769, 0,8, 0
0.22078094857979114, 2.1356305813889285, 0.7748696918075588, 0.2618215518160493, 0,5, 0
0.27705714095656225, 1.9794333788446663, 0.7567103086047647, 0.19207678500242548, 0,8, 0
0.26009445885718085, 1.9966017339374382, 0.7549248368834931, 0.21152766952788635, 0,8, 0
0.30572739972061463, 1.8959693719822435, 0.6933834449139502, 0.17318163809954717, 0,6, 0
0.24559302867025876, 2.044646111690363, 0.7502229911973864, 0.21071446874712102, 0,7, 0
0.26189050755005655, 2.0515892528999133, 0.7280684728789844, 0.18378358421583754, 0,11, 0
0.26534956429189116, 1.9504745681311393, 0.7376747805424884, 0.19385763314510182, 0,6, 0
0.23761059003525578, 2.059797765406466, 0.763746101410185, 0.21894460438908617, 0,9, 0
0.1992948845872414, 2.1161947399328263, 0.8299045553976431, 0.2993432193958313, 0,13, 0
0.31357679771170094, 1.873931863957724, 0.691270631657064, 0.17459449421827888, 0,8, 0
0.25676844275926297, 2.0465985303953453, 0.7303939360796646, 0.2091739605804424, 0,10, 0
0.33186988625024944, 1.8411638802284809, 0.6935909750937632, 0.16699246049140612, 0,4, 0
0.3220248786004124, 1.8418983992231048, 0.7063893358452958, 0.17432104386692046, 0,4, 0
0.2281647043171689, 2.04947134746546, 0.7920616788415974, 0.2488552213515362, 0,7, 0
0.31111554579924167, 1.843943652870063, 0.7148636225797805, 0.1796521160269755, 0,8, 0
0.26428523914055746, 1.9666533746588042, 0.7251199696227169, 0.20899373285406217, 0,8, 0
0.26268875141355685, 2.0023284576447162, 0.7312587868722332, 0.19858688995924784, 0,6, 0
0.30991818000399124, 1.8531337802197447, 0.7020263149515009, 0.18107611554705405, 0,6, 0
0.29348766048027675, 1.9693460395567226, 0.6800711882155529, 0.1823154276901922, 0,7, 0
0.30765648905740706, 1.9018611356002448, 0.686835759279944, 0.17514610854934554, 0,10, 0
0.30080489589569614, 1.9196159535520751, 0.679267899131918, 0.18439126279218088, 0,9, 0
0.29248985565090135, 1.9260639090075873, 0.6898314153352102, 0.1896888137557522, 0,5, 0
0.261225304330473, 1.9672362128909393, 0.7341120578601593, 0.22895590196404714, 0,4, 0
0.28770039246989954, 1.9128823936409811, 0.6905240107540397, 0.20330814377450784, 0,5, 0
0.28071575866427195, 1.8750578259954684, 0.7093326656772609, 0.20655231168539415, 0,5, 0
0.33619370717754277, 1.8157647526812142, 0.6685848090673003, 0.175370012689385, 0,8, 0
0.25969533692543073, 2.0288196999037216, 0.7470198237069815, 0.21894302184052805, 0,4, 0
0.3241535289030799, 1.8011742624576432, 0.6774914602939234, 0.17544434528426367, 0,4, 0
0.2533093860174283, 2.0434529594078374, 0.7577680087825572, 0.2583381510177781, 0,12, 0
0.31131510676511676, 2.004792647711699, 0.6838801806954409, 0.18169947373572642, 0,7, 0
0.28324353089868953, 2.003604203050249, 0.7340704120160848, 0.20569007861671562, 0,10, 0
0.2984766846271536, 1.870702718071521, 0.6906009368814332, 0.19638696623622653, 0,8, 0
0.26049358078893103, 1.995982276477841, 0.7227081553000232, 0.2308279176140672, 0,6, 0
0.28783343311381626, 1.9685150205807511, 0.7077215865118592, 0.20377280408269197, 0,8, 0
0.34983037317900617, 1.7570628519068694, 0.645775241801238, 0.16202821060540903, 0,8, 0
0.31484068382890973, 1.8126567346261646, 0.69761381204211, 0.18364952377747565, 0,7, 0
0.2986097252710703, 1.9024048140169039, 0.696982557892798, 0.21201288516007785, 0,11, 0
0.33100512206479077, 1.8118657632905915, 0.665698003070812, 0.17998000819520021, 0,9, 0
0.3775693474356416, 1.7244496723733753, 0.6419320409130992, 0.15438858881145673, 0,7, 0
0.34437570677842083, 1.7643421321308383, 0.6614120799171838, 0.17298850539804708, 0,5, 0
0.35289030798909066, 1.7355180198042595, 0.671130316868194, 0.16693119955708347, 0,6, 0
0.38575134703651964, 1.6849476891225155, 0.6281829489166255, 0.152000968769072, 0,7, 0
0.3436439832368789, 1.7708999001955246, 0.6802394410815702, 0.17880575827498663, 0,2, 0
0.35940929954100975, 1.722153942829072, 0.6541279507236478, 0.15935253600151306, 0,7, 0
0.3603405840484268, 1.7282569889361563, 0.6395452365655548, 0.1674089891045036, 0,8, 0
0.37856715226501697, 1.6950953258041024, 0.6340028784403076, 0.1552011065763698, 0,9, 0
0.38109492449943455, 1.698883608496055, 0.6540800833711929, 0.1550059645208449, 0,6, 0
0.33060600013304065, 1.8226903177882545, 0.6688843586089689, 0.1761473574033435, 0,9, 0
0.3614714295217189, 1.7036455128680665, 0.6255064640205713, 0.17367525301270717, 0,6, 0
0.314707643184993, 1.8238924833295003, 0.6582820554945801, 0.1888603934600114, 0,10, 0
0.3716490387813477, 1.7017513791258159, 0.6231557976413048, 0.15707191976888896, 0,6, 0
0.33100512206479077, 1.8125511837847765, 0.6854073657638808, 0.1856319287195887, 0,8, 0
0.3407170890707111, 1.7889374403161202, 0.674148639275796, 0.1756371243696882, 0,8, 0
0.359076697931218, 1.732033314689749, 0.6415110649387219, 0.1702372331320364, 0,11, 0
0.38914388345639594, 1.689922040868232, 0.6365502600904519, 0.1519458557028502, 0,6, 0
0.30712432648174015, 1.886786112399632, 0.674132098888448, 0.21638776565555595, 0,7, 0
0.37524113616709903, 1.7005645674970236, 0.6284685254768095, 0.1656641937880299, 0,9, 0
0.37031863234218054, 1.7396561152177887, 0.6123475651267133, 0.16256419570057726, 0,11, 0
0.3872813144415619, 1.6676566087411786, 0.6122162339201831, 0.15594115951430224, 0,7, 0
0.32661478081553913, 1.8097184889401645, 0.6797759822031243, 0.18715280070435988, 0,6, 0
0.3239539679372048, 1.78486521985053, 0.6905709767813265, 0.21723761689794446, 0,14, 0
0.31198030998470033, 1.8885796922536886, 0.6695571229624376, 0.19392670331804976, 0,6, 0
0.34211401583183665, 1.7976351649526636, 0.6353793718573685, 0.1714980737046531, 0,5, 0
0.38628350961218655, 1.675833210585987, 0.6356913692328311, 0.16136680391555633, 0,7, 0
0.37317900618638994, 1.7026384949985478, 0.647152659865057, 0.1674051357915054, 0,2, 0
0.3655956894831371, 1.7184329275114922, 0.6204715704890781, 0.16673710515532567, 0,7, 0
0.37796846936739176, 1.6601404250718825, 0.6326145704292006, 0.16850666406667997, 0,10, 0
0.3493647309252977, 1.7383712308407862, 0.6424543171540659, 0.1779672271765089, 0,5, 0
0.10077828776691279, 2.3037361388180155, 0.8944213325400786, 0.29326970296135924, 0,0, 0
0.0996474422936207, 2.3531802372011623, 0.9424463317291131, 0.5223446976523549, 0,2, 0
0.11135501895829175, 2.320964663747002, 0.9237882886123474, 0.36188519783709183, 0,3, 0
0.09958092197166234, 2.3695561691314757, 0.8933638062721464, 0.5169793334333054, 0,1, 0
0.15206545599680701, 2.294113730397805, 0.8278578781736086, 0.32075863537672644, 0,4, 0
0.1576531630413091, 2.361897747126325, 0.8413409181354328, 0.26212287037690635, 0,7, 0
0.13936007450276058, 2.3206917844528863, 0.8608429949352012, 0.3462372082004546, 0,8, 0
0.11880529501762789, 2.3816779588484156, 0.883196086545498, 0.4369836429111706, 0,8, 0
0.13836226967338522, 2.2737393881487513, 0.8773285990200201, 0.34770234098431196, 0,7, 0
0.17501496707244063, 2.2810741070302862, 0.8282914549911894, 0.2597969406847598, 0,9, 0
0.1205348233885452, 2.367857376417222, 0.8801467458228863, 0.39836582416527677, 0,4, 0
0.1656356016763121, 2.327155380939554, 0.8281565003863781, 0.258722631294727, 0,12, 0
0.15838488658285105, 2.2830205066692706, 0.8228031639586081, 0.3257230824705559, 0,5, 0
0.18944987693740437, 2.2172167330994177, 0.8050880725641849, 0.24622002739464766, 0,6, 0
0.18007051154127585, 2.2301192422006086, 0.8043279419784386, 0.24785388449475035, 0,4, 0
0.16776425197897957, 2.252667637750916, 0.8212457293556129, 0.27935347637013674, 0,10, 0
0.22437304596554247, 2.1918957320815795, 0.7986612535764566, 0.2158088980239578, 0,12, 0
0.1969001529967405, 2.1438241365196493, 0.7821567348774399, 0.22000307449290318, 0,10, 0
0.18359608860506885, 2.148469022518859, 0.8071801662198669, 0.27626592685332146, 0,8, 0
0.2173218918379565, 2.181581892352186, 0.7885895883134322, 0.20095002875331577, 0,9, 0
0.1752145280383157, 2.3749172392223263, 0.8448961141529011, 0.26661692249883645, 0,6, 0
0.1992948845872414, 2.1891584711652756, 0.7761913233463864, 0.24394430021526678, 0,9, 0
0.24213397192842415, 2.152368566601812, 0.7645299623131041, 0.18867474195363731, 0,9, 0
0.1836626089270272, 2.13319212542809, 0.8066485863861793, 0.29226617944605704, 0,4, 0
0.18791990953236215, 2.133806626576907, 0.79754178332555, 0.28146056965043587, 0,7, 0
0.2237078427459589, 2.224648799239967, 0.7672059557713165, 0.20351937239973836, 0,7, 0
0.22137963147741635, 2.069434946869405, 0.7700863199523781, 0.2509353725181625, 0,5, 0
0.2396061996940065, 2.0316040743565376, 0.7675165066741496, 0.23353638168927812, 0,7, 0
0.20335262422670125, 2.3286618577072438, 0.7853253433057429, 0.24278870460328203, 0,8, 0
0.23322024878600411, 2.1280182469179, 0.751456225311983, 0.20238433858844723, 0,11, 0
0.2265682165901683, 2.059825666038162, 0.7618302903949719, 0.23496606843337975, 0,10, 0
0.2463247522118007, 2.052812410243089, 0.7394286978827225, 0.21511865044515008, 0,8, 0
0.1983636000798244, 2.050436706819879, 0.7999420565847363, 0.29047450992158586, 0,11, 0
0.24000532162575666, 2.0543872317193803, 0.756046853900354, 0.22603562538339722, 0,13, 0
0.20894033127120334, 2.089513832585648, 0.7791235775993042, 0.25385084933315377, 0,10, 0
0.18778686888844542, 2.2525648867339343, 0.7886713218480718, 0.2932201430641895, 0,12, 0
0.29268941661677644, 1.9611932567705423, 0.7355467928200262, 0.1747022873401706, 0,7, 0
0.2656156455797246, 1.9379358510112903, 0.7250435876615232, 0.20599811811281657, 0,6, 0
0.24000532162575666, 2.0081767057068833, 0.7698718123652329, 0.24418375665531655, 0,13, 0
0.24898556509013503, 1.9882827464936934, 0.7842325632041839, 0.24194804780448428, 0,5, 0
0.29854320494911196, 1.8902553937388047, 0.690904897560852, 0.17539264414024613, 0,6, 0
0.28883123794319165, 1.9283318495624342, 0.7410978512596751, 0.2038972291694413, 0,8, 0
0.34238009711967005, 1.8271088170995733, 0.6873185353040434, 0.15848144615223317, 0,6, 0
0.27067119004855983, 1.9693295175322023, 0.7342505505933336, 0.20648646317385236, 0,7, 0
0.2667464910530167, 1.9953281332464312, 0.7331173599666617, 0.19439334827254334, 0,9, 0
0.2592296946717222, 1.978224077255975, 0.7251278598342474, 0.21562627773710794, 0,9, 0
0.3335328942992084, 1.8255853899254941, 0.6608119812405581, 0.16548659642774083, 0,10, 0
0.2920907337191512, 1.919449580046403, 0.6933912077378985, 0.18977193499511336, 0,13, 0
0.308388212598949, 1.8658209778722838, 0.6848313440203604, 0.17586700035328046, 0,8, 0
0.30625956229628154, 1.8291692398134156, 0.7045644016074677, 0.1922184865654029, 0,7, 0
0.3030665868422803, 1.873483812587748, 0.6874526898202113, 0.19117508231583805, 0,7, 0
0.2206479079358744, 2.091695799562243, 0.7747237703131424, 0.2972693846127957, 0,6, 0
0.280915319630147, 1.9317541988771578, 0.7008238372249069, 0.19069718392972457, 0,9, 0
0.2915585711434843, 1.8590477342885672, 0.7250009016184454, 0.195467395378715, 0,6, 0
0.24499434577263354, 2.018133132560464, 0.7739559093825605, 0.23630770525403688, 0,9, 0
0.3317368456063327, 1.8226935589598188, 0.6852319517883135, 0.17116832768621626, 0,9, 0
0.3089868954965742, 1.9000322693306029, 0.6790112371637872, 0.18931740569587638, 0,7, 0
0.32169227699062064, 1.82831923915686, 0.6868660164923216, 0.18905228262507034, 0,4, 0
0.3404510077828777, 1.7949647524316716, 0.6545389754126348, 0.1686092527407727, 0,7, 0
0.3268808621033726, 1.8149352472461104, 0.6629349794216932, 0.1753592268119287, 0,7, 0
0.31111554579924167, 1.8006568800813858, 0.7094875827979924, 0.19956309805356362, 0,8, 0
0.3381893168362935, 1.7814986394930288, 0.6628684934177903, 0.16385155150809497, 0,10, 0
0.3211601144149538, 1.8683288246859082, 0.6641101384164447, 0.17296522199976624, 0,5, 0
0.3241535289030799, 1.7922717120121998, 0.674947602633484, 0.17907273359858292, 0,7, 0
0.3359276258897093, 1.7884388766404216, 0.6980134001876368, 0.17941594594807017, 0,8, 0
0.32568349630812216, 1.7994605020389405, 0.6618840213763864, 0.1750035972357754, 0,11, 0
0.33998536552916914, 1.7581298102211558, 0.6792474986205985, 0.17227334874859557, 0,15, 0
0.32594957759595555, 1.794434097469317, 0.6997141326897011, 0.18340585900723688, 0,6, 0
0.3274795450009978, 1.7696180555433965, 0.6968540323285896, 0.1866573297807271, 0,6, 0
0.3166367325217854, 1.813160698083016, 0.7122615302559494, 0.1977237667270556, 0,7, 0
0.3495642918911728, 1.712962930433877, 0.6423015750761158, 0.17186282004110512, 0,12, 0
0.33546198363600077, 1.7891085509973825, 0.6562262209718309, 0.17045860815272584, 0,6, 0
0.35754673052617575, 1.7305231338004696, 0.649501141969203, 0.16511939490691066, 0,9, 0
0.28237876671323087, 1.8731162798806738, 0.7111167654528127, 0.22129157794465468, 0,7, 0
0.372447282644848, 1.6928309066990437, 0.6193724073344371, 0.1544823650277535, 0,8, 0
0.29841016430519524, 1.860536373986667, 0.6786442796665443, 0.22278581154069355, 0,10, 0
0.357413689882259, 1.7304349630835179, 0.6367792528353281, 0.16629060390102104, 0,6, 0
0.3385884387680436, 1.7631122709859006, 0.6747431927864982, 0.17671384359635947, 0,9, 0
0.3523581454134238, 1.7306683944076198, 0.6295662243809136, 0.16647694334271104, 0,5, 0
0.35408767378434114, 1.7479192139676871, 0.6393580602529937, 0.16416504998021442, 0,4, 0
0.3773032661478082, 1.691228825480751, 0.6297696983828096, 0.1565338509225924, 0,5, 0
0.3051952371449478, 1.8730139296378219, 0.6702850253863063, 0.18438699741481582, 0,8, 0
0.3179671389609526, 1.8252863219629971, 0.6904952044450987, 0.18631789631057497, 0,7, 0
0.3628683562828444, 1.7372949896938492, 0.643921034018027, 0.16301438862403397, 0,8, 0
0.37138295749351424, 1.6754685091193642, 0.6279532313725412, 0.1606472975682772, 0,10, 0
0.343111820661212, 1.7749018322237553, 0.6424459874528965, 0.168401967717962, 0,6, 0
0.32308920375174616, 1.8345684968790021, 0.6707349306800182, 0.1894591519414127, 0,7, 0
0.3300738375573738, 1.803673693208822, 0.663092146614564, 0.18602227172814378, 0,11, 0
0.35069513736446484, 1.760648446873119, 0.6701656518415543, 0.17121198975632543, 0,8, 0
0.3210935940929954, 1.7797117385549126, 0.6680461027069272, 0.2102966373780189, 0,7, 0
0.3199627486197033, 1.801221977014595, 0.6964342741076065, 0.2002058650143657, 0,6, 0
0.3456395928956296, 1.72848059817765, 0.6738818442547582, 0.18577765940847812, 0,3, 0
0.3264817401716224, 1.8907506691396874, 0.6615529571157608, 0.18185406091211984, 0,4, 0
0.3377901949045433, 1.74852766783217, 0.6723221775464245, 0.1890015384830361, 0,6, 0
0.41322424000532165, 1.600325548766989, 0.6045217623259397, 0.1488242729068785, 0,6, 0
0.3732455265083483, 1.6902564915125935, 0.6138748358732551, 0.15999353304919148, 0,5, 0
0.3681899820395131, 1.714546063253125, 0.6108675594312352, 0.1605224683677062, 0,7, 0
0.33093860174283246, 1.7978031012355817, 0.6858364383279768, 0.19039142539125353, 0,6, 0
0.35408767378434114, 1.7287412142790077, 0.6370801431927343, 0.16810790463789366, 0,11, 0
0.3542872347502162, 1.6984885429492262, 0.6297909053103009, 0.17002465377845116, 0,13, 0
0.31883190314641124, 1.787712716161392, 0.6659947533637137, 0.19365516472925, 0,8, 0
0.10077828776691279, 2.3037361388180155, 0.8944213325400786, 0.29326970296135924, 0,0, 0
0.10915984833366593, 2.3704749238092186, 0.8986123441353668, 0.350930265104937, 0,0, 0
0.09991352358145414, 2.3524526302617663, 0.9273376082964652, 0.5253487484055939, 0,7, 0
0.09951440164970399, 2.440572962403765, 0.8996113929978458, 0.5158775332381079, 0,5, 0
0.10011308454732921, 2.595421901935828, 0.8929312702068113, 0.5160983762703626, 0,10, 0
0.11754140890041907, 2.5292256166777483, 0.8755969285863682, 0.3698009942008833, 0,12, 0
0.11947049823721147, 2.3298964744745625, 0.8879311903264735, 0.4118592162597999, 0,3, 0
0.11534623827579325, 2.4286344783364644, 0.8818145789310893, 0.42085473925159017, 0,7, 0
0.1595822523781015, 2.3151972473940434, 0.8865568541769939, 0.3113828536898252, 0,8, 0
0.2056808354952438, 2.198011464204473, 0.7852699187248224, 0.21553743353175395, 0,7, 0
0.16124526042706047, 2.3120511840268905, 0.8350527213379165, 0.28785174595023366, 0,6, 0
0.17388412159914854, 2.2304556512756517, 0.8204111229803469, 0.2582973839497573, 0,7, 0
0.18619038116144482, 2.37046396599109, 0.8092032753852506, 0.2609914008531703, 0,5, 0
0.2020222177875341, 2.2056434695404907, 0.7871498451492829, 0.2469178233734538, 0,10, 0
0.16803033326681302, 2.239509043956496, 0.8351345191399518, 0.3032894683810232, 0,6, 0
0.16989290228164705, 2.3431867920122467, 0.8769072541348586, 0.3157635383709344, 0,10, 0
0.1954367059136566, 2.244580824900267, 0.8372160313907835, 0.27293497241548753, 0,8, 0
0.21798709505754008, 2.1414974427132805, 0.7780324094839978, 0.21323676448915155, 0,9, 0
0.18745426727865364, 2.1353358564076768, 0.8037188718447972, 0.2862389508813976, 0,7, 0
0.24931816669992682, 2.0426343017841524, 0.7776534959591064, 0.19624875480935877, 0,6, 0
0.22137963147741635, 2.0821496236033283, 0.7848135720143864, 0.20438257403934276, 0,10, 0
0.191977649171822, 2.1316747474970157, 0.7969861932418649, 0.28330245802527754, 0,6, 0
0.19317501496707243, 2.26604778923405, 0.8019707852578078, 0.23481730200357379, 0,2, 0
0.1836626089270272, 2.2360517437575558, 0.8355199807068016, 0.3362616690141082, 0,6, 0
0.23242200492250384, 2.08396041990397, 0.7481531430740088, 0.20652026775556173, 0,9, 0
0.18851859242998736, 2.232635027212606, 0.7968832493027752, 0.2871427743956968, 0,6, 0
0.1975653562163241, 2.217497839507709, 0.7956658015350249, 0.30858453654737766, 0,8, 0
0.22304263952637532, 2.2241221936228177, 0.7595764767672428, 0.22185826999162994, 0,10, 0
0.22956163107829441, 2.1038134268504898, 0.765552177542879, 0.22537321439239275, 0,6, 0
0.2189183795649571, 2.0742222534094013, 0.7960216682787455, 0.23955411339293448, 0,13, 0
0.20415086809020155, 2.1323490024112557, 0.7811089214832273, 0.26337120731007374, 0,12, 0
0.23807623228896427, 2.07793896663001, 0.7506144811923217, 0.21691164943983002, 0,7, 0
0.2553049956761791, 2.0191536623683985, 0.7272702832398378, 0.21128488180712984, 0,13, 0
0.2398057606598816, 2.0310577445105387, 0.7530764602602816, 0.216362308476324, 0,2, 0
0.23834231357679772, 2.090805380860465, 0.7722915570431786, 0.1985129394660526, 0,8, 0
0.2676777755604337, 2.0642393798771983, 0.7123397874725157, 0.1840086656880719, 0,7, 0
0.24559302867025876, 1.975208504807566, 0.745153038552312, 0.2274790645295492, 0,9, 0
0.26042706046697267, 2.045610227782609, 0.731047542519642, 0.18613112402420223, 0,5, 0
0.30060533492982106, 1.9048596993381135, 0.7085523258112474, 0.17513057378830255, 0,9, 0
0.250648573139094, 1.9533171798268898, 0.7421875656253348, 0.23444256140044917, 0,3, 0
0.24492782545067518, 2.0320775485527234, 0.7673255775658399, 0.21548102333817123, 0,9, 0
0.27931883190314644, 1.9343678773753952, 0.7331156629530922, 0.190721340887611, 0,10, 0
0.21499368056941395, 2.09856262082057, 0.7691198491386299, 0.2660559388593603, 0,7, 0
0.26954034457526777, 1.9438124117574982, 0.742741015055024, 0.21743249543429624, 0,7, 0
0.25723408501297146, 1.994303202939146, 0.7357851684419809, 0.22594575661716332, 0,6, 0
0.3369254307190847, 1.8313465920749448, 0.6753473014256851, 0.16435601290905413, 0,7, 0
0.24140224838688218, 1.9441582175228305, 0.7523906539826243, 0.26014223017428306, 0,8, 0
0.296880196900153, 1.869107195394193, 0.7261105184959762, 0.18342147536163989, 0,9, 0
0.3248187321226635, 1.8532225468641967, 0.6907725321092602, 0.17058987834221614, 0,7, 0
0.3418479345440032, 1.8152286343364226, 0.6698151843204145, 0.1616820966167922, 0,5, 0
0.22949511075633605, 2.066071300594454, 0.7600218736089367, 0.26592377222950575, 0,6, 0
0.25244462183196964, 2.0099104598104094, 0.7544373583161914, 0.22052173753650264, 0,8, 0
0.3169693341315772, 1.8516431125403163, 0.6722104629659635, 0.1715718081529906, 0,8, 0
0.3081886516330739, 1.868776519252719, 0.6734498535912149, 0.18728937740160442, 0,8, 0
0.3017361804031132, 1.8938670542031906, 0.694065801495597, 0.18125699678680046, 0,5, 0
0.26475088139426595, 2.0136756367021427, 0.7300233742184242, 0.21202705804697808, 0,4, 0
0.3125124725603672, 1.8447323732411625, 0.696264903503968, 0.18260266173732215, 0,7, 0
0.33892104037783544, 1.778459245879628, 0.6743031681184044, 0.16396637846079914, 0,6, 0
0.2680103771702255, 1.9652159342344417, 0.7174980855290031, 0.21684614712368547, 0,5, 0
0.33745759329475156, 1.8158590395967775, 0.6527065421331573, 0.16520098523777682, 0,6, 0
0.3619370717754274, 1.7197755228408136, 0.636727397700353, 0.15884862680999226, 0,9, 0
0.32089403312712034, 1.8070033065400295, 0.6691207059884958, 0.17680533752831148, 0,7, 0
0.33014035787933216, 1.8357334028006884, 0.6754035057708662, 0.1694210431111887, 0,7, 0
0.3179671389609526, 1.8227981090474286, 0.6854933851931407, 0.18083759881596123, 0,7, 0
0.3558837224772168, 1.74551359247021, 0.6715731758513587, 0.16157973973689793, 0,5, 0
0.279052750615313, 1.9579959832756832, 0.6982254197423126, 0.21057695962097184, 0,8, 0
0.33951972327546065, 1.7515158329682143, 0.6516296408853731, 0.1796591507778739, 0,4, 0
0.3202953502294951, 1.8020856728265442, 0.6879270259271472, 0.18051391989461604, 0,8, 0
0.3081886516330739, 1.8543125999859609, 0.6891179926180466, 0.19283742487496844, 0,7, 0
0.2801170757666467, 2.057752763759921, 0.702177846809709, 0.20819454902622667, 0,8, 0
0.3333998536552917, 1.8122890404754712, 0.705166928280446, 0.18095183990826938, 0,6, 0
0.3190314641122863, 1.8212360806318606, 0.6970660075844896, 0.1913879860728324, 0,7, 0
0.33991884520721083, 1.7769942069366085, 0.69737465984659, 0.17343000346939277, 0,7, 0
0.30413091199361403, 1.9481009197696624, 0.7284298006146489, 0.20101256828626973, 0,1, 0
0.34623827579325483, 1.7562522071053197, 0.6750992184470611, 0.17409128247663966, 0,9, 0
0.3735781281181401, 1.684246001443106, 0.6479027274178141, 0.16039398831494733, 0,7, 0
0.34011840617308586, 1.7613046419982907, 0.6679517428886687, 0.17392995046840456, 0,4, 0
0.30492915585711433, 1.8477298469035313, 0.6957309807227143, 0.19785477807401505, 0,3, 0
0.3393866826315439, 1.79515560663112, 0.6417997800203139, 0.17827928006605887, 0,5, 0
0.3413822922902947, 1.8047650307010512, 0.6353101079114504, 0.16864407673848358, 0,6, 0
0.3821592496507683, 1.6801825761041709, 0.629724064308536, 0.15374652785032464, 0,5, 0
0.3117142286968669, 1.7955854033461145, 0.6707045989023109, 0.19579930009902163, 0,11, 0
0.3533559502427992, 1.7589615445519877, 0.643106671969141, 0.1691921480791044, 0,11, 0
0.36040710437038515, 1.7269228892194561, 0.6533642771896505, 0.16507549998388582, 0,10, 0
0.3608062263021353, 1.7513088057107462, 0.652726820677133, 0.1707078786942339, 0,9, 0
0.3185658218585778, 1.8108710880361376, 0.6824597169809031, 0.19362272388671664, 0,8, 0
0.338654959090002, 1.7508449807603512, 0.6656091613187223, 0.1860895212056205, 0,10, 0
0.3513603405840484, 1.7465708948974639, 0.669236300164969, 0.17748303202865692, 0,6, 0
0.3542207144282578, 1.7632569397494187, 0.6399089896348114, 0.17274684342490348, 0,3, 0
0.31657021219982706, 1.8153290717431918, 0.6690437988755051, 0.1944084261633401, 0,8, 0
0.3606731856582186, 1.7151704088685074, 0.6196007497317872, 0.16914140436699351, 0,8, 0
0.3562163240870086, 1.7418457915157581, 0.6337259634402005, 0.16787312793000495, 0,9, 0
0.3612718685558438, 1.7212219365515538, 0.6450992670780594, 0.1748837016454692, 0,6, 0
0.34337790194904544, 1.787769358743175, 0.6510416037576325, 0.1796974721813777, 0,5, 0
0.35082817800838156, 1.7403837776125402, 0.6477258065309343, 0.174019518524759, 0,7, 0
0.37271336393268145, 1.6845357139167818, 0.6151726927567107, 0.16873484325353424, 0,6, 0
0.38209272932880994, 1.6756392444178452, 0.5962211868228869, 0.15769753026498104, 0,8, 0
0.3763054613184328, 1.7023721463918322, 0.6216350613855522, 0.15474926614056034, 0,6, 0
0.3509612186522983, 1.7504834382189713, 0.6739058322841133, 0.1879331422702667, 0,8, 0
0.35242466573538217, 1.7161918076313176, 0.6575852999640394, 0.1843453051617537, 0,9, 0
0.4129581587174882, 1.5968338648042049, 0.599952230437044, 0.14913732631421456, 0,2, 0
0.10077828776691279, 2.3037361388180155, 0.8944213325400786, 0.29326970296135924, 0,0, 0
0.09878267810816205, 2.352546761082388, 0.9000015148416551, 0.5177168515347518, 0,3, 0
0.13397192842413358, 2.390768726524031, 0.8568998541082281, 0.3339026611242509, 0,4, 0
0.10184261291824652, 2.4794890596617134, 0.8968991191482257, 0.4895198396850556, 0,5, 0
0.10357214128916384, 2.3932769226550517, 0.8896240472668978, 0.4733052064624872, 0,3, 0
0.12206479079358744, 2.3144387784914873, 0.8891427183989602, 0.32934380981871114, 0,4, 0
0.14341781414222046, 2.401008437225889, 0.8520880981839557, 0.2978393550533835, 0,7, 0
0.15299674050422404, 2.3044574019961717, 0.8453963950104978, 0.27730106525692516, 0,8, 0
0.11215326282179205, 2.3716650325000814, 0.8822395435253456, 0.431789695574464, 0,9, 0
0.16856249584247987, 2.2460484296144907, 0.8262414889079737, 0.2684352619464541, 0,7, 0
0.12718685558438103, 2.406046666420522, 0.8637632459305356, 0.3238047267711984, 0,8, 0
0.1359675380828843, 2.3202187272116688, 0.8520816779636518, 0.2950185737382939, 0,10, 0
0.12545732721346373, 2.380263531722685, 0.8631836207412033, 0.356982336534389, 0,9, 0
0.14913856183063925, 2.257828520323348, 0.8479409989134742, 0.32533786602357845, 0,9, 0
0.1720215525843145, 2.227014546772443, 0.8282413653381944, 0.2683615017982372, 0,12, 0
0.209805095456662, 2.166533421750063, 0.7976654681290245, 0.20742153601828875, 0,9, 0
0.20162309585578395, 2.2261449059017133, 0.7986536223701647, 0.2280117166938288, 0,9, 0
0.20721080290028604, 2.2843196778163253, 0.8163814882199302, 0.20238516197112347, 0,7, 0
0.18539213729794451, 2.235162491674061, 0.807464793285312, 0.27229283754648853, 0,9, 0
0.2128650302667465, 2.1516842938766803, 0.8174406168285989, 0.2372352938074416, 0,6, 0
0.1857247389077363, 2.2084346677002014, 0.8070190722976764, 0.2575216331148126, 0,5, 0
0.19503758398190646, 2.181054909437199, 0.8473835810586314, 0.2813982762571391, 0,12, 0
0.21439499767178874, 2.1496151375340773, 0.7879411893126134, 0.21931208025829693, 0,7, 0
0.24605867092396727, 2.0882521028418126, 0.7931323770105171, 0.2099181037489313, 0,9, 0
0.2619570278720149, 2.108166006053429, 0.7336860648593709, 0.1689412699512425, 0,6, 0
0.24725603671921773, 2.131709191539541, 0.7450176568732927, 0.1863877509662969, 0,8, 0
0.22184527373112486, 2.040111710249224, 0.7841640175521418, 0.24525895570508652, 0,11, 0
0.19716623428457394, 2.1029695467757645, 0.7991577097680179, 0.2776009928399822, 0,9, 0
0.21625756668662277, 2.069932549785475, 0.7672049216608802, 0.26378371609694207, 0,3, 0
0.272001596487727, 2.0250849308173335, 0.7208239484440314, 0.1701908668422638, 0,9, 0
0.21885185924299874, 2.0959826988952805, 0.8167890697083702, 0.2240058639560171, 0,6, 0
0.27652497838089535, 2.0071828633988917, 0.7305539805065755, 0.1864196084639007, 0,5, 0
0.23222244395662875, 2.133076123628107, 0.7554220165844343, 0.2249745335698398, 0,8, 0
0.21831969666733186, 2.265617295406793, 0.7648258029599612, 0.2331965163870896, 0,10, 0
0.2713363932681434, 2.049243147914966, 0.7019481251415083, 0.17822546199213385, 0,7, 0
0.241734849996674, 2.0859838898473892, 0.7446673897139404, 0.20342382760106925, 0,5, 0
0.22962815140025278, 2.115449556109831, 0.7578959478552253, 0.22939097672689188, 0,6, 0
0.2830439699328145, 1.9088105550705534, 0.7052903423661785, 0.17965443134057613, 0,8, 0
0.314707643184993, 1.9322560454433109, 0.691915335752089, 0.1581929549347548, 0,6, 0
0.3142420009312845, 1.8977420617266423, 0.7030087253715537, 0.17194951048281498, 0,10, 0
0.2883655956894831, 1.9303062947291398, 0.7312796197123794, 0.19130737087146027, 0,8, 0
0.28543870152331535, 1.9885447306134367, 0.7091415586710735, 0.18902670521930465, 0,10, 0
0.27971795383489656, 1.9575891886643686, 0.7391648445889389, 0.1905737605954268, 0,6, 0
0.27492849065389474, 1.9898121912280917, 0.7196093181568698, 0.1926362076630651, 0,7, 0
0.3221579192443291, 1.907566527478005, 0.6862408576608137, 0.16919038025440017, 0,6, 0
0.2946850262755272, 1.9111366425712435, 0.7373075522836053, 0.1800514297242749, 0,8, 0
0.2820461651034391, 1.9638767590432684, 0.7049493413258798, 0.174897172693984, 0,8, 0
0.24559302867025876, 1.9523996202078027, 0.7511644359322152, 0.25279685159148074, 0,8, 0
0.2869686689283576, 1.9275897587994286, 0.7088631193591537, 0.20068298395141032, 0,9, 0
0.33286769107962483, 1.82500316868648, 0.6861082769715442, 0.1683041631068475, 0,6, 0
0.23641322424000533, 2.0385916430238225, 0.7615384907138192, 0.2502889423190515, 0,11, 0
0.33792323554846004, 1.8439470939172176, 0.6789509571461452, 0.1645965256274544, 0,5, 0
0.2920907337191512, 1.8609934949489488, 0.7401622221490106, 0.19874501122228685, 0,6, 0
0.263087873345307, 1.9867618988471094, 0.7327038874224563, 0.20577713051439317, 0,11, 0
0.2698729461850595, 1.9949972517894967, 0.7142545816148023, 0.2081169716267656, 0,7, 0
0.25630280050555443, 2.017858937809918, 0.7404892976253663, 0.22287725137072095, 0,7, 0
0.3097851393600745, 1.8659315061396344, 0.688358004382016, 0.17544398690750124, 0,10, 0
0.2936207011241934, 1.870261890227024, 0.7006596465492763, 0.19882870943508857, 0,9, 0
0.3441096254905874, 1.8322559301624641, 0.6750090741663061, 0.16054388107030537, 0,9, 0
0.2755936938734784, 1.971437311442893, 0.7145212303373194, 0.20763011947367116, 0,11, 0
0.2871682298942327, 1.8759585692601346, 0.6985552752285312, 0.19159392280229667, 0,8, 0
0.3035987494179472, 1.8556450831452378, 0.7108602144211749, 0.19172230423378184, 0,12, 0
0.3495642918911728, 1.7556782491207281, 0.6599309075689044, 0.16289629502662656, 0,8, 0
0.2991418878467372, 1.9004899327653313, 0.6921432500707909, 0.1810223308599256, 0,4, 0
0.2873677908601078, 1.9062271946535008, 0.7313394967713789, 0.21590737941229576, 0,9, 0
0.32880995144016495, 1.8414094205119291, 0.6737627857523782, 0.18257610953289055, 0,5, 0
0.3026009445885718, 1.8485617289117795, 0.7324411178341732, 0.1969769742063569, 0,13, 0
0.323621366327413, 1.8376815156539201, 0.6692551413751461, 0.16964403893078786, 0,8, 0
0.2707377103705182, 1.880021251006048, 0.724737722063843, 0.233089876697294, 0,5, 0
0.30951905807224106, 1.8716002955873166, 0.6894931436561115, 0.18482014289922033, 0,4, 0
0.2699394665070179, 1.959737771754651, 0.7237452784833025, 0.24728281641392205, 0,5, 0
0.34983037317900617, 1.7535314893029466, 0.6589845335808237, 0.16939031588181713, 0,10, 0
0.3075899687354487, 1.8745978916447883, 0.6799998525947436, 0.1850945084400831, 0,5, 0
0.3207609924832036, 1.8491629017277218, 0.6802708505494622, 0.1806602256224773, 0,10, 0
0.35674848666267545, 1.7683826663382616, 0.6410366723527064, 0.16479501613219014, 0,8, 0
0.3594758198629681, 1.7374621545500062, 0.6349676594124877, 0.1678666661220437, 0,10, 0
0.3053282777888645, 1.8419814034468762, 0.6762790071974824, 0.18487964629979894, 0,8, 0
0.351094259296215, 1.754538133795934, 0.6227665044633327, 0.16622745890914226, 0,10, 0
0.2757932548393534, 1.9057376106595958, 0.7285302884254903, 0.23103097582539578, 0,6, 0
0.40517528104836026, 1.6482530893112524, 0.6037355271187808, 0.14577493441670752, 0,9, 0
0.34257965808554514, 1.7631536676804715, 0.6515928021767042, 0.17385732251057961, 0,6, 0
0.32295616310782943, 1.7665196018709692, 0.674351450289344, 0.20169714669850514, 0,7, 0
0.3220248786004124, 1.8857925624014145, 0.6562065326143427, 0.1788436871323746, 0,7, 0
0.32821126854253974, 1.8150116775390799, 0.6564730796953165, 0.18348198481132105, 0,9, 0
0.3629348766048028, 1.7150041316390268, 0.6462807912676988, 0.16803168180501693, 0,5, 0
0.352956828311049, 1.7517688502921542, 0.6508399029395222, 0.1708839653972622, 0,7, 0
0.3723142420009313, 1.6783641443644772, 0.6403877573792036, 0.16296625945716264, 0,6, 0
0.3536220315306326, 1.706684099746101, 0.6737274864374201, 0.1761429811536937, 0,12, 0
0.37051819330805563, 1.6879607228107385, 0.6450786515165093, 0.16592995400170005, 0,7, 0
0.35914321825317636, 1.7078620847737107, 0.6234756879876231, 0.16296349923904077, 0,7, 0
0.3413822922902947, 1.811961621535734, 0.6578386616378336, 0.17912394885035288, 0,6, 0
0.34317834098317035, 1.743346035444815, 0.6648624308849845, 0.18390124240721442, 0,7, 0
0.3477017228763387, 1.745289051547812, 0.6622138468617067, 0.17391513580177473, 0,7, 0
0.31909798443424464, 1.8216953339856963, 0.6801864058837268, 0.2084156563108197, 0,5, 0
0.34743564158850526, 1.77750009327665, 0.6600643711002538, 0.18374357954165713, 0,3, 0
0.3528237876671323, 1.7030758473169445, 0.6363980312163487, 0.16756715398690925, 0,5, 0
0.36266879531696933, 1.734097836034737, 0.6514885898911191, 0.17029819362426313, 0,10, 0
0.3550189582917581, 1.757411229811068, 0.6423570769328895, 0.1658603099817058, 0,6, 0
0.37078427459588903, 1.7422054451334892, 0.6294749858399397, 0.15647953220835048, 0,10, 0
0.3684560633273465, 1.6811804136778394, 0.6296958995038192, 0.16382280636919866, 0,8, 0
0.36885518525909666, 1.721692388304961, 0.6259182065270377, 0.16725680052044034, 0,6, 0
0.10077828776691279, 2.3037361388180155, 0.8944213325400786, 0.29326970296135924, 0,0, 0
0.11967005920308654, 2.352103791843986, 0.8732876705360562, 0.42465305897416045, 0,3, 0
0.09938136100578727, 2.367182848839388, 0.8996068403817833, 0.5167957212033086, 0,6, 0
0.10111088937670458, 2.789726169275237, 0.9116167084157132, 0.5178531408745226, 0,5, 0
0.1450808221911794, 2.547926354557345, 0.8345843467100466, 0.3347878276046234, 0,6, 0
0.1700924632475221, 2.284764571674552, 0.8249578827505282, 0.2827993681717058, 0,7, 0
0.14069048094192776, 2.397019394181695, 0.913953251531661, 0.3385313012912966, 0,4, 0
0.1325084813410497, 2.4621574998512514, 0.8991671662951969, 0.39866332844684427, 0,7, 0
0.15206545599680701, 2.4051491666885303, 0.8270548839288568, 0.2665833134516305, 0,9, 0
0.1868555843810284, 2.1906517759765416, 0.8140897679662923, 0.24819829676768076, 0,12, 0
0.1545267079092663, 2.3153946431883874, 0.8822065952448951, 0.32091547324938374, 0,2, 0
0.15858444754872614, 2.3709073400874896, 0.8357734627616139, 0.27759367043455485, 0,8, 0
0.14647774895230492, 2.2083339133615034, 0.8400203896329964, 0.32934981392104967, 0,12, 0
0.21851925763320695, 2.169357789044116, 0.7906916065439537, 0.20818286839932504, 0,8, 0
0.1450808221911794, 2.4696260491570796, 0.8400625222133858, 0.3496956970539778, 0,7, 0
0.2048825916317435, 2.340288962843984, 0.7882853288221373, 0.21880700561996685, 0,8, 0
0.1623095855783942, 2.178090443425904, 0.844404650064153, 0.30463099990024384, 0,3, 0
0.19297545400119737, 2.124050226673382, 0.8024695407173393, 0.26437445565056544, 0,7, 0
0.19550322623561497, 2.285856696340223, 0.7835803315014416, 0.2501016940743133, 0,6, 0
0.23142420009312845, 2.1824642560490433, 0.7471034447951973, 0.20070677892655056, 0,6, 0
0.2184527373112486, 2.1242714812895467, 0.7647113426146157, 0.20975310431811664, 0,7, 0
0.22191179405308323, 2.161163647117106, 0.8135973772858144, 0.2355741591617804, 0,8, 0
0.21525976185724738, 2.1411811691522202, 0.814005201862433, 0.23800343244603547, 0,7, 0
0.21805361537949844, 2.1092177107925227, 0.7822066379585634, 0.23640385118418308, 0,7, 0
0.23920707776225636, 2.0957278205052208, 0.7926458178248665, 0.19924630485093736, 0,6, 0
0.22996075301004457, 2.103263724407718, 0.7613742008651628, 0.2173034817302823, 0,10, 0
0.24565954899221712, 2.016958054189061, 0.7616915871778773, 0.20920842597287972, 0,9, 0
0.20714428257832768, 2.160079565549701, 0.7750694435615741, 0.22680136493285505, 0,4, 0
0.19184460852790527, 2.2896034266550145, 0.7948901136443655, 0.2802581419785483, 0,7, 0
0.2284973059269607, 2.069724670306085, 0.7639565836225658, 0.22168248234462337, 0,8, 0
0.26428523914055746, 1.9797485703710849, 0.7282568894997828, 0.18826710912284586, 0,5, 0
0.23155724073704517, 2.0892012698647346, 0.7728356314357486, 0.2211579969082028, 0,6, 0
0.2592296946717222, 2.0778394089418835, 0.7826952034351383, 0.20175586373598087, 0,7, 0
0.21592496507683098, 2.0625476275289367, 0.7860969106507619, 0.2620308565893979, 0,6, 0
0.20381826648040977, 2.1574209853496282, 0.8052987292039091, 0.26068358630346355, 0,11, 0
0.24220049225038248, 2.0978541159208746, 0.7645850533767243, 0.216067284303985, 0,6, 0
0.26588172686755807, 2.0182613802354257, 0.7566428952791796, 0.20892924372299382, 0,8, 0
0.2643517594625158, 2.019358113181097, 0.7762041509148905, 0.20227923973046785, 0,6, 0
0.2880995144016497, 1.9554221486011236, 0.7204667919323308, 0.1771039819258476, 0,4, 0
0.2589636133838888, 2.078609151309862, 0.7501481320631784, 0.19777572033165536, 0,6, 0
0.24446218319696666, 2.05361200461787, 0.741546948494721, 0.20428760072001556, 0,8, 0
0.2960819530366527, 1.9089554478798147, 0.6965531834538018, 0.18142540026099585, 0,8, 0
0.2619570278720149, 1.968388906557197, 0.7333359377737969, 0.2074955934847296, 0,10, 0
0.28863167697731656, 1.9498075009669038, 0.7006967058230764, 0.1780744252789418, 0,9, 0
0.2700725071509346, 1.9100408209129094, 0.7363294667421116, 0.21191379697931417, 0,7, 0
0.21805361537949844, 2.0535725189652547, 0.7891039528340879, 0.2708967927182413, 0,8, 0
0.26062662143284776, 2.01547322604801, 0.7306157488387324, 0.20547282061966674, 0,9, 0
0.2735315638927692, 1.9498837959787798, 0.7202010710936723, 0.20802454067928589, 0,8, 0
0.2668795316969334, 1.9389973902094906, 0.7629317484009169, 0.22136366767714769, 0,4, 0
0.29435242466573536, 1.8949136079083277, 0.71584621778304, 0.19204227616126052, 0,4, 0
0.2873677908601078, 1.8972056667136867, 0.7020343578112503, 0.2019733607400453, 0,7, 0
0.32042839087341185, 1.8274665636065668, 0.7135070593921984, 0.18441932909792882, 0,11, 0
0.3230226834297878, 1.8440559191363766, 0.710126567733341, 0.1801664835979656, 0,10, 0
0.3333333333333333, 1.8118791833181926, 0.6590438793055128, 0.16813045652729347, 0,7, 0
0.29841016430519524, 1.8694786807103507, 0.7099271187544629, 0.20200370829512898, 0,9, 0
0.34743564158850526, 1.774413127833511, 0.6731849101330794, 0.16517136996060994, 0,12, 0
0.27958491319097983, 1.9308076860471248, 0.7283061396373087, 0.20699150531461682, 0,12, 0
0.2555710769640125, 1.965455968675123, 0.7413674603206029, 0.21789059301092206, 0,14, 0
0.3264152198496641, 1.8056184399677497, 0.6552593939522695, 0.16899473256493505, 0,6, 0
0.3140424399654094, 1.8389448975879163, 0.7116226354420487, 0.18735191955742025, 0,7, 0
0.29821060333932015, 1.8825667679472406, 0.73494863484641, 0.20578594240524123, 0,6, 0
0.3221579192443291, 1.802497700644786, 0.6934042965401015, 0.17900746116270458, 0,10, 0
0.3473026009445886, 1.7698614634352912, 0.6452588597923686, 0.16960689910592466, 0,7, 0
0.32734650435708107, 1.8402537461416073, 0.7070858024105526, 0.17760079093302597, 0,7, 0
0.3525577063792989, 1.7297654144779648, 0.6500281233442202, 0.1685066469423883, 0,5, 0
0.2805827180203552, 1.9599309489889265, 0.7274086004220612, 0.20767779436606365, 0,8, 0
0.34357746291492053, 1.7583315482493576, 0.6623900186498806, 0.16716427871256595, 0,6, 0
0.3030665868422803, 1.8513314334335802, 0.698750295462398, 0.19726288305328604, 0,2, 0
0.36805694139559636, 1.7147593599414743, 0.6361419629272583, 0.1603148726865194, 0,5, 0
0.3584114947116344, 1.7455626089146439, 0.6408358659679986, 0.16945114176900947, 0,13, 0
0.33040643916716556, 1.7816485806130953, 0.6599808732688193, 0.1734747429213895, 0,6, 0
0.32774562628883125, 1.7602693181048052, 0.6536746800071023, 0.1754996676601696, 0,8, 0
0.3141089602873678, 1.8209565185401473, 0.698562074387808, 0.17988474069159222, 0,9, 0
0.33266813011374974, 1.7607871977534193, 0.6576218092808575, 0.1714951152943709, 0,9, 0
0.37051819330805563, 1.7080782753760044, 0.642372313539787, 0.15756314438718358, 0,9, 0
0.3403844874609193, 1.7801226552300513, 0.6715085683407415, 0.17651119885659386, 0,7, 0
0.328078227898623, 1.8272799189212214, 0.6689039023135877, 0.1776922143157249, 0,7, 0
0.3620701124193441, 1.719112141239368, 0.6252744299634707, 0.16417090843247895, 0,8, 0
0.3627353156389277, 1.7080507749990337, 0.6511355967345357, 0.1615426785671509, 0,12, 0
0.37796846936739176, 1.6964600117733273, 0.6400497683439649, 0.15653113607353925, 0,5, 0
0.3392536419876272, 1.788034414900901, 0.6810110504534508, 0.17470978166661183, 0,6, 0
0.30386483070578063, 1.798837553528598, 0.6973351837558812, 0.20953023539363078, 0,8, 0
0.24971728863167697, 2.050086181308745, 0.7441076641417798, 0.2412729773309739, 0,10, 0
0.29388678241202687, 1.8459327344305063, 0.7000617990701318, 0.2266294960426899, 0,4, 0
0.3967937204816071, 1.6567806196309514, 0.6141999052358531, 0.14983705047158255, 0,13, 0
0.3587440963214262, 1.715133095964386, 0.6700696832212896, 0.17500500618150308, 0,8, 0
0.4040444355750682, 1.6295858950447768, 0.6063825047467649, 0.1462789158676603, 0,5, 0
0.3320694472161245, 1.772896336437041, 0.6718845654192309, 0.17572043299335505, 0,11, 0
0.3951307124326482, 1.6861289164754816, 0.615333464488301, 0.1466141590115951, 0,4, 0
0.3393866826315439, 1.7434924155907867, 0.6517834333095358, 0.1858679485454392, 0,10, 0
0.35575068183330005, 1.7223956552418074, 0.6395198846376268, 0.1722524234134527, 0,8, 0
0.3349298210603339, 1.8400563966595134, 0.646864125139727, 0.17968085918863827, 0,6, 0
0.30832169227699063, 1.8733959504902693, 0.6909740008500833, 0.20099532904523265, 0,9, 0
0.3177010576731191, 1.8855291483827767, 0.6860743178003035, 0.1879587206599314, 0,3, 0
0.3840883389875607, 1.7039583870582393, 0.6294155480314501, 0.1561088514553531, 0,7, 0
0.36346703918046963, 1.731216577161915, 0.6271877981447596, 0.16978359378281194, 0,7, 0
0.41368988225903014, 1.6060752395677018, 0.5983928523161373, 0.14392937129053013, 0,10, 0
0.37251380296680636, 1.6917119429416463, 0.6436895404633802, 0.16554501347152428, 0,6, 0
0.3521585844475487, 1.746060215303984, 0.6442661461780694, 0.1800805360313465, 0,9, 0
0.334198097518792, 1.7793615464281434, 0.6480119381245317, 0.18430561528528633, 0,4, 0
0.3837557373777689, 1.6657348400119265, 0.5973778918075849, 0.15422807704320884, 0,8, 0
0.10077828776691279, 2.3037361388180155, 0.8944213325400786, 0.29326970296135924, 0,0, 0
0.12572340850129715, 2.321430202936576, 0.8547746363980189, 0.3538792730620456, 0,2, 0
0.0996474422936207, 2.485325259616146, 0.9424463317291131, 0.5223446976523549, 0,3, 0
0.0991818000399122, 2.364333127665122, 0.8960267328080326, 0.5035921294979139, 0,4, 0
0.11281846604137565, 2.369378020970683, 0.8815618109223997, 0.36038997333939654, 0,7, 0
0.15998137430985165, 2.3569612465305716, 0.8387778737222615, 0.2614454353514287, 0,4, 0
0.14049091997605268, 2.35644942993478, 0.8588660475187059, 0.3250323475170809, 0,14, 0
0.1291824652431318, 2.265756491739926, 0.8988814679702449, 0.40136567244281324, 0,10, 0
0.1583183662608927, 2.3435754623430847, 0.8677100563203743, 0.33131617121255075, 0,2, 0
0.1378966274196767, 2.3504123127421623, 0.862582794143085, 0.3662738387114166, 0,9, 0
0.11235282378766713, 2.351420586459502, 0.915804255879134, 0.46581533015925364, 0,4, 0
0.15539147209472493, 2.349764361477006, 0.8364994310799596, 0.2970436506843391, 0,5, 0
0.10955897026541608, 2.335356394886011, 0.8829689865158104, 0.466925713473991, 0,7, 0
0.15738708175347568, 2.365311232534924, 0.8858107998653553, 0.33117617326637366, 0,9, 0
0.17867358478015033, 2.2652934840170675, 0.8109563659347215, 0.24197537628510474, 0,9, 0
0.21353023348633007, 2.173657209828951, 0.8255759276738058, 0.22072946665048093, 0,9, 0
0.17168895097452272, 2.254365504513575, 0.8725933995091993, 0.28686482091065035, 0,1, 0
0.23035987494179472, 2.1310208935005845, 0.7803035952375226, 0.19934081010953622, 0,8, 0
0.2077429654759529, 2.160921738563735, 0.7854003562597073, 0.21242321158525662, 0,8, 0
0.206279518392869, 2.1495571531459956, 0.7805431493824772, 0.21464493122636463, 0,8, 0
0.22091398922370784, 2.0926805550107015, 0.777282906018415, 0.2039192640423568, 0,9, 0
0.20667864032461916, 2.1554453656288515, 0.7828406308814222, 0.22586919386990015, 0,6, 0
0.20162309585578395, 2.2609090996638654, 0.7865957076955518, 0.22879784704967673, 0,3, 0
0.19570278720149006, 2.1373231933001615, 0.7999653553711678, 0.27217846217027575, 0,5, 0
0.19523714494778155, 2.0940365978782225, 0.8036463852825253, 0.26652250843337055, 0,4, 0
0.17820794252644181, 2.2096427178213176, 0.8133547041430614, 0.3303111414558466, 0,12, 0
0.19390673850861437, 2.160554593352273, 0.809598036183519, 0.26350396844685825, 0,6, 0
0.2561032395396794, 2.033573828092919, 0.7381793187920239, 0.1952506546780519, 0,10, 0
0.2794518725470631, 1.9955819884809138, 0.7157978027109684, 0.1887166108396413, 0,7, 0
0.20321958358278455, 2.1039185900257737, 0.8266741563009455, 0.2630208672991833, 0,4, 0
0.2705381494046431, 2.0092907474956565, 0.7381967663759862, 0.19230239465721394, 0,9, 0
0.23082551719550323, 2.0801643433625103, 0.7624554834517463, 0.2373673806227141, 0,9, 0
0.2880995144016497, 1.9326416117174534, 0.7458666571185202, 0.18923404438893454, 0,7, 0
0.22716689948779353, 2.069097613686455, 0.7728465529209708, 0.22572371517981846, 0,10, 0
0.23940663872813145, 2.050539388319915, 0.7532619428155992, 0.21960658504098687, 0,8, 0
0.24971728863167697, 2.089422353804964, 0.7336484984118887, 0.20288126525900488, 0,9, 0
0.28583782345506553, 1.9334170432145634, 0.7266626450789019, 0.1860989505984853, 0,8, 0
0.2904942459921506, 1.9873184101322903, 0.7268825234431188, 0.1772105897547195, 0,7, 0
0.27486197033193643, 2.016401622975443, 0.7608886471566753, 0.19744799948489683, 0,5, 0
0.24925164637796848, 2.0515324158784454, 0.7931180783264817, 0.21828354769449862, 0,5, 0
0.22231091598483338, 2.1489897936172198, 0.7652654616347822, 0.24363656845298062, 0,11, 0
0.2680103771702255, 1.9544206551748036, 0.7723352996690788, 0.21061072992229782, 0,3, 0
0.19078028337657155, 2.1575936608778252, 0.8321587640177465, 0.3283304950580841, 0,7, 0
0.2960154327146943, 1.924899655261741, 0.7169003849899787, 0.18726680908256768, 0,10, 0
0.30220182265682166, 1.9263682126412094, 0.7143840575923791, 0.1847679876761608, 0,12, 0
0.27126987294618504, 1.9748992162721248, 0.7133394892873652, 0.19455857544332303, 0,6, 0
0.3035987494179472, 1.9205271041790566, 0.7130630689718359, 0.18523841502926544, 0,3, 0
0.3268808621033726, 1.852538865740837, 0.7027515953292612, 0.16249293526203673, 0,6, 0
0.3090534158185326, 1.8667477833204131, 0.6859077883204974, 0.16991611081035554, 0,6, 0
0.22104702986762456, 2.1683163685962157, 0.7635827375602928, 0.2899426279778853, 0,7, 0
0.2600279385352225, 1.9935310525601713, 0.7529023416246658, 0.22205646692554043, 0,10, 0
0.31277855384820064, 1.8720186766707112, 0.7008275067185126, 0.1809464553587786, 0,13, 0
0.2910264085678175, 1.8933641951867446, 0.7532947012743152, 0.20311438649891794, 0,6, 0
0.26475088139426595, 1.9277206148397406, 0.7408448122301416, 0.23338859241692142, 0,9, 0
0.274595889044103, 1.9130630852385828, 0.7291702917290165, 0.21679482492716406, 0,11, 0
0.27466240936606134, 1.945927068453337, 0.7300278141007187, 0.2090911611435466, 0,8, 0
0.3089868954965742, 1.9341172115583742, 0.6772622032713917, 0.1782389021304539, 0,4, 0
0.25404110955897025, 2.003287909652693, 0.7388741639746673, 0.25447539351280246, 0,6, 0
0.3223574802102042, 1.8621828475711684, 0.661074983793914, 0.17380502115997834, 0,7, 0
0.32182531763453737, 1.880726264050119, 0.6563702346498083, 0.17020792165687162, 0,4, 0
0.3030665868422803, 1.8734704670629792, 0.7153518802874719, 0.18558105940399372, 0,10, 0
0.323621366327413, 1.8264651516236716, 0.7064088589204941, 0.1786455693600782, 0,11, 0
0.2956163107829442, 1.8702918842334768, 0.7306331339803478, 0.20397052687762357, 0,8, 0
0.3464378367591299, 1.8279564634162746, 0.6541695580651402, 0.16012464999444465, 0,4, 0
0.31783409831703585, 1.824015592256801, 0.6669078008145501, 0.1753145213074998, 0,8, 0
0.3270139027472893, 1.8452095489401086, 0.6563251257473836, 0.17495900863806801, 0,8, 0
0.2837091731523981, 1.9550833677029107, 0.7033047140662312, 0.1928770959119027, 0,7, 0
0.2877669127918579, 1.8720979228876455, 0.695955137371655, 0.20080703504347824, 0,10, 0
0.3106499035455332, 1.8791432628047637, 0.6683609027860702, 0.18099691759342934, 0,13, 0
0.29821060333932015, 1.7982342270631828, 0.6987768169014947, 0.2134166257080093, 0,7, 0
0.36180403113151066, 1.7273837741379379, 0.637593000914763, 0.16288784623252198, 0,11, 0
0.3641322424000532, 1.729021314307299, 0.6595905024207788, 0.1579762580109527, 0,11, 0
0.3252178540544136, 1.802609221311828, 0.68635039745164, 0.171211844591577, 0,6, 0
0.23135767977117008, 2.0849403452569515, 0.7531188939895676, 0.2800114489462688, 0,1, 0
0.31370983835561767, 1.8215014928116624, 0.6933227342600925, 0.1838852477124429, 0,4, 0
0.3016696600811548, 1.8390090810097217, 0.6942451199877395, 0.19713374485464363, 0,7, 0
0.3305394798110823, 1.7973796499451105, 0.6965823615441207, 0.1845869512668858, 0,7, 0
0.3775693474356416, 1.6837118233557844, 0.6535027608806377, 0.15941358423896637, 0,7, 0
0.3576132508481341, 1.7398645880454982, 0.6454665354481718, 0.16554482932074166, 0,8, 0
0.35548460054546666, 1.7543182310083942, 0.6510686006982362, 0.1656899434029484, 0,8, 0
0.3377901949045433, 1.7906730341307062, 0.6702168088998264, 0.17451002036630003, 0,5, 0
0.3728464045765982, 1.7144116070276407, 0.6277599804265744, 0.15600210037717382, 0,11, 0
0.3349963413822923, 1.8051023530835584, 0.639237757751294, 0.17251114114672325, 0,7, 0
0.3537550721745493, 1.7911971152038906, 0.6321030634511874, 0.16622438453761582, 0,12, 0
0.35289030798909066, 1.7653012971301394, 0.6373491456888505, 0.1649826168055645, 0,6, 0
0.35308986895496575, 1.7188075624016288, 0.6423133360463424, 0.16889513439976356, 0,6, 0
0.3213596753808288, 1.7813934267562426, 0.685385953933315, 0.1961732925991565, 0,10, 0
0.3260160979179139, 1.7731682667275164, 0.7110274872563701, 0.19624208228925538, 0,12, 0
0.3735781281181401, 1.7048645768306423, 0.6404350084602553, 0.16259814472822412, 0,9, 0
0.38814607862702055, 1.663608023960624, 0.620462319154637, 0.1536632072959533, 0,8, 0
0.3641322424000532, 1.7299002379026351, 0.6305168774885209, 0.16134760048491187, 0,6, 0
0.3772367458258498, 1.6578854015350406, 0.6296650069173517, 0.16574807863217444, 0,11, 0
0.38781347701722874, 1.6633400465091974, 0.6057826436098701, 0.15244975410751224, 0,9, 0
0.3815605667531431, 1.6830891921441251, 0.6040528666699345, 0.1570340489675575, 0,9, 0
0.38894432249052086, 1.6536162206510945, 0.6272268683752316, 0.16107556984115262, 0,2, 0
0.39659415951573207, 1.6324772478093614, 0.62706510982324, 0.1536156967788373, 0,5, 0
0.396394598549857, 1.6403800305163703, 0.6207852203810831, 0.15481093568255314, 0,8, 0
0.3971263220913989, 1.6622887205309966, 0.6093591127861533, 0.15176228284018708, 0,8, 0
0.3746424532694738, 1.6992446128015055, 0.6237732177497369, 0.1612334063971726, 0,11, 0
0.37983103838222576, 1.6943421065252253, 0.6104565989648688, 0.16309081678790283, 0,9, 0
0.3818266480409765, 1.682079360813848, 0.6058420635891878, 0.15992731469713417, 0,11, 0
