acuracia,loss,frr,fpr, removed, n_clf, tp_removed
0.09825051553249518, 2.3036959164792696, 0.8944041643372586, 0.3510638335706202, 0,0, 0
0.09904875939599547, 2.3060848394379456, 0.8938837418790088, 0.5061307243647777, 0,3, 0
0.09991352358145414, 2.3405693260597102, 0.8933430894891291, 0.44342337217392164, 0,3, 0
0.1344375706778421, 2.325647113360165, 0.8916364216522424, 0.291047251650267, 0,5, 0
0.09878267810816205, 2.3975461058168444, 0.9000015148416551, 0.5130687327393602, 0,7, 0
0.16024745559768508, 2.306728439583858, 0.8200447880642274, 0.29223162510625283, 0,5, 0
0.17807490188252512, 2.2534780161732693, 0.8229696904814697, 0.24725106939272276, 0,5, 0
0.1648373578128118, 2.3362057521767796, 0.834433817674643, 0.2714754538145736, 0,8, 0
0.11587840085146012, 2.312894163600843, 0.8779116377797516, 0.44462236363946667, 0,9, 0
0.17528104836027406, 2.2559111372943823, 0.8030573293946446, 0.28136377035948834, 0,7, 0
0.13736446484400985, 2.377834706957339, 0.8566698095546816, 0.3859581843192501, 0,7, 0
0.18027007250715094, 2.3083737002180014, 0.8111135948683877, 0.2568777003955382, 0,4, 0
0.2326215658883789, 2.1850449844549527, 0.74385538699817, 0.1978608916619478, 0,5, 0
0.2093394532029535, 2.1972440536694795, 0.7777854328096179, 0.2028539182749164, 0,7, 0
0.17887314574602542, 2.3279883394236256, 0.8165907561230586, 0.27101792943253133, 0,15, 0
0.17734317834098318, 2.191922948245143, 0.8349345770778203, 0.2776214781420422, 0,6, 0
0.15233153728464047, 2.334462202611119, 0.8294928130607139, 0.3303001779586511, 0,14, 0
0.1658351626421872, 2.2306772633749654, 0.8353793923990079, 0.27304344051221946, 0,9, 0
0.17774230027273333, 2.166779545858093, 0.8074346131481781, 0.29809198760764327, 0,11, 0
0.22570345240470963, 2.1084974733471418, 0.7453141860853597, 0.21256971910994565, 0,6, 0
0.22869686689283575, 2.1593631656633154, 0.7555725927203677, 0.20084545934189837, 0,3, 0
0.22616909465841814, 2.076760204682242, 0.7504555708333984, 0.21458772872040663, 0,4, 0
0.23967272001596487, 2.0628719525066654, 0.7763733609244154, 0.21544329671100176, 0,7, 0
0.18831903146411227, 2.1824610919079475, 0.8028824785101358, 0.29996845883134887, 0,5, 0
0.21931750149670726, 2.045884354067905, 0.8114336547555365, 0.2467699323984428, 0,7, 0
0.2735315638927692, 1.9646822009933198, 0.7491415798775684, 0.18842625948684677, 0,3, 0
0.2511142153928025, 1.9991674956856378, 0.7436939838899553, 0.2058779632922873, 0,6, 0
0.23282112685425396, 2.125330055623539, 0.7487006454100235, 0.21210583429788737, 0,7, 0
0.24938468702188518, 2.041343068137645, 0.7275608908134451, 0.20167663154795734, 0,6, 0
0.22942859043437772, 2.179448754909723, 0.7649694717109261, 0.21297512198383037, 0,2, 0
0.20734384354420277, 2.1520260712950243, 0.790728507809645, 0.2652582957965922, 0,7, 0
0.2792523115811881, 2.0649494722139603, 0.6931043731568614, 0.17750778219249647, 0,11, 0
0.2575666866227633, 1.9596895718419098, 0.7371313887447279, 0.21133381155405234, 0,11, 0
0.27512805161976983, 1.9383176180414436, 0.7179721751460995, 0.19048676285285818, 0,9, 0
0.1857247389077363, 2.261717379130837, 0.8275614863304791, 0.2783038373418314, 0,14, 0
0.2693407836093927, 1.9772041911994167, 0.7325943425989297, 0.19764662807231603, 0,10, 0
0.27938535222510474, 1.9121340017257507, 0.7358361950083259, 0.18366365074167873, 0,12, 0
0.23800971196700593, 2.0812112232418043, 0.7726469724257699, 0.23097377376810005, 0,8, 0
0.30625956229628154, 1.8904100878148435, 0.7191736997844353, 0.17473984299960296, 0,7, 0
0.29109292888977584, 1.9307334044137765, 0.7290353779984968, 0.18940288808559352, 0,7, 0
0.28277788864498105, 1.9037323544650768, 0.7265775884859268, 0.20160242250562518, 0,9, 0
0.24818732122663473, 2.0203756784073237, 0.7402057269471877, 0.2118861938036627, 0,8, 0
0.26515000332601607, 2.075041447040731, 0.7208696390330647, 0.19516386349479725, 0,13, 0
0.3007383755737378, 1.9614992847796615, 0.687426494510919, 0.1775170261325869, 0,5, 0
0.33805627619237677, 1.8346438555710174, 0.6842476010195285, 0.1622004753065273, 0,6, 0
0.28038315705448014, 1.9124709580430392, 0.7290454477741137, 0.19895309124688437, 0,11, 0
0.3114481474090335, 1.8905850525610637, 0.6927923797558218, 0.17246181480869452, 0,11, 0
0.27592629548327013, 1.971835160159481, 0.7520038139875166, 0.21006442769637598, 0,5, 0
0.30220182265682166, 1.8593028597288372, 0.7218724538008557, 0.18402486571036644, 0,5, 0
0.3064591232621566, 1.8849254665237252, 0.6996764511506567, 0.17549219877291025, 0,9, 0
0.31543936672653494, 1.8421077120806066, 0.710549774035963, 0.18072854859685492, 0,3, 0
0.34178141422204483, 1.7944538170671396, 0.6662511580536657, 0.1603530948532265, 0,6, 0
0.2713363932681434, 1.9443171480922716, 0.7301004227505539, 0.22021183977048822, 0,7, 0
0.3018027007250715, 1.8868522506063747, 0.7036854498360852, 0.19138728367891147, 0,7, 0
0.33812279651433513, 1.7940244004293917, 0.6737353782542361, 0.16285785787159185, 0,6, 0
0.2490520854120934, 1.9281613182412534, 0.7377000392706266, 0.2587489543724655, 0,6, 0
0.32880995144016495, 1.8366486806042583, 0.6565571210184321, 0.16900921884072695, 0,3, 0
0.287966473757733, 1.9020019528779855, 0.7246905133640614, 0.20847109089214308, 0,6, 0
0.3326016097917914, 1.8053290075007007, 0.6758228086499106, 0.17296568996087328, 0,7, 0
0.2654160846138495, 2.0198087260575104, 0.7474586346785891, 0.23212758641777864, 0,6, 0
0.299674050422404, 1.8972239182145743, 0.6786340982866571, 0.18851343536758122, 0,9, 0
0.3185658218585778, 1.8064482315075276, 0.6677386066559304, 0.17975567720544874, 0,5, 0
0.346637397725005, 1.7587405532124687, 0.6581996288329861, 0.16600693094233493, 0,8, 0
0.30752344841349033, 1.8660400445543108, 0.6818201775281807, 0.18679127746994323, 0,10, 0
0.34803432448613053, 1.7719689573997717, 0.6775816889305731, 0.1683736965380054, 0,6, 0
0.29880928623694536, 1.8788206904724132, 0.6813634223626347, 0.19485035855372476, 0,9, 0
0.2514468170025943, 2.0026892315109897, 0.7471140698478166, 0.263767177117209, 0,7, 0
0.34909864963746423, 1.7580443282791267, 0.6849159451345196, 0.17360242163425965, 0,9, 0
0.31497372447282646, 1.8531389990915028, 0.6629605357407474, 0.1866291300944398, 0,6, 0
0.3479012838422138, 1.7356797126265238, 0.6419011770149251, 0.17723202909112623, 0,10, 0
0.31211335062861706, 1.8378410756702965, 0.7298849745749417, 0.19840008855454935, 0,8, 0
0.3643318033659283, 1.7300858643449393, 0.6413406322424627, 0.15934530960957471, 0,13, 0
0.31051686290161645, 1.86545798020917, 0.670495493164898, 0.19432364528419682, 0,8, 0
0.30120401782744627, 1.8934914969179926, 0.732692622097969, 0.2235997942414668, 0,9, 0
0.3315372846404577, 1.7658600046599306, 0.6843022599867591, 0.1860746249202159, 0,6, 0
0.33586110556775095, 1.8142898033647443, 0.6595047794227058, 0.17296518206825678, 0,7, 0
0.3333998536552917, 1.7646558032892925, 0.6560424151414221, 0.17935142387927405, 0,10, 0
0.3926694605201889, 1.6531173412111366, 0.6257069939623754, 0.1495081648153953, 0,6, 0
0.3542207144282578, 1.7395969278868075, 0.630950550591606, 0.16189601005501708, 0,9, 0
0.3566819663407171, 1.7304671717080211, 0.667744637172905, 0.16693172906474907, 0,6, 0
0.3736446484400984, 1.6890863194017918, 0.6363319400448192, 0.15753099301583626, 0,10, 0
0.37430985165968206, 1.708127936790036, 0.6346538454379679, 0.1589288744865115, 0,8, 0
0.34909864963746423, 1.7794266406555483, 0.6854922155705454, 0.1804441718925197, 0,11, 0
0.34211401583183665, 1.7741140205132337, 0.6835122586766906, 0.17622600600403898, 0,8, 0
0.3113816270870751, 1.845057344806176, 0.6969245660058867, 0.19633784916748204, 0,7, 0
0.3425131377635868, 1.8192632021220756, 0.6754662180289587, 0.1749434799888887, 0,7, 0
0.3424466174416284, 1.7759214950493611, 0.6806911282477519, 0.18321741406439337, 0,8, 0
0.32994079691345707, 1.7985409205900982, 0.6437280266238603, 0.1785170620701818, 0,10, 0
0.3281447482205814, 1.8036895632775556, 0.6665074064790388, 0.1774929013303281, 0,6, 0
0.34191445486596156, 1.7944280247361426, 0.6410538421985457, 0.16999769482232996, 0,7, 0
0.3411827313244196, 1.7855848812168011, 0.6537445499202649, 0.18191768279731743, 0,7, 0
0.3530233486330074, 1.7431234239933218, 0.6481175958488373, 0.1702594875329024, 0,5, 0
0.308388212598949, 1.861831232272983, 0.707874529245078, 0.20544928901591228, 0,9, 0
0.32149271602474555, 1.8018505008603645, 0.6858308175707777, 0.2035041180579843, 0,9, 0
0.35388811281846605, 1.7604566967484163, 0.6457240342860096, 0.1661349725704915, 0,8, 0
0.37903279451872546, 1.6640348561583407, 0.6144046694478621, 0.1600944940003901, 0,6, 0
0.388412159914854, 1.6717844862888127, 0.6216038778849772, 0.15919081163396628, 0,6, 0
0.35708108827246726, 1.726102726133428, 0.6648816771429614, 0.17576322870451352, 0,8, 0
0.36952038847868024, 1.6695480461939916, 0.6191266902469895, 0.17422494396092392, 0,7, 0
0.3746424532694738, 1.6870839831405102, 0.6572135665106145, 0.17031530264009262, 0,8, 0
0.3931351027738974, 1.639059458986328, 0.6089660002777466, 0.15800843541051207, 0,6, 0
0.09692010909332802, 2.305218015801587, 0.890133862935421, 0.26549021842295295, 0,0, 0
0.10343910064524713, 2.311560069857295, 0.8885725539117024, 0.2666036494082657, 0,3, 0
0.09878267810816205, 2.372376224019765, 0.9000015148416551, 0.5142687896676919, 0,2, 0
0.09991352358145414, 2.443320470568996, 0.9273376082964652, 0.5188851060210283, 0,7, 0
0.1272533759063394, 2.469730611730223, 0.9027548475062983, 0.39555600686445, 0,2, 0
0.1080955231823322, 2.4777572728405532, 0.8909256225187723, 0.4531146730388471, 0,7, 0
0.18632342180536154, 2.3664393089634848, 0.8347822287047468, 0.2204826601013179, 0,12, 0
0.1353688551852591, 2.44899111527419, 0.9122981930958549, 0.3923131876446414, 0,7, 0
0.0988491984301204, 2.360283441535808, 0.899938621759894, 0.5131707229042128, 0,7, 0
0.15266413889443226, 2.3229212750220007, 0.8564003921560552, 0.3073003547321743, 0,8, 0
0.1975653562163241, 2.280778546989269, 0.7915997437732665, 0.2442844398414343, 0,8, 0
0.17927226767777557, 2.278611309655387, 0.7993545950072176, 0.24486802478888048, 0,10, 0
0.17454932481873212, 2.2744146704887873, 0.8319949352687341, 0.2651568905936519, 0,9, 0
0.17827446284840018, 2.282735701069768, 0.8192876595770386, 0.23806350389099404, 0,9, 0
0.19696667331869885, 2.170580552813457, 0.788224085130296, 0.21892961353220725, 0,3, 0
0.2512472560367192, 2.0910144155788175, 0.7451875712525591, 0.1680418113348432, 0,3, 0
0.1487394398988891, 2.269979523611681, 0.8971096631421769, 0.36646220558332926, 0,9, 0
0.20069181134836692, 2.1909501142291847, 0.8081464422310037, 0.20574376003757916, 0,9, 0
0.180469633473026, 2.2368874741609264, 0.8602023492866944, 0.2575757317374866, 0,6, 0
0.21958358278454068, 2.2821243437140764, 0.7671423446062063, 0.21338539167350604, 0,9, 0
0.22916250914654426, 2.1355605670207276, 0.7657414653731724, 0.19854392409399269, 0,4, 0
0.1986962016896162, 2.2194697453789645, 0.786339087994931, 0.2651087850667799, 0,8, 0
0.20415086809020155, 2.2009924230862303, 0.7899984838242645, 0.25253041336431953, 0,3, 0
0.18938335661544603, 2.246392660818834, 0.8088413335115354, 0.28444400368980277, 0,14, 0
0.210736379964079, 2.2572990665890647, 0.80441889653854, 0.22832348521776616, 0,7, 0
0.22038182664804098, 2.1599010623144483, 0.772301298253867, 0.21931575151594057, 0,5, 0
0.26049358078893103, 2.0224523207214014, 0.7756729316403227, 0.20166544881063536, 0,3, 0
0.25277722344176146, 1.9978514470827602, 0.7343460675229783, 0.20609605485379767, 0,15, 0
0.2251047695070844, 2.0681193890403797, 0.7648080054254516, 0.2157251926894152, 0,4, 0
0.23781015100113084, 2.0116562560703244, 0.7638605175244797, 0.2296554801337704, 0,8, 0
0.20661212000266083, 2.178273343325438, 0.7933547227392447, 0.22894621393033476, 0,8, 0
0.26588172686755807, 1.9701321367366438, 0.7413648678394008, 0.19806152270926863, 0,9, 0
0.20860772966141156, 2.1291275941500096, 0.810587057312064, 0.28280551863119796, 0,5, 0
0.2688751413556842, 2.0773163718202827, 0.7351786173877756, 0.1788192336002119, 0,11, 0
0.264019157852724, 2.0667139835433157, 0.7229329851922537, 0.18981171127881122, 0,3, 0
0.21306459123262156, 2.2151392143040542, 0.7733448995548519, 0.2361168110306061, 0,4, 0
0.2394731590500898, 2.0303925833865124, 0.7641800145024723, 0.2365891439850167, 0,5, 0
0.2583649304862636, 2.024826929446015, 0.7274451333505135, 0.1956117468873122, 0,10, 0
0.3003392536419876, 1.9268459044062338, 0.7211501963414324, 0.16858780596926576, 0,6, 0
0.26940730393135104, 1.9641329530652059, 0.7251905854073457, 0.19542126010222421, 0,6, 0
0.2749950109758531, 1.9686375827772813, 0.7550275565463138, 0.18840706734964932, 0,10, 0
0.23973924033792324, 2.0145632562099367, 0.7570044091003167, 0.2463970037097673, 0,9, 0
0.295217188851194, 1.9700794763006169, 0.7022888529194882, 0.1736748958203975, 0,11, 0
0.2903612053482339, 1.911279729071915, 0.7356595885554021, 0.19885979344426744, 0,9, 0
0.2731324419610191, 1.9630488241051103, 0.7371871877441842, 0.19849804689198364, 0,5, 0
0.2443956628750083, 1.9643933096387496, 0.7459206848024839, 0.24316704873935857, 0,6, 0
0.3210935940929954, 1.8681867612000593, 0.7064944206746665, 0.1619857787727382, 0,9, 0
0.2573671256568882, 1.9472791645322771, 0.7215768376088587, 0.20651844350528126, 0,6, 0
0.25344242666134503, 2.0149138364211088, 0.7258648739717192, 0.2116496232451314, 0,7, 0
0.2936872214461518, 1.9053815472136315, 0.6831752407469323, 0.17956369121076135, 0,4, 0
0.3134437570677842, 1.9554011999454548, 0.6846211734005688, 0.1700672175324714, 0,9, 0
0.2668795316969334, 1.9829311231641262, 0.7422363157622346, 0.19551634251120067, 0,6, 0
0.2571675646910131, 1.9931314743057598, 0.75170575040957, 0.20461924437394077, 0,8, 0
0.29109292888977584, 1.9100600604025149, 0.7313037175321679, 0.18857380945221494, 0,12, 0
0.3165036918778687, 1.8619731648242823, 0.6813270596952573, 0.17304996823551982, 0,8, 0
0.3238209272932881, 1.8450003599823968, 0.6638938506371356, 0.1714164452856868, 0,5, 0
0.3661943723807623, 1.7706777766730537, 0.6431179465954293, 0.1509175392345473, 0,5, 0
0.3244861305128717, 1.8376902799632333, 0.6889586719045268, 0.16963570561786365, 0,9, 0
0.3037317900618639, 1.852066820416631, 0.6975174743974019, 0.18225914469629614, 0,7, 0
0.35182598283775696, 1.7849918163553062, 0.6457679538067422, 0.15573746620476628, 0,4, 0
0.3422470564757533, 1.7979228014139679, 0.6740112214298309, 0.16636445334622096, 0,9, 0
0.2849065389476485, 1.962499503044044, 0.7491988210457111, 0.1991612237515837, 0,11, 0
0.2662143284773498, 1.9779153566180308, 0.7374833131564584, 0.21125180077307606, 0,3, 0
0.25683496308122133, 2.041074011117757, 0.7468751190458087, 0.23132872833174417, 0,5, 0
0.3445087474223375, 1.8076439835564833, 0.6725937496958369, 0.16323446754816795, 0,7, 0
0.332335528503958, 1.8170363228810982, 0.6612638176092507, 0.1619731888878095, 0,7, 0
0.3458391538615047, 1.7909948868776266, 0.6690427185551855, 0.16915576297085114, 0,7, 0
0.320827512805162, 1.8818589692811072, 0.671647420663082, 0.1782289988932803, 0,6, 0
0.30991818000399124, 1.8404656158016643, 0.6843297572712665, 0.1908224131729658, 0,5, 0
0.34051752810483604, 1.8029968985233416, 0.6485244320369781, 0.16180771641425795, 0,10, 0
0.27180203552185195, 1.9201826360152248, 0.7038355241195963, 0.22319790303450648, 0,7, 0
0.323421805361538, 1.8367790838586175, 0.6751006148863613, 0.17565842740698343, 0,12, 0
0.34969733253508944, 1.7742956595522974, 0.6475097215794263, 0.1631768846528731, 0,8, 0
0.2970797578660281, 1.9384130020028363, 0.7011337130930043, 0.1919703339557244, 0,8, 0
0.34091665003658617, 1.742414767823993, 0.6753762417922862, 0.17087139758252923, 0,8, 0
0.3937337856715227, 1.6717386298976418, 0.5966236816477221, 0.14668820099402338, 0,8, 0
0.3320694472161245, 1.816646442757961, 0.6582769864407727, 0.17895286396148488, 0,9, 0
0.3055278387547396, 1.840455517050892, 0.6692755314551466, 0.18829485128593215, 0,7, 0
0.30379831038382227, 1.8798184622769774, 0.6830311110154753, 0.20105898204115277, 0,5, 0
0.34623827579325483, 1.8090982696994657, 0.6416260970241919, 0.17278887589846484, 0,6, 0
0.38289097319231025, 1.6927145593166193, 0.6427586949517344, 0.15885651512276566, 0,6, 0
0.3434444222710038, 1.7393015973988086, 0.6363041067080605, 0.1654836398193855, 0,6, 0
0.34078360939266944, 1.7711298789325718, 0.6602946909784764, 0.17125467627520027, 0,7, 0
0.3254174150202887, 1.8406981490832448, 0.6789994103524813, 0.2009297097008872, 0,7, 0
0.35774629149205084, 1.6985594944322544, 0.6626055466868904, 0.17690954710811557, 0,4, 0
0.3848200625291026, 1.6747932157112533, 0.615173394585828, 0.15367804023109102, 0,8, 0
0.3746424532694738, 1.7242216471980878, 0.6174385607760018, 0.15511882232349308, 0,6, 0
0.381361005787268, 1.6726256105517274, 0.6164761942265877, 0.1666644100647823, 0,7, 0
0.35894365728730127, 1.6945859110578205, 0.6565843338886667, 0.1694303581114489, 0,14, 0
0.3566154460187587, 1.7068123105730766, 0.6257650773259733, 0.16852588417452694, 0,6, 0
0.33998536552916914, 1.8202486919015022, 0.6469183212386824, 0.17842819078983205, 0,9, 0
0.3995875740038582, 1.649292793026039, 0.6163574456369573, 0.15289246804542225, 0,9, 0
0.38495310317301934, 1.655093832552207, 0.6298598819525592, 0.15619523653854311, 0,6, 0
0.38289097319231025, 1.675031895628155, 0.6380574324329215, 0.1602275413034986, 0,5, 0
0.3114481474090335, 1.8533054177764487, 0.691418363027748, 0.20167647567369662, 0,8, 0
0.35548460054546666, 1.709337370937903, 0.6342937710045606, 0.17048480238681252, 0,3, 0
0.3383223574802102, 1.7661338374660491, 0.6490652355772661, 0.17509679220182645, 0,9, 0
0.35974190115080157, 1.714934413670415, 0.6207037188847268, 0.17452346207148572, 0,6, 0
0.36073970598017696, 1.7596737344583921, 0.6051030402515676, 0.1615765804207129, 0,8, 0
0.38654959090001995, 1.6513685559763338, 0.6072943189828912, 0.15649111246150643, 0,9, 0
0.397325883057274, 1.6335224567364925, 0.5950962674202218, 0.15050685310081138, 0,12, 0
0.10397126322091399, 2.3005838672026644, 0.918049868278413, 0.37195850537598785, 0,0, 0
0.09991352358145414, 2.3573068409299753, 0.9273376082964652, 0.52320969049732, 0,2, 0
0.10077828776691279, 2.3530872045524074, 0.9413701763931088, 0.4853991531218743, 0,2, 0
0.0996474422936207, 2.5417310622117006, 0.9424463317291131, 0.522983266275563, 0,3, 0
0.1495376837623894, 2.439147898507421, 0.8623432438071901, 0.3221863253649797, 0,8, 0
0.14288565156655358, 2.4732894379721664, 0.8577589422401204, 0.3535096561189641, 0,9, 0
0.14993680569413956, 2.523281913130994, 0.8544328773363457, 0.3060243806288302, 0,8, 0
0.10902680768974922, 2.4779432233774137, 0.872480913545991, 0.3604166321384439, 0,4, 0
0.14960420408434777, 2.28789579104673, 0.8684793490469487, 0.2695953917209221, 0,11, 0
0.15798576465110092, 2.3463425798139546, 0.8345096679619713, 0.2723908877251615, 0,6, 0
0.1313776358677576, 2.3633347731392154, 0.8785218468282849, 0.32531966957585, 0,2, 0
0.11927093727133639, 2.4100139079309306, 0.881746641437474, 0.44355357696878533, 0,9, 0
0.22364132242400053, 2.2023204135171572, 0.7930636256094978, 0.19918956052565817, 0,9, 0
0.1702920242133972, 2.2809511242627796, 0.8352050650740156, 0.25082478155788196, 0,7, 0
0.22936207011241935, 2.199136852210989, 0.7937170544164804, 0.19454938773418065, 0,10, 0
0.1911794053083217, 2.2113449080280776, 0.8004402754662004, 0.2339465030770462, 0,9, 0
0.19191112884986364, 2.296120356159011, 0.803627626775354, 0.2381774913149706, 0,11, 0
0.20887381094924498, 2.2662600361166114, 0.7817456716405392, 0.2094287865015523, 0,4, 0
0.2193840218186656, 2.1266138947732447, 0.7732565278637931, 0.22239948221212033, 0,4, 0
0.20155657553382558, 2.231723456089982, 0.7902820312771633, 0.24797564737054728, 0,8, 0
0.21386283509612186, 2.222971454023847, 0.810341530072967, 0.2591706294358074, 0,15, 0
0.2528437437637198, 2.1094006669978884, 0.7645591937442064, 0.20525964931276147, 0,6, 0
0.2136632741302468, 2.1402338072424647, 0.8345712633960969, 0.2626616247434223, 0,12, 0
0.23914055744029802, 2.0760790114392305, 0.8006520278876781, 0.21839393106519328, 0,8, 0
0.25324286569546994, 2.0342762949762805, 0.740067941484312, 0.19213034979226712, 0,12, 0
0.23361937071775427, 2.175323424292984, 0.7484250012884267, 0.21665167459325635, 0,10, 0
0.20754340451007783, 2.300713604528858, 0.793524389487076, 0.23657776828967683, 0,7, 0
0.2012239739240338, 2.1255167799859374, 0.7899356086277572, 0.2546782056074135, 0,5, 0
0.22537085079491784, 2.03904209370576, 0.7789372288877575, 0.21894919791738443, 0,8, 0
0.2547728331005122, 2.0518488184798147, 0.7784347401132269, 0.21201130235232968, 0,8, 0
0.12798509944788133, 2.596882257102802, 0.8794663852902392, 0.3712698535614251, 0,6, 0
0.28903079890906674, 2.001697419963736, 0.7373020473778404, 0.18737874417470857, 0,6, 0
0.2144615179937471, 2.109963490844352, 0.7941159953945737, 0.26469265817548054, 0,4, 0
0.2037517461584514, 2.1513831627977145, 0.8233974762717586, 0.2808774050632866, 0,7, 0
0.230226834297878, 2.0670718679541973, 0.7789156998169523, 0.2135220629807954, 0,9, 0
0.2144615179937471, 2.0407460575957646, 0.77649783034536, 0.23438175160763627, 0,6, 0
0.2538415485930952, 2.11550251937853, 0.7388195610830229, 0.2058551547129949, 0,7, 0
0.2270338588438768, 2.0707571636391027, 0.7761046510263809, 0.2428115660868737, 0,10, 0
0.21991618439433247, 2.0735847981502804, 0.7778646840554412, 0.2704855204699468, 0,13, 0
0.2757932548393534, 1.9670878948347301, 0.7504975793315205, 0.20710359638524392, 0,4, 0
0.21552584314508083, 2.149749104744151, 0.7720809313812673, 0.23819449176344534, 0,9, 0
0.27033858843876807, 1.9661474716660983, 0.7593847637923288, 0.20505683013535084, 0,9, 0
0.26455132042839086, 1.9986092355257181, 0.769390045418125, 0.20766386972089365, 0,9, 0
0.26075966207676443, 1.9941456821724015, 0.7522141559905948, 0.2057386785084071, 0,5, 0
0.2780549457859376, 1.9305733077851057, 0.7341628596266971, 0.19819736436913662, 0,8, 0
0.2680103771702255, 1.9947415262109813, 0.7122370191374212, 0.19104262549110496, 0,12, 0
0.2911594492117342, 1.9539089853643206, 0.7323281550512274, 0.18830663760371677, 0,6, 0
0.30466307456928093, 1.8904025530352022, 0.7226179846301881, 0.17926023507211863, 0,7, 0
0.23401849264950442, 2.048363249688728, 0.7639792470567044, 0.2559139697594328, 0,11, 0
0.25623628018359607, 2.040011208686081, 0.7258349892657958, 0.2056311454198295, 0,6, 0
0.30226834297878, 1.8631654875900014, 0.6946777139226864, 0.17608183484730955, 0,6, 0
0.23860839486463115, 2.098945900120834, 0.750595126360772, 0.2231911906596764, 0,4, 0
0.3088538548526575, 1.8559549880433779, 0.6910444874528384, 0.17723959142352544, 0,6, 0
0.2892303598749418, 1.9659654317577466, 0.7371473906713084, 0.1899115222219166, 0,7, 0
0.2555045566420541, 1.987882728024109, 0.7617106718522624, 0.22497296798478275, 0,5, 0
0.29581587174881924, 1.8911892731595894, 0.6866164687751131, 0.1842229772397751, 0,8, 0
0.32734650435708107, 1.807154813918542, 0.6837804949746588, 0.17407678473189137, 0,6, 0
0.3051952371449478, 1.8775924677355738, 0.6886719810271729, 0.18964624419069223, 0,9, 0
0.3053282777888645, 1.8272198024230955, 0.6918298108337062, 0.19262676052193067, 0,5, 0
0.3007383755737378, 1.927604086641097, 0.7261411725412359, 0.18473014820987024, 0,8, 0
0.317301935741369, 1.8372847831139012, 0.7081700823833097, 0.18063515453311588, 0,12, 0
0.23155724073704517, 2.0476173816791103, 0.8153615618650839, 0.2701033058976549, 0,5, 0
0.32634869952770573, 1.8442788594284354, 0.7141254907469274, 0.1903484022210393, 0,5, 0
0.3383888778021686, 1.7921932016745352, 0.6701460903991737, 0.1649441214420559, 0,7, 0
0.343111820661212, 1.796223100179891, 0.6634362501044803, 0.16487933840675026, 0,6, 0
0.295217188851194, 1.886612187755058, 0.720391108368993, 0.20092124922441873, 0,9, 0
0.32209139892237076, 1.8235757343626178, 0.6651502797925439, 0.1880005624782599, 0,9, 0
0.3169028138096188, 1.8004082594296575, 0.6929504404622545, 0.18287542588681965, 0,5, 0
0.37617242067451606, 1.7499526515578285, 0.6287296694362878, 0.15053528446788403, 0,10, 0
0.3169028138096188, 1.7987728156959717, 0.684336544025394, 0.1895431578788066, 0,10, 0
0.31963014700991155, 1.8659687281638206, 0.6829674374854321, 0.1778350058968756, 0,7, 0
0.2759928158052285, 1.9080976033364594, 0.7427226549389707, 0.22446150816190144, 0,11, 0
0.279052750615313, 1.8952487556193551, 0.7063891490713001, 0.24202225597497048, 0,4, 0
0.3853522251047695, 1.6998872124751487, 0.6202494357191731, 0.1513816109274908, 0,7, 0
0.3095855783941994, 1.9128859729211123, 0.6719699015603698, 0.1894843353946965, 0,7, 0
0.35894365728730127, 1.7466219273233956, 0.6306897664471878, 0.16368777748658636, 0,9, 0
0.3495642918911728, 1.7262416536489393, 0.6438664527122606, 0.1767150252450302, 0,6, 0
0.3562163240870086, 1.715551778326204, 0.6305544093627726, 0.16420766012342633, 0,9, 0
0.3371915120069181, 1.8229836745746817, 0.6643736889542319, 0.17826060134327185, 0,6, 0
0.35435375507217454, 1.8004846354567472, 0.6552305355382221, 0.16510931428867098, 0,10, 0
0.29960753010044566, 1.8902804345846065, 0.697528479856132, 0.20110632995045297, 0,7, 0
0.2946850262755272, 1.894593737542189, 0.6986669044815939, 0.2215804616058755, 0,7, 0
0.3628683562828444, 1.6932540009127701, 0.6339804042360124, 0.16995552287307045, 0,13, 0
0.3592762588970931, 1.7033527998488749, 0.6624467012730527, 0.16736483645930275, 0,7, 0
0.39074037118339655, 1.6511204990807435, 0.6256251983009831, 0.15570275864152522, 0,7, 0
0.3582784540677177, 1.6916427961138363, 0.6350959011714307, 0.1705787723283307, 0,8, 0
0.3667265349564292, 1.7362285083356688, 0.6551919470740353, 0.16230555620057477, 0,10, 0
0.3439100645247123, 1.7540699718542967, 0.6374090014961639, 0.1811760859921604, 0,8, 0
0.3652630878733453, 1.7402766792390238, 0.6365496742473968, 0.16020847979484873, 0,10, 0
0.3789662741967671, 1.7243324875145674, 0.6129495696695298, 0.16079152954050394, 0,7, 0
0.36439832368788666, 1.7616552688131344, 0.6401822841515706, 0.1622917345113742, 0,8, 0
0.3477682431982971, 1.7880117639345157, 0.6308229695260809, 0.18054505935371104, 0,9, 0
0.32002926894166167, 1.8810233645815657, 0.6697861215328754, 0.1867609302502239, 0,8, 0
0.3731124858644316, 1.6925536952697215, 0.627783584615758, 0.15873419142683023, 0,13, 0
0.338654959090002, 1.8277309545002511, 0.6606896831778981, 0.1720786370732937, 0,9, 0
0.40011973657952504, 1.6597824370794443, 0.6250494134794362, 0.15342375987798762, 0,10, 0
0.37810151001130843, 1.6526490900716817, 0.6148099349639583, 0.16254931933476396, 0,11, 0
0.40351227299940134, 1.6328529506497522, 0.6050127956087096, 0.15224947714580195, 0,6, 0
0.2838422137963148, 1.874779073048802, 0.6982654384582518, 0.221898287858311, 0,6, 0
0.3798975587041841, 1.6789729244685383, 0.6182099137991549, 0.15933113246284092, 0,8, 0
0.35694804762855054, 1.7590197977596738, 0.636300306897587, 0.16851124261878614, 0,11, 0
0.11508015698795983, 2.3029901470989236, 0.8752168241944264, 0.28410806694760987, 0,0, 0
0.09878267810816205, 2.311629468520974, 0.8999808047824835, 0.5099820623486506, 0,4, 0
0.10184261291824652, 2.3877013577424004, 0.924972383204482, 0.4955610485973969, 0,5, 0
0.10982505155324952, 2.304525758734341, 0.9026569040664628, 0.31359648651565003, 0,10, 0
0.12964810749684028, 2.2952751546200107, 0.8945746889997634, 0.30955369098815244, 0,4, 0
0.1281846604137564, 2.4145548739436777, 0.8688802656358345, 0.37371589610549727, 0,4, 0
0.0991818000399122, 2.4028141838280033, 0.8996587380520761, 0.5096497855628906, 0,7, 0
0.13922703385884388, 2.3674056699697363, 0.8379557441738776, 0.3354320164378188, 0,5, 0
0.1382292290294685, 2.487956262551516, 0.8410881835740226, 0.32792203336708703, 0,7, 0
0.1847934544003193, 2.2352363432444142, 0.8093051726922744, 0.2292016695674529, 0,6, 0
0.18485997472227766, 2.272980365093094, 0.7990667983709687, 0.2480035168425504, 0,9, 0
0.19882924233353289, 2.173185586842093, 0.7849572083715095, 0.21367017084868364, 0,8, 0
0.18539213729794451, 2.207301422990281, 0.8658530962004466, 0.27331958946829343, 0,11, 0
0.16211002461251914, 2.2818027520730078, 0.827781729975459, 0.2961640868247899, 0,8, 0
0.18166699926827645, 2.2515789554923673, 0.8060489809742327, 0.27402657300815714, 0,10, 0
0.2225769972726668, 2.154409412391519, 0.7767138241357487, 0.21139267186845181, 0,12, 0
0.24080356548925697, 2.0932962005583895, 0.7716778269572799, 0.18037861334030547, 0,13, 0
0.21532628217920574, 2.1039272855873365, 0.7789619011113443, 0.21415840840457484, 0,8, 0
0.1811348366926096, 2.269323720543762, 0.8086706584016713, 0.2761584744415232, 0,8, 0
0.15120069181134838, 2.2532546160139106, 0.8340981197502247, 0.35271692929955234, 0,6, 0
0.19297545400119737, 2.1459310251359796, 0.8119864537371265, 0.27058783987096435, 0,10, 0
0.24778819929488458, 2.018781811250689, 0.7523416940991615, 0.206854958770489, 0,7, 0
0.19796447814807425, 2.151294712740243, 0.7978344688916905, 0.2760695194384417, 0,5, 0
0.22557041176079293, 2.0718956593068976, 0.8161098104367867, 0.24267419159673526, 0,9, 0
0.19570278720149006, 2.247393064946779, 0.8052304914077869, 0.26285569540675785, 0,6, 0
0.23322024878600411, 2.1214233591893885, 0.7501507516934737, 0.210204507699565, 0,3, 0
0.22244395662875008, 2.049335105646111, 0.7866956760147434, 0.23982586619487353, 0,8, 0
0.19264285239140558, 2.2654011175239632, 0.7967692631071486, 0.27033183362382684, 0,10, 0
0.22217787534091665, 2.1023689442461837, 0.7607513318583689, 0.21175633151651752, 0,4, 0
0.30812213131111554, 1.985370119614951, 0.7117507424801951, 0.1595913571920919, 0,10, 0
0.21472759928158053, 2.193484791792344, 0.7933098883090594, 0.2306974361381018, 0,6, 0
0.2201822656821659, 2.0801690054068285, 0.800685310302589, 0.2235912058560677, 0,11, 0
0.24991684959755206, 2.1073620938250843, 0.7417105256670713, 0.20057928864840288, 0,8, 0
0.2650169626820994, 2.0100014265692336, 0.7397066982374088, 0.1965064976972614, 0,4, 0
0.24925164637796848, 2.0592496412556733, 0.7903184186642624, 0.21386269757362672, 0,7, 0
0.31257899288232555, 1.8959737389235014, 0.706410215837155, 0.15997591724637028, 0,7, 0
0.3018027007250715, 1.9453078094558358, 0.7264092775656459, 0.1730544800355435, 0,6, 0
0.23042639526375308, 2.068949755327054, 0.8028557392403434, 0.25234384201220406, 0,6, 0
0.25929621499368055, 1.9956617292978485, 0.7532833697316511, 0.1951022162756049, 0,13, 0
0.29574935142686093, 1.9252847734106948, 0.7380387273965748, 0.1840019406582523, 0,9, 0
0.2705381494046431, 2.018210789701828, 0.7090008095801439, 0.18231978990453002, 0,11, 0
0.2642187188185991, 2.035063683986664, 0.7282304895509942, 0.1887025229964787, 0,6, 0
0.21219982704716292, 2.023226981830559, 0.7923112980157684, 0.26237454744271016, 0,10, 0
0.27552717355152, 1.9890179871156815, 0.7663922445172959, 0.22109348472823676, 0,9, 0
0.22231091598483338, 2.099240673414638, 0.7654052713599543, 0.23579426162637102, 0,7, 0
0.24446218319696666, 2.163060784908871, 0.7392530580921083, 0.21212093463568632, 0,9, 0
0.24126920774296548, 2.1204793646506412, 0.7498536383967034, 0.21880298672000806, 0,8, 0
0.23255504556642054, 2.043397750630395, 0.8022399726225414, 0.23658466618425275, 0,6, 0
0.317301935741369, 1.8836213978418672, 0.7094445702730341, 0.17588391371833464, 0,7, 0
0.25118073571476085, 1.9960131366379539, 0.7831133855533504, 0.22157070802975767, 0,5, 0
0.2897625224506087, 1.9419311501503562, 0.690031153763387, 0.1821500412029429, 0,5, 0
0.3047961152131976, 1.8876144681902756, 0.6975862782102931, 0.17189753397368257, 0,4, 0
0.2934211401583184, 1.8851666594387442, 0.6870235329673559, 0.183127631250645, 0,7, 0
0.3120468303066587, 1.8611232902224506, 0.6867322992042727, 0.17696008524909584, 0,7, 0
0.24971728863167697, 1.9962611575786569, 0.7890481546725862, 0.24465369526710817, 0,13, 0
0.27592629548327013, 1.9372887102610605, 0.708793445345183, 0.20197116556248446, 0,9, 0
0.274595889044103, 1.9520688560926802, 0.7527452248929003, 0.19670334524138156, 0,11, 0
0.25969533692543073, 2.0866955775570064, 0.7413171848836729, 0.20323541280099555, 0,6, 0
0.2885651566553582, 1.9821224045525099, 0.6890628456854551, 0.1839100339719112, 0,6, 0
0.31384287899953434, 1.872101626168672, 0.6750583584835816, 0.17197861380171195, 0,4, 0
0.2954167498170691, 1.938477418510403, 0.6858499937462956, 0.18683330663439418, 0,5, 0
0.31337723674582585, 1.9053275606941973, 0.6971214793904966, 0.18078408493478917, 0,11, 0
0.24945120734384355, 2.000429332898634, 0.7428559207327092, 0.22055003911171497, 0,8, 0
0.268476019423934, 1.9570641319908593, 0.7397069295963697, 0.21607372062877642, 0,6, 0
0.32375440697132973, 1.8118047716810597, 0.6974591037277095, 0.17945388467864007, 0,9, 0
0.3165036918778687, 1.879960485563492, 0.715841569260428, 0.18185125280267223, 0,8, 0
0.25277722344176146, 1.9762733569166138, 0.7463033392146555, 0.24946622405808355, 0,8, 0
0.2697399055411428, 2.0213906579386216, 0.7453129304407117, 0.21203489541329307, 0,7, 0
0.310250781613783, 1.902995672640207, 0.7137789331297008, 0.18341290985121195, 0,9, 0
0.27140291359010177, 1.971196871868652, 0.7114997185707049, 0.19709306365136772, 0,7, 0
0.3078560500232821, 1.880911356265028, 0.7039123958155726, 0.1874494660222044, 0,10, 0
0.3122463912725338, 1.8878359308755384, 0.7021223373744441, 0.18223497238462255, 0,11, 0
0.28703518925031596, 1.9308925603413498, 0.7200619965619119, 0.21435253422257916, 0,5, 0
0.33406505687487525, 1.8497473418113912, 0.6583788831263699, 0.17000256985700127, 0,7, 0
0.31909798443424464, 1.831910330584875, 0.6711595110111649, 0.18628466835922997, 0,5, 0
0.26774429588239207, 1.9316572819348938, 0.7321762631021196, 0.23111311247931873, 0,5, 0
0.3244196101909133, 1.8280729275259486, 0.683076919430096, 0.17910671709826276, 0,8, 0
0.2601609791791392, 1.9473527536407755, 0.7435115590109733, 0.2215342781450081, 0,7, 0
0.2709372713363933, 1.9713336399855557, 0.7190381905291529, 0.22020773994798173, 0,9, 0
0.3163041309119936, 1.8868123839645814, 0.6793668488263848, 0.18185669067857593, 0,7, 0
0.33107164238674913, 1.8341076594979306, 0.6617797230357084, 0.1800550337792443, 0,6, 0
0.3278121466107896, 1.8227608789506646, 0.6902394568988531, 0.18015433979407144, 0,6, 0
0.35468635668196635, 1.7755910059311888, 0.6668446464221834, 0.16682500997051722, 0,8, 0
0.33240204882591634, 1.8105966457704945, 0.6898143965294878, 0.18483561196473858, 0,9, 0
0.3683230226834298, 1.7205155362850066, 0.6224329975937979, 0.1577855750226855, 0,6, 0
0.3518925031597153, 1.720014171163249, 0.6372011522821406, 0.1662790400125966, 0,4, 0
0.36246923435109424, 1.7400434004295406, 0.6542031341708701, 0.1629067009960359, 0,10, 0
0.38189316836293485, 1.6970508314571495, 0.6462631768794563, 0.15753838006448684, 0,4, 0
0.29761192044169493, 1.9071563216317702, 0.6829784039947144, 0.18828538765586736, 0,3, 0
0.35488591764784144, 1.7093806774512519, 0.6457172013405632, 0.18081150524034617, 0,7, 0
0.33000731723541543, 1.7799570931413253, 0.6499317480603446, 0.18113186921776273, 0,6, 0
0.37158251845938933, 1.7041408572417094, 0.6192346897776894, 0.16053763193467407, 0,6, 0
0.25929621499368055, 1.921266529411484, 0.7314659266665247, 0.260363035267166, 0,4, 0
0.35654892569680036, 1.7914889779013485, 0.6230609286034929, 0.15798302629464103, 0,10, 0
0.34257965808554514, 1.735179231832629, 0.6492247278820747, 0.19057307887944955, 0,12, 0
0.3195636266879532, 1.8822161132510786, 0.6555379401985248, 0.17983954178485678, 0,11, 0
0.3908734118273132, 1.6698811255885575, 0.6209325040598902, 0.14990691251791466, 0,6, 0
0.2721346371316437, 1.9719629528479592, 0.7197858211297503, 0.23741030946876662, 0,6, 0
0.32741302467903943, 1.7984429557214183, 0.6661364779135839, 0.19421533731052507, 0,10, 0
0.3193640657220781, 1.8116302292503808, 0.6742485514812858, 0.20340036442362405, 0,7, 0
0.3286769107962483, 1.8178179848815028, 0.6577272590756233, 0.18678049090436588, 0,7, 0
0.09452537750282711, 2.3055475623610966, 0.8863402793504658, 0.31932317963929496, 0,0, 0
0.09991352358145414, 2.338157174513185, 0.9273376082964652, 0.5186938375755805, 0,5, 0
0.12080090467637863, 2.3907984035390824, 0.8674292179312046, 0.35446015134956077, 0,6, 0
0.10370518193308055, 2.4084663316889974, 0.887972746492021, 0.4304438143806861, 0,6, 0
0.10836160447016563, 2.3838836460986443, 0.8821804834186849, 0.3829329292198046, 0,6, 0
0.09991352358145414, 2.427369503737654, 0.9273376082964652, 0.5210006362107297, 0,9, 0
0.12253043304729595, 2.3229894490566494, 0.9152182951335456, 0.3923822170870554, 0,7, 0
0.0988491984301204, 2.4966477080788083, 0.8998586576987981, 0.508987951127002, 0,7, 0
0.1575201223973924, 2.375335208029358, 0.8370908662369111, 0.28357129423038846, 0,11, 0
0.16077961817335196, 2.243823351494005, 0.8432389713869416, 0.2956128191390928, 0,8, 0
0.13430453003392537, 2.4490865849650865, 0.8767903964705325, 0.35275301968411926, 0,11, 0
0.1642386749151866, 2.2418250852594483, 0.8418208446821176, 0.28714679695371204, 0,6, 0
0.2004257300605335, 2.21989679725903, 0.8027435074237731, 0.22833608526817542, 0,13, 0
0.18246524313177676, 2.2526770426604843, 0.8582002695153638, 0.2899592833472257, 0,7, 0
0.14807423667930553, 2.419766766895103, 0.8552308102735969, 0.28717718399590814, 0,9, 0
0.15745360207543405, 2.348965837650493, 0.8376690261753804, 0.3070051981349037, 0,7, 0
0.20188917714361737, 2.2235802094601573, 0.8191570208796832, 0.2482217223581486, 0,5, 0
0.1587840085146012, 2.2301610847722584, 0.8460881648640809, 0.3262691395653641, 0,8, 0
0.16882857713031332, 2.3103857493635296, 0.8140758639917647, 0.2927453175949094, 0,4, 0
0.21200026608128783, 2.2035510456507326, 0.7769510888499878, 0.22050073723186858, 0,2, 0
0.17634537351160778, 2.1849539070946804, 0.8528529196924146, 0.30810988929356, 0,6, 0
0.22058138761391605, 2.124784833671391, 0.7744843938396302, 0.19941012852854448, 0,10, 0
0.18273132441961018, 2.2746991852455367, 0.7933186620856845, 0.2705885406400759, 0,7, 0
0.23288764717621233, 2.146121166878924, 0.7924028510859877, 0.22467774536084584, 0,9, 0
0.2171223308720814, 2.0868393127285283, 0.7691265741433775, 0.2154253540443581, 0,5, 0
0.20082485199228364, 2.3282754013323146, 0.7969064283506556, 0.22498254406038323, 0,5, 0
0.23395197232754605, 2.033535874747139, 0.7496186403840777, 0.1905560522659608, 0,7, 0
0.24339785804563294, 2.106237242363459, 0.7439361883907993, 0.19483492975504216, 0,5, 0
0.1847934544003193, 2.1957756251320744, 0.823441640316899, 0.24825321761544203, 0,5, 0
0.20867424998336992, 2.135779747442437, 0.7861406206961128, 0.22322436537316684, 0,8, 0
0.1828643650635269, 2.201319111905745, 0.7942422005220102, 0.2951618011500072, 0,5, 0
0.2398057606598816, 2.12711693408254, 0.7607027583773577, 0.1910432635360939, 0,11, 0
0.2613583449743897, 1.98683973735086, 0.7532136579009797, 0.19556958485459763, 0,7, 0
0.19570278720149006, 2.1418765714201378, 0.8321241049989138, 0.2829256088324556, 0,7, 0
0.24659083349963415, 2.004431501307475, 0.7533951246527972, 0.20947352434853672, 0,5, 0
0.268476019423934, 1.9957828159096918, 0.7662303985349972, 0.1933557309989211, 0,4, 0
0.2459921506020089, 2.0316154398755115, 0.7466542610833906, 0.206047843922657, 0,12, 0
0.21805361537949844, 2.0516903729707763, 0.7821574570333063, 0.24513992754116218, 0,5, 0
0.22956163107829441, 2.0056492071867638, 0.7699033669978668, 0.22827686525675334, 0,9, 0
0.2442626222310916, 2.0163252205181954, 0.7765183227676986, 0.21629612957755068, 0,4, 0
0.23854187454267278, 2.0614046681302356, 0.7592353299747352, 0.2010721966583658, 0,7, 0
0.2767910596687288, 2.0070299434858527, 0.7581047416793397, 0.1827837127821295, 0,7, 0
0.23667930552783875, 2.010129327713147, 0.759469003689455, 0.22500704194440227, 0,11, 0
0.31151466773099185, 1.9017383352190658, 0.7057836880259346, 0.1573883278074436, 0,5, 0
0.2407370451672986, 2.0550688293842483, 0.7798438278532015, 0.21477125044385897, 0,9, 0
0.2634204749550988, 2.0200982616704706, 0.7421727546500481, 0.1947390589244992, 0,10, 0
0.25118073571476085, 1.9530549634916852, 0.7486977646724529, 0.22262540984159618, 0,8, 0
0.2688086210337258, 2.0271673363212863, 0.7162075206621813, 0.19258733541169903, 0,7, 0
0.3078560500232821, 1.9025487913617845, 0.695058145118946, 0.16532485988058657, 0,4, 0
0.3183662608927027, 1.8820684316716079, 0.7119862381494849, 0.1642032515514087, 0,7, 0
0.26900818199960086, 2.0080812896891107, 0.7234834823136019, 0.19202434003162183, 0,9, 0
0.2783875473957294, 1.9387219361477663, 0.7240250431212242, 0.18777513704053475, 0,6, 0
0.2682764584580589, 1.9309434017354457, 0.733102659007368, 0.2043133562371156, 0,12, 0
0.2966806359342779, 1.9333757955078148, 0.6912759911239587, 0.17243934867794342, 0,10, 0
0.30060533492982106, 1.972764752772027, 0.6852124114083068, 0.17170139050899827, 0,6, 0
0.28703518925031596, 1.8933412591624244, 0.7477985593259548, 0.19274680309438932, 0,3, 0
0.26235614980376504, 1.9440229829973956, 0.7472993810521072, 0.2274038322271651, 0,9, 0
0.29614847335861105, 1.8632310363915376, 0.737036267575605, 0.20275032836210322, 0,10, 0
0.3144415618971596, 1.8864392255631335, 0.6972770937227137, 0.16919702941305886, 0,13, 0
0.28497305926960687, 1.9550937227302625, 0.7543142275533774, 0.2005747707914636, 0,9, 0
0.280915319630147, 1.936888353966401, 0.7614786160555493, 0.20874197767286112, 0,7, 0
0.2942193840218187, 1.9295742682082238, 0.70537226415207, 0.19158606946667406, 0,8, 0
0.21166766447149604, 2.1533517009391363, 0.7887773582576945, 0.2509314782588002, 0,11, 0
0.2785871083616045, 1.9879212343691988, 0.7486877534984171, 0.197759301608861, 0,7, 0
0.3037317900618639, 1.9090953390870131, 0.7113596499104443, 0.1848588412008532, 0,9, 0
0.3112485864431584, 1.854342205981362, 0.6831117723459925, 0.1760951021834164, 0,8, 0
0.31370983835561767, 1.8538656569003804, 0.6791782958632102, 0.17335026754504892, 0,8, 0
0.32714694339120604, 1.817778938625305, 0.6733606365178292, 0.16674636762962725, 0,7, 0
0.30665868422803166, 1.9032675121102212, 0.7116532322460103, 0.19070352514526523, 0,8, 0
0.3000731723541542, 1.9086358411035511, 0.744997208329882, 0.20208177226888488, 0,7, 0
0.2845074170158984, 1.9657233884684588, 0.6950487947558885, 0.19240675942353033, 0,9, 0
0.33486330073837556, 1.8209159283995477, 0.6720720185347464, 0.16661870954215985, 0,6, 0
0.33107164238674913, 1.79321125130497, 0.7119078368358227, 0.18832580329846071, 0,9, 0
0.2904942459921506, 1.9271744921489256, 0.6796012690097153, 0.19252422905462516, 0,5, 0
0.3216257566686623, 1.916290454578869, 0.6732933692926848, 0.1699305982971264, 0,4, 0
0.2873677908601078, 1.9289883453851688, 0.6984171712337425, 0.19423509560494256, 0,5, 0
0.2999401317102375, 1.865682509803791, 0.6930682439456932, 0.19395274278935498, 0,10, 0
0.3514268609060068, 1.7584589158775785, 0.6633202703160762, 0.16774751756295234, 0,8, 0
0.330672520454999, 1.813012770852952, 0.6978059548158071, 0.189383510312948, 0,8, 0
0.3055278387547396, 1.8531473345154021, 0.7085921542752949, 0.19577842574552143, 0,7, 0
0.329741235947582, 1.775646280026726, 0.6997753794287526, 0.18248202712720943, 0,3, 0
0.37490853455730727, 1.713174131342745, 0.6218218173264723, 0.15095213246020475, 0,6, 0
0.3244861305128717, 1.847100695321194, 0.7125336718719807, 0.19431832729067833, 0,9, 0
0.3504290560766314, 1.7569527953262458, 0.693544068335169, 0.1781210738196007, 0,9, 0
0.33685891039712634, 1.7739542299129605, 0.7006748300013967, 0.18157684846241665, 0,8, 0
0.2757932548393534, 1.9823314226776716, 0.7391625901426133, 0.21909350169251862, 0,10, 0
0.32269008181999603, 1.803551353781331, 0.6865324782222736, 0.18291893113398125, 0,7, 0
0.3824918512605601, 1.681437140745626, 0.6195837383978808, 0.15314494593723593, 0,7, 0
0.33320029268941664, 1.7580594178612563, 0.67630736322734, 0.18060582396759414, 0,7, 0
0.3701855916982638, 1.709952778752943, 0.6369079012692157, 0.15663383239416787, 0,8, 0
0.3081886516330739, 1.8648278924834107, 0.7171290710953762, 0.19349163805866051, 0,4, 0
0.3542207144282578, 1.7869355561434608, 0.6678157275720971, 0.16519545532909405, 0,8, 0
0.36985299008847206, 1.7184123699139162, 0.6244727352280779, 0.16380747200170478, 0,6, 0
0.3202953502294951, 1.854779516521395, 0.6809354755825051, 0.18674421139623212, 0,10, 0
0.3100512206479079, 1.9072340300048587, 0.676275370600704, 0.20680307226945163, 0,10, 0
0.361870551453469, 1.7114907395797663, 0.6444719861717729, 0.16396664292184, 0,3, 0
0.3370584713630014, 1.7946160676981615, 0.6546015339407214, 0.1740392123467171, 0,9, 0
0.3720481607130979, 1.6906654469260973, 0.6536189104202941, 0.15976433252720373, 0,9, 0
0.3266813011374975, 1.7791247968940782, 0.6552531048857573, 0.17988963875026653, 0,8, 0
0.32980775626954034, 1.784453984488986, 0.6839039098446987, 0.1855098005372329, 0,10, 0
0.33825583715825186, 1.8177681475033234, 0.6429484984681586, 0.17002774325897094, 0,4, 0
0.09805095456662011, 2.301833549421609, 0.9040113342587521, 0.2024538089657618, 0,0, 0
0.10024612519124593, 2.346824802911774, 0.88033626681359, 0.49373984387022923, 0,3, 0
0.09904875939599547, 2.483723977214283, 0.8938837418790088, 0.506722080307615, 0,4, 0
0.10762988092862369, 2.4517259760022854, 0.8889746343478306, 0.4027492682093795, 0,6, 0
0.09891571875207876, 2.5069908817743958, 0.8999102651171675, 0.5107520785582742, 0,8, 0
0.104902547728331, 2.4733128374480744, 0.9226140321985214, 0.5059453857973853, 0,6, 0
0.1041043038648307, 2.3529359652500768, 0.893622360241717, 0.4284744605648988, 0,8, 0
0.10995809219716624, 2.416421137804171, 0.9302535168846731, 0.4025563761761683, 0,6, 0
0.18525909665402782, 2.2542460612937347, 0.8090095357628642, 0.26886142412031083, 0,12, 0
0.15346238275793256, 2.419430540610809, 0.8934405481176588, 0.3530668685911339, 0,6, 0
0.15725404110955898, 2.332924615945881, 0.8397826145967384, 0.31170642467498144, 0,5, 0
0.13942659482471895, 2.319153917229898, 0.8519911561278906, 0.3986820607722344, 0,8, 0
0.17135634936473093, 2.2862174061254565, 0.8067574848629269, 0.25832115224345387, 0,9, 0
0.1844608527905275, 2.3181920097884974, 0.8061319640347068, 0.22879798272690302, 0,3, 0
0.19091332402048825, 2.2943105040248075, 0.7974107249739245, 0.23777488559819002, 0,13, 0
0.19104636466440497, 2.127580850446152, 0.8128303634757075, 0.2692910928351165, 0,7, 0
0.2016896161777423, 2.0848266259643644, 0.7792501216377938, 0.22854069664827542, 0,3, 0
0.201822656821659, 2.197626775858812, 0.7825045064912252, 0.23800112562321676, 0,10, 0
0.17973790993148406, 2.4104670010656286, 0.8130066130956571, 0.27575147064039507, 0,7, 0
0.21678972926228962, 2.3568402041156937, 0.7690149592777041, 0.22095679868776252, 0,8, 0
0.19377369786469767, 2.2079115303414536, 0.8031617270376316, 0.23383756604408126, 0,4, 0
0.19423934011840618, 2.216662889805048, 0.8008199057065875, 0.2581258927316373, 0,9, 0
0.21419543670591365, 2.1278700265771477, 0.7969844177966305, 0.23260497276135803, 0,8, 0
0.22969467172221114, 2.0624064362184704, 0.773744727897975, 0.24067855715569253, 0,11, 0
0.23255504556642054, 2.105086981541484, 0.7587121533915149, 0.2147151676838177, 0,5, 0
0.2469899554313843, 2.179838454858958, 0.7363740798784387, 0.1972990139531303, 0,7, 0
0.2396061996940065, 2.0227460315989885, 0.7588909921999507, 0.19192338358826547, 0,11, 0
0.25597019889576267, 2.073002438610886, 0.7197939635985202, 0.1906201518948288, 0,8, 0
0.23169028138096187, 2.0789053557098787, 0.7803453406037114, 0.22391330115970223, 0,12, 0
0.22636865562429323, 2.056790436875564, 0.765907691831154, 0.2405205954691689, 0,6, 0
0.24605867092396727, 2.0147354965286723, 0.7464799633296119, 0.2145638186219216, 0,8, 0
0.2198496640723741, 2.1177567137494613, 0.770924833895862, 0.2428302614888582, 0,10, 0
0.20694472161245261, 2.131677193852755, 0.7867052833742528, 0.2414306594581725, 0,5, 0
0.20973857513470365, 2.03241794649208, 0.7796489057910853, 0.2869506400359238, 0,8, 0
0.25869753209605534, 1.9757256952301436, 0.7345631155568565, 0.21422929843473476, 0,8, 0
0.23601410230825517, 2.0851815939425373, 0.7836358970982401, 0.21991338598797067, 0,10, 0
0.24359741901150803, 1.951596155718067, 0.7489986985252743, 0.2371737957823188, 0,7, 0
0.2801170757666467, 1.9114130034558052, 0.7297872882281602, 0.1947366694447028, 0,10, 0
0.28889775826515, 1.9810602279180602, 0.7384511628778548, 0.19407344227779955, 0,5, 0
0.29315505887048493, 1.9120283168542014, 0.7170048873754026, 0.18186849862814228, 0,9, 0
0.3177010576731191, 1.8478985078985213, 0.6993397847393978, 0.16712810775753717, 0,2, 0
0.24659083349963415, 1.9489422624937307, 0.7499764994403729, 0.24135559672559398, 0,10, 0
0.25344242666134503, 1.9691448050020126, 0.7274752916955, 0.21849486909656915, 0,1, 0
0.3175680170292024, 1.8917005832249363, 0.6743240393051073, 0.16814853764148757, 0,8, 0
0.30752344841349033, 1.893330020390053, 0.6953259772794609, 0.1828636825774764, 0,11, 0
0.3163041309119936, 1.833833008982786, 0.6702486961031968, 0.17063773127263493, 0,7, 0
0.28690214860639923, 1.9368856601362052, 0.7205711779128017, 0.1885484554935947, 0,9, 0
0.2434643783675913, 2.0768401385313147, 0.7540275403272552, 0.22078990815735294, 0,8, 0
0.286303465708774, 1.9351252351526902, 0.7030513839390201, 0.1982422235820437, 0,8, 0
0.33745759329475156, 1.8178668517255343, 0.6908960830405978, 0.16902120613655836, 0,7, 0
0.28417481540610656, 1.9175273932351535, 0.7000567685317882, 0.19985608128971613, 0,6, 0
0.3037317900618639, 1.8479127367599228, 0.6829875458531268, 0.1947603686130905, 0,8, 0
0.35854453535555114, 1.7720677357055243, 0.6450825857400808, 0.1507509429874226, 0,9, 0
0.32548393534224707, 1.8223668749061386, 0.6639514618787855, 0.1701299469470133, 0,7, 0
0.27672453934677044, 1.8897474146623585, 0.7086096819229338, 0.211877442972712, 0,5, 0
0.3320694472161245, 1.80277786037288, 0.6605302770666418, 0.16293438183317008, 0,7, 0
0.3396527639193774, 1.7743296031584594, 0.6537637567475918, 0.1652624687990183, 0,9, 0
0.30492915585711433, 1.8928263071434532, 0.7326932724719016, 0.1974611420882785, 0,6, 0
0.290560766314109, 1.899220772800764, 0.6986482233913448, 0.21053510271990508, 0,8, 0
0.3308720814208741, 1.8122693816202253, 0.6771020278327262, 0.17072936215939077, 0,13, 0
0.336792390075168, 1.7692361859030918, 0.6504147233741554, 0.17406016612143593, 0,11, 0
0.32594957759595555, 1.880502145318367, 0.6686260956816894, 0.17519780731231574, 0,7, 0
0.3242200492250383, 1.8291478580933072, 0.6586491317468773, 0.18430394969654376, 0,4, 0
0.33040643916716556, 1.7886235342802563, 0.698478721117386, 0.1807014048459371, 0,5, 0
0.3292755936938735, 1.8015714051607228, 0.658352392115888, 0.16583971234691794, 0,9, 0
0.3159050089802435, 1.811498035073304, 0.6972476140945696, 0.1998852679483717, 0,9, 0
0.3091864564624493, 1.846870290353247, 0.7172531962251288, 0.19676170762562126, 0,10, 0
0.31963014700991155, 1.831089566551758, 0.6604114236894975, 0.17873921981042915, 0,5, 0
0.3425131377635868, 1.8093818640218067, 0.6488960261948904, 0.16595753538076624, 0,10, 0
0.3405840484267944, 1.795440399701475, 0.6422571226799463, 0.174922959277954, 0,6, 0
0.3276791059668729, 1.8420022610878029, 0.6516962590232304, 0.17744381459296543, 0,6, 0
0.33240204882591634, 1.8220071816154164, 0.653117312587261, 0.17046640153512585, 0,7, 0
0.30160313975919645, 1.8510910136660979, 0.6827031275179248, 0.20193434059539306, 0,10, 0
0.34716956030067186, 1.7778384996564345, 0.6853596650073018, 0.17072288896061294, 0,10, 0
0.31909798443424464, 1.8147224341055468, 0.6539020599467978, 0.18172170365448, 0,3, 0
0.37171555910330606, 1.7151471632116768, 0.6579185976096995, 0.16565607086779155, 0,0, 0
0.3522251047695071, 1.7165845475740509, 0.6286849195006209, 0.1650805135174226, 0,10, 0
0.3079890906671988, 1.8371115044380848, 0.6843246535757815, 0.21314199736849543, 0,6, 0
0.3300738375573738, 1.7657475073834914, 0.6929161875569427, 0.19278828280573648, 0,9, 0
0.3159050089802435, 1.8751511682351019, 0.7120684009265799, 0.19137163417301747, 0,8, 0
0.3764385019623495, 1.697657904665064, 0.6290753280102757, 0.15730683149087404, 0,5, 0
0.34051752810483604, 1.7293027065893074, 0.6430939106620808, 0.18211414206584073, 0,13, 0
0.332335528503958, 1.7767887189325153, 0.6576208335873693, 0.18083824828068543, 0,4, 0
0.31071642386749154, 1.8931881213601713, 0.6739172260249482, 0.2090258259290253, 0,7, 0
0.36506352690747024, 1.6936247621571907, 0.623147172080978, 0.1607137687440177, 0,5, 0
0.32661478081553913, 1.8240821480013563, 0.6617079543622811, 0.1769497113528512, 0,4, 0
0.3636666001463447, 1.7144339939620628, 0.6399025974244349, 0.17179578198416373, 0,6, 0
0.3652630878733453, 1.7293892577325227, 0.6600761073081631, 0.16793140296813092, 0,7, 0
0.35355551120867423, 1.7471781631140288, 0.6760133316193369, 0.17765076459821935, 0,8, 0
0.3981906472427327, 1.6686190161084586, 0.6091626565389949, 0.14675756511042762, 0,8, 0
0.3687886649371383, 1.750326241045221, 0.6339899108490631, 0.16181592369687395, 0,7, 0
0.32900951240604004, 1.9140281986985657, 0.6623376923339791, 0.17665774728289935, 0,7, 0
0.32049491119537016, 1.8755403436273823, 0.6554368566687043, 0.18221900899617466, 0,7, 0
0.3592097385751347, 1.7440401954417901, 0.633929076321194, 0.16567923545163704, 0,6, 0
0.3552185192576332, 1.7352911408873903, 0.6133088615616057, 0.17097702383229457, 0,8, 0
0.3566154460187587, 1.740122829349996, 0.6289761196382307, 0.1671602963956267, 0,8, 0
0.3167032528437438, 1.8259721021686162, 0.6742575244820967, 0.20006647406917746, 0,6, 0
0.3728464045765982, 1.7252866761584342, 0.626799244589234, 0.16237831079080817, 0,8, 0
0.3647309252976784, 1.7093807800058944, 0.6566930577823463, 0.16312804568914988, 0,8, 0
0.3112485864431584, 1.8198048901131296, 0.6901210454836005, 0.20318270779800154, 0,6, 0
0.37617242067451606, 1.692278931159614, 0.6114508358477234, 0.1635232855806921, 0,7, 0
0.0972527107031198, 2.3030878194496713, 0.8937583604990519, 0.24789740451890874, 0,0, 0
0.10111088937670458, 2.3408425925837886, 0.9116167084157132, 0.5125073604151303, 0,1, 0
0.13703186323421807, 2.358477409058985, 0.8717968043052796, 0.3395252288032518, 0,4, 0
0.10024612519124593, 2.453243296406333, 0.88033626681359, 0.4962646671622303, 0,8, 0
0.1052351493381228, 2.4819856263488496, 0.9076938938701399, 0.46622190658890106, 0,5, 0
0.14494778154726268, 2.443219333179362, 0.8689047104017338, 0.2841936005964501, 0,8, 0
0.10290693806958026, 2.4137960883074396, 0.9096357456675684, 0.49772950336434485, 0,5, 0
0.11827313244196101, 2.430117355653533, 0.8666028475029764, 0.4117060741331954, 0,6, 0
0.166167764251979, 2.280334467129151, 0.8248615984817897, 0.2889240270000908, 0,9, 0
0.15851792722676777, 2.3873086102762313, 0.8427382766806387, 0.2996364930249263, 0,5, 0
0.1881194704982372, 2.338311074157996, 0.7928492136180714, 0.22901109053604235, 0,5, 0
0.16091265881726868, 2.4435119358815887, 0.8212868332137166, 0.30020419091000244, 0,6, 0
0.14554646444488792, 2.2708157442457098, 0.8525784978595301, 0.3202422823578728, 0,9, 0
0.1806691944389011, 2.3080114261250624, 0.8030922300760791, 0.2410178944222164, 0,4, 0
0.1811348366926096, 2.2584174745677434, 0.8096355981245139, 0.25453773593831003, 0,6, 0
0.16809685358877138, 2.2909606501409523, 0.8313959889479446, 0.2952212381869603, 0,9, 0
0.161710902680769, 2.252810771067382, 0.8457520494925456, 0.3004161029363003, 0,9, 0
0.16370651233951972, 2.2300155973796048, 0.8274434498604435, 0.3152297513009558, 0,11, 0
0.2074103638661611, 2.1583754391376186, 0.8265066667460294, 0.24000769669790653, 0,5, 0
0.2201822656821659, 2.1429499332232207, 0.7734358514852312, 0.21017902125265966, 0,7, 0
0.2031530632608262, 2.3261138005844413, 0.7753517112716278, 0.2288905525934647, 0,7, 0
0.2068116809685359, 2.416757638456975, 0.8251075454136755, 0.24553405727527455, 0,10, 0
0.21945054214062396, 2.1799522141675025, 0.8016650949591925, 0.2174523348591596, 0,6, 0
0.18745426727865364, 2.19168126326569, 0.8146408318330444, 0.28654656835901404, 0,5, 0
0.19902880329940797, 2.1361240910800214, 0.800981216010993, 0.2525472797251386, 0,9, 0
0.22264351759462517, 2.131729490713533, 0.7968442193486064, 0.22840880366977148, 0,4, 0
0.1887846737178208, 2.2450953581721245, 0.7962463350563737, 0.299180273856773, 0,7, 0
0.24572606931417548, 2.087856711880109, 0.7847617560530551, 0.2096286710080202, 0,6, 0
0.22969467172221114, 2.1396051277017145, 0.8088617049168545, 0.23727375460802816, 0,8, 0
0.23874143550854787, 2.0879782683230967, 0.7448360197278804, 0.20093478812891444, 0,5, 0
0.2335528503957959, 2.0892473307149437, 0.7796615466956958, 0.21473463148463393, 0,8, 0
0.27951839286902147, 1.9891857811729485, 0.7235762030109476, 0.17121905116901426, 0,6, 0
0.2458591099580922, 2.0142719014901203, 0.7442063284516203, 0.19961671333429742, 0,7, 0
0.21392935541808022, 2.06687422453473, 0.7954944464122269, 0.2456736613023282, 0,3, 0
0.22024878600412426, 2.033655781616813, 0.7755789867468846, 0.2561489164698314, 0,11, 0
0.22251047695070844, 2.157124919004167, 0.7513502876767382, 0.2268126625214176, 0,10, 0
0.24373045965542472, 2.235477604913131, 0.7373597907266572, 0.2173173364613018, 0,8, 0
0.2716689948779352, 2.0057950084543923, 0.7508339467236489, 0.1871650778783656, 0,10, 0
0.26701257234085013, 1.9892240224829503, 0.714544110051952, 0.1860723250617912, 0,7, 0
0.28131444156189717, 1.996032169913053, 0.7038901595296697, 0.18720256053415063, 0,11, 0
0.1793387879997339, 2.2219168254812582, 0.8366686097880686, 0.3362348126754307, 0,8, 0
0.27931883190314644, 1.9453240986602445, 0.7352233016742131, 0.1856949032764239, 0,12, 0
0.2974788797977782, 1.9570263267031276, 0.7085205777797872, 0.1745179319391729, 0,8, 0
0.31603804962416016, 1.8764855651126557, 0.711807952692899, 0.1662681457639553, 0,5, 0
0.22523781015100114, 2.111541116466813, 0.7629563279309124, 0.24434742350065403, 0,6, 0
0.26375307656489055, 2.0212459638313343, 0.7367967404437482, 0.196013799553679, 0,10, 0
0.2648174017162243, 1.988735719786697, 0.7304670453002653, 0.20462977981321567, 0,7, 0
0.2936207011241934, 1.957013877749895, 0.7050578679425443, 0.17858681191331663, 0,6, 0
0.3155058870484933, 1.8637586909838242, 0.7183906605331069, 0.17202287196276952, 0,7, 0
0.3175014967072441, 1.8582358104592827, 0.7016784561628416, 0.17328624897268188, 0,5, 0
0.33552850395795913, 1.825156018630573, 0.6755751233646596, 0.1585509496825664, 0,4, 0
0.28217920574735583, 1.9691576133911175, 0.6982314678906648, 0.18196710808467134, 0,9, 0
0.3142420009312845, 1.90134395846015, 0.6736962940778445, 0.17452736237275635, 0,6, 0
0.2912924898556509, 1.9099327722392236, 0.6963977630533239, 0.18722754435749078, 0,4, 0
0.3051287168229894, 1.9171455292646846, 0.7278784822773712, 0.1888633188983052, 0,6, 0
0.3105833832235748, 1.8390057319407849, 0.6942343175284463, 0.1915562281967074, 0,7, 0
0.34238009711967005, 1.7968967494109445, 0.6513176674321208, 0.15667450957278178, 0,9, 0
0.3086542938867824, 1.8464259540163208, 0.6849264431176585, 0.19090480901205786, 0,5, 0
0.3481008448080889, 1.7938571495027478, 0.6699855258388153, 0.15881053171159606, 0,8, 0
0.3292755936938735, 1.862466011510347, 0.6674538328871688, 0.1659568425673174, 0,9, 0
0.341448812612253, 1.8168265896984452, 0.6576304219568517, 0.1606940379630371, 0,9, 0
0.31464112286303464, 1.8511603321055647, 0.6978140472450037, 0.17970610074291024, 0,10, 0
0.31370983835561767, 1.8301986817498253, 0.6714461382539605, 0.18890887844385826, 0,9, 0
0.3556176411893834, 1.7617470797450927, 0.6610765188500636, 0.1543617189111827, 0,9, 0
0.299474489456529, 1.856106073629719, 0.6785376335006025, 0.19967561639535572, 0,13, 0
0.32654826049358077, 1.8834171371054587, 0.6538042493456124, 0.16909054858263617, 0,5, 0
0.2980775626954034, 1.828225785701216, 0.7013681953171216, 0.20758842854823537, 0,7, 0
0.36506352690747024, 1.7662896640895647, 0.6477076495008202, 0.15784927259193757, 0,8, 0
0.29654759529036123, 1.9122390802579194, 0.6899840718380439, 0.19078994721618198, 0,11, 0
0.34557307257367126, 1.750001693151751, 0.6553153756501072, 0.17364940924983877, 0,6, 0
0.3327346504357081, 1.8016105123914454, 0.6466247221683556, 0.17135253517123, 0,10, 0
0.30546131843278124, 1.8741278105539245, 0.6936176902592877, 0.18592896993851857, 0,6, 0
0.2807822789862303, 1.8894492341976779, 0.7320186595417535, 0.24018723990221463, 0,10, 0
0.3230226834297878, 1.8494079575355933, 0.6882668246617729, 0.18770785598418308, 0,9, 0
0.33220248786004125, 1.7498138392351428, 0.6601813636890231, 0.17975631085100693, 0,5, 0
0.31909798443424464, 1.7916022090071937, 0.7046664935190451, 0.2002021817005351, 0,10, 0
0.33772367458258495, 1.7408027868344462, 0.648761300156368, 0.17425942944090164, 0,9, 0
0.3538215924965077, 1.7360044849106853, 0.6615852473764632, 0.16829533812809533, 0,10, 0
0.32169227699062064, 1.8325877146260003, 0.658986463923463, 0.17830055545836626, 0,9, 0
0.29268941661677644, 1.950291132130785, 0.6886726354656445, 0.19325438486836777, 0,4, 0
0.3580788931018426, 1.7461551823698815, 0.6254546474002621, 0.1601513680221261, 0,7, 0
0.3708507949178474, 1.716976638310669, 0.6268097689342906, 0.15930130165293505, 0,6, 0
0.3629348766048028, 1.7417959314750862, 0.6670812841299196, 0.16624374452023324, 0,10, 0
0.3783010709771835, 1.6936835069336957, 0.6241037675953635, 0.15781558089891778, 0,10, 0
0.3730459655424732, 1.7439030016133912, 0.6146431166120817, 0.15416237054676385, 0,4, 0
0.3554180802235083, 1.7675119860993962, 0.6356037576901072, 0.16391746567711646, 0,7, 0
0.35448679571609126, 1.76480202755988, 0.641203458202816, 0.16505741865527476, 0,5, 0
0.36340051885851127, 1.7475806538610095, 0.6240352548091063, 0.16569928165190603, 0,9, 0
0.3492982106033393, 1.7872278891280289, 0.6723100670915734, 0.17341376461947683, 0,8, 0
0.3675912991418879, 1.6955136619134077, 0.6241428781408047, 0.16131579756277262, 0,4, 0
0.35435375507217454, 1.7195770848572933, 0.6256870264313644, 0.1721584237967631, 0,10, 0
0.335129382026209, 1.8227160683468353, 0.6562663646479995, 0.19613941988567593, 0,6, 0
0.34989689350096453, 1.7554926941877416, 0.6371710444866973, 0.1672638897344332, 0,7, 0
0.3999866959356083, 1.6369231094906749, 0.5970491527930291, 0.14806050188233025, 0,9, 0
0.39200425730060534, 1.638999582383714, 0.6146211140379861, 0.1533534376702099, 0,8, 0
0.3430453003392536, 1.7829357845685063, 0.6529907002800086, 0.17408395879799346, 0,13, 0
0.3963280782278986, 1.6720422964498747, 0.6181126885980874, 0.1542928801954681, 0,5, 0
0.35548460054546666, 1.7131347649113144, 0.6341919464993794, 0.17399876241660323, 0,6, 0
0.36326747821459454, 1.731627835589382, 0.6583261300144465, 0.17949929503605191, 0,11, 0
0.3333998536552917, 1.8063679811388784, 0.6992214759394056, 0.18906609274794448, 0,4, 0
0.3831570544801437, 1.6659689915241267, 0.6111034614955096, 0.1529826686543591, 0,6, 0
0.11468103505620968, 2.303120304119846, 0.9078138725650347, 0.3101482492240902, 0,0, 0
0.13024679039446552, 2.306678024133205, 0.8692036957506559, 0.33202489081484515, 0,2, 0
0.14594558637663807, 2.3578868056536275, 0.8603186045891797, 0.3176705509332382, 0,4, 0
0.10829508414820728, 2.5141328936810106, 0.903699751100016, 0.4264413562305122, 0,2, 0
0.11607796181733519, 2.5508656436031645, 0.8970661606282657, 0.39215160050175, 0,5, 0
0.10443690547462249, 2.5931976336185656, 0.8763131657112896, 0.4585018210215198, 0,5, 0
0.1517993747089736, 2.4259998413297317, 0.8396712438938485, 0.2837211042544141, 0,7, 0
0.11607796181733519, 2.426434711449511, 0.8996586158866529, 0.35171694691016214, 0,10, 0
0.14122264351759461, 2.367135499461495, 0.8492419847165497, 0.3472539169474969, 0,5, 0
0.14388345639592895, 2.2864293622961065, 0.8545521083759262, 0.32839834384688726, 0,6, 0
0.16523647974456196, 2.3286735773054827, 0.874513053481193, 0.3112111724962552, 0,9, 0
0.12179870950575401, 2.30447338060063, 0.874390561828162, 0.40222370269571783, 0,6, 0
0.1523980576065988, 2.2298729489966638, 0.8498077124877749, 0.3336775243040552, 0,9, 0
0.17634537351160778, 2.3107359597110895, 0.8418945287799062, 0.24431181567155363, 0,7, 0
0.19862968136765782, 2.153633641473454, 0.7947319746385975, 0.2322705687761477, 0,8, 0
0.21406239606199695, 2.230709507548943, 0.7773553113193029, 0.20826419290290601, 0,9, 0
0.2036187055145347, 2.263368519957667, 0.7773969285487665, 0.23155877509721992, 0,2, 0
0.2061464777489523, 2.1707531788832397, 0.7891484249796343, 0.2252807310770721, 0,4, 0
0.20029268941661676, 2.1961676735828193, 0.7922535724307066, 0.24066564171580274, 0,7, 0
0.18978247854719618, 2.2493655731211257, 0.8048646437570429, 0.29340906133716915, 0,8, 0
0.19457194172819797, 2.3602783802874683, 0.7958572252691412, 0.2394479245784408, 0,6, 0
0.18918379564957094, 2.1804193824277873, 0.8148016193995224, 0.25754342170586464, 0,5, 0
0.23322024878600411, 2.090673725872881, 0.7773252472049756, 0.20816576131946354, 0,11, 0
0.19703319364065722, 2.2274884608844507, 0.8007922143761524, 0.25960639640357763, 0,8, 0
0.24845340251446818, 2.066748690392644, 0.7397048870373415, 0.20171172027233134, 0,4, 0
0.2431317767577995, 2.016397828051234, 0.761534345311259, 0.20237458959090004, 0,7, 0
0.23288764717621233, 2.064692983868069, 0.8033077824536078, 0.24753934281866233, 0,1, 0
0.26781081620435043, 1.9758791722184303, 0.7449226074449048, 0.1845705111323232, 0,8, 0
0.24253309386017427, 2.023030140161562, 0.7487407619293269, 0.20889430176496876, 0,6, 0
0.23894099647442293, 2.1047764971038503, 0.7568813602855916, 0.21998705557171966, 0,6, 0
0.26860906006785074, 2.0082418530919726, 0.732377565039455, 0.1740189139419932, 0,7, 0
0.25616975986163776, 2.023894872730747, 0.738571576260393, 0.18271165290114003, 0,6, 0
0.22956163107829441, 2.0435848634875655, 0.8227702690719668, 0.2423182445563013, 0,7, 0
0.29009512406040044, 1.927841480938584, 0.720178940621993, 0.17305244108439968, 0,6, 0
0.24765515865096788, 2.018001927877784, 0.7670849989686471, 0.2094561727363416, 0,8, 0
0.2847069779817734, 1.9587307229835353, 0.7021832498315588, 0.16883738819466235, 0,3, 0
0.2605601011108894, 1.9498238978188949, 0.7647986118049785, 0.2106965765268093, 0,9, 0
0.26954034457526777, 2.035451390851815, 0.7176783964813958, 0.19138298391056605, 0,8, 0
0.26248919044768176, 2.0740696782521173, 0.726737786159483, 0.20136349362951683, 0,8, 0
0.31643717155591033, 1.8868716178615674, 0.7054527556492798, 0.1631617820631825, 0,14, 0
0.2817135634936473, 1.9525283135506935, 0.7615237164074173, 0.2140005087242981, 0,6, 0
0.3059269606864897, 1.9139274919508047, 0.7031261462614604, 0.17000784543455405, 0,11, 0
0.20055877070445022, 2.405798538820493, 0.7959691371250277, 0.2590194119700811, 0,6, 0
0.2378766713230892, 1.9593821722202052, 0.7795318856959118, 0.24068433344088352, 0,6, 0
0.30665868422803166, 1.8738342870267448, 0.7267962840772114, 0.17688138117525568, 0,12, 0
0.22191179405308323, 2.098556110766614, 0.7656467455593422, 0.2260522160607157, 0,7, 0
0.27047162908268474, 2.008045570012823, 0.7142090883761024, 0.18848749158516445, 0,7, 0
0.2654160846138495, 1.9616309554405749, 0.7333501274455521, 0.1984135019415775, 0,9, 0
0.2861704250648573, 1.9279589660151992, 0.7216388898074816, 0.19919867808176495, 0,4, 0
0.2646178407503492, 1.9754270357654407, 0.7411106154512547, 0.21483721318866655, 0,12, 0
0.28883123794319165, 1.89447776087187, 0.6956443979221524, 0.19921787337022628, 0,7, 0
0.2869686689283576, 1.9576131839726187, 0.7068888207458616, 0.19245286525793648, 0,9, 0
0.24798776026075967, 1.980006123948286, 0.7408758371887074, 0.22656135195166446, 0,9, 0
0.2815805228497306, 1.865948108410174, 0.7084042407891915, 0.21538797198655668, 0,10, 0
0.320827512805162, 1.8405679593715554, 0.72182548558348, 0.19133259196926894, 0,6, 0
0.3338654959090002, 1.8306756045364265, 0.6961442454219466, 0.16647264826146993, 0,6, 0
0.3179006186389942, 1.847883794539736, 0.7102056175590036, 0.18564870529512473, 0,3, 0
0.28051619769839686, 1.8632792314036373, 0.7234612968871762, 0.21440399449100428, 0,5, 0
0.30486263553515597, 1.8583778649744997, 0.6851546577694996, 0.18763914597677472, 0,8, 0
0.27512805161976983, 1.9135489128591978, 0.7073728314540226, 0.22465635418193006, 0,6, 0
0.34091665003658617, 1.7661008889118623, 0.6718511287842545, 0.1725927625809609, 0,8, 0
0.3124459522384088, 1.825269829491009, 0.6848016859661401, 0.19153311895228162, 0,8, 0
0.29229029468502626, 1.8887098141236116, 0.7083846339207943, 0.1929806646470297, 0,8, 0
0.31178074901882524, 1.8521013982831414, 0.6909897466334058, 0.1778448217786563, 0,8, 0
0.3592762588970931, 1.757112450254881, 0.6636685972331422, 0.16311507593109068, 0,11, 0
0.3764385019623495, 1.7204697756545873, 0.6263215850325121, 0.15128453471684333, 0,9, 0
0.3215592363467039, 1.8312326771512142, 0.7033322090325956, 0.19200130149174818, 0,6, 0
0.2972127985099448, 1.888308038022762, 0.7174231077140153, 0.20526963420487143, 0,4, 0
0.31816669992682767, 1.7970792721672733, 0.7072585852587895, 0.19540027209313923, 0,7, 0
0.3339320162309586, 1.7965220579850114, 0.6469169442158551, 0.16731138423573744, 0,8, 0
0.3043969932814475, 1.8579390637731708, 0.6884287528401279, 0.20297874597782506, 0,12, 0
0.34683695869088005, 1.7642683814577909, 0.6470280888383652, 0.1726269576506421, 0,7, 0
0.30951905807224106, 1.8099038107090826, 0.6771908328310688, 0.1900835773969148, 0,10, 0
0.26375307656489055, 2.0056952556247905, 0.7286480894074083, 0.20788100426134826, 0,9, 0
0.3086542938867824, 1.8011575957710282, 0.6928783352558768, 0.2005433851532466, 0,7, 0
0.29029468502627553, 1.8708372861097364, 0.7151789281981807, 0.2008391596121708, 0,8, 0
0.3139093993214927, 1.8031302893470245, 0.6852562760305453, 0.18959071939220043, 0,5, 0
0.3248187321226635, 1.812738313653437, 0.6579318958142722, 0.1815022034083112, 0,7, 0
0.30858777356482403, 1.8886958854066662, 0.7134900990826494, 0.1998184507213353, 0,9, 0
0.3305394798110823, 1.8023096479825897, 0.6625479406073386, 0.18180461772289333, 0,6, 0
0.36971994944455533, 1.721239201625902, 0.6180900681985042, 0.15587731673542768, 0,10, 0
0.3467704383689217, 1.7403428607149403, 0.6304284769557015, 0.1687527436441675, 0,4, 0
0.323621366327413, 1.8406469914188668, 0.6657965827609074, 0.174297180001992, 0,6, 0
0.3404510077828777, 1.786983462354741, 0.6457866292105692, 0.1900824015692736, 0,9, 0
0.37171555910330606, 1.709168779110945, 0.6174593577493274, 0.15210735986687662, 0,9, 0
0.3479012838422138, 1.8297854025532194, 0.63429079425111, 0.1669888453793561, 0,7, 0
0.38348965608993546, 1.677085162719741, 0.6089285521929426, 0.16035145322995592, 0,8, 0
0.3268143417814142, 1.7989667956184217, 0.657970618295079, 0.18372578643938475, 0,13, 0
0.3701855916982638, 1.7262512933293606, 0.606868214716106, 0.15732889763930824, 0,7, 0
0.37091731523980576, 1.6828994533381745, 0.6487754453188174, 0.16333261754470133, 0,10, 0
0.3703851526641389, 1.6785638998919583, 0.6506030117064114, 0.1665416556598653, 0,10, 0
0.3471030399787135, 1.761958345335686, 0.6649807063757132, 0.17456030191621438, 0,7, 0
0.3047295948912393, 1.8590903999736779, 0.6872835062668993, 0.1964097548028365, 0,7, 0
0.38688219250981176, 1.6774825051080948, 0.618723362123272, 0.15403769865153202, 0,5, 0
0.2724672387414355, 1.981097726073164, 0.721608510376543, 0.21767123007578537, 0,6, 0
0.29821060333932015, 1.883890101726141, 0.6907278726727459, 0.21373927452767724, 0,7, 0
0.3161710902680769, 1.8262883831024455, 0.6758789372753438, 0.19311525302117447, 0,11, 0
0.37883323355285037, 1.6697181392665998, 0.6308982684982201, 0.1599592413252193, 0,7, 0
0.3471030399787135, 1.770910229514334, 0.63247029753625, 0.1696955881381662, 0,8, 0
0.38109492449943455, 1.6827015963532386, 0.6455066168710278, 0.16131595353283817, 0,4, 0
0.32900951240604004, 1.7404553150453468, 0.650833195509044, 0.18772890764892708, 0,12, 0
0.09133240204882592, 2.303592237306198, 0.8970292971180556, 0.263870640128427, 0,0, 0
0.09898223907403712, 2.3472492302565535, 0.8963837418790088, 0.4996814773760599, 0,1, 0
0.0996474422936207, 2.40887623595151, 0.9424463317291131, 0.5214771496090306, 0,5, 0
0.11754140890041907, 2.3531899711673847, 0.9274240766193498, 0.3829469445140826, 0,6, 0
0.09958092197166234, 2.4459370579665936, 0.8933638062721464, 0.5168199281057096, 0,5, 0
0.12685425397458924, 2.5915855795912246, 0.8602036784474185, 0.3332012054628666, 0,11, 0
0.10210869420607996, 2.7221360986820993, 0.9104898995025564, 0.5040628452592811, 0,10, 0
0.14594558637663807, 2.363802169172269, 0.8639494591721808, 0.3054633986596287, 0,4, 0
0.11927093727133639, 2.3510022085678677, 0.8714812942896257, 0.36098847649575316, 0,5, 0
0.19477150269407303, 2.3033036227823533, 0.8038899945593566, 0.2212786427388016, 0,4, 0
0.15153329342114016, 2.5262517302223273, 0.8531795874073825, 0.33900705939545694, 0,2, 0
0.15246457792855717, 2.4636741130007707, 0.8542961502527919, 0.3269541530422295, 0,6, 0
0.16044701656356017, 2.31549591323632, 0.8486763935965526, 0.2991421267814719, 0,12, 0
0.14561298476684628, 2.312493145422237, 0.8651506065181089, 0.31842966215844104, 0,9, 0
0.16989290228164705, 2.239344280715919, 0.8742872995350983, 0.3099567590551899, 0,9, 0
0.17774230027273333, 2.2408825288012078, 0.8075648047075329, 0.2876148734263869, 0,7, 0
0.20341914454865961, 2.298238328527264, 0.7870385752160067, 0.22732804192243758, 0,6, 0
0.17634537351160778, 2.3315910061366987, 0.8082310815031352, 0.27586503452985867, 0,7, 0
0.22583649304862635, 2.115706133999479, 0.762602741064568, 0.19310862489247538, 0,5, 0
0.23448413490321293, 2.065028171644615, 0.7865350594625167, 0.1919535349162054, 0,5, 0
0.22071442825783277, 2.0645452512917957, 0.7731632338366492, 0.2108239993858687, 0,6, 0
0.24532694738242533, 2.056583371687687, 0.7378991403354356, 0.18407522337172083, 0,8, 0
0.20880729062728665, 2.1166393220611, 0.789960947057796, 0.21499833696029247, 0,9, 0
0.18120135701456794, 2.134864899210212, 0.8128183498236209, 0.2889176494971554, 0,9, 0
0.18439433246856915, 2.160871418215657, 0.815019543372553, 0.28438094009216297, 0,5, 0
0.2145945586376638, 2.0739337441244503, 0.7853234866123373, 0.2515470584341275, 0,6, 0
0.21672320894033126, 2.1215271291353424, 0.7934166139282454, 0.25054371887841204, 0,9, 0
0.20321958358278455, 2.1476098794720806, 0.8031726897439766, 0.24604262514941566, 0,11, 0
0.2646178407503492, 1.9753057840364798, 0.7251753334546706, 0.18933622762138172, 0,5, 0
0.23169028138096187, 2.089759688573882, 0.7584238648394676, 0.24132051513217742, 0,8, 0
0.2543071908468037, 2.105423491372087, 0.7378122511314196, 0.20348407417262568, 0,8, 0
0.24353089868954966, 2.071263001908452, 0.7529104380852074, 0.21852994798584516, 0,8, 0
0.22457260693141753, 2.122305316002174, 0.766460410963321, 0.20968343861577537, 0,6, 0
0.21239938801303798, 2.1546251387988025, 0.7769647878939989, 0.2607087881678196, 0,8, 0
0.27652497838089535, 1.9654667028995092, 0.7252450070113337, 0.17682915560786225, 0,7, 0
0.24492782545067518, 2.026807609717305, 0.7499624682651127, 0.20492546761823277, 0,8, 0
0.2869686689283576, 1.9809226994821192, 0.7060730414248099, 0.17902377564651029, 0,13, 0
0.21066985964212068, 2.1330639743871544, 0.7983418338030905, 0.27579894506798336, 0,5, 0
0.2287633872147941, 2.02460563844576, 0.7640422813179545, 0.24308943686707746, 0,8, 0
0.26328743431118207, 2.0069368132286933, 0.7252436024515657, 0.19717482499241856, 0,7, 0
0.21565888378899753, 2.002347852511613, 0.7776814787556942, 0.2762166499964668, 0,5, 0
0.2577662475886383, 1.9463144898640612, 0.7334387648873492, 0.21459836681317196, 0,7, 0
0.2839087341182731, 1.9718158037245554, 0.7158867287684196, 0.18349154037245302, 0,8, 0
0.25483935342247055, 2.0950424678785744, 0.7272674642176535, 0.20883063324358228, 0,8, 0
0.2797844741568549, 2.0528797697959082, 0.691079864114693, 0.19503008117988105, 0,4, 0
0.28484001862569014, 1.9383593540181976, 0.7011561794382756, 0.1840776261239434, 0,7, 0
0.2273664604536686, 2.016125115438397, 0.7998465691405409, 0.26904385499468636, 0,7, 0
0.267544734916517, 2.0095170518737873, 0.7853392776026795, 0.22546641874566145, 0,6, 0
0.24885252444621833, 2.020726378018101, 0.7418035331125123, 0.20982114832297094, 0,9, 0
0.28610390474289893, 1.9457595817884, 0.7051850610248198, 0.19513054318387824, 0,5, 0
0.323421805361538, 1.8410711559335493, 0.6832842781016113, 0.1717016945415947, 0,8, 0
0.263087873345307, 1.9399958332522396, 0.7166698731712987, 0.2216739040443301, 0,4, 0
0.341249251646378, 1.811872712364297, 0.6608297174725366, 0.1579940046912614, 0,13, 0
0.3264152198496641, 1.8373476602313032, 0.6541498823248407, 0.1669367385022981, 0,9, 0
0.28889775826515, 1.8922263441713543, 0.7019098839672079, 0.1946173792080067, 0,11, 0
0.35528503957959157, 1.788700080350877, 0.6504144702183667, 0.15491813388171746, 0,2, 0
0.2789862302933546, 1.8807299798345214, 0.7198171835432637, 0.2171155098561597, 0,5, 0
0.2935541808022351, 1.873811837858936, 0.6930127343164837, 0.1934301944727657, 0,6, 0
0.3121798709505754, 1.9025310137659968, 0.6777010121077304, 0.1769093188979131, 0,7, 0
0.2592296946717222, 1.970046262259589, 0.7345742380313114, 0.21852868250448357, 0,5, 0
0.3179671389609526, 1.8044250594921742, 0.6938054299643839, 0.17736733000605695, 0,8, 0
0.34524047096387944, 1.7548530331345, 0.68449563829712, 0.17154034532533724, 0,3, 0
0.2954167498170691, 1.9049553571168927, 0.6903196594381291, 0.19304914728712966, 0,6, 0
0.34477482871017096, 1.7714516545161987, 0.6310722591079179, 0.16139974870172438, 0,7, 0
0.3458391538615047, 1.7879110866342167, 0.6390525438543591, 0.16013369805276187, 0,6, 0
0.346637397725005, 1.7584681659966641, 0.6621875614851946, 0.16699062109993515, 0,8, 0
0.32368788664937137, 1.81586009975299, 0.6924175687239135, 0.17571019326570628, 0,5, 0
0.2785871083616045, 1.8714061051850974, 0.7187453020059155, 0.24012627862198055, 0,8, 0
0.36153794984367726, 1.7491711489749686, 0.6623590108754495, 0.1647179027108726, 0,5, 0
0.29661411561231954, 1.8708973464011542, 0.7088817769558662, 0.21585229130444974, 0,6, 0
0.31191378966274197, 1.8590979794736537, 0.6719971238993344, 0.18466578454712507, 0,8, 0
0.34158185325616974, 1.7953468694155907, 0.6356715121706491, 0.17372649479240507, 0,6, 0
0.36586177077097054, 1.736074264777648, 0.6280556322074737, 0.156062307019815, 0,9, 0
0.3566154460187587, 1.741467987633446, 0.6496899147739402, 0.16182337148970402, 0,6, 0
0.33100512206479077, 1.812155204325833, 0.6529768276650192, 0.17690784693256031, 0,8, 0
0.34703651965675514, 1.7412903778711448, 0.6788368377451274, 0.1745777313467677, 0,12, 0
0.28623694538681566, 1.9598371411606135, 0.7026532001770961, 0.21789621284125077, 0,7, 0
0.27991751480077165, 1.8846606862471267, 0.7109098848204678, 0.23675036141298839, 0,4, 0
0.3507616576864232, 1.7339032661579392, 0.6308536480006512, 0.17047028360825256, 0,11, 0
0.38003059934810085, 1.6901498051775452, 0.6167914894171109, 0.15007700395538226, 0,9, 0
0.3126455132042839, 1.818529583917663, 0.6811863096471551, 0.1855369914389332, 0,11, 0
0.28404177476218984, 1.9546856172291143, 0.7065144247066457, 0.20781035845571771, 0,8, 0
0.29654759529036123, 1.8638822722421517, 0.7044745082747241, 0.21574698493330507, 0,9, 0
0.29169161178740105, 1.8792882997388731, 0.701722165010002, 0.20038967125336654, 0,4, 0
0.30300006652032196, 1.8370491476589625, 0.6873750461520384, 0.19592251788397552, 0,6, 0
0.3219583582784541, 1.8125505183324013, 0.6739463937050144, 0.1807004526038862, 0,8, 0
0.30792257034524045, 1.8607795052778013, 0.7371689079927632, 0.20046411730461908, 0,7, 0
0.3437105035588372, 1.7334690320173012, 0.639052629254644, 0.1726787402774702, 0,6, 0
0.35721412891638393, 1.7302252647287235, 0.6582501919366816, 0.1686797901140848, 0,7, 0
0.3424466174416284, 1.7614567868804563, 0.698449763706776, 0.18808310411374332, 0,9, 0
0.28962948180669196, 1.9104193760385566, 0.6895658263488716, 0.20169242454328531, 0,6, 0
0.3027339852324885, 1.8260084540504329, 0.697459151216367, 0.2105306290323349, 0,8, 0
0.4064391671655691, 1.6365333036741065, 0.6213107048857507, 0.14575393291863345, 0,10, 0
0.3862169892902282, 1.6537064264961434, 0.64416058257633, 0.1624607497011424, 0,7, 0
0.3190314641122863, 1.7962594233883964, 0.6848899614907806, 0.20895738457081278, 0,9, 0
0.38894432249052086, 1.6822710345543637, 0.6023201602024021, 0.14809547238646475, 0,9, 0
0.28763387214794117, 1.9385115467569496, 0.6921286582116418, 0.21353688455152553, 0,10, 0
0.3866161112219783, 1.6652617862479444, 0.6171898816037029, 0.1564646810971011, 0,9, 0
0.3793653961285173, 1.6736581669368882, 0.6051887292169426, 0.15690011155287398, 0,9, 0
0.32854387015233155, 1.7946197120505623, 0.6556607547229221, 0.18091563723686088, 0,8, 0
0.38102840417747624, 1.6627065728288493, 0.6198638591859563, 0.15961984412811825, 0,7, 0
0.09991352358145414, 2.3047880472984965, 0.9273376082964652, 0.5211481512486611, 0,0, 0
0.09971396261557906, 2.3592230817685302, 0.8932438485359018, 0.4926147385047798, 0,1, 0
0.10443690547462249, 2.4247141449004044, 0.9226582477965393, 0.49268854191896266, 0,6, 0
0.0996474422936207, 2.404845702491945, 0.8933069880903283, 0.5176883820272273, 0,4, 0
0.09991352358145414, 2.479895654508456, 0.9273376082964652, 0.5175782678063401, 0,6, 0
0.13543537550721746, 2.3739762508027815, 0.859889415405408, 0.34924258874419195, 0,8, 0
0.14261957027872016, 2.3251217012989667, 0.8467464729908545, 0.3050592319002875, 0,8, 0
0.11441495376837624, 2.3812520377358255, 0.8983187200882307, 0.42132179031837175, 0,3, 0
0.16922769906206345, 2.394862403272036, 0.8229103976727471, 0.27532574113863556, 0,6, 0
0.17128982904277257, 2.3588581796591055, 0.8491101041950128, 0.2885239420621499, 0,9, 0
0.18466041375640257, 2.244824933813835, 0.8052630074986342, 0.24967295857492797, 0,7, 0
0.13916051353688552, 2.3029274001756224, 0.8584148334571249, 0.3618543444814159, 0,7, 0
0.20847468901749486, 2.2426264473899176, 0.7776422824290361, 0.23594669639537297, 0,12, 0
0.17654493447748287, 2.1511826958079334, 0.8293402528720485, 0.2990750419093252, 0,10, 0
0.19829707975786603, 2.1720918238952014, 0.8469397972676509, 0.2792164578194273, 0,5, 0
0.21838621698929023, 2.164826776693818, 0.7621705016512776, 0.2125000009977709, 0,8, 0
0.19297545400119737, 2.1744687442158477, 0.7909848542660193, 0.2516956675139479, 0,10, 0
0.19909532362136634, 2.1068846699498907, 0.791851511874986, 0.2340400895688309, 0,6, 0
0.19284241335728064, 2.2376386757533897, 0.8034496222210311, 0.2802783328236952, 0,7, 0
0.214261957027872, 2.1460879941801188, 0.78415216840637, 0.2259362421331168, 0,7, 0
0.1975653562163241, 2.090977336676354, 0.8187035807342303, 0.3029913004918957, 0,11, 0
0.25723408501297146, 2.059987278225845, 0.7572853870563336, 0.19631541901145616, 0,7, 0
0.15732056143151732, 2.258685548346905, 0.8280833903308248, 0.35727486325246344, 0,8, 0
0.19410629947448946, 2.0872714964800916, 0.8247965927331121, 0.30459646391041933, 0,8, 0
0.2593627353156389, 2.1137747979327477, 0.731158921028431, 0.18049242026326504, 0,9, 0
0.20687820129049425, 2.102191224039049, 0.7926791882986864, 0.27134328046973333, 0,9, 0
0.22330872081420874, 2.087362042604501, 0.7733576842677814, 0.24792308009513786, 0,9, 0
0.24705647575334264, 2.123773539688014, 0.7361274997743753, 0.19410804263464226, 0,7, 0
0.20847468901749486, 2.1131708352443486, 0.8029240620459147, 0.23042506409877914, 0,4, 0
0.25929621499368055, 2.0642448499088064, 0.728784741207796, 0.19503993841424255, 0,9, 0
0.23781015100113084, 2.0917818859246315, 0.7486981185587812, 0.22153377873451163, 0,5, 0
0.20494911195370186, 2.323047264987168, 0.7903531992667995, 0.24607746757129664, 0,8, 0
0.2611587840085146, 2.034766738364648, 0.7388548466673196, 0.1806965545652304, 0,10, 0
0.24087008581121533, 2.093916720630467, 0.7497127218812362, 0.20287199795229527, 0,8, 0
0.2406040045233819, 2.114958798061435, 0.7897330334481724, 0.21015811393494263, 0,8, 0
0.2374110290693807, 2.191708810999667, 0.7497146263790709, 0.1997433332671636, 0,3, 0
0.24279917514800772, 2.2066075812197807, 0.7452209700072118, 0.20735467330946913, 0,8, 0
0.22776558238541875, 2.127791745175956, 0.7649092162240515, 0.23946506121915587, 0,5, 0
0.25404110955897025, 2.0172188254892887, 0.7366088738602862, 0.19366372485479988, 0,6, 0
0.2875008315040245, 1.9208688671809506, 0.742051539562182, 0.19670306466306176, 0,9, 0
0.28909731923102505, 1.9624133495040135, 0.7024824994833869, 0.17536808353911768, 0,7, 0
0.23062595622962814, 2.0475267145493024, 0.7755354122718495, 0.24817783865011858, 0,6, 0
0.3047295948912393, 1.907241030358859, 0.6957695067191579, 0.16963633608324713, 0,11, 0
0.29648107496840287, 1.9061693572787113, 0.7434229344489042, 0.18658806898068067, 0,11, 0
0.276458458058937, 2.034956375607186, 0.7090610295887051, 0.19599471082973385, 0,10, 0
0.28071575866427195, 1.909923300485066, 0.7526279444266515, 0.1945065042100587, 0,4, 0
0.272001596487727, 1.9627075572118688, 0.7303514904289216, 0.21126675855749702, 0,5, 0
0.2802501164105634, 1.9347288975544035, 0.711248744009483, 0.18434774781981975, 0,4, 0
0.25337590633938667, 2.0154407450533163, 0.772583750534467, 0.21666667186012734, 0,6, 0
0.3400518858511275, 1.8066433337620853, 0.7007817643987748, 0.16340595452718773, 0,13, 0
0.29229029468502626, 1.8979168806549938, 0.699156738478054, 0.18545577392481977, 0,7, 0
0.19663407170890707, 2.181535005396984, 0.8029956918877865, 0.30765344365376973, 0,11, 0
0.28676910796248256, 1.9229513535296252, 0.7457392521847737, 0.20037257894157867, 0,7, 0
0.27572673451739504, 1.9212165242666288, 0.7125415528935997, 0.21593812137121748, 0,6, 0
0.3242200492250383, 1.8137590143008597, 0.6749716787262888, 0.1658655877951948, 0,8, 0
0.27067119004855983, 1.934776182779888, 0.7419813989666804, 0.21162462010660035, 0,8, 0
0.32122663473691215, 1.8410823268463121, 0.6800877693524454, 0.16981798605131995, 0,9, 0
0.30765648905740706, 1.903846595523315, 0.6697345682127451, 0.18473733073342516, 0,10, 0
0.25138029668063594, 2.0891580113705337, 0.7386062990599084, 0.2237353388020999, 0,5, 0
0.32575001663008046, 1.842674613113945, 0.6573186064762675, 0.1754693992176869, 0,9, 0
0.33566154460187586, 1.7951054924033816, 0.6488140708108285, 0.16685529399228965, 0,9, 0
0.2992749284906539, 1.9051675397082732, 0.6880122794828059, 0.194571706278348, 0,5, 0
0.3598749417947183, 1.75187115352493, 0.652815891225041, 0.16187285961622833, 0,10, 0
0.2584314508082219, 1.9675810807583727, 0.7299685988168828, 0.23808797374488144, 0,5, 0
0.2667464910530167, 2.055110341035732, 0.7302655859658091, 0.21783608305617297, 0,8, 0
0.2737311248586443, 1.9252796301479818, 0.7172017649500135, 0.21257950825615538, 0,4, 0
0.30426395263753075, 1.8948322400150364, 0.6827765826509105, 0.1772604936582771, 0,9, 0
0.31397591964345106, 1.8589540238486058, 0.6782735901133254, 0.18174470009136556, 0,7, 0
0.37810151001130843, 1.6978914840591095, 0.6236516831611404, 0.15607568465725763, 0,12, 0
0.3149072041508681, 1.8158464913024703, 0.6804875973526322, 0.1920526445726881, 0,8, 0
0.3558172021552584, 1.740785237403954, 0.652627262395404, 0.16701352549488463, 0,11, 0
0.3326016097917914, 1.7960417431239666, 0.670606329307456, 0.1746523615935523, 0,4, 0
0.3463047961152132, 1.7372155844320725, 0.6536548428066947, 0.17385325537879612, 0,9, 0
0.3402514468170026, 1.8354346026705306, 0.6492558586030932, 0.1673823962231441, 0,11, 0
0.37078427459588903, 1.7065385556531065, 0.6453402115562019, 0.15802801783065318, 0,13, 0
0.2806492383423136, 1.8857450160284461, 0.7100801806697086, 0.22053434087375187, 0,10, 0
0.3477017228763387, 1.7539187126203124, 0.6386319050565812, 0.16880127622784652, 0,6, 0
0.360939266946052, 1.720129747273544, 0.627117013508757, 0.16003415549975386, 0,6, 0
0.35328942992084084, 1.7337472731423365, 0.6328934243597807, 0.16070256674070457, 0,6, 0
0.3747089735914322, 1.7017856118034034, 0.6373521778055491, 0.1572192752072607, 0,8, 0
0.31803365928291094, 1.8238682332196208, 0.6798027510504591, 0.19293656283155497, 0,8, 0
0.32900951240604004, 1.8718776100768084, 0.6450751677593566, 0.1780740356024665, 0,12, 0
0.3681234617175547, 1.6933421533058435, 0.6587450319626196, 0.16740196865351556, 0,7, 0
0.3349963413822923, 1.7725721942619563, 0.6641089661894157, 0.17632382537995736, 0,8, 0
0.3759063393866826, 1.6930078217419118, 0.5993933494015926, 0.1551070406705529, 0,6, 0
0.3375906339386683, 1.7623689989998281, 0.654199729454734, 0.1755487330604301, 0,2, 0
0.3807623228896428, 1.70346043288791, 0.6455825426069324, 0.155895109388798, 0,6, 0
0.37191512006918115, 1.7009347118573583, 0.6511284372122558, 0.1650079845053835, 0,5, 0
0.33266813011374974, 1.7942651328129864, 0.6515833905604298, 0.1737514833645387, 0,2, 0
0.3509612186522983, 1.7646743043199522, 0.6488885853624837, 0.16666383434753718, 0,7, 0
0.34763520255438035, 1.761453671228352, 0.6831092790838165, 0.17939587453277261, 0,7, 0
0.38688219250981176, 1.684489896574127, 0.6202142391867728, 0.15476333758620436, 0,6, 0
0.35801237277988424, 1.7404747587075247, 0.6622158349869595, 0.17624883802427946, 0,8, 0
0.39246989955431383, 1.63768471479178, 0.6101136528665534, 0.15709883756121396, 0,11, 0
0.39220381826648043, 1.654416509101009, 0.6170327724080437, 0.15860349686961836, 0,6, 0
0.33073904077695737, 1.8040595852616208, 0.651893737020809, 0.17722670090671652, 0,5, 0
0.34969733253508944, 1.7655170267955957, 0.6537574143843127, 0.17755098171159503, 0,6, 0
0.3773697864697665, 1.7019412741486297, 0.6185187512324684, 0.15744389775236653, 0,7, 0
0.32575001663008046, 1.8516094135285923, 0.6614142438653782, 0.18994854843722853, 0,4, 0
0.33439765848466707, 1.8097989666444498, 0.6447740734705046, 0.1795311068852047, 0,11, 0
0.37763586775759994, 1.6941540519519376, 0.6233565038587969, 0.15910740127270395, 0,7, 0
