acuracia,loss,frr,fpr, removed, n_clf, tp_removed
0.09825051553249518, 2.3036959164792696, 0.8944041643372586, 0.3510638335706202, 0,0, 0
0.09878267810816205, 2.3305108885259784, 0.9000015148416551, 0.5177168515347518, 0,2, 0
0.09904875939599547, 2.3666184814614004, 0.8938837418790088, 0.5092195881961945, 0,5, 0
0.10031264551320429, 2.4059549041797657, 0.8926914171242913, 0.5114938141611323, 0,5, 0
0.17867358478015033, 2.4182060300284878, 0.8194470359610877, 0.28133152895939345, 0,6, 0
0.10723075899687355, 2.3538468025452772, 0.8836911205341537, 0.4445665832818324, 0,9, 0
0.14494778154726268, 2.410928336555655, 0.8648774401851295, 0.2887769072992179, 0,5, 0
0.13783010709771834, 2.373024004753705, 0.8354733733624089, 0.3799655609360317, 0,9, 0
0.15465974855318299, 2.4365858286272255, 0.8338047033741519, 0.30455027770065285, 0,6, 0
0.15871748819264286, 2.420399632217926, 0.8507702772600284, 0.3065137098533307, 0,9, 0
0.1755471296481075, 2.2988827792278492, 0.8256622983067227, 0.296286855131298, 0,6, 0
0.19417281979644782, 2.2274232385940897, 0.802901244880071, 0.2212697214808621, 0,6, 0
0.15911661012439302, 2.2242950277636804, 0.8349250664290657, 0.3248840573016031, 0,2, 0
0.19969400651899155, 2.2512281797035785, 0.7943208167978209, 0.25025479983418414, 0,11, 0
0.17960486928756736, 2.175473377165074, 0.8216051605906783, 0.2669448784863, 0,12, 0
0.17834098317035854, 2.186385926622708, 0.8070711073064678, 0.29856598886534874, 0,13, 0
0.17501496707244063, 2.187582870697155, 0.822249948208187, 0.32127612714283776, 0,5, 0
0.24412958158717488, 2.053371452011685, 0.782526924122358, 0.20393417271412967, 0,7, 0
0.18998203951307124, 2.148012172320975, 0.8393876467101726, 0.2664646915698335, 0,10, 0
0.23062595622962814, 2.216249100257796, 0.7750481723968784, 0.20905885891690967, 0,8, 0
0.24273265482604936, 2.080215210980588, 0.74377322494742, 0.1892948280894107, 0,9, 0
0.20521519324153528, 2.095630162007904, 0.8050108479228257, 0.23970601713082737, 0,5, 0
0.1989622829774496, 2.1711467331591177, 0.7965818709473348, 0.24871059957961159, 0,9, 0
0.20860772966141156, 2.1108373729941423, 0.7933892201403993, 0.2478183281470206, 0,4, 0
0.21772101376970665, 2.2129053474899965, 0.7710363567178327, 0.23393170698459184, 0,4, 0
0.21945054214062396, 2.07334929638452, 0.7676802037904986, 0.2158934615653148, 0,6, 0
0.24120268742100712, 2.168338296474164, 0.752879713516258, 0.20606915866800565, 0,8, 0
0.22231091598483338, 1.999662721156281, 0.786505941289814, 0.2444779608591418, 0,12, 0
0.21838621698929023, 2.075917077664803, 0.8169869017279184, 0.2420200376144901, 0,9, 0
0.25277722344176146, 1.9736399111106693, 0.7444336380660732, 0.1946373710575092, 0,10, 0
0.179538348965609, 2.3631467533977513, 0.8029828327350012, 0.31641130316801463, 0,8, 0
0.23701190713763054, 2.0489206946947647, 0.7393086302785767, 0.2191992190034145, 0,8, 0
0.22477216789729262, 2.1629199685311673, 0.7642594677342944, 0.23819028830898245, 0,7, 0
0.2396061996940065, 2.067087520440007, 0.7558179067482022, 0.21322373712875656, 0,13, 0
0.23481673651300472, 2.071380223103771, 0.7957592105561713, 0.2424477039654804, 0,10, 0
0.2827113683230227, 1.949393904856212, 0.7336490125241591, 0.18817197215523557, 0,7, 0
0.26248919044768176, 1.9595986175131102, 0.7536555964104984, 0.20412102723535339, 0,5, 0
0.2946850262755272, 1.9037852320201318, 0.730306691271229, 0.18446193735109925, 0,5, 0
0.29408634337790196, 1.9281220133057344, 0.6872530224195065, 0.17331923247484382, 0,8, 0
0.28051619769839686, 1.997163933582556, 0.6929601146368496, 0.1904430137878223, 0,8, 0
0.28770039246989954, 1.937457841773126, 0.6997025640590719, 0.1873325103112541, 0,10, 0
0.3037317900618639, 1.895424796924662, 0.6820432301325259, 0.17383131218272502, 0,4, 0
0.27951839286902147, 1.8974732231183464, 0.736951029894917, 0.20449855359795893, 0,10, 0
0.26920774296547595, 2.0366872419443767, 0.7114215404780672, 0.18623593225623533, 0,8, 0
0.29874276591498705, 1.8553074367474727, 0.7284205711980696, 0.19037950117025912, 0,10, 0
0.2766580190248121, 1.8871976648953148, 0.7494784786320712, 0.2045199866950795, 0,10, 0
0.2674782145945586, 2.0303453227237083, 0.7100389870944005, 0.21549207758736288, 0,11, 0
0.328078227898623, 1.8017160738290827, 0.6669077130720091, 0.16864208375084896, 0,4, 0
0.2833100512206479, 1.9973886980392226, 0.7132907006176381, 0.21126946790363152, 0,9, 0
0.3203618705514535, 1.857618359608112, 0.7028410308651736, 0.174823720667853, 0,7, 0
0.32754606532295616, 1.819023199898353, 0.6639857801566355, 0.1659470925719663, 0,12, 0
0.287966473757733, 1.9050022109669935, 0.7458975804882333, 0.19401710898906824, 0,8, 0
0.2756602141954367, 1.8991547995029805, 0.7596431479146472, 0.220900066473976, 0,4, 0
0.3095855783941994, 1.867491718915173, 0.7192911030971288, 0.19324719179877628, 0,9, 0
0.31816669992682767, 1.8030772361420415, 0.6670924998378299, 0.18658675306912342, 0,7, 0
0.3494977715692144, 1.7948021466468913, 0.629149377737709, 0.15622069787819653, 0,10, 0
0.2636865562429322, 2.002097175537307, 0.7358272125879547, 0.22824417376823652, 0,6, 0
0.25517195503226237, 2.024129199623261, 0.7323929574059979, 0.2524639916108366, 0,8, 0
0.28497305926960687, 1.950768831603614, 0.701513552692565, 0.19828241033404875, 0,7, 0
0.28484001862569014, 1.881164936004963, 0.7007493741232027, 0.22281490415989322, 0,6, 0
0.34171489390008647, 1.81263886201503, 0.659175604163144, 0.16357360194214593, 0,10, 0
0.2895629614847336, 1.8207183966798108, 0.6965067766950409, 0.20780710672388103, 0,5, 0
0.345706113217588, 1.7760842942092452, 0.6442854454674517, 0.16243957733139605, 0,12, 0
0.34011840617308586, 1.7585358075465, 0.6580521324300487, 0.17243447068583445, 0,6, 0
0.3298742765914987, 1.7964726586541848, 0.6530453076086669, 0.18328741151271916, 0,5, 0
0.3270139027472893, 1.7972367024386802, 0.6559326285579921, 0.18572786816676323, 0,5, 0
0.3174349763852857, 1.793969604051225, 0.6714535105017194, 0.18484980757654695, 0,6, 0
0.30812213131111554, 1.8670195272160268, 0.6896774280713626, 0.18842202975296665, 0,5, 0
0.3367258697532096, 1.774218421496056, 0.678846376788774, 0.18855170767481932, 0,7, 0
0.33998536552916914, 1.7799613087792474, 0.6514391527295057, 0.17826830175827904, 0,9, 0
0.3586775759994678, 1.7577946695835458, 0.6797127328924931, 0.1711430718594849, 0,10, 0
0.29841016430519524, 1.8991431177062903, 0.7122711058555891, 0.19470997283038746, 0,12, 0
0.3818266480409765, 1.6827548229907678, 0.6300933037375483, 0.15544246668013456, 0,6, 0
0.34158185325616974, 1.7612823059298295, 0.6744466134403564, 0.17966489155554113, 0,8, 0
0.346637397725005, 1.724085937865534, 0.6467039915527931, 0.17274191228952077, 0,5, 0
0.3166367325217854, 1.7958079136524945, 0.6538869740706801, 0.1882138182915882, 0,8, 0
0.33240204882591634, 1.8464371854060109, 0.6514044739287326, 0.17438173016131098, 0,9, 0
0.34191445486596156, 1.7619071710825776, 0.6442390212883883, 0.18532346980654807, 0,7, 0
0.35575068183330005, 1.7480995489881241, 0.6494315587899803, 0.17103859228517723, 0,4, 0
0.3453069912858378, 1.7624630243139243, 0.6408731821770014, 0.17567037541343639, 0,4, 0
0.31736845606332736, 1.797705154431078, 0.7072224260178459, 0.19500651919008327, 0,7, 0
0.3799640790261425, 1.6783089498508352, 0.6514835510808088, 0.16181540876965894, 0,11, 0
0.3681899820395131, 1.6904605050719141, 0.6368629901885736, 0.16866962396623134, 0,7, 0
0.360007982438635, 1.7203209687078624, 0.6275022185800252, 0.16898170672490503, 0,8, 0
0.366327413024679, 1.7033034536777154, 0.6218863417085686, 0.16231375893283967, 0,4, 0
0.3764385019623495, 1.6863751080149085, 0.6079360793983111, 0.15658357235231274, 0,3, 0
0.3343311381627087, 1.8639064169624708, 0.6499348055048035, 0.17427420049214967, 0,11, 0
0.3574802102042174, 1.7658660017682004, 0.6309211564857807, 0.17038850754551038, 0,8, 0
0.3772367458258498, 1.6590614273251074, 0.6233082687254914, 0.16250849877123336, 0,8, 0
0.3580788931018426, 1.7139426145948178, 0.6717982562370456, 0.180401335780929, 0,11, 0
0.3485664870617974, 1.7177180506203265, 0.6309129637097893, 0.17683254597943393, 0,5, 0
0.3714494778154726, 1.7294790447828798, 0.6055142281491719, 0.1599149357471606, 0,8, 0
0.3683895430053881, 1.7046981454093815, 0.6190424543514635, 0.16279564393740797, 0,9, 0
0.3936672653495643, 1.6391240773281557, 0.6008360318952398, 0.15822920746492763, 0,7, 0
0.38774695669527043, 1.6725419469141543, 0.6185182492451125, 0.15750997301463132, 0,7, 0
0.4271269872946185, 1.5782652666811727, 0.5800142497520242, 0.14067353917621472, 0,7, 0
0.4051087607264019, 1.6107186239089095, 0.5906880927952368, 0.15007088816925623, 0,4, 0
0.3780349896893501, 1.659244316396445, 0.6043842092808532, 0.1582200385476064, 0,11, 0
0.41222643517594626, 1.5956363742765312, 0.5982207457902293, 0.14792752027547412, 0,8, 0
0.38734783476352025, 1.6515484875661444, 0.6300807323742501, 0.16198083533213062, 0,5, 0
0.37597285970864097, 1.6767151839741212, 0.6171850632825155, 0.16241075323293816, 0,3, 0
0.10077828776691279, 2.3037361388180155, 0.8944213325400786, 0.29326970296135924, 0,0, 0
0.11927093727133639, 2.316367768102608, 0.8709851869594657, 0.33807488737768787, 0,1, 0
0.10057872680103772, 2.4185003652660177, 0.8808592837018171, 0.4320487881927879, 0,1, 0
0.10024612519124593, 2.3782600885394536, 0.88033626681359, 0.499330923296019, 0,4, 0
0.10769640125058205, 2.4264136096527658, 0.8759661183390226, 0.42658677558513824, 0,9, 0
0.10217521452803832, 2.350663287248042, 0.9393916844091345, 0.49310341082898546, 0,5, 0
0.09958092197166234, 2.452686707955876, 0.8808734996786926, 0.46410349341161866, 0,5, 0
0.12845074170158985, 2.606370254630442, 0.8845146099171579, 0.3731156138851626, 0,9, 0
0.11594492117341848, 2.4398574092340097, 0.8758740416641163, 0.3729445002286297, 0,7, 0
0.12093394532029535, 2.339541291386466, 0.8770479190264805, 0.453901965845859, 0,5, 0
0.15026940730393135, 2.3414333808059693, 0.8574611168960924, 0.3101675999805472, 0,5, 0
0.1157453602075434, 2.3075424765490617, 0.8961419118585896, 0.4071426139197539, 0,7, 0
0.1843278121466108, 2.344144638637928, 0.8123975787286756, 0.23571290440903125, 0,6, 0
0.1808022350828178, 2.434259666326334, 0.8311390949558249, 0.2476042249394807, 0,6, 0
0.1576531630413091, 2.4074467569579703, 0.8233551751800647, 0.31628367008587643, 0,8, 0
0.20814208740770304, 2.2403011524549608, 0.7679662909178627, 0.1994666330493793, 0,8, 0
0.16576864232022884, 2.266307577491798, 0.8783015701160504, 0.32445789675757586, 0,4, 0
0.17128982904277257, 2.203732321590338, 0.8282933490090646, 0.3024657350059986, 0,8, 0
0.21725537151599814, 2.1589962442597015, 0.7985786474796868, 0.19988959227998035, 0,9, 0
0.18998203951307124, 2.1833337999061064, 0.795141255575748, 0.26202046597107076, 0,9, 0
0.21140158318366262, 2.217308981090473, 0.7825405971250292, 0.21406866902524432, 0,8, 0
0.1702920242133972, 2.346401098558291, 0.8129065159966555, 0.2934492565253841, 0,8, 0
0.2045499900219517, 2.274553320677958, 0.7870634885414123, 0.23612270978994837, 0,12, 0
0.1503359276258897, 2.2610754130653126, 0.8459026950655499, 0.34590115600492466, 0,6, 0
0.25929621499368055, 2.087888697588871, 0.7644527657981777, 0.18320064577698147, 0,10, 0
0.22151267212133308, 2.1118356219897336, 0.8130168360610504, 0.23630999688786994, 0,5, 0
0.213330672520455, 2.0930485597415207, 0.7921172334360554, 0.23750075859862918, 0,8, 0
0.2622896294818067, 1.983655319661586, 0.7282623893134053, 0.20028096818137403, 0,10, 0
0.22809818399521054, 2.082932702606725, 0.7615582780955205, 0.22185557110931386, 0,4, 0
0.2459921506020089, 2.021607048801103, 0.7926798059789963, 0.2310442722387366, 0,6, 0
0.23368589103971263, 2.0681818196463153, 0.7563428274548945, 0.20192276648792049, 0,5, 0
0.2169892902281647, 2.0870425376572994, 0.7776650823863024, 0.24348616411069315, 0,7, 0
0.25071509346105236, 2.011016039991699, 0.737827387696416, 0.20424747419012745, 0,9, 0
0.23401849264950442, 2.10417093338862, 0.7615681146150655, 0.21776836233646046, 0,10, 0
0.26940730393135104, 2.059384085667678, 0.7285045095754374, 0.1879227545124073, 0,8, 0
0.2622896294818067, 2.0023373104510473, 0.7433847534094643, 0.201790918872835, 0,5, 0
0.2431317767577995, 1.948304375191137, 0.7614401668147233, 0.2341123946462591, 0,7, 0
0.30080489589569614, 1.9265370274790665, 0.6862002844593666, 0.1583997681117025, 0,9, 0
0.3028005055544469, 1.890237505997535, 0.6901378727218089, 0.17333373178807715, 0,6, 0
0.24319829707975787, 1.9930060438423713, 0.7791179099489801, 0.21126968601951154, 0,7, 0
0.2912924898556509, 1.9869994633189696, 0.6967786289537861, 0.17336121075337632, 0,9, 0
0.2590966540278055, 1.9335326666461805, 0.7411165845568587, 0.20654274834070022, 0,7, 0
0.2453934677043837, 2.0631543545140754, 0.7510578128186303, 0.20277774756224815, 0,8, 0
0.28211268542539747, 1.9754431914927946, 0.7290276734542113, 0.18765774170822566, 0,6, 0
0.2841082950841482, 1.9562405753990517, 0.754081450030017, 0.1991131148562684, 0,4, 0
0.25643584114947116, 1.9268551029060237, 0.7380773870429862, 0.23470973910094212, 0,6, 0
0.28770039246989954, 1.9436073102280502, 0.6885612353528129, 0.1802495395664828, 0,6, 0
0.2837091731523981, 1.9208989281152558, 0.7258751443796992, 0.19614747303327584, 0,8, 0
0.19889576265549125, 2.12536119837045, 0.7939497652065584, 0.30571557796967463, 0,10, 0
0.24772167897292624, 1.972758869682966, 0.7480867669671359, 0.23123705699207556, 0,9, 0
0.2816470431716889, 1.9174539388348177, 0.7505371723881973, 0.2030281369052258, 0,13, 0
0.27206811680968535, 1.9679803387780774, 0.7080224575579104, 0.19663845654201714, 0,7, 0
0.3222244395662875, 1.8421341292176, 0.6949908537555118, 0.17536455795930428, 0,11, 0
0.3043969932814475, 1.8745484436564617, 0.6863074089453396, 0.1925293970190396, 0,8, 0
0.31337723674582585, 1.8300694372295057, 0.7147046863192323, 0.18838343324876564, 0,5, 0
0.30752344841349033, 1.8841825055202182, 0.6876267902078022, 0.17011503582803436, 0,7, 0
0.2904942459921506, 1.8766770950812015, 0.7142968145858627, 0.20006262459617863, 0,8, 0
0.26781081620435043, 1.8714185722897345, 0.7318884475148437, 0.23129452673095532, 0,9, 0
0.2920907337191512, 1.9109721451408965, 0.7331860296074821, 0.19265479183463438, 0,10, 0
0.2895629614847336, 1.8730642122438248, 0.7055558456533244, 0.20928190314062328, 0,9, 0
0.3169028138096188, 1.8348153609640463, 0.6745793405088909, 0.17534977735687873, 0,7, 0
0.32694738242533095, 1.8486390211169357, 0.6543040191973671, 0.16788298002262333, 0,12, 0
0.24100312645513206, 2.042944811735056, 0.7419617110940755, 0.2444342452097473, 0,6, 0
0.24166832967471563, 1.9783934281431081, 0.7419778199297191, 0.25815156561994373, 0,10, 0
0.3139093993214927, 1.8555938507366632, 0.6767175290067469, 0.18492142515949392, 0,6, 0
0.3339320162309586, 1.7848906449942359, 0.6678363393987691, 0.1766760693429245, 0,7, 0
0.264019157852724, 1.9512239537782745, 0.748964102275636, 0.2288794638921911, 0,8, 0
0.29375374176811014, 1.8990948221626487, 0.7038742435924763, 0.19731737608363756, 0,14, 0
0.38229229029468503, 1.7039037380264181, 0.6411703410816074, 0.14820540395149592, 0,6, 0
0.34031796713896095, 1.7614167400052874, 0.6848965064711555, 0.17799096550560012, 0,6, 0
0.3302068782012905, 1.8309594975302559, 0.6837098698155679, 0.1878915152425787, 0,11, 0
0.3131111554579924, 1.8319608715728302, 0.6869915689673143, 0.1924571223151828, 0,7, 0
0.3511607796181733, 1.7976070726844815, 0.6434654601734883, 0.16217876319406385, 0,10, 0
0.31603804962416016, 1.834430909250768, 0.6665312798206467, 0.18054570324439945, 0,9, 0
0.368921705581055, 1.764483019234788, 0.6486699908568622, 0.15933263043629337, 0,4, 0
0.3729129248985565, 1.6787987072287163, 0.6193014604012621, 0.15770711732259726, 0,9, 0
0.26209006851593164, 2.048974784046386, 0.7373906162444324, 0.22842519457045815, 0,10, 0
0.32009578926362003, 1.9005664809492544, 0.6570891969610426, 0.17512336995228314, 0,4, 0
0.3576132508481341, 1.7323874486727382, 0.6631529551691233, 0.1645845573896363, 0,11, 0
0.3228231224639127, 1.789226458171468, 0.6843069041500469, 0.18086589926486887, 0,6, 0
0.3419809751879199, 1.7571322404520722, 0.667633931732547, 0.17446619229555066, 0,7, 0
0.36666001463447084, 1.7368546378479297, 0.6424639791362533, 0.15875703376211456, 0,4, 0
0.3756402580988492, 1.6747556745883099, 0.6228781309084815, 0.1582040219232006, 0,6, 0
0.33300073172354155, 1.8143023733669894, 0.6618721693566819, 0.17692094095534786, 0,8, 0
0.29568283110490257, 1.8860636959669557, 0.7075646928662884, 0.21468994764344657, 0,6, 0
0.3242865695469966, 1.7954928310979414, 0.7150047600479387, 0.1910029505487929, 0,9, 0
0.2970132375440697, 1.8708261622843656, 0.7294034254396208, 0.21719936505456122, 0,8, 0
0.3855517860706446, 1.6805874601513027, 0.6197734474570535, 0.15219655710930877, 0,7, 0
0.29900884720282045, 1.8710991619455277, 0.7094049971239269, 0.20159055599301187, 0,6, 0
0.3489656089935475, 1.7433726542772967, 0.670071189969392, 0.1824748001133617, 0,6, 0
0.36606133173684563, 1.6849112101640165, 0.6360604285418547, 0.16593045689021818, 0,4, 0
0.35608328344309187, 1.7470704734400742, 0.6438311229529375, 0.16211866327147828, 0,8, 0
0.3616044701656356, 1.722632818556923, 0.642268822472895, 0.16710889934466444, 0,3, 0
0.38635002993414486, 1.6516572951116717, 0.6019916027119426, 0.15689516331963177, 0,5, 0
0.3975254440231491, 1.6366565827361317, 0.6032906349466852, 0.1522878852856621, 0,6, 0
0.37457593294751546, 1.6849878664118385, 0.6430220932010378, 0.16996159911375527, 0,8, 0
0.3783675912991419, 1.7006798006972335, 0.6126335452001254, 0.1597109806479218, 0,8, 0
0.3580788931018426, 1.717146891462964, 0.6269803128036342, 0.17376705001112483, 0,5, 0
0.35082817800838156, 1.7652866301807444, 0.6473167763489005, 0.1765491845237805, 0,5, 0
0.3720481607130979, 1.6968228316395089, 0.6404293343463882, 0.16499778357396985, 0,9, 0
0.32408700858112155, 1.8264872200203728, 0.7098903721861457, 0.19777151387989444, 0,11, 0
0.10077828776691279, 2.3037361388180155, 0.8944213325400786, 0.29326970296135924, 0,0, 0
0.10051220647907935, 2.3444378867260687, 0.8777699163158681, 0.5101320346776319, 0,4, 0
0.09878267810816205, 2.424458878043327, 0.9000015148416551, 0.5177168515347518, 0,3, 0
0.09971396261557906, 2.4470794474000916, 0.8932334586785635, 0.5162163368113198, 0,5, 0
0.09878267810816205, 2.4433162996633033, 0.9000015148416551, 0.5177168515347518, 0,5, 0
0.12120002660812879, 2.414177620275319, 0.865291168175697, 0.43445510990961894, 0,4, 0
0.10111088937670458, 2.9324532659485345, 0.9116167084157132, 0.5178531408745226, 0,7, 0
0.13816270870751016, 2.3260335116569433, 0.8580848176346398, 0.39309599667487194, 0,8, 0
0.13496973325350894, 2.422997183629411, 0.8487728055672961, 0.30181951473572566, 0,5, 0
0.10782944189449876, 2.356816134631717, 0.8844341130109796, 0.46138159600496687, 0,4, 0
0.15246457792855717, 2.2231648117373233, 0.8883453271386135, 0.3394193120003402, 0,7, 0
0.18339652763919378, 2.272372451088175, 0.8175833632932562, 0.28030296738353816, 0,3, 0
0.16363999201756135, 2.296189260187005, 0.8407729653301295, 0.2909199211144578, 0,4, 0
0.19297545400119737, 2.342486982168587, 0.7933300063482046, 0.21018246211163233, 0,6, 0
0.20940597352491186, 2.176103966469093, 0.8277120070289413, 0.22292915188945098, 0,7, 0
0.12871682298942327, 2.3409373927741264, 0.86356028169165, 0.36648493029540047, 0,8, 0
0.2221113550189583, 2.1332301461418286, 0.7764931412088536, 0.2007639472857587, 0,9, 0
0.17854054413623363, 2.1656356357429063, 0.8281896965917585, 0.2741269065824738, 0,9, 0
0.16896161777423002, 2.2649668337722617, 0.8216939172564868, 0.33291487645063567, 0,9, 0
0.21552584314508083, 2.124237509042784, 0.7716803891858649, 0.2217055432625754, 0,6, 0
0.2032861039047429, 2.1997286580418236, 0.7953458721744282, 0.23097482598422242, 0,6, 0
0.25337590633938667, 2.02376198456973, 0.7417756653144698, 0.18513127769026905, 0,5, 0
0.22996075301004457, 2.1185414640281617, 0.7564840593697891, 0.20275736064647432, 0,6, 0
0.1748819264285239, 2.194072956446679, 0.8466254603990866, 0.3315681682111923, 0,6, 0
0.20421738841215992, 2.1119630536950296, 0.7909826939742157, 0.24564387067331445, 0,9, 0
0.23641322424000533, 2.0361960396306413, 0.7595855392547034, 0.20173162977390013, 0,4, 0
0.2481208009046764, 2.053411181939066, 0.7625904770097962, 0.19946078147630772, 0,7, 0
0.2278321027073771, 2.152355862680424, 0.7803332122955473, 0.20784971177267547, 0,4, 0
0.17734317834098318, 2.24018753514012, 0.8308599131326941, 0.2905192702554365, 0,6, 0
0.1917780882059469, 2.4724832635269047, 0.7943150522308028, 0.2808509825235148, 0,12, 0
0.21592496507683098, 2.070824060664161, 0.7785438828148631, 0.24318313995946308, 0,6, 0
0.21911794053083217, 2.1040377752839436, 0.7747110922526761, 0.2630348046626781, 0,7, 0
0.1956362668795317, 2.08245034594264, 0.802979977723922, 0.283135953295656, 0,6, 0
0.28118140091798044, 1.989923727494121, 0.7342898668224673, 0.1939094714961068, 0,7, 0
0.25177941861238606, 2.0596155805802825, 0.7961214027225494, 0.22011405167931727, 0,8, 0
0.2539745892370119, 2.0057046398235987, 0.7447699754397923, 0.20415825669353704, 0,8, 0
0.2724672387414355, 1.9654230334631406, 0.7700321157334037, 0.20827665377853738, 0,6, 0
0.23508281780083815, 2.08572312036706, 0.7971471050580345, 0.2140593658727764, 0,2, 0
0.24146876870884054, 2.054906201459354, 0.7711957544466963, 0.22407158253347526, 0,9, 0
0.2364797445619637, 2.0948939485749123, 0.7412041559902578, 0.22341471307747424, 0,7, 0
0.2815805228497306, 1.9740305361431816, 0.7631457192164162, 0.1970836628032982, 0,9, 0
0.23395197232754605, 2.086903399156492, 0.7800730551873744, 0.24466353895260312, 0,11, 0
0.23129115944921175, 2.0921182314975133, 0.79641964695794, 0.25642290523658484, 0,11, 0
0.27146943391206013, 2.088698241098162, 0.711953501256284, 0.19525862908164787, 0,7, 0
0.2521120202221779, 2.0826600351900124, 0.7391074270287816, 0.2097561399185919, 0,9, 0
0.2455265083483004, 2.0941497763140684, 0.7473356766648095, 0.23059549846726216, 0,12, 0
0.27366460453668595, 1.955938278815945, 0.7166163728994299, 0.21228048176568476, 0,7, 0
0.2442626222310916, 2.036605401383041, 0.7424609967027435, 0.22549301655074008, 0,12, 0
0.2545067518126788, 1.9181725931391225, 0.7356322752119211, 0.23697127543737387, 0,9, 0
0.33240204882591634, 1.8261881598429965, 0.6939423981309243, 0.1651824511849763, 0,8, 0
0.25710104436905473, 1.955953480522052, 0.7386874059500037, 0.2429093683411953, 0,12, 0
0.3234883256834963, 1.8539777155258077, 0.6650835701963856, 0.16914327414343103, 0,8, 0
0.303931351027739, 1.8868395168093128, 0.7263401048252827, 0.19029923795965517, 0,8, 0
0.31883190314641124, 1.8704146295260553, 0.6912455573473788, 0.1877304254016558, 0,7, 0
0.25903013370584715, 2.028531895773874, 0.7832231597534155, 0.23741672768059555, 0,7, 0
0.2617574669061398, 2.0609400930863324, 0.7299706777639982, 0.21153925546615696, 0,6, 0
0.3341315771968336, 1.8149335828439954, 0.6588947216265213, 0.15834931078973952, 0,11, 0
0.23308720814208742, 2.115240615582122, 0.7654842624077799, 0.2350820376681759, 0,7, 0
0.29202421339719287, 1.926552527727802, 0.7121830091394638, 0.18669348013744952, 0,10, 0
0.30220182265682166, 1.8357301267576513, 0.7074963150128929, 0.20142957999183256, 0,10, 0
0.279052750615313, 1.9096453055954499, 0.7302889645339148, 0.20331458856747056, 0,10, 0
0.32002926894166167, 1.8129304610036656, 0.6955401618326388, 0.18643739948035332, 0,10, 0
0.25616975986163776, 1.926907928901257, 0.7446647804844058, 0.23191974862964568, 0,9, 0
0.25231158118805297, 2.0102049943466334, 0.7396226297922385, 0.22422575276575096, 0,6, 0
0.24113616709904875, 2.0206589405347763, 0.7543885848727804, 0.2595662790249855, 0,1, 0
0.28869819729927493, 1.8964251336925784, 0.6988516271008056, 0.20361347390431894, 0,8, 0
0.2863699860307324, 1.9111627104205777, 0.6997955725810145, 0.1898257540941983, 0,16, 0
0.30991818000399124, 1.8344711030123517, 0.6749658674535266, 0.18206516538038697, 0,7, 0
0.3288764717621233, 1.8179021929739827, 0.6960381771640691, 0.17610233436040434, 0,10, 0
0.34843344641788065, 1.744541669422413, 0.6662218146223263, 0.1695916715749551, 0,9, 0
0.3290760327279984, 1.7925895994761696, 0.6799161935918021, 0.18987834334556314, 0,8, 0
0.32189183795649573, 1.7925268152806364, 0.6829920276013679, 0.18326855368115502, 0,11, 0
0.356482405374842, 1.7236488271971262, 0.6449469706001687, 0.16123423385294353, 0,6, 0
0.3284773498303732, 1.8270738292246342, 0.6551145514787398, 0.17272173348551956, 0,6, 0
0.35022949511075635, 1.7489138131710074, 0.6430500500614272, 0.16771432848155254, 0,8, 0
0.31557240737045167, 1.8687625697219252, 0.6761563490139589, 0.18624222787890055, 0,12, 0
0.3580788931018426, 1.743082445042739, 0.653213128961727, 0.1618707420153009, 0,7, 0
0.27552717355152, 1.9326044152075283, 0.7235618223757945, 0.2141755504963067, 0,6, 0
0.36233619370717757, 1.696098891333383, 0.6373124771275591, 0.16983732765489254, 0,7, 0
0.33027339852324883, 1.8154583679383158, 0.6465483367917738, 0.17916931662861732, 0,8, 0
0.36566220980509545, 1.7094361253550117, 0.64057790058622, 0.1639292642480965, 0,9, 0
0.38608394864631146, 1.6931680649338563, 0.6064358267923682, 0.15203014069419132, 0,8, 0
0.3415153329342114, 1.8261681367622546, 0.6610696481620539, 0.17378040643167317, 0,9, 0
0.3428457393733786, 1.7797747692098829, 0.6420039513775881, 0.17647224772408798, 0,5, 0
0.3576132508481341, 1.7510720710471142, 0.6717429733808086, 0.17626595478693904, 0,6, 0
0.36426528304396993, 1.7479952250575779, 0.6384660781674696, 0.15892165267140487, 0,6, 0
0.3151067651167432, 1.8124880532514849, 0.6772758726114314, 0.1933435466918966, 0,11, 0
0.3486995277057141, 1.7295834798461733, 0.6596280601620612, 0.1824751560270988, 0,10, 0
0.3514268609060068, 1.7253899610241612, 0.6826060366372164, 0.18458295796764887, 0,8, 0
0.3692543071908468, 1.7136097924006577, 0.6488268358233781, 0.1605653710855994, 0,6, 0
0.3563493647309253, 1.7320227465043245, 0.6499271280541741, 0.15899917101011424, 0,8, 0
0.3643318033659283, 1.7391733386904658, 0.6641871971764732, 0.16218239121629055, 0,7, 0
0.33439765848466707, 1.7974367376030589, 0.6536086944677675, 0.17578095967092175, 0,7, 0
0.3736446484400984, 1.6914058596754173, 0.6338148956651678, 0.16180416452640106, 0,11, 0
0.32880995144016495, 1.813319884216342, 0.6576630928580417, 0.1924107288585258, 0,5, 0
0.3979910862768576, 1.650862313410023, 0.6029641774928196, 0.15353993323097545, 0,10, 0
0.3751080955231823, 1.7172533401050134, 0.6462002811459836, 0.1720221950079998, 0,7, 0
0.41874542672786536, 1.5977783023712362, 0.5907762143512921, 0.14371333097088865, 0,5, 0
0.3880795583050622, 1.6828935579538964, 0.6082279607563325, 0.15238663402184582, 0,5, 0
0.3700525510543471, 1.7079809633254814, 0.6205980289842257, 0.16911768154429038, 0,10, 0
0.35368855185259096, 1.7175963201173439, 0.645879873282925, 0.16966522515179427, 0,8, 0
0.10077828776691279, 2.3037361388180155, 0.8944213325400786, 0.29326970296135924, 0,0, 0
0.10111088937670458, 2.323253335848402, 0.9116167084157132, 0.5178531408745226, 0,4, 0
0.10270737710370519, 2.442166281493451, 0.8910545431223912, 0.47779059892465975, 0,2, 0
0.10051220647907935, 2.5460668364692762, 0.8983967351172653, 0.4975049088923369, 0,3, 0
0.1189383356615446, 2.5213833652649353, 0.8697155069928164, 0.3852004194518952, 0,3, 0
0.09998004390341249, 2.4569535486983467, 0.8931829643187994, 0.5135426678220885, 0,7, 0
0.11554579924166833, 2.3476634170372614, 0.8780830316198958, 0.3834738327931477, 0,12, 0
0.13117807490188252, 2.4533550163978415, 0.8655105169677507, 0.3653199394739145, 0,8, 0
0.1470099115279718, 2.4317514794415076, 0.873950809469953, 0.3059404851247822, 0,4, 0
0.18665602341515333, 2.2116653418291956, 0.8068570854401549, 0.24971012356957636, 0,4, 0
0.20109093328011707, 2.334332401735185, 0.7870055344002356, 0.21518201688896813, 0,7, 0
0.1454134238009712, 2.3346732759209265, 0.8466135906987554, 0.32129668773577175, 0,3, 0
0.14960420408434777, 2.5185505468704377, 0.8522914348130318, 0.3420339935691185, 0,8, 0
0.1996274861970332, 2.24946898227917, 0.7919671317386962, 0.21493661806517522, 0,6, 0
0.16989290228164705, 2.215790604899555, 0.8328839993841457, 0.28728564542810725, 0,3, 0
0.1643717155591033, 2.204025109949951, 0.83024425503359, 0.29656017577564514, 0,6, 0
0.17049158517927226, 2.238328664212267, 0.8195907653691918, 0.28979665831642015, 0,7, 0
0.17621233286769108, 2.3796085973687733, 0.8181763491554372, 0.2674584512813163, 0,7, 0
0.21532628217920574, 2.241550587976573, 0.7803430863763365, 0.20429286271316424, 0,8, 0
0.20069181134836692, 2.167822855053203, 0.7867733797483177, 0.2304706373914944, 0,4, 0
0.2077429654759529, 2.125563242573752, 0.8103151510039021, 0.21831689774252816, 0,5, 0
0.21592496507683098, 2.1001147672594453, 0.7740509870432146, 0.23152493112996808, 0,8, 0
0.20521519324153528, 2.098535807905246, 0.8145177654718408, 0.2570692239704956, 0,10, 0
0.21831969666733186, 2.1201501219150334, 0.7679493441000593, 0.22842513663523975, 0,8, 0
0.22011574536020753, 2.0870056137752844, 0.8106715557143687, 0.24286191971210372, 0,9, 0
0.17528104836027406, 2.2212341586915287, 0.8160667158975592, 0.34570124937617047, 0,8, 0
0.27146943391206013, 1.9946774993202592, 0.7557720088849669, 0.19239912899351963, 0,8, 0
0.15392802501164105, 2.3056557707933103, 0.8356302574163277, 0.3272913697874247, 0,6, 0
0.2279651433512938, 2.170107447394495, 0.7764244579501333, 0.21732189120219517, 0,2, 0
0.17415020288698196, 2.304120866773229, 0.8161596823633066, 0.34352006151260334, 0,8, 0
0.25583715825184594, 2.026596217897531, 0.729076406694243, 0.1998142912234261, 0,4, 0
0.22809818399521054, 2.1412880230289346, 0.7617867249005117, 0.22104389670639565, 0,6, 0
0.22570345240470963, 2.005565382636871, 0.7773887610161877, 0.22346239555128325, 0,5, 0
0.25597019889576267, 2.001857823536701, 0.7835409279453586, 0.21354898711484485, 0,8, 0
0.26701257234085013, 1.9870796793514103, 0.7541505530835865, 0.18706076316535888, 0,8, 0
0.24193441096254906, 2.068366331833054, 0.770309706388293, 0.21175550878972257, 0,7, 0
0.2149271602474556, 2.013431982204109, 0.7761629220531323, 0.27457157106428787, 0,7, 0
0.20195569746557573, 2.160702486662445, 0.7937168159930379, 0.24841302100120977, 0,9, 0
0.2326215658883789, 2.0639745016056152, 0.7965424637277452, 0.2396348347912448, 0,7, 0
0.2751945719417282, 1.9379689435176028, 0.7389066470181969, 0.2001194418839252, 0,6, 0
0.2200492250382492, 2.0707259394566964, 0.7729800585562384, 0.27361303192232916, 0,5, 0
0.23608062263021354, 2.0665728211846965, 0.7914570621068543, 0.2185831955991964, 0,10, 0
0.21472759928158053, 2.0636901028545003, 0.7846944322066816, 0.24755084586277892, 0,7, 0
0.2915585711434843, 1.9526874959480736, 0.6965767822770752, 0.18483681219059878, 0,10, 0
0.3089868954965742, 1.8842999647534837, 0.6991173024905164, 0.17607056938243326, 0,7, 0
0.2737976451806027, 1.9200532833814445, 0.7273213565938802, 0.20418259019770985, 0,7, 0
0.23381893168362936, 2.1272676978164875, 0.7462626708049581, 0.2527924875346954, 0,7, 0
0.23840883389875606, 1.986287203982848, 0.751276304532863, 0.2623696465474206, 0,10, 0
0.22942859043437772, 2.026767577135673, 0.7614943145996658, 0.25972583992502674, 0,7, 0
0.20880729062728665, 2.1799308139787956, 0.7863061128698914, 0.25635646037589366, 0,8, 0
0.2716689948779352, 1.9255720402898961, 0.7342323612652373, 0.20182095227206975, 0,4, 0
0.31863234218053615, 1.8433446190651088, 0.6865617393185621, 0.1729779581735239, 0,7, 0
0.2721346371316437, 1.9502289980760965, 0.7204755843946664, 0.20569204120542298, 0,11, 0
0.2908268476019424, 1.8984023945057042, 0.7265189040926266, 0.1898322758972206, 0,12, 0
0.3183662608927027, 1.893426623917273, 0.6796931355599612, 0.16347080477963238, 0,3, 0
0.2680103771702255, 1.9197752901333056, 0.728049786895449, 0.21612796354370073, 0,10, 0
0.31337723674582585, 1.8482320185455585, 0.6710632822570051, 0.18055082290089486, 0,5, 0
0.3313377236745826, 1.8090377539556866, 0.6815573345403445, 0.17020034754250657, 0,7, 0
0.2469899554313843, 2.0719376429305822, 0.7949710858272059, 0.26468966536360905, 0,9, 0
0.31603804962416016, 1.8311130264352073, 0.6900566722945994, 0.1799254733019621, 0,6, 0
0.28317701057673117, 1.8901890502641803, 0.7026775102723193, 0.21827208381524627, 0,9, 0
0.3238209272932881, 1.8192420462874337, 0.682535324022232, 0.17268948913314353, 0,13, 0
0.3461052351493381, 1.773970779501606, 0.6642775970379361, 0.16590924085549041, 0,9, 0
0.32009578926362003, 1.823164547852855, 0.6972453150464605, 0.1832101811198457, 0,4, 0
0.3140424399654094, 1.8401574362008655, 0.6813490165793514, 0.18709339636911032, 0,5, 0
0.3290760327279984, 1.7969407966050814, 0.680846924674901, 0.17489229902226058, 0,10, 0
0.32734650435708107, 1.8049137432687987, 0.6650210389450699, 0.17482163201102754, 0,3, 0
0.3552185192576332, 1.7393928175953297, 0.6338869456829221, 0.1571165491670717, 0,5, 0
0.2883655956894831, 1.921619505873699, 0.7232988229508466, 0.20345677646692928, 0,11, 0
0.2503159715293022, 2.0207762462542633, 0.7619765169320254, 0.22150201631033198, 0,10, 0
0.3710503558837225, 1.716174396265293, 0.6513211974470788, 0.15992451837559277, 0,14, 0
0.3686556242932216, 1.7060267604302164, 0.6516893535889454, 0.15760518471218868, 0,9, 0
0.35674848666267545, 1.7311875753826798, 0.6664344573420045, 0.16520140524076418, 0,7, 0
0.3542207144282578, 1.7444914271594727, 0.67483907156745, 0.16663773253509845, 0,5, 0
0.27752278321027074, 1.952098758077301, 0.722318296547254, 0.21228258852776116, 0,9, 0
0.2915585711434843, 1.876375196369903, 0.6991513155275882, 0.20590088467965373, 0,10, 0
0.320827512805162, 1.916108376857074, 0.6634643210717932, 0.17883591094455087, 0,11, 0
0.32455265083483004, 1.8970144605799952, 0.6513551119622545, 0.18849525914831522, 0,11, 0
0.30379831038382227, 1.8695544775617279, 0.6804465423015137, 0.20948162119805558, 0,6, 0
0.29694671722211136, 1.8716597093568705, 0.7203111100926856, 0.19871765467119204, 0,10, 0
0.3278121466107896, 1.7975506891567044, 0.6551273372199858, 0.1809910530236926, 0,5, 0
0.3512272999401317, 1.734654393598466, 0.6410884677285753, 0.16707910295112088, 0,7, 0
0.3671921772101377, 1.707110897916873, 0.6306128687772232, 0.15740045961660182, 0,7, 0
0.3486995277057141, 1.764284534613894, 0.6593025613687864, 0.17377152340204982, 0,10, 0
0.35308986895496575, 1.7320226828098646, 0.6682797651178086, 0.17420937385991508, 0,9, 0
0.2794518725470631, 1.9149346126356597, 0.7157579238190442, 0.23625475577377222, 0,9, 0
0.3801636399920176, 1.6768740252813148, 0.6297715494403975, 0.15638306671302515, 0,6, 0
0.3739107297279319, 1.6903831841448764, 0.6497737732156454, 0.1672058743752709, 0,9, 0
0.25231158118805297, 1.9816380552722017, 0.7391737910863597, 0.2559170991693875, 0,4, 0
0.35654892569680036, 1.775246314447194, 0.6517362440706346, 0.17197415907063582, 0,6, 0
0.3775028271136832, 1.6646302312122865, 0.6243402646643945, 0.1632825645980026, 0,6, 0
0.2878999534357746, 1.920482617534976, 0.6843484217193477, 0.20758290133624904, 0,7, 0
0.36612785205880394, 1.7168931274791364, 0.6292389210707487, 0.16663966122214838, 0,11, 0
0.37271336393268145, 1.6796342839240266, 0.6528702885716533, 0.1617580481580198, 0,12, 0
0.30319962748619705, 1.7999502247991037, 0.7035683137326791, 0.21560335333576788, 0,7, 0
0.30872081420874076, 1.823933790139331, 0.6909158752682636, 0.20813388604246982, 0,8, 0
0.3671921772101377, 1.718474832790337, 0.648949006799065, 0.16802538051521165, 0,8, 0
0.3703851526641389, 1.707433496828066, 0.619093503118413, 0.1683383658616086, 0,10, 0
0.3375241136167099, 1.7778848107367198, 0.654449166233238, 0.18485451371473413, 0,7, 0
0.40311315106765117, 1.6310325311161695, 0.5991106078502889, 0.15100068179195766, 0,13, 0
0.36120534823388545, 1.7162847549886926, 0.6621636593352136, 0.1792579513513779, 0,5, 0
0.10077828776691279, 2.3037361388180155, 0.8944213325400786, 0.29326970296135924, 0,0, 0
0.11095589702654161, 2.322452832630657, 0.8926830863193264, 0.35391038963522775, 0,3, 0
0.1325084813410497, 2.442246068644443, 0.8743919047295974, 0.33577294585175077, 0,4, 0
0.09878267810816205, 2.491654968433003, 0.9000015148416551, 0.5177168515347518, 0,8, 0
0.10111088937670458, 2.50294955944988, 0.9116167084157132, 0.5178531408745226, 0,6, 0
0.11374975054879266, 2.489097817139355, 0.8970289668958099, 0.3946744432278648, 0,5, 0
0.1589835694804763, 2.285961470679752, 0.8518920002874384, 0.2618270113662823, 0,9, 0
0.17268675580389808, 2.2763450364822924, 0.8264883616894216, 0.26194071963179155, 0,5, 0
0.1441495376837624, 2.401630176800355, 0.8511577138370883, 0.31139806654111535, 0,7, 0
0.17574669061398257, 2.2341867926226544, 0.860434888143624, 0.2936227762576704, 0,5, 0
0.14195436705913655, 2.4187047913435618, 0.8688618469435667, 0.3315851568734848, 0,6, 0
0.16643384553981241, 2.3192219408513353, 0.8283257235233414, 0.28411593508583194, 0,10, 0
0.2198496640723741, 2.178320121362301, 0.7645131373750305, 0.20558968229284857, 0,8, 0
0.19044768176677976, 2.1709343766703033, 0.8170217989101828, 0.25242032480401405, 0,10, 0
0.17494844675048227, 2.272660252942159, 0.8170879330020224, 0.24558298577517568, 0,5, 0
0.1547927891970997, 2.2192546802549424, 0.8330067954632762, 0.2954041843336235, 0,6, 0
0.161710902680769, 2.318732027751215, 0.8241012526985554, 0.3143593362498232, 0,7, 0
0.2000931284507417, 2.148452631324809, 0.7947925491183851, 0.2505905652694694, 0,8, 0
0.1908468036985299, 2.3072188953943202, 0.8467869594688575, 0.2810088352465116, 0,6, 0
0.2496507683097186, 2.0449154823275055, 0.7707410606119984, 0.2036337821651028, 0,7, 0
0.1959688684893235, 2.1751398986219956, 0.789014556614561, 0.257714470810996, 0,7, 0
0.23761059003525578, 2.0630974385153626, 0.7906802386957643, 0.2121329835881849, 0,6, 0
0.261225304330473, 2.0844997649681924, 0.7405758282096508, 0.17331009078318219, 0,8, 0
0.23681234617175548, 2.059479778876984, 0.7829149058048038, 0.21912184346679897, 0,7, 0
0.21319763187653828, 2.1342814516650064, 0.7843230380784036, 0.22409823086967712, 0,4, 0
0.28098183995210535, 1.9892144328199968, 0.7300442005782055, 0.18090046124924553, 0,7, 0
0.2398057606598816, 2.0393382493808727, 0.7438959382445196, 0.2067189323217369, 0,5, 0
0.21772101376970665, 2.123203273555567, 0.8002439762498933, 0.26995970127914026, 0,9, 0
0.21885185924299874, 2.1883740159737757, 0.769441759504258, 0.2639327209405285, 0,11, 0
0.22982771236612784, 2.1734923288619648, 0.7687949904696414, 0.2237261113279985, 0,6, 0
0.20927293288099513, 2.238013381373737, 0.7775240425495659, 0.21891684257517732, 0,7, 0
0.22583649304862635, 2.208268249612967, 0.7861718701772312, 0.2303397635235046, 0,8, 0
0.20834164837357813, 2.1459066906367394, 0.8132891179833186, 0.24385573818873463, 0,12, 0
0.24605867092396727, 2.055219111122676, 0.7432495674386825, 0.21217426811787404, 0,7, 0
0.25643584114947116, 2.011291787084813, 0.7596649095870072, 0.20961694926440086, 0,6, 0
0.2622896294818067, 2.100431624916684, 0.7167291265287274, 0.18780877088290143, 0,5, 0
0.2878999534357746, 1.9287179579501983, 0.7291737277540475, 0.17252103427394178, 0,11, 0
0.2622896294818067, 2.0078658264712455, 0.7231991224976558, 0.19795981092615478, 0,10, 0
0.28417481540610656, 1.9477856535798321, 0.7083087105605047, 0.18171551144836606, 0,8, 0
0.2410696467770904, 1.9892553257060401, 0.7615086896006257, 0.23078635344877182, 0,3, 0
0.24279917514800772, 2.0718095865521153, 0.7432280452712919, 0.2122371568510425, 0,9, 0
0.22882990753675247, 2.121262290330575, 0.7739952685607027, 0.24932384152933873, 0,10, 0
0.23800971196700593, 2.089912929213278, 0.7613078366688383, 0.23803008771054987, 0,3, 0
0.2797844741568549, 1.9730917843707838, 0.7229701644748644, 0.19302169152484272, 0,10, 0
0.23781015100113084, 2.1506121651201533, 0.746696428970122, 0.22993819077629093, 0,9, 0
0.28583782345506553, 1.9176850432939796, 0.6983575772847805, 0.18018957630218285, 0,5, 0
0.29455198563161045, 1.9610196553066106, 0.7275864839021243, 0.1832675243723326, 0,6, 0
0.3136433180336593, 1.865282030069272, 0.7044438138040918, 0.17341313279933476, 0,6, 0
0.3353289429920841, 1.8296533689514445, 0.675401947575907, 0.16148353387655243, 0,7, 0
0.2916250914654427, 1.9134551489503053, 0.7044528034869785, 0.1859677448961694, 0,5, 0
0.3194971063659948, 1.8482922978889027, 0.6888301076643105, 0.1696648049727431, 0,13, 0
0.33160380496241604, 1.824625672182621, 0.6852132113926588, 0.16525222818160298, 0,4, 0
0.32568349630812216, 1.8554477281796593, 0.7050069518306026, 0.17336828121080675, 0,8, 0
0.27685757999068716, 1.90406079687362, 0.7237012936633131, 0.2099786400861169, 0,5, 0
0.33951972327546065, 1.7942030181358541, 0.668494430857175, 0.16691973223827983, 0,7, 0
0.25789928823255504, 2.0078593173688706, 0.7426595129472773, 0.23114005101130256, 0,5, 0
0.3109159848333666, 1.8522045517573613, 0.6825312741484351, 0.18002327900926512, 0,7, 0
0.33406505687487525, 1.8217984292390286, 0.6680445956582116, 0.16581671264694925, 0,7, 0
0.3145746025410763, 1.8595269576784603, 0.7178029800511976, 0.19405432472392234, 0,7, 0
0.3428457393733786, 1.8016296966953096, 0.6777778623295052, 0.16566463229580833, 0,4, 0
0.33892104037783544, 1.80008642566281, 0.6769067060106287, 0.17253835816328536, 0,3, 0
0.3349298210603339, 1.8217296793988498, 0.6740293271858164, 0.17032292498613244, 0,6, 0
0.3645313643318034, 1.742540977743106, 0.6472595842963256, 0.15225858608696088, 0,8, 0
0.3393866826315439, 1.7721616649595173, 0.7071326696880663, 0.17684548627279664, 0,10, 0
0.34763520255438035, 1.7825532090098513, 0.6702879430945005, 0.1675902750605975, 0,9, 0
0.3213596753808288, 1.8016665426943979, 0.6683996139439276, 0.18783256713810728, 0,6, 0
0.3197631876538282, 1.7766770514841288, 0.7000333095807625, 0.195967015888249, 0,7, 0
0.3694538681567219, 1.7050616276729673, 0.6399880602688794, 0.15901973940058642, 0,7, 0
0.3385884387680436, 1.7600357904846873, 0.6609526897378355, 0.18507368403888547, 0,9, 0
0.342180536153795, 1.7517882829764595, 0.6676948264459439, 0.17277258429645262, 0,11, 0
0.28597086409898226, 1.914531733484109, 0.7089441567830055, 0.19880219632880736, 0,11, 0
0.3449078693540877, 1.764011937356444, 0.6935224450522023, 0.17784278176222668, 0,8, 0
0.3722477216789729, 1.7042865809317098, 0.6553919615902101, 0.15789022035608624, 0,8, 0
0.34417614581254574, 1.7529808098840227, 0.6921517245838906, 0.1811540861656742, 0,8, 0
0.2592296946717222, 2.0623475117507923, 0.7421764277747898, 0.2485074821815401, 0,7, 0
0.31543936672653494, 1.8646018532097541, 0.6730375617747478, 0.18579074736408077, 0,8, 0
0.3230226834297878, 1.783182454657937, 0.6630960806536115, 0.18019281680447682, 0,6, 0
0.3357945852457926, 1.8019714434212064, 0.6593482288189023, 0.17100478282186737, 0,6, 0
0.33546198363600077, 1.767417070422829, 0.6795412287343565, 0.17611411077205807, 0,9, 0
0.37969799773830903, 1.6787967992853454, 0.6480808538137403, 0.15774341316590987, 0,7, 0
0.3065921639060733, 1.8445721003598956, 0.6816528355205074, 0.1890753381139544, 0,8, 0
0.34464178806625423, 1.7267614909411984, 0.6419387977402612, 0.17153055053707378, 0,8, 0
0.38229229029468503, 1.6984739755788012, 0.6258516917224908, 0.15479732812823024, 0,9, 0
0.3550189582917581, 1.7172350079854044, 0.6561145674415855, 0.1777527459072942, 0,10, 0
0.3268143417814142, 1.820268217265816, 0.6649028409320711, 0.19349446085604538, 0,8, 0
0.32209139892237076, 1.8204067181460057, 0.6947037342107621, 0.19057289156306673, 0,7, 0
0.37763586775759994, 1.6919827172874033, 0.6231269337189613, 0.16383416982248963, 0,6, 0
0.38149404643118473, 1.6707873481300344, 0.6177751584091665, 0.15737154675451234, 0,7, 0
0.34098317035854453, 1.835180717526673, 0.6317660595454965, 0.16999362143907087, 0,4, 0
0.3394532029535023, 1.846025347533217, 0.6311255416241185, 0.17486248904366541, 0,4, 0
0.32694738242533095, 1.7480710761470803, 0.6592095510975734, 0.18645682511416195, 0,6, 0
0.35242466573538217, 1.708805599053574, 0.6254164306534358, 0.1680622366493474, 0,3, 0
0.35801237277988424, 1.77391902422315, 0.6218198934020418, 0.16704275038745067, 0,7, 0
0.37457593294751546, 1.6984365671280337, 0.6115716269780199, 0.16154981317069095, 0,9, 0
0.40663872813144414, 1.6179202750780177, 0.6150558033976462, 0.15345573040101315, 0,6, 0
0.3935342247056476, 1.653509017070404, 0.628282791265795, 0.1573086302913432, 0,12, 0
0.3702521120202222, 1.696071980401268, 0.6602756532086244, 0.16849341049819433, 0,3, 0
0.2893634005188585, 1.962371285408309, 0.7148341845588942, 0.22285984968428063, 0,9, 0
0.3233552850395796, 1.8173072684796867, 0.6665636861043011, 0.18945241577687566, 0,5, 0
0.339586243597419, 1.811763648661138, 0.6781781776171623, 0.18202349215783303, 0,9, 0
0.39406638728131443, 1.6425784557120082, 0.6032786877140831, 0.15211016898295207, 0,5, 0
0.10077828776691279, 2.3037361388180155, 0.8944213325400786, 0.29326970296135924, 0,0, 0
0.1100246125191246, 2.31287431961158, 0.8837077707425978, 0.37648247485855785, 0,1, 0
0.09991352358145414, 2.332271783594393, 0.9273376082964652, 0.5253487484055939, 0,4, 0
0.09991352358145414, 2.4659630290002696, 0.9273376082964652, 0.5253487484055939, 0,2, 0
0.1364997006585512, 2.3821057583340024, 0.8945678894145886, 0.3682826564157173, 0,5, 0
0.09944788132774562, 2.5047010619158376, 0.8991435629023842, 0.5165923150966067, 0,3, 0
0.15505887048493314, 2.2982859186868283, 0.8251922791732251, 0.32473276798082173, 0,5, 0
0.1948380230160314, 2.262084790485582, 0.8284948097872668, 0.24025401734167562, 0,7, 0
0.1607130978513936, 2.247848838133575, 0.8768794910264333, 0.33115986131477926, 0,10, 0
0.1793387879997339, 2.2932710884130145, 0.8598514181178544, 0.2839291589065226, 0,7, 0
0.16137830107097717, 2.3026812613973884, 0.8347601434817982, 0.29040349554143213, 0,7, 0
0.16523647974456196, 2.335086313818439, 0.8259464699320455, 0.27761013408275226, 0,11, 0
0.21858577795516532, 2.193434838778259, 0.7700987563359882, 0.19843197297208925, 0,7, 0
0.17774230027273333, 2.23593305341658, 0.8370924560450775, 0.298987661398552, 0,10, 0
0.23408501297146278, 2.1321090059525267, 0.7623525690001048, 0.18642704764060297, 0,6, 0
0.1752145280383157, 2.1735763201288205, 0.8228595064555898, 0.23296477862789064, 0,8, 0
0.16018093527572674, 2.238451115394998, 0.8337175690100952, 0.3231748350891025, 0,11, 0
0.1707576664671057, 2.2620092384402706, 0.8219209334232619, 0.2893044108543634, 0,12, 0
0.18426129182465242, 2.1869414003279317, 0.8013309776182911, 0.2773779875683802, 0,9, 0
0.22404044435575068, 2.1082744629552943, 0.8201322704340575, 0.24285965421419736, 0,5, 0
0.2459921506020089, 2.066586811718712, 0.7795149766135241, 0.19611311620617428, 0,6, 0
0.1900485598350296, 2.1407643593547903, 0.7897148698294706, 0.2757539140153289, 0,6, 0
0.22477216789729262, 2.1832325310000704, 0.7681285043300903, 0.21527058121921488, 0,7, 0
0.20947249384687022, 2.1953648978710842, 0.7779625334955474, 0.2198297805998794, 0,7, 0
0.2173218918379565, 2.271443382578601, 0.7674156714349694, 0.223205690932019, 0,6, 0
0.22217787534091665, 2.1941417221901527, 0.7888572920033822, 0.2091828339238126, 0,8, 0
0.17614581254573272, 2.2115188854695287, 0.8153155838649249, 0.31730433844472217, 0,12, 0
0.2068116809685359, 2.084775463451385, 0.7882789777618241, 0.27748566489861687, 0,8, 0
0.27832102707377104, 2.00292377979275, 0.7346775202813878, 0.17564712807701724, 0,11, 0
0.23561498037650502, 1.9874466535717255, 0.7444886143606257, 0.22470653817126482, 0,10, 0
0.1828643650635269, 2.138139095399493, 0.8458072127030958, 0.3124112735431024, 0,9, 0
0.21406239606199695, 2.0852723181751256, 0.7979860930323944, 0.23119800825378028, 0,10, 0
0.2691412226435176, 1.9714703920524626, 0.7435397272292253, 0.18811522459421107, 0,6, 0
0.267544734916517, 1.9648417664456017, 0.7631841295578812, 0.20579542399176318, 0,7, 0
0.2503159715293022, 2.1360103228623015, 0.7531165336535068, 0.20666410619380973, 0,5, 0
0.2529102640856782, 2.0107199519581243, 0.7341645935320238, 0.19924760965119642, 0,11, 0
0.25118073571476085, 1.977758497707479, 0.7684834889860113, 0.20371609724838383, 0,8, 0
0.2680103771702255, 1.9800040449344698, 0.7562333315969554, 0.2065424855159439, 0,5, 0
0.2482538415485931, 1.9940717544795463, 0.7659552927636091, 0.22756045647272782, 0,11, 0
0.23175680170292023, 2.0279590798924643, 0.7667226714552209, 0.23910505184570918, 0,5, 0
0.2954832701390275, 1.9158199241416212, 0.7280841069175369, 0.1760187445463426, 0,10, 0
0.24572606931417548, 2.0181862293131565, 0.7516188233840798, 0.2324581132654509, 0,7, 0
0.31816669992682767, 1.8643109658390415, 0.7040871265910583, 0.1643318434153696, 0,6, 0
0.24299873611388279, 2.0904421675810276, 0.7463801950937824, 0.2266665618170114, 0,13, 0
0.28656954699660747, 1.9093807281621842, 0.7393473529632368, 0.18841494655098331, 0,7, 0
0.2934211401583184, 1.8971917478218134, 0.7059813448606522, 0.18486707663516458, 0,9, 0
0.29009512406040044, 1.8915786349606087, 0.703779902422429, 0.1889346239065185, 0,10, 0
0.30413091199361403, 1.8571374791631012, 0.7011153568179812, 0.1807044163012367, 0,3, 0
0.3030665868422803, 1.8848035135272654, 0.6849181758279264, 0.1790337078808119, 0,10, 0
0.31484068382890973, 1.8920081298064069, 0.7115996598560699, 0.17367290172436664, 0,7, 0
0.30107097718352954, 1.871584248821916, 0.7436680254365122, 0.19265598820855498, 0,8, 0
0.30911993614049094, 1.8686523342381565, 0.7226838154540954, 0.18599856317000485, 0,7, 0
0.3103838222576997, 1.901392060431433, 0.6706137519904134, 0.17107084436282682, 0,6, 0
0.30080489589569614, 1.8892688397113684, 0.6955058301342725, 0.1885011914329242, 0,8, 0
0.32741302467903943, 1.8312173231961382, 0.670480440865263, 0.16441837938245968, 0,7, 0
0.3064591232621566, 1.852696252152297, 0.6941411398383291, 0.18289898857692077, 0,9, 0
0.22377436306791726, 2.088660879661435, 0.7761793019617599, 0.2521159462099786, 0,7, 0
0.31257899288232555, 1.8115152378627215, 0.6747926614899236, 0.18041840220731215, 0,8, 0
0.2510476950708441, 1.989619394805564, 0.7507145485505637, 0.23054146959184757, 0,7, 0
0.34437570677842083, 1.785083589638365, 0.6627125128891223, 0.16844590603593498, 0,7, 0
0.3388545200558771, 1.791381527589624, 0.6768403518471989, 0.16809332617331857, 0,8, 0
0.32934211401583185, 1.83832350317561, 0.6872858971445467, 0.17645526576933893, 0,4, 0
0.310250781613783, 1.862807923092668, 0.7048199433256851, 0.1904923560555429, 0,8, 0
0.33486330073837556, 1.7781034877325161, 0.6648000626159539, 0.16949706385767802, 0,9, 0
0.3078560500232821, 1.8319159451972968, 0.714044089282909, 0.18537662601276853, 0,10, 0
0.34297878001729526, 1.7982482172958645, 0.6695678883951848, 0.16385570869694027, 0,3, 0
0.3149072041508681, 1.8425531378566629, 0.6603556735589113, 0.1777414804478024, 0,9, 0
0.31603804962416016, 1.8325932861000909, 0.6754806118569933, 0.18319347539579803, 0,3, 0
0.30832169227699063, 1.850690784401533, 0.6991340341152263, 0.18376698988838783, 0,6, 0
0.32575001663008046, 1.8723897550314286, 0.6597574270511594, 0.170697833682494, 0,11, 0
0.2617574669061398, 2.002201186253038, 0.7369311794894849, 0.22435348831135762, 0,7, 0
0.33107164238674913, 1.8808746490460753, 0.6513701144306074, 0.16861332665148737, 0,10, 0
0.3507616576864232, 1.7489618960888667, 0.6308377865372233, 0.16692105579824085, 0,6, 0
0.2916250914654427, 1.8864366388214664, 0.7178629327064714, 0.21000340549571866, 0,6, 0
0.3403844874609193, 1.794387521429277, 0.6584601409871831, 0.16690915977738657, 0,8, 0
0.32734650435708107, 1.7785341524835168, 0.6743036716483805, 0.1970705467314349, 0,9, 0
0.3511607796181733, 1.713554292966813, 0.6556077635132849, 0.17110871263068272, 0,8, 0
0.3016696600811548, 1.8436384130513874, 0.7384743350166117, 0.21212509535958418, 0,9, 0
0.2960154327146943, 1.8777116580965958, 0.7100972217388335, 0.20150008373108716, 0,7, 0
0.3002727333200293, 1.8659594168521398, 0.6816050415348704, 0.19947630595343724, 0,13, 0
0.35694804762855054, 1.7706331475277604, 0.6372564249583647, 0.1607904227837948, 0,5, 0
0.345706113217588, 1.7403890272540612, 0.6581655541986418, 0.1670731151046991, 0,3, 0
0.36180403113151066, 1.7145907425447462, 0.6551628766452007, 0.17191368356726217, 0,7, 0
0.370584713630014, 1.704618121651779, 0.633083136049395, 0.16117758556646045, 0,7, 0
0.3294086343377902, 1.7666338143143787, 0.6608850837580943, 0.19604474479963216, 0,7, 0
0.3233552850395796, 1.8188698880370961, 0.6894733895734646, 0.19211132812709233, 0,9, 0
0.3081886516330739, 1.8176305222648477, 0.6825767159127334, 0.21575983053548892, 0,8, 0
0.35575068183330005, 1.734857865985834, 0.6507053902102865, 0.16634972996188463, 0,9, 0
0.32189183795649573, 1.8047696781306735, 0.6612198024008223, 0.1772019912089246, 0,8, 0
0.37963147741635067, 1.7040437014249004, 0.6228279053241986, 0.15584834777623682, 0,10, 0
0.3442426661345041, 1.78395682087814, 0.6403657771985377, 0.1717982033370945, 0,9, 0
0.3636666001463447, 1.784380365223305, 0.6148465848452396, 0.1600015072770783, 0,8, 0
0.33812279651433513, 1.774338284828924, 0.6407841476233302, 0.17511329969604433, 0,10, 0
0.34444222710037914, 1.7639381848853053, 0.6428388282088785, 0.17922361187627914, 0,7, 0
0.36459788465376175, 1.7042135002706957, 0.6212563725278935, 0.16515277243640195, 0,6, 0
0.3856183063926029, 1.6280193532812914, 0.6244212138537208, 0.16363254233684835, 0,10, 0
0.35162642187188187, 1.7184952776216187, 0.6375494967442217, 0.1767341451581851, 0,8, 0
0.4184793454400319, 1.5969953126974912, 0.6018041546115411, 0.14472384644082903, 0,8, 0
0.37923235548460055, 1.677139035059387, 0.6135619098591539, 0.15971048468968105, 0,3, 0
0.40477615911661013, 1.6426447370226318, 0.6029883261747585, 0.15162384137767218, 0,6, 0
0.3469699993347968, 1.8146386485169417, 0.6344043675128994, 0.17943373215028427, 0,5, 0
0.10077828776691279, 2.3037361388180155, 0.8944213325400786, 0.29326970296135924, 0,0, 0
0.09904875939599547, 2.4248189872779635, 0.8938837418790088, 0.5092195881961945, 0,2, 0
0.09971396261557906, 2.3564295362016283, 0.8808749424162596, 0.47526813438786775, 0,5, 0
0.0996474422936207, 2.3502471698366905, 0.9424463317291131, 0.5223446976523549, 0,4, 0
0.10024612519124593, 2.4058481942534424, 0.88033626681359, 0.4992502781347287, 0,5, 0
0.14927160247455598, 2.3121231308813175, 0.8404610662948164, 0.32022905528125273, 0,9, 0
0.11820661212000266, 2.5494805941965213, 0.871057821677807, 0.3003460676254139, 0,5, 0
0.10004656422537085, 2.350082182546405, 0.9271653423421682, 0.5229685292616296, 0,9, 0
0.1632408700858112, 2.2342589939377278, 0.8712490524790399, 0.2860964609190128, 0,6, 0
0.1406239606199694, 2.280076741331678, 0.8813131107306377, 0.33286461157305297, 0,5, 0
0.14501430186922104, 2.338093957921301, 0.8887486071920072, 0.31658946588037046, 0,4, 0
0.18266480409765185, 2.2107269288394007, 0.8255273676618127, 0.25105038729587686, 0,9, 0
0.16729860972527108, 2.297394415393035, 0.8398581358817069, 0.2711592005664949, 0,8, 0
0.20967205481274528, 2.170808336560791, 0.7759933127400575, 0.22246947688620314, 0,7, 0
0.15685491917780883, 2.452356681296079, 0.8314779146770798, 0.2761836022372275, 0,7, 0
0.1723541541941063, 2.5372467425969725, 0.8180487687480309, 0.26888605395162357, 0,9, 0
0.18525909665402782, 2.184177720775895, 0.8205357314042157, 0.23769908474251328, 0,3, 0
0.17607929222377436, 2.247369118185011, 0.8462686638614882, 0.2514856524212862, 0,6, 0
0.18951639725936273, 2.1390914018224088, 0.8054259109845584, 0.27314471145167707, 0,11, 0
0.23035987494179472, 2.0759036372872495, 0.7620940308210806, 0.2059545612002149, 0,5, 0
0.1700924632475221, 2.3373765489230856, 0.8254863536884126, 0.28985587437189614, 0,5, 0
0.17561364997006584, 2.1965829905322996, 0.8041529728188952, 0.30973570674856526, 0,9, 0
0.20780948579791125, 2.113446472810508, 0.8259744905287661, 0.2788974271253775, 0,6, 0
0.205348233885452, 2.1820594432713514, 0.7941445629710483, 0.26224758838981627, 0,9, 0
0.20162309585578395, 2.155941235692425, 0.7922139877062767, 0.2578949955731934, 0,8, 0
0.25803232887647176, 2.0230191697032676, 0.7634784458293963, 0.20183719284084525, 0,4, 0
0.22217787534091665, 2.135109128780266, 0.7686250169529499, 0.23561588737131814, 0,5, 0
0.2622231091598483, 2.0148682317072097, 0.760267232151023, 0.2003109149924372, 0,11, 0
0.2310250781613783, 2.0539644137039748, 0.7690745397281958, 0.22675709914103223, 0,9, 0
0.28071575866427195, 2.0203746536063045, 0.7283371710933312, 0.171707858225664, 0,16, 0
0.2580988491984301, 2.11858324447546, 0.7237479846658512, 0.18201909310918973, 0,6, 0
0.22590301337058472, 2.0934712396706523, 0.7607453335754671, 0.21728816732475106, 0,7, 0
0.22836426528304396, 2.0771383049998273, 0.7626606747124625, 0.22499957286095928, 0,5, 0
0.22377436306791726, 2.026072838012547, 0.7614165725959449, 0.23155892882524903, 0,14, 0
0.24047096387946518, 2.0855133054555077, 0.7523213520913831, 0.2124658682594385, 0,8, 0
0.28437437637198165, 2.0208010966887393, 0.7174703465992485, 0.17394923629994974, 0,12, 0
0.24306525643584115, 2.015763899301139, 0.7634752646434303, 0.22180907534903377, 0,9, 0
0.3152398057606599, 1.9101219282851742, 0.6932971241048843, 0.1610204833762298, 0,11, 0
0.24778819929488458, 2.0250950201157365, 0.7597464168279339, 0.22581066618883316, 0,9, 0
0.2855052218452737, 2.0141043700255503, 0.7328167083651418, 0.18341502625085862, 0,14, 0
0.27226767777556043, 1.9872192611144321, 0.7531969595806366, 0.19933301626202382, 0,10, 0
0.2648174017162243, 2.009709601867606, 0.7318291065169271, 0.21914069162156483, 0,6, 0
0.29954100977848735, 1.9521409258080886, 0.6987966280217184, 0.1719705469287287, 0,7, 0
0.24053748420142354, 2.036716870412945, 0.7717161421854614, 0.21700978874479696, 0,11, 0
0.2715359542340185, 1.918230846245703, 0.7191496991260523, 0.20218583578727384, 0,8, 0
0.29135901017760923, 1.948373447750045, 0.6923334657623975, 0.17925457762991656, 0,5, 0
0.30466307456928093, 1.9009277406094405, 0.6825763975608657, 0.17874419475532663, 0,9, 0
0.2803166367325218, 1.9162518712132228, 0.7128320882052567, 0.21018135218714057, 0,12, 0
0.19889576265549125, 2.2021918017584463, 0.7912405604603551, 0.31940607095810264, 0,8, 0
0.3035322290959888, 1.905350284849044, 0.7306167124024029, 0.190299125031498, 0,4, 0
0.313776358677576, 1.8633234014419042, 0.699169841319888, 0.1749890422074955, 0,5, 0
0.31018426129182464, 1.8665409561268689, 0.6996045842869488, 0.18249737076332487, 0,8, 0
0.2919576930752345, 1.988732281245372, 0.7011421016906687, 0.18242922976869128, 0,7, 0
0.3032661478081554, 1.9046562190684841, 0.6842493946397918, 0.18278370728526416, 0,8, 0
0.3159050089802435, 1.8746671183003183, 0.6825527251602845, 0.17881458751846455, 0,8, 0
0.2916250914654427, 1.8599065037764277, 0.7034639347815914, 0.19635308317725592, 0,5, 0
0.2664804097651833, 1.9324078970324023, 0.7265552011242146, 0.23457757306887742, 0,10, 0
0.27080423069247656, 1.9266824018477062, 0.7214159028099146, 0.21975420933326645, 0,8, 0
0.238209272932881, 2.0473151304903743, 0.7491132464939113, 0.25121755831768233, 0,11, 0
0.32328876471762125, 1.8208343694208942, 0.6752577572582564, 0.1766216884114802, 0,12, 0
0.3047961152131976, 1.8975726151659857, 0.680531899407124, 0.1901831836539435, 0,8, 0
0.3264152198496641, 1.815274514041324, 0.6603849820313489, 0.1746584855792904, 0,10, 0
0.27605933612718686, 1.923444103894893, 0.7212402881645202, 0.2197321288983831, 0,11, 0
0.2782545067518127, 1.9065737291572813, 0.7166009916938072, 0.21657248537460919, 0,9, 0
0.3272799840351227, 1.7958495487022057, 0.6633563757888759, 0.17406974092913916, 0,6, 0
0.3600745027605934, 1.7233509718083198, 0.6484919258132846, 0.16294468263497194, 0,5, 0
0.3333998536552917, 1.8442851551744917, 0.6822694136424924, 0.17265454139713055, 0,8, 0
0.3407170890707111, 1.76357801301286, 0.6699784182212025, 0.17419689295997567, 0,10, 0
0.36772433978580454, 1.7216091141335654, 0.633496374533, 0.15575472641334373, 0,10, 0
0.3099847003259496, 1.988402311446495, 0.6611291404784432, 0.17929367959942938, 0,7, 0
0.30665868422803166, 1.9150772437454262, 0.6792287267813716, 0.19319263241513823, 0,11, 0
0.2952837091731524, 1.98586472999167, 0.6978117189273557, 0.20512840559069778, 0,10, 0
0.3373910729727932, 1.7977157827009025, 0.6712733791394117, 0.17639351171698134, 0,4, 0
0.29375374176811014, 1.8837711809519355, 0.6935059304467651, 0.1972491219316158, 0,4, 0
0.3249517727665802, 1.8488598511635024, 0.6694142410915316, 0.17972453371101274, 0,7, 0
0.3377901949045433, 1.8041046477915212, 0.6669800974095759, 0.1746149487391298, 0,6, 0
0.3296747156256236, 1.803856294815518, 0.6494292063959441, 0.18690035040170427, 0,5, 0
0.30971861903811615, 1.8409730998181792, 0.6676493666495888, 0.20175538379008667, 0,8, 0
0.35787933213596756, 1.741139294794598, 0.639234984884635, 0.16360005690066276, 0,9, 0
0.3041974323155724, 1.8735655171543049, 0.6848951436165666, 0.19648666738167275, 0,7, 0
0.3489656089935475, 1.745771115109139, 0.6433407790249395, 0.1705690855332332, 0,10, 0
0.3282777888644981, 1.7883199734664967, 0.6494421968283791, 0.17550996023539064, 0,10, 0
0.3771037051819331, 1.6727758828595927, 0.634320985704991, 0.15884599772661467, 0,11, 0
0.3735781281181401, 1.717275855098427, 0.6233710406944932, 0.15612534302937423, 0,4, 0
0.37124991684959757, 1.6967330225441957, 0.6127848739213275, 0.1541734997474993, 0,6, 0
0.3230226834297878, 1.8055582079714996, 0.6566736492092923, 0.18578990184019356, 0,9, 0
0.3231557240737045, 1.8788414794647121, 0.65059237434977, 0.18196307515691518, 0,11, 0
0.32182531763453737, 1.7623390565155304, 0.66843564440321, 0.2028871943786462, 0,6, 0
0.36486396594159515, 1.7233988366793596, 0.6616959764231635, 0.16947025007675243, 0,5, 0
0.3616044701656356, 1.694312261954631, 0.6438019118901616, 0.16592193083283785, 0,10, 0
0.308388212598949, 1.801769484733303, 0.6770831282130579, 0.19946016430463032, 0,12, 0
0.3702521120202222, 1.6981193678076774, 0.6293918162616099, 0.16037117276817997, 0,7, 0
0.35415419410629945, 1.760462907296268, 0.6756476645974204, 0.17426132672752206, 0,12, 0
0.3314707643184993, 1.786727915828055, 0.6626548567607468, 0.18099595675355176, 0,4, 0
0.3693873478347635, 1.6995426810827352, 0.6227750575503955, 0.164473913308312, 0,6, 0
0.33852191844608526, 1.7978580844526812, 0.6721297818934492, 0.18657793735148925, 0,6, 0
0.3584114947116344, 1.7465267527355592, 0.6365302416899146, 0.1646599498695064, 0,5, 0
0.33998536552916914, 1.7612205585648832, 0.6854476329597342, 0.20045836550965526, 0,7, 0
0.39419942792523116, 1.6763922656727497, 0.6208157159756171, 0.15625486645568898, 0,8, 0
0.4078360939266946, 1.6265041552851287, 0.5805052122072378, 0.14527157793856385, 0,11, 0
0.41302467903944656, 1.6221505765852906, 0.6095621189911538, 0.14838474923727848, 0,4, 0
0.10077828776691279, 2.3037361388180155, 0.8944213325400786, 0.29326970296135924, 0,0, 0
0.14128916383955298, 2.3210955019649977, 0.839957787609793, 0.32552300651960175, 0,5, 0
0.0996474422936207, 2.422487937523078, 0.9424463317291131, 0.5223446976523549, 0,7, 0
0.09991352358145414, 2.4522328680958694, 0.9273376082964652, 0.5253487484055939, 0,4, 0
0.14069048094192776, 2.5549413327930344, 0.8694078393618254, 0.3347064081752136, 0,4, 0
0.1256568881793388, 2.4773134273627258, 0.8655723836305702, 0.3423866926590282, 0,6, 0
0.10197565356216325, 2.509302688764652, 0.8912372556713501, 0.4894252528120377, 0,6, 0
0.1514667730991818, 2.374861548516768, 0.8410590026768904, 0.3247509893710603, 0,4, 0
0.17860706445819197, 2.290852123420808, 0.8099419435370304, 0.24317971833297208, 0,8, 0
0.12971462781879864, 2.6048157994780308, 0.8679377897240325, 0.379338518167951, 0,9, 0
0.15805228497305926, 2.382406402298737, 0.8318354850935243, 0.2911287009821042, 0,6, 0
0.1917780882059469, 2.1825195307234586, 0.7946809386690715, 0.23263765627155322, 0,12, 0
0.17288631676977317, 2.2324470929667153, 0.8039883768873254, 0.2550487050428072, 0,7, 0
0.1873212266347369, 2.1640493500607776, 0.80426562854416, 0.24493197287397198, 0,11, 0
0.20601343710503559, 2.128312288283477, 0.8053296012013834, 0.24300491494814833, 0,8, 0
0.16211002461251914, 2.1766488725598414, 0.8619313585553996, 0.3649676253721019, 0,9, 0
0.21499368056941395, 2.1465852480325474, 0.769742947766164, 0.22486230916123184, 0,9, 0
0.21632408700858113, 2.1768951385565036, 0.8186379267897382, 0.23406372511810897, 0,10, 0
0.23807623228896427, 2.1252323119874914, 0.7900311630330263, 0.1921305855162517, 0,12, 0
0.2112685425397459, 2.0810869120159032, 0.7709651460498053, 0.24721577573612247, 0,7, 0
0.1372979445220515, 2.4764574129670422, 0.8587774748982204, 0.40065149695244046, 0,8, 0
0.17740969866294154, 2.4017656574640687, 0.8239386936918237, 0.28432146281705895, 0,10, 0
0.19590234816736513, 2.1659757400184687, 0.791620220203366, 0.2909817141644397, 0,8, 0
0.2503159715293022, 2.1122100910906987, 0.7270927948337209, 0.19239477865271884, 0,8, 0
0.21592496507683098, 2.17394064247176, 0.7750796603837946, 0.23669068812953248, 0,8, 0
0.21718885119403977, 2.2499437867853684, 0.7743174318342898, 0.2265774778700689, 0,8, 0
0.22836426528304396, 2.082899844084228, 0.7985085802041988, 0.221737861483696, 0,4, 0
0.224838688219251, 2.1098336680780934, 0.7847375656815082, 0.23926349940910466, 0,5, 0
0.21532628217920574, 2.3356750381965883, 0.8281392062520871, 0.24875741578542548, 0,6, 0
0.25324286569546994, 2.0108218877419244, 0.7393130838463844, 0.19877215631863027, 0,6, 0
0.21239938801303798, 2.0920564973337687, 0.7847579267132112, 0.25269491027633867, 0,6, 0
0.1956362668795317, 2.097501680477963, 0.8305440685833675, 0.29385590898166325, 0,6, 0
0.23488325683496308, 2.036286696860044, 0.7562834081052313, 0.227942496742961, 0,6, 0
0.2628217920574736, 2.008773051514039, 0.7620167948351679, 0.2037167250647803, 0,7, 0
0.26634736912126655, 2.005553806053302, 0.7544187903618821, 0.19409079858429315, 0,8, 0
0.22404044435575068, 2.1418292652122957, 0.7750657656795462, 0.2368955429999967, 0,7, 0
0.22470564757533426, 2.11312234818416, 0.7621951513994739, 0.23453822790272189, 0,9, 0
0.27506153129781147, 1.9086554103060047, 0.7321831220212961, 0.1923371414885762, 0,7, 0
0.2630213530233486, 2.02084188713314, 0.7245549028624406, 0.1989253270257784, 0,7, 0
0.2958823920707776, 1.909230324780006, 0.7096402440630298, 0.17485730000477115, 0,12, 0
0.21439499767178874, 2.1332044725582078, 0.7892196735709686, 0.275076730066407, 0,8, 0
0.2857047828111488, 1.931779088613905, 0.7419470253453467, 0.18911252827550812, 0,10, 0
0.28151400252777226, 1.9481228742621373, 0.7167602823313237, 0.20459536037948783, 0,9, 0
0.319164504756203, 1.862982261431064, 0.6963762858056444, 0.17015499557303604, 0,6, 0
0.31397591964345106, 1.8566321387568816, 0.6881486423952093, 0.16414854377479565, 0,7, 0
0.24126920774296548, 2.022754973223496, 0.7744113083901785, 0.2434326492763247, 0,10, 0
0.2756602141954367, 1.9373937428992785, 0.7523470447106696, 0.20727151670058463, 0,8, 0
0.2962149936805694, 1.9045428374820244, 0.6963900100294602, 0.18284795950300756, 0,8, 0
0.21386283509612186, 2.1869535593582725, 0.7714370662594586, 0.2849721788183772, 0,5, 0
0.3272799840351227, 1.829786468403057, 0.686191477151667, 0.170685416790068, 0,5, 0
0.3346637397725005, 1.8377112116331842, 0.663485401358733, 0.16077265687617165, 0,9, 0
0.2543071908468037, 1.9718399568326632, 0.7251448503142064, 0.2280503935211881, 0,8, 0
0.2763254174150203, 1.8895561883829077, 0.7176703045549371, 0.21175759067026473, 0,10, 0
0.2871682298942327, 1.996587385525764, 0.6980859270929409, 0.20317828713372077, 0,13, 0
0.2834430918645646, 1.9094481818818574, 0.7124746485650547, 0.21294305570712935, 0,6, 0
0.2822457260693142, 1.8623778432149702, 0.7068063413328557, 0.22071357174910816, 0,9, 0
0.2650169626820994, 1.9372514464367032, 0.7364728496637796, 0.21606310651639427, 0,7, 0
0.27812146610789595, 1.9370322029469915, 0.7146901171856483, 0.20693076854372017, 0,8, 0
0.2811148805960221, 1.8974843062041629, 0.7189137655457617, 0.20452796650636504, 0,8, 0
0.3278121466107896, 1.8419282368412118, 0.6607412796595519, 0.17082007927314943, 0,7, 0
0.30206878201290494, 1.8981966288005854, 0.7141435136744056, 0.2069503942976213, 0,5, 0
0.3311381627087075, 1.7985461907996425, 0.6658299840767289, 0.1699644762935671, 0,7, 0
0.3095855783941994, 1.8502510917255726, 0.6873617553505279, 0.18569386020592255, 0,10, 0
0.3091864564624493, 1.8998313408439398, 0.7031642056100168, 0.18801904381943862, 0,9, 0
0.3289429920840817, 1.8321956457004078, 0.6811419889965273, 0.17160080288932444, 0,3, 0
0.29315505887048493, 1.8723281031754617, 0.6995741588641977, 0.2050506710460228, 0,9, 0
0.2766580190248121, 1.952877155834271, 0.7294812431751254, 0.22220306425331948, 0,9, 0
0.3024679039446551, 1.8570710141874633, 0.7282081266293323, 0.20113601279363572, 0,6, 0
0.3064591232621566, 1.8150474777369492, 0.698473475035668, 0.21405317948524996, 0,10, 0
0.34457526774429587, 1.7277749798449025, 0.6929700250318261, 0.17460536816021657, 0,5, 0
0.34989689350096453, 1.7887878146728562, 0.6349691595385484, 0.16425072650767253, 0,2, 0
0.352956828311049, 1.7858870352511158, 0.6302032210329745, 0.16266801288371446, 0,8, 0
0.3213596753808288, 1.790615874622457, 0.6918565392386372, 0.18611329202560345, 0,12, 0
0.36246923435109424, 1.7451874311516038, 0.6197056223992632, 0.16111107043338946, 0,11, 0
0.35974190115080157, 1.6888056446682358, 0.6501923607844006, 0.17053497199801157, 0,9, 0
0.3231557240737045, 1.7701254191413212, 0.6856408592290285, 0.19608886086916502, 0,5, 0
0.305793920042573, 1.8470381327309962, 0.7176417842201888, 0.20031776026507359, 0,7, 0
0.355551120867425, 1.7207369093868632, 0.6483355256054313, 0.1713058925499292, 0,11, 0
0.33872147941196035, 1.7662754640868346, 0.6670791221013771, 0.17774128630725972, 0,10, 0
0.3596753808288432, 1.7530427368380452, 0.6309601913172114, 0.15704643380345404, 0,5, 0
0.33406505687487525, 1.8182940787817201, 0.6586482190421096, 0.1756185491031719, 0,7, 0
0.3427792190514202, 1.7299759938618082, 0.6789711970948992, 0.18503338495212318, 0,7, 0
0.3069247655158651, 1.85706922679749, 0.7028184781344868, 0.20070346159825825, 0,5, 0
0.3507616576864232, 1.7348218594673968, 0.6367978094295347, 0.1708861010505472, 0,10, 0
0.36073970598017696, 1.7028798390345161, 0.659706385406068, 0.1678755051866222, 0,5, 0
0.3288764717621233, 1.8388137687135184, 0.6566890095168598, 0.17943885367339185, 0,7, 0
0.3404510077828777, 1.7458177087058455, 0.6653518675125908, 0.17795963115665547, 0,7, 0
0.37524113616709903, 1.709941295678051, 0.6527086436900634, 0.1771304144974563, 0,11, 0
0.328078227898623, 1.7997182685164945, 0.6483978111737504, 0.18196274955200484, 0,14, 0
0.31843278121466106, 1.8097259662155778, 0.667995052796149, 0.19821771363626609, 0,7, 0
0.35774629149205084, 1.7357314751885382, 0.629640185329355, 0.17390766655417597, 0,7, 0
0.360939266946052, 1.7549925611153625, 0.6291290374698464, 0.16744895134621746, 0,6, 0
0.3892104037783543, 1.6515756233647414, 0.6212030289208144, 0.1535376506494231, 0,10, 0
0.32515133373245525, 1.7949087542188007, 0.6637866259802879, 0.18258678225199731, 0,9, 0
0.39153861504689685, 1.646821353738912, 0.6161286124089996, 0.15231640630342153, 0,9, 0
0.3771037051819331, 1.6712666058115304, 0.6064747783412314, 0.16337600204736538, 0,10, 0
0.37158251845938933, 1.7009568089025904, 0.6390312124826406, 0.16748545670217638, 0,14, 0
0.4164837357812812, 1.6188771916722011, 0.591794426146088, 0.14347591613865648, 0,7, 0
0.38515266413889443, 1.6404696540197181, 0.6205761493309149, 0.16129176549061205, 0,11, 0
0.3556841615113417, 1.7495973082761727, 0.6329725582799469, 0.17607578070493587, 0,9, 0
0.3649304862635535, 1.7069580278171081, 0.6424253307257233, 0.16882192378030914, 0,12, 0
0.10077828776691279, 2.3037361388180155, 0.8944213325400786, 0.29326970296135924, 0,0, 0
0.10556775094791458, 2.3102611018886097, 0.8769841660143928, 0.4072936846501387, 0,2, 0
0.09904875939599547, 2.381137168114829, 0.8938837418790088, 0.5092195881961945, 0,3, 0
0.10111088937670458, 2.3928022612547166, 0.9116167084157132, 0.5177956068051617, 0,7, 0
0.15213197631876538, 2.3498630851659836, 0.8316010282303126, 0.2854660181680028, 0,6, 0
0.12352823787667132, 2.3510615386736413, 0.8737729330309729, 0.41737211743417224, 0,4, 0
0.2039513071243265, 2.289425666410116, 0.7792768555753484, 0.22972133165677938, 0,6, 0
0.15565755338255838, 2.2929617701783385, 0.8539884000196523, 0.28866056172042603, 0,7, 0
0.14567950508880462, 2.517920447658305, 0.8450249898863715, 0.29405826674810764, 0,4, 0
0.12731989622829776, 2.346141243317182, 0.904161473174814, 0.42551887872276595, 0,2, 0
0.1656356016763121, 2.2042232589839674, 0.8389056701555079, 0.2817557451556942, 0,8, 0
0.16576864232022884, 2.309602243881426, 0.8241631395834732, 0.269087949272413, 0,6, 0
0.16157786203685226, 2.3363074170435323, 0.824556624268676, 0.2672284228013099, 0,5, 0
0.15891704915851793, 2.2894776569173727, 0.8846847729984844, 0.340300885679066, 0,5, 0
0.19364065722078094, 2.108988014918827, 0.8121212279839989, 0.2356746081377214, 0,7, 0
0.20913989223707843, 2.241476444239183, 0.7868668044437304, 0.21464022393087784, 0,8, 0
0.1803365928291093, 2.3172522316211825, 0.8474276396550051, 0.2533519859188186, 0,6, 0
0.24659083349963415, 2.1386833750288905, 0.7532622919234033, 0.17608952681955894, 0,5, 0
0.2434643783675913, 2.0883185263047364, 0.7893544547257042, 0.19399567040678112, 0,11, 0
0.20667864032461916, 2.1200373641017083, 0.7845670407715782, 0.23018587967939205, 0,6, 0
0.1876538282445287, 2.2188508933963775, 0.8327140095126296, 0.2905087921715443, 0,6, 0
0.18120135701456794, 2.2098007665568304, 0.8476894480466468, 0.2932859189693378, 0,2, 0
0.24040444355750681, 2.052912319379756, 0.7625315643562964, 0.18876629035788983, 0,8, 0
0.1917780882059469, 2.1334443496252606, 0.8056907368892493, 0.2845424003437273, 0,6, 0
0.22330872081420874, 2.1103104514561197, 0.7679618389948807, 0.21689820598038548, 0,8, 0
0.23275460653229563, 2.188020592732462, 0.7650003147714598, 0.20784323799806143, 0,4, 0
0.2076099248320362, 2.2080156696316156, 0.779258437989485, 0.2404065647487738, 0,6, 0
0.19397325883057273, 2.2275923742534616, 0.7982221722538353, 0.3011159101298503, 0,9, 0
0.20035920973857513, 2.225312426292769, 0.791168752502447, 0.24996634838126588, 0,7, 0
0.2668795316969334, 2.0634432240516722, 0.736548579935029, 0.1833563074067572, 0,9, 0
0.21718885119403977, 2.1892234075650685, 0.7699327126415799, 0.22871734584587966, 0,9, 0
0.234683695869088, 2.099348885387525, 0.8125452739704795, 0.2356579615858398, 0,8, 0
0.22570345240470963, 2.1545759446882786, 0.8249901097047957, 0.24097576591455933, 0,6, 0
0.19270937271336394, 2.1025795395055678, 0.8079735795442653, 0.29771037244496207, 0,8, 0
0.24891904476817667, 2.093878126656677, 0.7411998872606538, 0.2096647552227847, 0,12, 0
0.20780948579791125, 2.172529076904243, 0.7967964813746559, 0.27112520411796315, 0,10, 0
0.21273198962282977, 2.101552761545488, 0.7776243348256611, 0.25385084695756427, 0,8, 0
0.2775893035322291, 1.9604530541758682, 0.7211918791291099, 0.17952717911433083, 0,6, 0
0.2739306858245194, 1.9264035672197195, 0.7571940232438875, 0.2010431470505201, 0,7, 0
0.2619570278720149, 1.9694540068940363, 0.7808845382836387, 0.21394548500507019, 0,10, 0
0.2796514335129382, 1.968835793612508, 0.7145603501095265, 0.19232263573535152, 0,9, 0
0.27852058803964613, 1.914428139489417, 0.7114102873982127, 0.19576733360211965, 0,10, 0
0.21665668861837292, 2.0677362428424857, 0.7792244978211624, 0.2794752694447561, 0,7, 0
0.2786536286835628, 1.9412088953218782, 0.7551109708142384, 0.19442925972042185, 0,11, 0
0.2284973059269607, 2.124553403178827, 0.7635251514887611, 0.22660375266708516, 0,11, 0
0.2565688817933879, 1.9776526206324598, 0.7427671623501808, 0.22667256852406506, 0,10, 0
0.29854320494911196, 1.8817694929080166, 0.7461435904581158, 0.19489381432479355, 0,11, 0
0.2723341980975188, 1.9312602784005117, 0.7617877074482332, 0.21150156744428464, 0,6, 0
0.33014035787933216, 1.8397797890657248, 0.6780253014297867, 0.16223107042141882, 0,5, 0
0.26920774296547595, 1.9660364106363906, 0.7220944181055764, 0.19636063477672955, 0,9, 0
0.3091864564624493, 1.8851842272664658, 0.6779963725126145, 0.17170591461844142, 0,8, 0
0.31863234218053615, 1.8763637823718502, 0.6696213565294232, 0.17103482618182983, 0,7, 0
0.30872081420874076, 1.8579993926581926, 0.7307817205874197, 0.18793644654916594, 0,8, 0
0.3027339852324885, 1.9190398519056442, 0.7162247647123344, 0.1865191609139424, 0,6, 0
0.30586044036453136, 1.884822356758785, 0.6973173275829118, 0.18192994840901477, 0,12, 0
0.3061930419743232, 1.922205489457173, 0.6957716104075164, 0.18232018587889473, 0,5, 0
0.2529102640856782, 2.004577875297908, 0.763927242443589, 0.23167281575553772, 0,6, 0
0.2808487993081887, 1.8805047839548918, 0.7344429783038323, 0.20641502515351043, 0,8, 0
0.31118206612120003, 1.8502122899503168, 0.7019508234123567, 0.18262253775860793, 0,10, 0
0.3290760327279984, 1.8587786726178281, 0.681503586535634, 0.17271600473224497, 0,4, 0
0.3104503425796581, 1.8177534851700867, 0.6817537352242983, 0.18406044545759218, 0,3, 0
0.27020554779485134, 1.9270731870867825, 0.7249389757591608, 0.22270298725354387, 0,3, 0
0.3608062263021353, 1.7395203325798085, 0.6566171450984983, 0.15785882444895147, 0,6, 0
0.31829974057074434, 1.8193318687940891, 0.6742915096309051, 0.18040073434626167, 0,8, 0
0.30386483070578063, 1.833561452814247, 0.7014550429964375, 0.1929352205192032, 0,6, 0
0.3117142286968669, 1.8149966801274666, 0.6807869964175355, 0.18835759812009711, 0,9, 0
0.3627353156389277, 1.751719841813245, 0.6615092040598577, 0.1580328173500838, 0,8, 0
0.34603871482737975, 1.7581423766073936, 0.6411905374966363, 0.1651719147134082, 0,7, 0
0.33439765848466707, 1.8241286917431565, 0.6624281542511088, 0.17068204318442476, 0,13, 0
0.35348899088671587, 1.7444992125498229, 0.6351148755747471, 0.16198437941033528, 0,15, 0
0.3592097385751347, 1.7270398578949573, 0.6331381363945808, 0.16534538638654328, 0,7, 0
0.2970132375440697, 1.9173567508248395, 0.70796715018027, 0.19232944852787331, 0,7, 0
0.3594758198629681, 1.777245405999707, 0.6511097734922626, 0.15889205996913838, 0,8, 0
0.2626222310915985, 1.94155683889881, 0.7297058945916574, 0.25879199061480174, 0,12, 0
0.38162708707510146, 1.6879268311172761, 0.6130845030701896, 0.15132517119917918, 0,11, 0
0.31963014700991155, 1.8112399275848619, 0.6692438827595804, 0.18185715807571085, 0,7, 0
0.3011374975054879, 1.9253462736719043, 0.6974763310118203, 0.18920091717185183, 0,14, 0
0.3305394798110823, 1.8329840699712696, 0.6599401228280264, 0.1748269849140523, 0,8, 0
0.30672520454999, 1.8350155332016627, 0.6870690006095866, 0.20216176934892338, 0,11, 0
0.30652564358411494, 1.8397581395390488, 0.6866487574139779, 0.20309300872786804, 0,11, 0
0.29455198563161045, 1.8706747615939248, 0.7049765663289339, 0.21622156549254934, 0,13, 0
0.3272799840351227, 1.7966190743754027, 0.658359167578784, 0.17757072281072678, 0,5, 0
0.32468569147874676, 1.832186997194518, 0.6744445455533804, 0.19079421251414036, 0,10, 0
0.3661943723807623, 1.7105260963077706, 0.664645618649876, 0.1711336636815367, 0,9, 0
0.347568682232422, 1.74986221922068, 0.6559172850461475, 0.17075466816807766, 0,6, 0
0.3349963413822923, 1.8401567674932908, 0.6781208853869264, 0.17303765669069318, 0,15, 0
0.356482405374842, 1.7180172994585163, 0.6504118921168847, 0.1709209217936616, 0,9, 0
0.3521585844475487, 1.7332705488495506, 0.659991672511217, 0.17454320971586745, 0,5, 0
0.341448812612253, 1.7776518441805589, 0.6841193497704883, 0.17362495547070148, 0,9, 0
0.39080689150535486, 1.6501341126227278, 0.6134586521937222, 0.1541644983083618, 0,11, 0
0.36459788465376175, 1.703742947277017, 0.632600890175672, 0.16284513640560688, 0,10, 0
0.33552850395795913, 1.832394774083581, 0.6400939290246285, 0.1872542205780856, 0,9, 0
0.3831570544801437, 1.6675692667530055, 0.6085436971575551, 0.16162699586690885, 0,7, 0
0.3491651699594226, 1.7437418428222584, 0.6405385682189148, 0.17734030769338957, 0,4, 0
0.39626155790594025, 1.6387636751334982, 0.6098318323586441, 0.1523995304422874, 0,7, 0
0.3737111687620568, 1.689525990679078, 0.6363551942573358, 0.16511192641677624, 0,12, 0
0.3872813144415619, 1.6586993634958496, 0.6168898427419213, 0.1589909981690421, 0,4, 0
0.39406638728131443, 1.65331617696536, 0.6214713830421033, 0.15427460393282644, 0,11, 0
0.3952637530765649, 1.6504293677574193, 0.63253911830546, 0.16485127778009884, 0,9, 0
0.35734716956030066, 1.7336197821694141, 0.6286797501277963, 0.17739801173066508, 0,8, 0
0.3441096254905874, 1.7392538443880785, 0.6526004925953454, 0.18274549337899818, 0,7, 0
0.10077828776691279, 2.3037361388180155, 0.8944213325400786, 0.29326970296135924, 0,0, 0
0.09904875939599547, 2.358732764484449, 0.8938837418790088, 0.5092195881961945, 0,4, 0
0.09904875939599547, 2.4960968773307766, 0.8938837418790088, 0.5092195881961945, 0,3, 0
0.125324286569547, 2.4167470960395665, 0.8791279291379817, 0.3463107342524862, 0,6, 0
0.09984700325949578, 2.4514471257763026, 0.8954201712494827, 0.47208048064154845, 0,5, 0
0.1168762056808355, 2.4871285719951772, 0.8791931343278623, 0.34775453925516286, 0,5, 0
0.15366194372380762, 2.411621899556584, 0.8845697102038791, 0.32860075107705955, 0,11, 0
0.10616643384553981, 2.585200428649479, 0.8856020620033704, 0.4455052045675003, 0,5, 0
0.16969334131577196, 2.298603142734409, 0.8280108655103379, 0.2995597650449861, 0,5, 0
0.10290693806958026, 2.367902994052796, 0.8964796922476321, 0.48074291250808865, 0,6, 0
0.13656622098050955, 2.306699624851714, 0.8871729991284596, 0.37593648511925115, 0,4, 0
0.1425530499567618, 2.368342741226584, 0.8836920272811872, 0.31955264456656735, 0,3, 0
0.16077961817335196, 2.2646967477207847, 0.8315699871858806, 0.34171852385275114, 0,8, 0
0.19650103106499037, 2.2645295796530425, 0.7845740411063759, 0.23878872758782074, 0,8, 0
0.18818599082019558, 2.1874560905868385, 0.8355599379912261, 0.26581823555309575, 0,8, 0
0.2198496640723741, 2.1216128648164023, 0.774570001316809, 0.20566771633777242, 0,7, 0
0.18386216989290227, 2.2255188230744047, 0.8546762758456882, 0.30127456634119637, 0,8, 0
0.17128982904277257, 2.1463623270060355, 0.8082888626181476, 0.2930873281588293, 0,10, 0
0.19217721013769706, 2.258846131606087, 0.8094755411554218, 0.2581627556737967, 0,12, 0
0.19364065722078094, 2.228500221257421, 0.8123113937042775, 0.26036457269491053, 0,7, 0
0.19423934011840618, 2.2081681358309106, 0.7855795645568603, 0.24871068177531716, 0,4, 0
0.22044834696999935, 2.1229000686290758, 0.7665706524505222, 0.22461429955287884, 0,6, 0
0.2401383622696734, 2.166820160271934, 0.7837237653145758, 0.2145844226147319, 0,8, 0
0.23508281780083815, 2.088897899160967, 0.7755600067000655, 0.20756399020969343, 0,10, 0
0.22843078560500232, 2.120222305288843, 0.7983981936865229, 0.22171378686447468, 0,7, 0
0.1538615046896827, 2.3214497718793274, 0.8742074881501298, 0.3769552777476776, 0,6, 0
0.19936140490919976, 2.145156273789204, 0.7860648712366677, 0.24698481277950626, 0,14, 0
0.20993813610057874, 2.129528128782813, 0.7903291064493209, 0.232697520519832, 0,8, 0
0.2351493381227965, 2.037946801719128, 0.790054296175465, 0.220752840097341, 0,10, 0
0.21978314375041574, 2.17938739562125, 0.7701721034909373, 0.22397183890439504, 0,6, 0
0.2731324419610191, 1.9983546355721766, 0.7361960874973267, 0.1772742667667407, 0,7, 0
0.28357613250848135, 1.964194669676249, 0.7339083395141468, 0.18633461623044487, 0,4, 0
0.23122463912725338, 2.0484751978851814, 0.7854118400528973, 0.2381676321963304, 0,8, 0
0.22044834696999935, 2.085510408446943, 0.7668324430774547, 0.225437415141601, 0,7, 0
0.23016031397591966, 2.0127854831385403, 0.7668328246056296, 0.23083756088847435, 0,7, 0
0.22710037916583517, 2.0544150834398214, 0.8225607723716629, 0.25231608733683364, 0,9, 0
0.19909532362136634, 2.090423475977967, 0.7941416125867349, 0.3060958792391963, 0,8, 0
0.24120268742100712, 2.052880033110221, 0.7479161324235257, 0.2150306906996512, 0,4, 0
0.22197831437504156, 2.1085122898136763, 0.7774964152140068, 0.2568386136527373, 0,5, 0
0.2390075167963813, 2.1854085462032926, 0.7528594648978963, 0.2234038479034564, 0,9, 0
0.299674050422404, 1.9212507842892794, 0.7286283303888047, 0.170914687492915, 0,7, 0
0.25630280050555443, 2.037433803307513, 0.7918751348461535, 0.21971626272319408, 0,6, 0
0.2644848001064325, 1.9786194495984135, 0.7511653118339743, 0.19491185307651032, 0,9, 0
0.25616975986163776, 2.009198657054669, 0.7447371473663433, 0.20605407001962334, 0,7, 0
0.24672387414355085, 2.137330481798787, 0.7750124612428845, 0.22284660765516043, 0,5, 0
0.23448413490321293, 2.0073431398565167, 0.7833416277429254, 0.2420277252195329, 0,2, 0
0.22670125723408502, 2.0954091188032646, 0.7939147150169827, 0.25090746720774787, 0,2, 0
0.2622231091598483, 1.9465004664127805, 0.7488584634269561, 0.21046315418157938, 0,8, 0
0.289829042772567, 1.9246099429922587, 0.6990653778280909, 0.17407549585903717, 0,10, 0
0.20341914454865961, 2.241821191128972, 0.7923278544758182, 0.26453152954925785, 0,5, 0
0.25630280050555443, 1.9848778875004323, 0.7672780743316437, 0.21588070588096347, 0,9, 0
0.32042839087341185, 1.8316149110923483, 0.6889453799150224, 0.1731554312676041, 0,9, 0
0.2642187188185991, 1.984471905872207, 0.7226966997465789, 0.21413540365477626, 0,7, 0
0.30040577396394597, 1.8931486104797606, 0.703895296602405, 0.1825245586776389, 0,7, 0
0.28197964478148074, 1.8752049160346231, 0.7500649790187743, 0.21268670060626696, 0,6, 0
0.3105833832235748, 1.8339155320952152, 0.7065508266915913, 0.18833545419437273, 0,11, 0
0.3124459522384088, 1.8400544162829986, 0.7106601139974829, 0.18645427099181927, 0,7, 0
0.3095855783941994, 1.8531542314246356, 0.7079386774151654, 0.182303993108527, 0,7, 0
0.33379897558704186, 1.822256016190447, 0.650201102272868, 0.16414287891542398, 0,8, 0
0.3155058870484933, 1.8237382154229047, 0.7092627190665308, 0.183280792416103, 0,7, 0
0.21798709505754008, 2.045426374375285, 0.7828923652600404, 0.28639550236589917, 0,8, 0
0.25237810151001133, 1.9537682003154335, 0.7526950273162414, 0.23148782497337383, 0,6, 0
0.28783343311381626, 1.9351759507557291, 0.715680329386743, 0.19271876511480923, 0,8, 0
0.32275660214195434, 1.8194385588640924, 0.6635196620552578, 0.17460165362823957, 0,8, 0
0.3448413490321293, 1.786032233434563, 0.6680271333108517, 0.1673181296529739, 0,7, 0
0.3086542938867824, 1.8552767601760491, 0.6826926986967257, 0.18334426214597818, 0,7, 0
0.32614913856183064, 1.879375913194226, 0.6942256650546395, 0.17162003878079685, 0,5, 0
0.3025344242666135, 1.8164666922738086, 0.690520839386074, 0.20703811042008197, 0,8, 0
0.36167099048759394, 1.72365427459697, 0.6554535025772233, 0.15918683289960536, 0,5, 0
0.35595024279917514, 1.7401573045786005, 0.6359994156333793, 0.1652080170284, 0,12, 0
0.3260826182398723, 1.797342985743559, 0.6765505698740206, 0.18092930912008545, 0,9, 0
0.33326681301137495, 1.8073499177590677, 0.6773662995514586, 0.17695867388478606, 0,7, 0
0.3450409099980044, 1.7584730634878536, 0.6473207644227468, 0.16884384477457323, 0,7, 0
0.29029468502627553, 1.8791601900956687, 0.7199117009712441, 0.19783655036020018, 0,7, 0
0.3246191711567884, 1.806882065498511, 0.6728602207912725, 0.17776768123515196, 0,3, 0
0.3349963413822923, 1.787222526997758, 0.6510557412626826, 0.1754255506531414, 0,10, 0
0.3394532029535023, 1.7810537096491865, 0.6613226604721789, 0.17459857530807896, 0,6, 0
0.3639326814341781, 1.7207230742856476, 0.659071098514123, 0.15962598138284434, 0,4, 0
0.3790993148406838, 1.6993182022886537, 0.6307245842815149, 0.1598500363583968, 0,5, 0
0.3426461784075035, 1.7806000996395666, 0.668558728142841, 0.17453452934240246, 0,7, 0
0.34444222710037914, 1.7585703517825575, 0.6715390257351692, 0.1759304986482899, 0,10, 0
0.35129382026209005, 1.7454250373780382, 0.6582132249595695, 0.17871412004215334, 0,7, 0
0.33027339852324883, 1.8326025859075559, 0.7169023070530213, 0.19259229865247984, 0,13, 0
0.33180336592829107, 1.7672314134843412, 0.6902481832118696, 0.1860472306658276, 0,8, 0
0.27652497838089535, 1.9339702744719622, 0.7178402934746978, 0.21933278752017768, 0,12, 0
0.3483669260959223, 1.785790238977232, 0.6316719378229785, 0.1701040292148509, 0,5, 0
0.3161045699461185, 1.9130766243069643, 0.6734612936368404, 0.18358129659653946, 0,11, 0
0.3721146810350562, 1.6794670432308418, 0.6229561430005893, 0.15536120059971256, 0,6, 0
0.3710503558837225, 1.6947647439087807, 0.6424462569557725, 0.1593632894891851, 0,10, 0
0.3500964544668396, 1.7751579966773008, 0.6377491510371712, 0.1692407307526847, 0,4, 0
0.3731124858644316, 1.682133479228334, 0.6110188942975304, 0.15876194386476292, 0,6, 0
0.3823588106166434, 1.6677245919610706, 0.6483891160155696, 0.1692989988211628, 0,12, 0
0.35289030798909066, 1.7747726131383985, 0.6424779842021563, 0.1624419825590908, 0,7, 0
0.37124991684959757, 1.740750208559495, 0.6461931656074974, 0.16298459900567042, 0,10, 0
0.3751080955231823, 1.70667545674352, 0.6484215060725677, 0.15765877015143687, 0,6, 0
0.33379897558704186, 1.7860725304486151, 0.7039625465770467, 0.19041087282180638, 0,7, 0
0.38062928224572606, 1.6875794596010074, 0.6124838799129438, 0.1536968183996477, 0,9, 0
0.33140424399654095, 1.8533626505911156, 0.6787616271413184, 0.1811907890722723, 0,9, 0
0.30226834297878, 1.9568491940297568, 0.7010262794068984, 0.1993110799774443, 0,4, 0
0.35129382026209005, 1.77776650646002, 0.6258294687824878, 0.16879179986985374, 0,4, 0
0.3467039180469633, 1.7978490756703558, 0.6410024171795108, 0.18586825833089216, 0,9, 0
