acuracia,loss,frr,fpr, removed, n_clf, tp_removed
0.09825051553249518, 2.3036959164792696, 0.8944041643372586, 0.3510638335706202, 0,0, 0
0.1289829042772567, 2.3017559897469035, 0.8639052600975837, 0.2402948581666034, 0,0, 0
0.09958092197166234, 2.334782906677055, 0.8933638062721464, 0.5122110993674521, 0,1, 0
0.09958092197166234, 2.3325531505930965, 0.8933638062721464, 0.5125560422348044, 0,0, 0
0.1064990354553316, 2.368966147823977, 0.8889663308159022, 0.4479566519803916, 0,5, 0
0.09984700325949578, 2.6516437122844487, 0.9423274481396412, 0.5169001027665714, 0,1, 0
0.14128916383955298, 2.315875822449606, 0.8579637208673303, 0.34025842508360327, 0,5, 0
0.09878267810816205, 2.3393584749762555, 0.9000015148416551, 0.5168670858931115, 0,1, 0
0.10111088937670458, 2.3745284868414305, 0.9116167084157132, 0.5136298837702808, 0,2, 0
0.10071176744495443, 2.3396366054264917, 0.8789724869472108, 0.40836689499789136, 0,2, 0
0.09878267810816205, 2.383123711071701, 0.9000015148416551, 0.5095991863649407, 0,3, 0
0.09878267810816205, 2.4090514409282777, 0.9000015148416551, 0.5146327625335801, 0,2, 0
0.10111088937670458, 2.3474882359531026, 0.9116167084157132, 0.509853832261008, 0,4, 0
0.10111088937670458, 2.413981859233417, 0.9116167084157132, 0.5130054511837142, 0,7, 0
0.09878267810816205, 2.3229972890677395, 0.9000015148416551, 0.5134863919670776, 0,4, 0
0.13004722942859043, 2.313127545121583, 0.8498818311589418, 0.27458332540585884, 0,2, 0
0.09904875939599547, 2.3685165575019598, 0.8938837418790088, 0.5055697831765695, 0,2, 0
0.10024612519124593, 2.413080105681322, 0.88033626681359, 0.4921210429084634, 0,0, 0
0.0996474422936207, 2.4081898309954037, 0.9424463317291131, 0.5179903103964829, 0,3, 0
0.0996474422936207, 2.448950448586842, 0.9424463317291131, 0.5164924829583868, 0,1, 0
0.09904875939599547, 2.4364787208608134, 0.8938837418790088, 0.5051190531925772, 0,4, 0
0.0996474422936207, 2.3444266433226706, 0.9424463317291131, 0.518759848140585, 0,5, 0
0.09878267810816205, 2.5444456385430607, 0.9000015148416551, 0.5150344777148919, 0,3, 0
0.09878267810816205, 2.388575824428475, 0.9000015148416551, 0.5120695249246315, 0,2, 0
0.09958092197166234, 2.35072430812265, 0.8933638062721464, 0.5138508984449232, 0,1, 0
0.10024612519124593, 2.402145541745936, 0.88033626681359, 0.4959972398448836, 0,2, 0
0.11827313244196101, 2.33978412572887, 0.8740456054285201, 0.40818473224728913, 0,3, 0
0.09991352358145414, 2.333600232243213, 0.9273376082964652, 0.5214165485088279, 0,3, 0
0.11221978314375042, 2.3764318336089563, 0.8764625899919681, 0.41205246637969195, 0,3, 0
0.09991352358145414, 2.5082463107486213, 0.9273376082964652, 0.5205417246965766, 0,2, 0
0.09904875939599547, 2.3588587308226567, 0.8938837418790088, 0.5056033570477861, 0,2, 0
0.09958092197166234, 2.316015514017127, 0.8933638062721464, 0.510833043424943, 0,4, 0
0.10024612519124593, 2.3361791642944643, 0.88033626681359, 0.49493782473081505, 0,1, 0
0.09991352358145414, 2.427760803666981, 0.9273376082964652, 0.5215414055726975, 0,3, 0
0.09904875939599547, 2.403780838143189, 0.8938837418790088, 0.5065897655914483, 0,2, 0
0.0996474422936207, 2.417268570379956, 0.9424463317291131, 0.5199927068533604, 0,2, 0
0.09878267810816205, 2.310190288588996, 0.9000015148416551, 0.5140327108662478, 0,4, 0
0.09991352358145414, 2.339132085647728, 0.9273376082964652, 0.521517052699734, 0,3, 0
0.09958092197166234, 2.3935170916671056, 0.8933638062721464, 0.5158493413775004, 0,2, 0
0.0996474422936207, 2.3427589362406533, 0.9424463317291131, 0.5200772110169871, 0,3, 0
0.0996474422936207, 2.310985716708936, 0.9424463317291131, 0.5163917517402035, 0,4, 0
0.0996474422936207, 2.3562440714705755, 0.9424463317291131, 0.5174628747823417, 0,5, 0
0.11162110024612519, 2.3191430630389225, 0.900959969748577, 0.4023950225327885, 0,4, 0
0.09991352358145414, 2.331705485720569, 0.9273376082964652, 0.5218241592786166, 0,5, 0
0.10111088937670458, 2.3825995902184722, 0.9116167084157132, 0.5121986972915498, 0,0, 0
0.10111088937670458, 2.3071230606096105, 0.9116167084157132, 0.5135858176215414, 0,8, 0
0.09971396261557906, 2.343276346038299, 0.8931552566009799, 0.5106062499436422, 0,5, 0
0.10024612519124593, 2.394564762948429, 0.88033626681359, 0.49729614139610995, 0,5, 0
0.09878267810816205, 2.385750870809959, 0.9000015148416551, 0.5124419780910757, 0,4, 0
0.09991352358145414, 2.3729657473253614, 0.9273376082964652, 0.5252941175511969, 0,4, 0
0.09991352358145414, 2.4794761575894753, 0.9273376082964652, 0.5186131937970088, 0,4, 0
0.09991352358145414, 2.5394236659175786, 0.9273376082964652, 0.5184128241521223, 0,2, 0
0.09991352358145414, 2.475565152072164, 0.9273376082964652, 0.5196891240011486, 0,0, 0
0.10111088937670458, 2.5967001594453882, 0.9116167084157132, 0.5147859394284999, 0,1, 0
0.09904875939599547, 2.385622950313271, 0.8938837418790088, 0.5080101161177969, 0,5, 0
0.10051220647907935, 2.3748067191742552, 0.8777699163158681, 0.5072624525456291, 0,1, 0
0.09958092197166234, 2.380762887121571, 0.8933638062721464, 0.514742000085904, 0,0, 0
0.09958092197166234, 2.376551860631571, 0.8933638062721464, 0.5140152338605275, 0,4, 0
0.09958092197166234, 2.3212310015413804, 0.8933638062721464, 0.5172610820357558, 0,3, 0
0.10024612519124593, 2.3492973296456587, 0.88033626681359, 0.4938382641689904, 0,3, 0
0.09991352358145414, 2.3583980395171737, 0.9273376082964652, 0.521494559563254, 0,4, 0
0.09958092197166234, 2.3812962656272334, 0.8933638062721464, 0.5133678616482759, 0,1, 0
0.09991352358145414, 2.431820120297926, 0.9273376082964652, 0.5225712151917024, 0,2, 0
0.10024612519124593, 2.5134083434809535, 0.88033626681359, 0.4921390342894702, 0,3, 0
0.09878267810816205, 2.3505966177737174, 0.9000015148416551, 0.5124089296289602, 0,2, 0
0.0996474422936207, 2.3793984588919814, 0.9424463317291131, 0.5192041735000898, 0,2, 0
0.10111088937670458, 2.488131446062206, 0.9116167084157132, 0.512909997336472, 0,0, 0
0.09878267810816205, 2.4158289328406832, 0.9000015148416551, 0.5160346182767572, 0,0, 0
0.09878267810816205, 2.3730336401678724, 0.9000015148416551, 0.5113405836039628, 0,2, 0
0.09991352358145414, 2.474870863578074, 0.9273376082964652, 0.5203609639534124, 0,3, 0
0.09878267810816205, 2.481735903576194, 0.9000015148416551, 0.512109425330842, 0,3, 0
0.09878267810816205, 2.4236730869036984, 0.9000015148416551, 0.5138677437079938, 0,1, 0
0.09991352358145414, 2.437307819867811, 0.9273376082964652, 0.5210384047026726, 0,1, 0
0.09904875939599547, 2.440271449796392, 0.8938837418790088, 0.5077965455898039, 0,2, 0
0.09991352358145414, 2.410669616586171, 0.9273376082964652, 0.5212578279152559, 0,4, 0
0.09878267810816205, 2.518941064267262, 0.9000015148416551, 0.5153618372035451, 0,4, 0
0.10017960486928756, 2.433448017852825, 0.8835487229879121, 0.5059485665676955, 0,1, 0
0.09958092197166234, 2.6010765392433135, 0.8933638062721464, 0.517228518334191, 0,3, 0
0.10111088937670458, 2.3672060294199837, 0.9116167084157132, 0.5132811010847007, 0,0, 0
0.09991352358145414, 2.4126138732651072, 0.9273376082964652, 0.520962627850217, 0,0, 0
0.09991352358145414, 2.4138086471444695, 0.9273376082964652, 0.5205859852108565, 0,2, 0
0.10111088937670458, 2.6401525132275308, 0.9116167084157132, 0.5123809803646162, 0,5, 0
0.09991352358145414, 2.3479817103365814, 0.9273376082964652, 0.5218865626127134, 0,3, 0
0.09958092197166234, 2.3562902520534434, 0.8933638062721464, 0.5166226592517216, 0,3, 0
0.09878267810816205, 2.3483184331874765, 0.9000015148416551, 0.5131310018110526, 0,1, 0
0.10111088937670458, 2.395926956660034, 0.9116167084157132, 0.5177741030747149, 0,2, 0
0.09991352358145414, 2.451228078663139, 0.9273376082964652, 0.5199416444811911, 0,5, 0
0.10024612519124593, 2.461599115434699, 0.88033626681359, 0.4931022606768844, 0,3, 0
0.10556775094791458, 2.314540121470162, 0.8858776361496531, 0.4437297395573726, 0,5, 0
0.09878267810816205, 2.3247958761659406, 0.9000015148416551, 0.5155910211543031, 0,0, 0
0.09878267810816205, 2.34012699437254, 0.9000015148416551, 0.5141999189996311, 0,3, 0
0.09904875939599547, 2.3628101564727206, 0.8938837418790088, 0.507269292290824, 0,1, 0
0.09904875939599547, 2.3453199406675034, 0.8938837418790088, 0.5053130203522049, 0,7, 0
0.09991352358145414, 2.331102733902927, 0.9273376082964652, 0.5202543069385145, 0,0, 0
0.10024612519124593, 2.3634961092455424, 0.88033626681359, 0.4963760416549276, 0,3, 0
0.10097784873278787, 2.304468057465349, 0.8896953824485279, 0.5083037863516497, 0,4, 0
0.10051220647907935, 2.3752887280950175, 0.8777699163158681, 0.504534688446276, 0,3, 0
0.09904875939599547, 2.5593049477683976, 0.8938837418790088, 0.5021287447686682, 0,0, 0
0.10051220647907935, 2.4089778080549906, 0.8777699163158681, 0.5074867915984382, 0,3, 0
0.10097784873278787, 2.3456191158354947, 0.8896953824485279, 0.5045372430538879, 0,1, 0
0.09958092197166234, 2.413100880324575, 0.8933638062721464, 0.5129293859730825, 0,0, 0
0.09266280848799308, 2.302819623336863, 0.9142707797011692, 0.3154266985355097, 0,0, 0
0.0988491984301204, 2.3004697836033006, 0.8999330216909702, 0.5097953021804829, 0,1, 0
0.10064524712299608, 2.3745338821382584, 0.8831520946278356, 0.49430763886856416, 0,2, 0
0.15412758597751613, 2.3458709194854785, 0.8274954332161677, 0.3274850244153333, 0,1, 0
0.0991818000399122, 2.3342989577922264, 0.8935549920765747, 0.5089744968642718, 0,3, 0
0.11335062861704251, 2.365551667172839, 0.8996463903033236, 0.35007882435805493, 0,1, 0
0.09878267810816205, 2.3236099343999914, 0.9000015148416551, 0.5137236479392233, 0,3, 0
0.11315106765116743, 2.3526625398675067, 0.9233999972413067, 0.3770270226032462, 0,0, 0
0.0996474422936207, 2.4370719083156573, 0.9424463317291131, 0.520102057811406, 0,3, 0
0.16689948779352093, 2.3634664625383413, 0.8339973008023059, 0.26726202985608216, 0,1, 0
0.0996474422936207, 2.331376580399667, 0.9424463317291131, 0.5157907936266932, 0,3, 0
0.10104436905474623, 2.33740604698543, 0.9116913352813847, 0.5118138363013757, 0,3, 0
0.0996474422936207, 2.389237925708631, 0.9424463317291131, 0.5197593479532799, 0,3, 0
0.10111088937670458, 2.3165718388876213, 0.9116167084157132, 0.5103377386599239, 0,1, 0
0.09958092197166234, 2.330860141032091, 0.8933638062721464, 0.517431173251653, 0,2, 0
0.09878267810816205, 2.3188651972233174, 0.9000015148416551, 0.5152775296735859, 0,4, 0
0.10111088937670458, 2.383057701732793, 0.9116167084157132, 0.5143568532845202, 0,3, 0
0.0988491984301204, 2.3830221534322487, 0.8999642014088193, 0.5137043173373105, 0,2, 0
0.09904875939599547, 2.4641830938063656, 0.8938837418790088, 0.5089201463263747, 0,3, 0
0.09958092197166234, 2.328405120340577, 0.8933638062721464, 0.5109470815983023, 0,3, 0
0.09878267810816205, 2.36745969326777, 0.9000015148416551, 0.5120781763424246, 0,3, 0
0.10397126322091399, 2.3424637278801255, 0.889183611352172, 0.5038119555372813, 0,5, 0
0.09958092197166234, 2.335261163348044, 0.8933638062721464, 0.5148515050485272, 0,4, 0
0.10051220647907935, 2.380637881991028, 0.8777699163158681, 0.5059983902034828, 0,4, 0
0.09878267810816205, 2.338821697844119, 0.9000015148416551, 0.511870384770988, 0,4, 0
0.09958092197166234, 2.3478065880204695, 0.8933638062721464, 0.5144070661222533, 0,3, 0
0.09878267810816205, 2.3441764881913314, 0.9000015148416551, 0.5121338522943562, 0,5, 0
0.10024612519124593, 2.5602542536864377, 0.88033626681359, 0.4948425271089542, 0,3, 0
0.09958092197166234, 2.32264207062556, 0.8933638062721464, 0.5152279880230161, 0,1, 0
0.09904875939599547, 2.4876723191635515, 0.8938837418790088, 0.5058664103480129, 0,3, 0
0.09878267810816205, 2.3142024852523293, 0.9000015148416551, 0.5123711989104227, 0,1, 0
0.10111088937670458, 2.330384843222421, 0.9116167084157132, 0.5160747388836183, 0,3, 0
0.09878267810816205, 2.3453355037007495, 0.9000015148416551, 0.513063446379857, 0,3, 0
0.10111088937670458, 2.382574480910394, 0.9116167084157132, 0.5136837089267473, 0,2, 0
0.0988491984301204, 2.3156684358811606, 0.8999717529368932, 0.5177937577903566, 0,4, 0
0.0996474422936207, 2.456138497958567, 0.9424463317291131, 0.5156968821208955, 0,1, 0
0.10051220647907935, 2.342867804931197, 0.8777699163158681, 0.5054886068822213, 0,3, 0
0.0996474422936207, 2.4060653079208687, 0.9424463317291131, 0.516701077959775, 0,1, 0
0.09991352358145414, 2.3639674748297836, 0.9273376082964652, 0.5220562243342142, 0,3, 0
0.09991352358145414, 2.408078143587609, 0.9273376082964652, 0.5245309628477388, 0,2, 0
0.09904875939599547, 2.348469983062003, 0.8938837418790088, 0.5042969490257208, 0,1, 0
0.09878267810816205, 2.3869147553840717, 0.9000015148416551, 0.5148017539558689, 0,3, 0
0.09991352358145414, 2.3126220176425005, 0.9273376082964652, 0.5225767928510444, 0,4, 0
0.09991352358145414, 2.330876372201963, 0.9273376082964652, 0.5252325231889203, 0,6, 0
0.10111088937670458, 2.3469876046508387, 0.9116167084157132, 0.511542494396103, 0,2, 0
0.09904875939599547, 2.4173902091267565, 0.8938837418790088, 0.5074886467120783, 0,3, 0
0.10051220647907935, 2.3149833272715603, 0.8777699163158681, 0.5071643070350766, 0,4, 0
0.10051220647907935, 2.3263239042175146, 0.8777699163158681, 0.5079732631695879, 0,5, 0
0.09878267810816205, 2.33849474856107, 0.9000015148416551, 0.5155251797532391, 0,2, 0
0.0996474422936207, 2.3991036754021473, 0.9424463317291131, 0.5207423746271116, 0,3, 0
0.10111088937670458, 2.353417376284668, 0.9116167084157132, 0.5171604267703712, 0,6, 0
0.10024612519124593, 2.4299612991238737, 0.88033626681359, 0.4970492930682892, 0,3, 0
0.09878267810816205, 2.334722437195964, 0.9000015148416551, 0.5134028458602801, 0,1, 0
0.0996474422936207, 2.3493779217943906, 0.9424463317291131, 0.5218454004986254, 0,5, 0
0.09991352358145414, 2.363641287651968, 0.9273376082964652, 0.5240994147388317, 0,3, 0
0.10097784873278787, 2.366746887676668, 0.8896953824485279, 0.5024379477955163, 0,0, 0
0.09958092197166234, 2.4761296638763333, 0.8933638062721464, 0.5159338593441457, 0,2, 0
0.09878267810816205, 2.379706922162993, 0.9000015148416551, 0.5127306913276709, 0,2, 0
0.09878267810816205, 2.493023279786451, 0.9000015148416551, 0.5120291346080665, 0,1, 0
0.09904875939599547, 2.3781417503507916, 0.8938837418790088, 0.5097394245054833, 0,3, 0
0.10024612519124593, 2.3455722111471875, 0.88033626681359, 0.493184703368615, 0,4, 0
0.0996474422936207, 2.3856436070953073, 0.9424463317291131, 0.5195087115717673, 0,2, 0
0.09958092197166234, 2.361170469513198, 0.8933638062721464, 0.512105271982086, 0,5, 0
0.10024612519124593, 2.4525811634861143, 0.88033626681359, 0.49641459364475965, 0,1, 0
0.09904875939599547, 2.454129670659582, 0.8938837418790088, 0.5057110001226305, 0,7, 0
0.09991352358145414, 2.3807481038057343, 0.9273376082964652, 0.5238767720316581, 0,1, 0
0.09904875939599547, 2.345517783681052, 0.8938837418790088, 0.5057890848141127, 0,4, 0
0.09991352358145414, 2.363289386602978, 0.9273376082964652, 0.5231124950716951, 0,3, 0
0.09991352358145414, 2.3779169546902033, 0.9273376082964652, 0.5219079646038057, 0,4, 0
0.10051220647907935, 2.419568684535184, 0.8777699163158681, 0.5079717700391169, 0,4, 0
0.09991352358145414, 2.4109988880278004, 0.9273376082964652, 0.5194554086189345, 0,3, 0
0.10097784873278787, 2.306462038604512, 0.8896953824485279, 0.505006638936137, 0,2, 0
0.09958092197166234, 2.320304204990532, 0.8933638062721464, 0.5157383338741468, 0,5, 0
0.09958092197166234, 2.346563864339495, 0.8933638062721464, 0.5155048499503438, 0,4, 0
0.10024612519124593, 2.3423603401128257, 0.88033626681359, 0.4943127280613265, 0,3, 0
0.09904875939599547, 2.3712838929799998, 0.8938837418790088, 0.5058294270497918, 0,2, 0
0.10024612519124593, 2.340273582545978, 0.88033626681359, 0.49539883213437436, 0,3, 0
0.09878267810816205, 2.403751498955195, 0.9000015148416551, 0.5132204515037811, 0,2, 0
0.10137697066453802, 2.3124342042434116, 0.9114277940721844, 0.508443171006329, 0,5, 0
0.10111088937670458, 2.325726522670125, 0.9116167084157132, 0.511023574094824, 0,2, 0
0.09904875939599547, 2.341755805849466, 0.8938837418790088, 0.5030588011426399, 0,4, 0
0.09991352358145414, 2.526211197914053, 0.9273376082964652, 0.5261062902456154, 0,0, 0
0.09878267810816205, 2.3818944867226777, 0.9000015148416551, 0.5138807128692879, 0,6, 0
0.09904875939599547, 2.377392173725347, 0.8938837418790088, 0.5067500598259238, 0,5, 0
0.10111088937670458, 2.412304989300207, 0.9116167084157132, 0.509311201845789, 0,3, 0
0.10111088937670458, 2.404602188443278, 0.9116167084157132, 0.5134894249430877, 0,2, 0
0.09958092197166234, 2.4211891860152437, 0.8933638062721464, 0.5157352291452403, 0,1, 0
0.10051220647907935, 2.313414604183459, 0.8777699163158681, 0.5051281411916798, 0,4, 0
0.10111088937670458, 2.339118183765362, 0.9116167084157132, 0.5148963790708317, 0,3, 0
0.0996474422936207, 2.3754988436704307, 0.9424463317291131, 0.5191031893531147, 0,3, 0
0.09904875939599547, 2.3527390886699577, 0.8938837418790088, 0.504064817857819, 0,4, 0
0.09991352358145414, 2.382487227616494, 0.9273376082964652, 0.5214008077121943, 0,5, 0
0.09991352358145414, 2.400441267156858, 0.9273376082964652, 0.5208683293566905, 0,3, 0
0.10024612519124593, 2.364947687506652, 0.88033626681359, 0.4947192215622956, 0,4, 0
0.10024612519124593, 2.43155114835333, 0.88033626681359, 0.49447882874391186, 0,0, 0
0.10017960486928756, 2.464993147200424, 0.8835487229879121, 0.5096857264720689, 0,5, 0
0.09958092197166234, 2.333015417082061, 0.8933638062721464, 0.5147451931684245, 0,1, 0
0.10024612519124593, 2.450740626668261, 0.88033626681359, 0.49457462331111457, 0,4, 0
0.09904875939599547, 2.3840211012450188, 0.8938837418790088, 0.5055476992225191, 0,1, 0
0.09958092197166234, 2.3397381792269583, 0.8933638062721464, 0.5170969159763884, 0,2, 0
0.10111088937670458, 2.3737160480403854, 0.9116167084157132, 0.514240838042081, 0,7, 0
0.10031264551320429, 2.303824792497927, 0.8817123114680165, 0.3828707589445994, 0,0, 0
0.10017960486928756, 2.3096540652055397, 0.8835487229879121, 0.5079110676378122, 0,0, 0
0.0996474422936207, 2.381196197076987, 0.9424463317291131, 0.5179873480208499, 0,2, 0
0.100445686157121, 2.3157056836971526, 0.8802450603588116, 0.4997420549084817, 0,0, 0
0.10097784873278787, 2.3051966444933587, 0.8896953824485279, 0.5065644693017473, 0,3, 0
0.10111088937670458, 2.404064890621967, 0.9116167084157132, 0.5134527470965946, 0,3, 0
0.10111088937670458, 2.336560821490382, 0.9116167084157132, 0.512425206884222, 0,2, 0
0.11355018958291759, 2.342297064633948, 0.9029998827995616, 0.3971187660041003, 0,1, 0
0.10164305195237144, 2.323831183146092, 0.9231510415231642, 0.5149161190041929, 0,1, 0
0.10111088937670458, 2.4867754637548756, 0.9116167084157132, 0.5123787583274898, 0,1, 0
0.11414887248054281, 2.4193265250142617, 0.8926722430524243, 0.35712300546546444, 0,3, 0
0.13610057872680104, 2.306289538202874, 0.8443341830527373, 0.2920905219262107, 0,4, 0
0.1398257167564691, 2.336070776437719, 0.8528814655521273, 0.33896251242215475, 0,4, 0
0.09991352358145414, 2.383977855567422, 0.9273376082964652, 0.5203103554497402, 0,3, 0
0.10117740969866294, 2.3983959741778915, 0.9115865879337854, 0.5110439042454786, 0,1, 0
0.09878267810816205, 2.3923489706075207, 0.9000015148416551, 0.507147303963758, 0,3, 0
0.09991352358145414, 2.430377188116175, 0.9273376082964652, 0.520145536671339, 0,4, 0
0.11275194571941728, 2.3070194791797505, 0.8858977157721988, 0.4201677506359031, 0,0, 0
0.09991352358145414, 2.338757960277586, 0.9273376082964652, 0.51789176281059, 0,3, 0
0.10051220647907935, 2.34035038554739, 0.8777699163158681, 0.5027454917843064, 0,3, 0
0.1168762056808355, 2.311318361647375, 0.8753306203009241, 0.43788052472324124, 0,3, 0
0.09904875939599547, 2.340850335414686, 0.8938837418790088, 0.5047530077721332, 0,3, 0
0.10057872680103772, 2.325129126658706, 0.8985363918623238, 0.4902859713731399, 0,5, 0
0.09904875939599547, 2.350353943867843, 0.8938837418790088, 0.5044505176549738, 0,5, 0
0.09904875939599547, 2.376275036448071, 0.8938837418790088, 0.5084544097599223, 0,2, 0
0.09958092197166234, 2.419860464151705, 0.8933638062721464, 0.5131771414903405, 0,4, 0
0.09991352358145414, 2.5368206048768287, 0.9273376082964652, 0.5190461788932732, 0,2, 0
0.10051220647907935, 2.3155137802846717, 0.8782323741508988, 0.48209381898364384, 0,4, 0
0.10097784873278787, 2.306690759084059, 0.8896953824485279, 0.5067257318762166, 0,1, 0
0.10024612519124593, 2.4257847068473612, 0.88033626681359, 0.49489133666948976, 0,2, 0
0.10111088937670458, 2.317096183901576, 0.9116167084157132, 0.5138485325927575, 0,2, 0
0.10051220647907935, 2.450162125634535, 0.8777699163158681, 0.5079458587973623, 0,1, 0
0.09958092197166234, 2.3680617474022005, 0.8933638062721464, 0.5168104571188065, 0,4, 0
0.09958092197166234, 2.3343724542960493, 0.8933638062721464, 0.5140118164151097, 0,2, 0
0.10024612519124593, 2.4577313523596094, 0.88033626681359, 0.4958384749588992, 0,2, 0
0.10051220647907935, 2.4143651967149196, 0.8777699163158681, 0.506048511019575, 0,1, 0
0.09904875939599547, 2.3588771656713647, 0.8938837418790088, 0.50593516192346, 0,3, 0
0.0996474422936207, 2.428302520820023, 0.9424463317291131, 0.5200368464505982, 0,4, 0
0.09878267810816205, 2.3535650085484616, 0.9000015148416551, 0.5157337280871925, 0,3, 0
0.10111088937670458, 2.453777538693642, 0.9116167084157132, 0.5136135248448861, 0,1, 0
0.09958092197166234, 2.340557261220013, 0.8933638062721464, 0.5147266453327856, 0,2, 0
0.0996474422936207, 2.4141881624746566, 0.9424463317291131, 0.5208956942850338, 0,4, 0
0.10024612519124593, 2.3724582900799875, 0.88033626681359, 0.4942932237156628, 0,4, 0
0.0996474422936207, 2.3777759480379634, 0.9424463317291131, 0.5191354685186927, 0,3, 0
0.09878267810816205, 2.572853427736423, 0.9000015148416551, 0.5123732067250806, 0,5, 0
0.10024612519124593, 2.4422738944541305, 0.88033626681359, 0.4960402933961417, 0,1, 0
0.09958092197166234, 2.356615143717386, 0.8933638062721464, 0.5143763774384007, 0,3, 0
0.09958092197166234, 2.3556964662524984, 0.8933638062721464, 0.514258017803591, 0,0, 0
0.10111088937670458, 2.390088911518987, 0.9116167084157132, 0.5120598800798492, 0,1, 0
0.09958092197166234, 2.3232774846862907, 0.8933638062721464, 0.5116857716389238, 0,1, 0
0.10111088937670458, 2.3524898182788325, 0.9116167084157132, 0.5113764242189721, 0,5, 0
0.10097784873278787, 2.4119568217786367, 0.8896953824485279, 0.504974828434985, 0,4, 0
0.09958092197166234, 2.436128471613422, 0.8933638062721464, 0.5159515244828115, 0,2, 0
0.09958092197166234, 2.343844759997942, 0.8933638062721464, 0.516420464088019, 0,5, 0
0.10024612519124593, 2.3562921757375475, 0.88033626681359, 0.4935747956695299, 0,7, 0
0.09904875939599547, 2.544993702090049, 0.8938837418790088, 0.5046838909313591, 0,4, 0
0.09878267810816205, 2.334520413935371, 0.9000015148416551, 0.5114773298950428, 0,1, 0
0.09991352358145414, 2.3373375226025064, 0.9273376082964652, 0.5216769795127489, 0,4, 0
0.0996474422936207, 2.422602544531552, 0.9424463317291131, 0.5146883599527032, 0,0, 0
0.09904875939599547, 2.455955080410951, 0.8938837418790088, 0.508597391068044, 0,2, 0
0.09878267810816205, 2.395214729519064, 0.9000015148416551, 0.514334011485644, 0,2, 0
0.09878267810816205, 2.413904211933976, 0.9000015148416551, 0.5138896859765084, 0,2, 0
0.09878267810816205, 2.323212956950819, 0.9000015148416551, 0.5141754432358029, 0,4, 0
0.09904875939599547, 2.3713470646572676, 0.8938837418790088, 0.5069404042189949, 0,2, 0
0.09991352358145414, 2.3132422946530777, 0.9273376082964652, 0.5252629576092482, 0,4, 0
0.09904875939599547, 2.3470145537135907, 0.8938837418790088, 0.5037745707565106, 0,5, 0
0.09991352358145414, 2.348650773223555, 0.9273376082964652, 0.5236935667332145, 0,3, 0
0.0996474422936207, 2.3517556790224545, 0.9424463317291131, 0.5189864608312698, 0,1, 0
0.09991352358145414, 2.3170645924644746, 0.9273376082964652, 0.5208865852682634, 0,1, 0
0.09904875939599547, 2.3252252521434325, 0.8938837418790088, 0.5061392405452232, 0,1, 0
0.10097784873278787, 2.310138644108252, 0.8896953824485279, 0.5074947529227287, 0,6, 0
0.10017960486928756, 2.3211590198908136, 0.8835487229879121, 0.509749793953923, 0,1, 0
0.09904875939599547, 2.3948687641062216, 0.8938837418790088, 0.5037985135996257, 0,1, 0
0.09878267810816205, 2.4160094967718204, 0.9000015148416551, 0.5134279214504577, 0,4, 0
0.09904875939599547, 2.3856668128769356, 0.8938837418790088, 0.5080328927046205, 0,2, 0
0.10111088937670458, 2.362397317780727, 0.9116167084157132, 0.5100400537053098, 0,5, 0
0.10097784873278787, 2.3559810334492814, 0.8896953824485279, 0.5031803152555173, 0,2, 0
0.09878267810816205, 2.5200172599296264, 0.9000015148416551, 0.5146479940669547, 0,1, 0
0.0996474422936207, 2.438274316299876, 0.9424463317291131, 0.5151717970142823, 0,3, 0
0.09991352358145414, 2.4321808390518087, 0.9273376082964652, 0.5213495954203988, 0,4, 0
0.09878267810816205, 2.3295909819041216, 0.9000015148416551, 0.5136510886330562, 0,3, 0
0.09991352358145414, 2.3897083046859287, 0.9273376082964652, 0.5239859488728817, 0,3, 0
0.09904875939599547, 2.404625912955411, 0.8938837418790088, 0.5049747639215115, 0,1, 0
0.09878267810816205, 2.353775653535874, 0.9000015148416551, 0.5122264779824375, 0,2, 0
0.09991352358145414, 2.4053745596246916, 0.9273376082964652, 0.5196005742780172, 0,5, 0
0.10111088937670458, 2.407384756153345, 0.9116167084157132, 0.5108475556636044, 0,3, 0
0.0996474422936207, 2.3140207166912186, 0.9424463317291131, 0.5169330631180196, 0,2, 0
0.10024612519124593, 2.3367535866861897, 0.88033626681359, 0.4935040793041432, 0,2, 0
0.09991352358145414, 2.4563820497215545, 0.9273376082964652, 0.5215391510772526, 0,4, 0
0.09904875939599547, 2.3182661042181403, 0.8938837418790088, 0.5052660292641895, 0,1, 0
0.09878267810816205, 2.394485948582669, 0.9000015148416551, 0.5152760022651378, 0,3, 0
0.09991352358145414, 2.4550693949277727, 0.9273376082964652, 0.5238342997321298, 0,0, 0
0.09958092197166234, 2.533274728849184, 0.8933638062721464, 0.5133776780125633, 0,5, 0
0.10111088937670458, 2.328550420200437, 0.9116167084157132, 0.5104701268151411, 0,0, 0
0.09904875939599547, 2.3310155311696885, 0.8938837418790088, 0.5042842065555319, 0,5, 0
0.09904875939599547, 2.3782766930699974, 0.8938837418790088, 0.5041152707427056, 0,4, 0
0.09878267810816205, 2.332979628340828, 0.9000015148416551, 0.5114336034785829, 0,2, 0
0.09904875939599547, 2.403308355125499, 0.8938837418790088, 0.5057127252007418, 0,5, 0
0.09878267810816205, 2.4598078051148193, 0.9000015148416551, 0.5125670068375426, 0,4, 0
0.10111088937670458, 2.3862558116553143, 0.9116167084157132, 0.5142434273371455, 0,1, 0
0.09958092197166234, 2.5611865017884017, 0.8933638062721464, 0.5146612137463304, 0,2, 0
0.10836160447016563, 2.3024809236481447, 0.8921704768732954, 0.22118978461803182, 0,0, 0
0.0996474422936207, 2.3272130243920808, 0.9424463317291131, 0.5211967875657464, 0,3, 0
0.1398257167564691, 2.3024659278443065, 0.8582350421049932, 0.3492363973071226, 0,2, 0
0.09904875939599547, 2.3163389553212044, 0.8938837418790088, 0.5038153829403956, 0,5, 0
0.10111088937670458, 2.360148904947339, 0.9116167084157132, 0.5144691761247645, 0,1, 0
0.09938136100578727, 2.382464057209883, 0.8997194556293765, 0.5103934733177187, 0,2, 0
0.10876072640191578, 2.329160099098372, 0.8915648816068545, 0.4539677444032006, 0,1, 0
0.1085611654360407, 2.3117150698467492, 0.9227698084036936, 0.4006465572515132, 0,3, 0
0.09958092197166234, 2.463631229764456, 0.8933638062721464, 0.5145936673310547, 0,5, 0
0.09958092197166234, 2.42856095012914, 0.8933638062721464, 0.5128757903727557, 0,2, 0
0.10111088937670458, 2.349043088703743, 0.9116167084157132, 0.5114273532501145, 0,5, 0
0.09878267810816205, 2.3182135247219935, 0.9000015148416551, 0.5125954044462677, 0,1, 0
0.09958092197166234, 2.3088418162290125, 0.8933638062721464, 0.5126158191559103, 0,5, 0
0.10031264551320429, 2.3209609131624953, 0.8802847204218374, 0.4940445934186786, 0,4, 0
0.09991352358145414, 2.3664866436394534, 0.9273376082964652, 0.5210566907052737, 0,3, 0
0.09878267810816205, 2.4742364628716382, 0.9000015148416551, 0.5116172554065415, 0,3, 0
0.09958092197166234, 2.39617625778722, 0.8933638062721464, 0.5142107330173965, 0,3, 0
0.09991352358145414, 2.4699223174438547, 0.9273376082964652, 0.5228886633276348, 0,1, 0
0.09958092197166234, 2.4426373028988326, 0.8933638062721464, 0.5151151591703073, 0,1, 0
0.09958092197166234, 2.344975690701158, 0.8933638062721464, 0.5145556063413581, 0,4, 0
0.09904875939599547, 2.408974996926597, 0.8938837418790088, 0.5064792150265164, 0,4, 0
0.09904875939599547, 2.3801204140676533, 0.8938837418790088, 0.5085960477835462, 0,4, 0
0.10017960486928756, 2.3362301708512745, 0.8835487229879121, 0.5089882968643614, 0,3, 0
0.10017960486928756, 2.3231812778096836, 0.8835487229879121, 0.5075757812619507, 0,6, 0
0.09878267810816205, 2.3352999879255556, 0.9000015148416551, 0.5116406302615603, 0,2, 0
0.09878267810816205, 2.3947241057149347, 0.9000015148416551, 0.5176328326073978, 0,2, 0
0.09904875939599547, 2.3634186937749835, 0.8938837418790088, 0.5044174240431327, 0,4, 0
0.09878267810816205, 2.4142327033885818, 0.9000015148416551, 0.5140868109474811, 0,2, 0
0.09878267810816205, 2.4445025074912556, 0.9000015148416551, 0.5122073676120705, 0,5, 0
0.09904875939599547, 2.3380355238716244, 0.8938837418790088, 0.5068392331344413, 0,1, 0
0.09904875939599547, 2.466858560458665, 0.8938837418790088, 0.5079678262291792, 0,3, 0
0.09904875939599547, 2.4692255333417874, 0.8938837418790088, 0.5052684328265783, 0,4, 0
0.0996474422936207, 2.3510428290004572, 0.9424463317291131, 0.5178281449621422, 0,4, 0
0.09878267810816205, 2.417154059726972, 0.9000015148416551, 0.5172042372403971, 0,3, 0
0.09878267810816205, 2.3254966780405546, 0.9000015148416551, 0.5138183124199064, 0,4, 0
0.09878267810816205, 2.450372482840112, 0.9000015148416551, 0.5152813860289972, 0,2, 0
0.10024612519124593, 2.49547223857497, 0.88033626681359, 0.4968064727638707, 0,4, 0
0.09878267810816205, 2.4027357602685635, 0.9000015148416551, 0.5145321225092119, 0,3, 0
0.09958092197166234, 2.501234778670869, 0.8933638062721464, 0.514271077442331, 0,1, 0
0.09878267810816205, 2.441159338419177, 0.9000015148416551, 0.5123951382593199, 0,1, 0
0.10111088937670458, 2.3822964738960524, 0.9116167084157132, 0.5140726544045922, 0,3, 0
0.10097784873278787, 2.3185492997270045, 0.8896953824485279, 0.5057154458851687, 0,4, 0
0.10024612519124593, 2.345075320350603, 0.88033626681359, 0.4927405585173294, 0,2, 0
0.09904875939599547, 2.432372263858777, 0.8938837418790088, 0.5054256309840613, 0,2, 0
0.10111088937670458, 2.435640031504931, 0.9116167084157132, 0.5138425396061492, 0,1, 0
0.09991352358145414, 2.358272436793864, 0.9273376082964652, 0.5203822097182045, 0,3, 0
0.10111088937670458, 2.4191113007026606, 0.9116167084157132, 0.5134971470727371, 0,3, 0
0.0996474422936207, 2.332462798928196, 0.9424463317291131, 0.5161270139391241, 0,2, 0
0.09991352358145414, 2.5162092307081307, 0.9273376082964652, 0.5209464090313389, 0,3, 0
0.0996474422936207, 2.3296585056046357, 0.9424463317291131, 0.5182359934068761, 0,3, 0
0.10111088937670458, 2.3892008613177755, 0.9116167084157132, 0.5108642249526114, 0,2, 0
0.09991352358145414, 2.455893332861636, 0.9273376082964652, 0.5227440763027719, 0,0, 0
0.09991352358145414, 2.4303748925622095, 0.9273376082964652, 0.5251012285476242, 0,1, 0
0.09991352358145414, 2.3801167425912335, 0.9273376082964652, 0.5212861598016822, 0,2, 0
0.09958092197166234, 2.4311121078432976, 0.8933638062721464, 0.5152445150563963, 0,3, 0
0.10024612519124593, 2.3523144770594784, 0.88033626681359, 0.49561568260831473, 0,2, 0
0.10111088937670458, 2.3735382906938436, 0.9116167084157132, 0.5136503714193096, 0,2, 0
0.10111088937670458, 2.489805643988141, 0.9116167084157132, 0.5134285567320844, 0,4, 0
0.10111088937670458, 2.3501280289023634, 0.9116167084157132, 0.5118580987139073, 0,5, 0
0.09991352358145414, 2.4075247481666557, 0.9273376082964652, 0.5247573447873934, 0,4, 0
0.09904875939599547, 2.3657362185528137, 0.8938837418790088, 0.5053453826599899, 0,3, 0
0.09958092197166234, 2.3091551370823096, 0.8933638062721464, 0.515522381677729, 0,4, 0
0.0996474422936207, 2.376430799890832, 0.9424463317291131, 0.5136733697591649, 0,2, 0
0.0996474422936207, 2.34261004109428, 0.9424463317291131, 0.5134625966724677, 0,3, 0
0.10097784873278787, 2.3535102712396756, 0.8896953824485279, 0.5055492362746712, 0,1, 0
0.09878267810816205, 2.3609104074420295, 0.9000015148416551, 0.5119701991011696, 0,3, 0
0.09878267810816205, 2.4013065603816135, 0.9000015148416551, 0.5151521634501673, 0,3, 0
0.09878267810816205, 2.343485651675681, 0.9000015148416551, 0.5160981326340274, 0,2, 0
0.10111088937670458, 2.325229601256427, 0.9116167084157132, 0.5103785753421505, 0,5, 0
0.09878267810816205, 2.357822456537809, 0.9000015148416551, 0.513534406049337, 0,1, 0
0.10111088937670458, 2.3069267654057346, 0.9116167084157132, 0.5099170402547712, 0,5, 0
0.09878267810816205, 2.3229704668903626, 0.9000015148416551, 0.5140502923750815, 0,4, 0
0.09958092197166234, 2.384278358444438, 0.8933638062721464, 0.5156536913753009, 0,1, 0
0.09878267810816205, 2.4237461328220995, 0.9000015148416551, 0.5147003517554399, 0,2, 0
0.0996474422936207, 2.5187099372239152, 0.9424463317291131, 0.5205989912446543, 0,2, 0
0.09958092197166234, 2.307390140454656, 0.8933638062721464, 0.5156759909129122, 0,1, 0
0.09878267810816205, 2.441677584680169, 0.9000015148416551, 0.5135001158168779, 0,7, 0
0.10024612519124593, 2.4056156495766814, 0.88033626681359, 0.4955495241983898, 0,1, 0
0.10297345839153861, 2.5833434344511628, 0.8892518231579613, 0.48583024891752463, 0,2, 0
0.09904875939599547, 2.3764631656213315, 0.8938837418790088, 0.506992015588534, 0,4, 0
0.09878267810816205, 2.40058918107272, 0.9000015148416551, 0.5144621893426695, 0,6, 0
0.10111088937670458, 2.4459157337298976, 0.9116167084157132, 0.5134367011896372, 0,0, 0
0.10111088937670458, 2.387074985079428, 0.9116167084157132, 0.5107290254257072, 0,1, 0
0.09878267810816205, 2.405199517598213, 0.9000015148416551, 0.514996672705961, 0,3, 0
0.09878267810816205, 2.3369979969178307, 0.9000015148416551, 0.5147885229158868, 0,5, 0
0.09958092197166234, 2.38895125572437, 0.8933638062721464, 0.511243303132192, 0,4, 0
0.09958092197166234, 2.377834356188782, 0.8933638062721464, 0.5157525313842393, 0,2, 0
0.09904875939599547, 2.3343838432833857, 0.8938837418790088, 0.5064853748318783, 0,3, 0
0.10051220647907935, 2.3180509336153476, 0.8777699163158681, 0.505713664029171, 0,1, 0
0.09904875939599547, 2.4079842237324596, 0.8938837418790088, 0.5048579322554793, 0,5, 0
0.10111088937670458, 2.369863448104625, 0.9116167084157132, 0.510954989512217, 0,2, 0
0.10111088937670458, 2.4406727290015526, 0.9116167084157132, 0.5164049274379452, 0,3, 0
0.10024612519124593, 2.410659907662384, 0.88033626681359, 0.4976436575896275, 0,3, 0
0.09904875939599547, 2.393244692635839, 0.8938837418790088, 0.5067047479851245, 0,3, 0
0.10111088937670458, 2.342047295432077, 0.9116167084157132, 0.5120693942984036, 0,4, 0
0.09958092197166234, 2.3419104303134017, 0.8933638062721464, 0.5152788472677173, 0,4, 0
0.10024612519124593, 2.3297684850437723, 0.88033626681359, 0.497586449065803, 0,1, 0
0.10111088937670458, 2.4324219078073352, 0.9116167084157132, 0.5135904305518113, 0,2, 0
0.10111088937670458, 2.6090273959530585, 0.9116167084157132, 0.5154950340810263, 0,2, 0
0.10111088937670458, 2.3313249261414293, 0.9116167084157132, 0.5120002478521309, 0,3, 0
0.10111088937670458, 2.395385590180391, 0.9116167084157132, 0.5161789384398413, 0,1, 0
0.10403778354287235, 2.3023249423092316, 0.8956375096706843, 0.2621149255698359, 0,0, 0
0.10017960486928756, 2.3138526106898927, 0.8835487229879121, 0.5075438564569464, 0,1, 0
0.10017960486928756, 2.3291788741451596, 0.8835487229879121, 0.505830548192022, 0,4, 0
0.09878267810816205, 2.357858732234676, 0.9000015148416551, 0.5150971067253575, 0,2, 0
0.10084480808887115, 2.435473971838549, 0.8979307621744924, 0.4835837885271066, 0,0, 0
0.1291824652431318, 2.4762317420542934, 0.8740192423741635, 0.3798761321070577, 0,1, 0
0.14162176544934477, 2.299159821577116, 0.8598690677653437, 0.3438923223059506, 0,2, 0
0.09991352358145414, 2.324411583868225, 0.9273376082964652, 0.5242076056799051, 0,3, 0
0.11933745759329475, 2.3655293779142252, 0.8987504653126875, 0.37872324896935383, 0,2, 0
0.09991352358145414, 2.4202396040198124, 0.9273376082964652, 0.5214541302777487, 0,3, 0
0.0996474422936207, 2.391761941633197, 0.9424463317291131, 0.5188296532052005, 0,3, 0
0.09904875939599547, 2.3338146825548196, 0.8938837418790088, 0.5042912528467635, 0,3, 0
0.09991352358145414, 2.4711455602112355, 0.9273376082964652, 0.5237146847293642, 0,2, 0
0.10111088937670458, 2.4264320403779567, 0.9116167084157132, 0.5102437754533762, 0,3, 0
0.09991352358145414, 2.3621415102750665, 0.9273376082964652, 0.5204687410624578, 0,3, 0
0.10104436905474623, 2.426708926430071, 0.8973666878619972, 0.47635833957956764, 0,2, 0
0.10024612519124593, 2.4826825298822417, 0.88033626681359, 0.4965910068665656, 0,2, 0
0.0996474422936207, 2.387822851055929, 0.9424463317291131, 0.5173704751929857, 0,2, 0
0.10111088937670458, 2.3813936813128396, 0.9116167084157132, 0.511570368618155, 0,2, 0
0.09904875939599547, 2.3536756182354477, 0.8938837418790088, 0.5036587912828665, 0,4, 0
0.09958092197166234, 2.3168616873184096, 0.8933638062721464, 0.5156816844581189, 0,2, 0
0.09878267810816205, 2.3101422566818175, 0.9000015148416551, 0.5121614085368256, 0,6, 0
0.10104436905474623, 2.3744117691870072, 0.8923201068415392, 0.4971056165756015, 0,1, 0
0.09958092197166234, 2.318099598870943, 0.8933638062721464, 0.5108787775765166, 0,3, 0
0.09878267810816205, 2.4220027116405536, 0.9000015148416551, 0.513162463175075, 0,3, 0
0.09991352358145414, 2.343239394695247, 0.9273376082964652, 0.5193718684608658, 0,3, 0
0.10024612519124593, 2.3409489408618143, 0.88033626681359, 0.4985543538457972, 0,1, 0
0.09878267810816205, 2.3589123770885028, 0.9000015148416551, 0.5139901321925328, 0,3, 0
0.10111088937670458, 2.3790466263726713, 0.9116167084157132, 0.5133737680527447, 0,3, 0
0.09878267810816205, 2.3350344792673514, 0.9000015148416551, 0.512723994913741, 0,3, 0
0.10024612519124593, 2.3568738358134813, 0.88033626681359, 0.4946504858014557, 0,3, 0
0.0996474422936207, 2.3355493885960272, 0.9424463317291131, 0.5173060285074815, 0,4, 0
0.09878267810816205, 2.4109719577270505, 0.9000015148416551, 0.5131818639223978, 0,0, 0
0.09991352358145414, 2.3237228616224606, 0.9273376082964652, 0.5192791345886006, 0,3, 0
0.09991352358145414, 2.399622545012027, 0.9273376082964652, 0.5208701413284414, 0,5, 0
0.09878267810816205, 2.3665022022399187, 0.9000015148416551, 0.5137546746673138, 0,5, 0
0.09958092197166234, 2.314726045553075, 0.8933638062721464, 0.5160498465007408, 0,6, 0
0.10111088937670458, 2.425962550597444, 0.9116167084157132, 0.5158791193761096, 0,5, 0
0.10290693806958026, 2.413989951984378, 0.9390544516754583, 0.5105174566216784, 0,5, 0
0.09991352358145414, 2.339389882893062, 0.9273376082964652, 0.5212768169046899, 0,2, 0
0.0996474422936207, 2.331947214151582, 0.9424463317291131, 0.52288913485775, 0,7, 0
0.10024612519124593, 2.373322712600346, 0.88033626681359, 0.49480303137027076, 0,2, 0
0.09904875939599547, 2.4377379341848053, 0.8938837418790088, 0.503388627641429, 0,1, 0
0.10024612519124593, 2.414538564641089, 0.88033626681359, 0.49587722335108014, 0,2, 0
0.10111088937670458, 2.3223757687850775, 0.9116167084157132, 0.5137644769696158, 0,5, 0
0.09904875939599547, 2.368200527601103, 0.8938837418790088, 0.5039658796415183, 0,2, 0
0.09904875939599547, 2.458453053233232, 0.8938837418790088, 0.5063827659443539, 0,7, 0
0.09904875939599547, 2.345357473664343, 0.8938837418790088, 0.5023941565452116, 0,4, 0
0.09878267810816205, 2.337982857638884, 0.9000015148416551, 0.5158914433112023, 0,1, 0
0.09958092197166234, 2.399595071485496, 0.8933638062721464, 0.5122904094470878, 0,3, 0
0.09878267810816205, 2.3074162561625595, 0.9000015148416551, 0.5121379409602913, 0,4, 0
0.09878267810816205, 2.3467946224153016, 0.9000015148416551, 0.5145763901823083, 0,5, 0
0.09878267810816205, 2.365044117013526, 0.9000015148416551, 0.5136594645948145, 0,7, 0
0.09878267810816205, 2.33804288189909, 0.9000015148416551, 0.5139228193977198, 0,4, 0
0.10051220647907935, 2.3115755764538677, 0.8777699163158681, 0.505185919231205, 0,3, 0
0.09991352358145414, 2.330551722168185, 0.9273376082964652, 0.5238322615305462, 0,5, 0
0.09904875939599547, 2.473957659931293, 0.8938837418790088, 0.5047748282456255, 0,5, 0
0.09991352358145414, 2.472997858354148, 0.9273376082964652, 0.520077822159992, 0,3, 0
0.09878267810816205, 2.3559494378728036, 0.9000015148416551, 0.5118885236529354, 0,1, 0
0.0996474422936207, 2.3557948430347513, 0.9424463317291131, 0.5184099703143846, 0,3, 0
0.10111088937670458, 2.3261757151837723, 0.9116167084157132, 0.5105142478144624, 0,4, 0
0.09904875939599547, 2.384646743577627, 0.8938837418790088, 0.5044281527454764, 0,6, 0
0.09991352358145414, 2.371233767674274, 0.9273376082964652, 0.5205951376171438, 0,3, 0
0.09904875939599547, 2.4332207662810394, 0.8938837418790088, 0.5076833277587234, 0,1, 0
0.10024612519124593, 2.3703359861078277, 0.88033626681359, 0.4944842361027961, 0,3, 0
0.09904875939599547, 2.422029759413958, 0.8938837418790088, 0.5035130707107206, 0,3, 0
0.10024612519124593, 2.420482551862021, 0.88033626681359, 0.49576201503028083, 0,2, 0
0.0996474422936207, 2.7149593093505775, 0.9424463317291131, 0.518473102424301, 0,1, 0
0.09904875939599547, 2.3870552776499454, 0.8938837418790088, 0.5045410001141396, 0,4, 0
0.10051220647907935, 2.4042585419139915, 0.8777699163158681, 0.5063322922006325, 0,3, 0
0.09904875939599547, 2.403740970974061, 0.8938837418790088, 0.5040314391816175, 0,6, 0
0.10051220647907935, 2.4118560623807013, 0.8777699163158681, 0.5060313517479569, 0,3, 0
0.09878267810816205, 2.327214411566978, 0.9000015148416551, 0.5152448404811214, 0,4, 0
0.09958092197166234, 2.4766634745424336, 0.8933638062721464, 0.5130900296575355, 0,2, 0
0.10111088937670458, 2.3286032679313626, 0.9116167084157132, 0.5129986186068417, 0,4, 0
0.10111088937670458, 2.3059345154770834, 0.9116167084157132, 0.5102739178112066, 0,1, 0
0.10017960486928756, 2.3481489643717226, 0.8835487229879121, 0.5042560000064394, 0,0, 0
0.10017960486928756, 2.4857350799650884, 0.8835487229879121, 0.5067769141719863, 0,3, 0
0.10024612519124593, 2.5046489567351595, 0.88033626681359, 0.4967457283073722, 0,1, 0
0.10017960486928756, 2.351860404728273, 0.8835487229879121, 0.5057633387472935, 0,4, 0
0.09958092197166234, 2.517814045060873, 0.8933638062721464, 0.5142978783160137, 0,1, 0
0.09904875939599547, 2.39099321377727, 0.8938837418790088, 0.5048684255050473, 0,3, 0
0.09878267810816205, 2.4273922491286126, 0.9000015148416551, 0.5126168496713064, 0,4, 0
0.09878267810816205, 2.323491999634026, 0.9000015148416551, 0.5156036773691173, 0,4, 0
0.09878267810816205, 2.3259328643790202, 0.9000015148416551, 0.5121853208911338, 0,3, 0
0.10024612519124593, 2.465061364976072, 0.88033626681359, 0.4968891052581319, 0,2, 0
0.10024612519124593, 2.406344923947391, 0.88033626681359, 0.4942792981983766, 0,3, 0
0.0996474422936207, 2.5127728398962903, 0.9424463317291131, 0.5191770509574961, 0,3, 0
0.10051220647907935, 2.3816744959664455, 0.8777699163158681, 0.5039098662552198, 0,2, 0
0.10051220647907935, 2.349213811036935, 0.8777699163158681, 0.509431052961946, 0,3, 0
0.0996474422936207, 2.503471984887388, 0.9424463317291131, 0.5154954396251284, 0,2, 0
0.09878267810816205, 2.402471998903095, 0.9000015148416551, 0.5134421860070888, 0,4, 0
0.09904875939599547, 2.457316437080331, 0.8938837418790088, 0.5037431470210958, 0,1, 0
0.10111088937670458, 2.3408509897930387, 0.9116167084157132, 0.5124991173570695, 0,2, 0
0.10024612519124593, 2.377694732825818, 0.88033626681359, 0.4954623925481615, 0,2, 0
0.10097784873278787, 2.481923490998623, 0.8896953824485279, 0.5028423572481912, 0,3, 0
0.09904875939599547, 2.344178211805564, 0.8938837418790088, 0.504865754359853, 0,2, 0
0.10051220647907935, 2.403596192723238, 0.8777699163158681, 0.5061998726183574, 0,3, 0
0.09958092197166234, 2.4008395350844545, 0.8933638062721464, 0.5134804697686913, 0,2, 0
0.0996474422936207, 2.3186546028441457, 0.9424463317291131, 0.5169268209410469, 0,3, 0
0.10111088937670458, 2.3403100002900747, 0.9116167084157132, 0.5139631800667095, 0,3, 0
0.09605534490786935, 2.301808292118921, 0.9277148532385796, 0.43441267432413894, 0,0, 0
0.09991352358145414, 2.303998287190524, 0.9273376082964652, 0.5198810315842747, 0,2, 0
0.10024612519124593, 2.318250942966114, 0.88033626681359, 0.49419807490133166, 0,2, 0
0.09904875939599547, 2.337440229180663, 0.8938837418790088, 0.502666634766946, 0,3, 0
0.09991352358145414, 2.4172454420411484, 0.9273376082964652, 0.523665752108262, 0,0, 0
0.13437105035588373, 2.3292478600844393, 0.8722274620066882, 0.34294508607961455, 0,0, 0
0.10071176744495443, 2.3909517016658555, 0.8799458723621133, 0.4638695020646492, 0,1, 0
0.10024612519124593, 2.4230357222648102, 0.88033626681359, 0.49284296410734973, 0,6, 0
0.09991352358145414, 2.490243833269464, 0.9273376082964652, 0.5180190298735589, 0,3, 0
0.09958092197166234, 2.3260574391174798, 0.8933638062721464, 0.5110306312693444, 0,2, 0
0.09991352358145414, 2.3807981501778293, 0.9273376082964652, 0.5227022703864624, 0,5, 0
0.09904875939599547, 2.3478593166769124, 0.8938837418790088, 0.5056717792252559, 0,1, 0
0.10111088937670458, 2.364712855673626, 0.9116167084157132, 0.5104104764213592, 0,6, 0
0.09991352358145414, 2.339557134358935, 0.9273376082964652, 0.5208248529923672, 0,3, 0
0.10111088937670458, 2.3485802618288227, 0.9116167084157132, 0.512793837062331, 0,5, 0
0.09958092197166234, 2.327654804233733, 0.8933638062721464, 0.5133515665097025, 0,3, 0
0.0996474422936207, 2.4320281702292337, 0.9424463317291131, 0.5204287193478941, 0,1, 0
0.0996474422936207, 2.3741316541752826, 0.9424463317291131, 0.518168138475427, 0,4, 0
0.09991352358145414, 2.377209024571107, 0.9273376082964652, 0.5212821578385319, 0,6, 0
0.0996474422936207, 2.336409050127485, 0.9424463317291131, 0.519668080412118, 0,4, 0
0.10024612519124593, 2.3434002087801855, 0.88033626681359, 0.4927217474941166, 0,5, 0
0.10024612519124593, 2.3701619064864192, 0.88033626681359, 0.49344154350142944, 0,1, 0
0.09904875939599547, 2.328530500378111, 0.8938837418790088, 0.5072036663117822, 0,3, 0
0.0996474422936207, 2.36486385198186, 0.9424463317291131, 0.5184652625741873, 0,5, 0
0.09958092197166234, 2.3365237052621604, 0.8933638062721464, 0.5155033350500915, 0,3, 0
0.09991352358145414, 2.5021303981822114, 0.9273376082964652, 0.5192771313410502, 0,4, 0
0.10051220647907935, 2.340498508874475, 0.8777699163158681, 0.50354631860121, 0,5, 0
0.09958092197166234, 2.374263402516912, 0.8933638062721464, 0.5145157095777295, 0,4, 0
0.09958092197166234, 2.3305978815149406, 0.8933638062721464, 0.5154618773764491, 0,3, 0
0.0996474422936207, 2.337016086310975, 0.9424463317291131, 0.5188638423868092, 0,3, 0
0.10111088937670458, 2.4058984094994167, 0.9116167084157132, 0.5093153247436185, 0,3, 0
0.10024612519124593, 2.3961924768799454, 0.88033626681359, 0.4954013921318943, 0,3, 0
0.09878267810816205, 2.4278035729594203, 0.9000015148416551, 0.5131532431954196, 0,3, 0
0.0996474422936207, 2.329365032356608, 0.9424463317291131, 0.5164511724424938, 0,3, 0
0.10111088937670458, 2.3316622593997125, 0.9116167084157132, 0.5142191008688161, 0,2, 0
0.09878267810816205, 2.326897213735449, 0.9000015148416551, 0.5148994872889281, 0,8, 0
0.09878267810816205, 2.353016288910275, 0.9000015148416551, 0.512394911030941, 0,7, 0
0.09991352358145414, 2.3482358555732543, 0.9273376082964652, 0.5215397804028441, 0,0, 0
0.09958092197166234, 2.3860872435663336, 0.8933638062721464, 0.5125441028128734, 0,2, 0
0.10064524712299608, 2.340674610303832, 0.9269031823866654, 0.5104001702473671, 0,5, 0
0.0996474422936207, 2.352343547973044, 0.9424463317291131, 0.5213725598574213, 0,5, 0
0.09991352358145414, 2.457330395724494, 0.9273376082964652, 0.5217866628721327, 0,2, 0
0.09878267810816205, 2.3519529850430763, 0.9000015148416551, 0.5148269928673561, 0,7, 0
0.09878267810816205, 2.3999422252562788, 0.9000015148416551, 0.5121847383493049, 0,3, 0
0.10111088937670458, 2.3538665506865604, 0.9116167084157132, 0.5086715513303819, 0,3, 0
0.09904875939599547, 2.313187788578435, 0.8938837418790088, 0.5055536298853621, 0,7, 0
0.09958092197166234, 2.3359597242339234, 0.8933638062721464, 0.5125263456500767, 0,6, 0
0.09904875939599547, 2.5293826924932223, 0.8938837418790088, 0.5026876813740951, 0,2, 0
0.10111088937670458, 2.322217443417085, 0.9116167084157132, 0.5143017261235407, 0,2, 0
0.09958092197166234, 2.3191177287057654, 0.8933638062721464, 0.5116132056946179, 0,3, 0
0.0996474422936207, 2.447547443254197, 0.9424463317291131, 0.5209143140996413, 0,2, 0
0.09904875939599547, 2.43274087527789, 0.8938837418790088, 0.5095950360820867, 0,3, 0
0.0996474422936207, 2.409010771291029, 0.9424463317291131, 0.5145584004072896, 0,3, 0
0.09958092197166234, 2.402973832551538, 0.8933638062721464, 0.5147638777362562, 0,5, 0
0.09904875939599547, 2.347942329250806, 0.8938837418790088, 0.5068296053657106, 0,1, 0
0.09904875939599547, 2.4323644972145697, 0.8938837418790088, 0.5081572597118583, 0,5, 0
0.10024612519124593, 2.4281493449713873, 0.88033626681359, 0.4978508568509318, 0,5, 0
0.09904875939599547, 2.402118458692672, 0.8938837418790088, 0.5080312017706415, 0,5, 0
0.09878267810816205, 2.5422909401026597, 0.9000015148416551, 0.5141388821181863, 0,1, 0
0.09904875939599547, 2.365238291881188, 0.8938837418790088, 0.5082743224340281, 0,5, 0
0.09904875939599547, 2.4343660780192926, 0.8938837418790088, 0.5066798706437328, 0,2, 0
0.10024612519124593, 2.331893611777402, 0.88033626681359, 0.49243546047956555, 0,4, 0
0.09878267810816205, 2.389919641710506, 0.9000015148416551, 0.5103702674405273, 0,3, 0
0.09878267810816205, 2.3120791223292927, 0.9000015148416551, 0.5115884395723883, 0,1, 0
0.09904875939599547, 2.379677743395669, 0.8938837418790088, 0.5066593293568015, 0,4, 0
0.10111088937670458, 2.533656359718032, 0.9116167084157132, 0.5158596052417266, 0,4, 0
0.0996474422936207, 2.3618089015204884, 0.9424463317291131, 0.5175809573596051, 0,3, 0
0.10111088937670458, 2.346934534186558, 0.9116167084157132, 0.5155821393181756, 0,1, 0
0.09904875939599547, 2.337734773829416, 0.8938837418790088, 0.5075569025474244, 0,5, 0
0.10111088937670458, 2.435355924595729, 0.9116167084157132, 0.5097662786453107, 0,5, 0
0.09904875939599547, 2.583265390802443, 0.8938837418790088, 0.5039186027323302, 0,3, 0
0.09958092197166234, 2.340888658191902, 0.8933638062721464, 0.5126182333149245, 0,5, 0
0.11740836825650236, 2.4174367375996493, 0.885100850374108, 0.34997097184661285, 0,0, 0
0.12572340850129715, 2.467965578775971, 0.860451452934273, 0.35249748466600034, 0,3, 0
0.09878267810816205, 2.3561571540609214, 0.9000015148416551, 0.5138407328886431, 0,6, 0
0.10051220647907935, 2.3526261348825233, 0.8777699163158681, 0.5085101516702917, 0,1, 0
0.10111088937670458, 2.3274346832933124, 0.9116167084157132, 0.5119570127520912, 0,3, 0
0.09904875939599547, 2.4166749092043815, 0.8938837418790088, 0.5051735639748819, 0,1, 0
0.10111088937670458, 2.4296860558333404, 0.9116167084157132, 0.5127769064245938, 0,0, 0
0.10111088937670458, 2.4548308394716973, 0.9116167084157132, 0.5134990244508381, 0,1, 0
0.10111088937670458, 2.5790713995839836, 0.9116167084157132, 0.5148010590958992, 0,3, 0
0.0996474422936207, 2.4163350021419654, 0.9424463317291131, 0.5201106077115508, 0,4, 0
0.09878267810816205, 2.371106107997964, 0.9000015148416551, 0.5103027559399361, 0,2, 0
0.10111088937670458, 2.442504031417264, 0.9116167084157132, 0.5141696465056385, 0,1, 0
0.09904875939599547, 2.478696474944618, 0.8938837418790088, 0.5044460990436124, 0,6, 0
0.09904875939599547, 2.360725722761439, 0.8938837418790088, 0.5065641603113594, 0,2, 0
0.09998004390341249, 2.411693299267889, 0.9273142438104839, 0.5235448421750992, 0,2, 0
0.09991352358145414, 2.4274982797848144, 0.9273376082964652, 0.523865399165494, 0,1, 0
0.09991352358145414, 2.531425726895068, 0.9273376082964652, 0.5214383903371889, 0,1, 0
0.09904875939599547, 2.377950902820339, 0.8938837418790088, 0.5088967788942962, 0,1, 0
0.10024612519124593, 2.432197125746423, 0.88033626681359, 0.49672936980774474, 0,2, 0
0.09991352358145414, 2.344960931119333, 0.9273376082964652, 0.5231314055703019, 0,5, 0
0.09904875939599547, 2.4633543177976236, 0.8938837418790088, 0.5015223560736072, 0,4, 0
0.09878267810816205, 2.6001783685596025, 0.9000015148416551, 0.5145941799091096, 0,1, 0
0.09878267810816205, 2.369955932436641, 0.9000015148416551, 0.5147981021002946, 0,1, 0
0.09991352358145414, 2.3892926930635823, 0.9273376082964652, 0.5223953089130658, 0,4, 0
0.09991352358145414, 2.44786625587876, 0.9273376082964652, 0.5198758236887203, 0,1, 0
0.09958092197166234, 2.4707345133142415, 0.8933638062721464, 0.514623549797969, 0,3, 0
0.09878267810816205, 2.417634217418581, 0.9000015148416551, 0.5154012044276874, 0,0, 0
0.10111088937670458, 2.3787840405188025, 0.9116167084157132, 0.5112784621417605, 0,3, 0
0.09904875939599547, 2.4060523815912487, 0.8938837418790088, 0.5049432832010928, 0,3, 0
0.10297345839153861, 2.303934283070338, 0.8826302958662793, 0.28929420536629075, 0,0, 0
0.12791857912592297, 2.3031814651702414, 0.8570598913833792, 0.3354987792041176, 0,2, 0
0.1599148539878933, 2.352904773254892, 0.8380958334854259, 0.27888598279848176, 0,3, 0
0.09878267810816205, 2.3151631083530018, 0.9000015148416551, 0.5091162438006074, 0,2, 0
0.09878267810816205, 2.308958756997423, 0.9000015148416551, 0.5133913650860564, 0,1, 0
0.09878267810816205, 2.347638380644065, 0.9000015148416551, 0.5124385771125659, 0,5, 0
0.11108893767045833, 2.356252663278107, 0.8830939192560265, 0.48375271831168315, 0,5, 0
0.09938136100578727, 2.4931075245940915, 0.8990987549362225, 0.49939469200907943, 0,2, 0
0.11235282378766713, 2.535772607496682, 0.8832215371488826, 0.4266306249582285, 0,1, 0
0.10024612519124593, 2.3940159449009237, 0.88033626681359, 0.4897725708462321, 0,1, 0
0.09878267810816205, 2.418923800111983, 0.9000015148416551, 0.5146390748792187, 0,0, 0
0.10463646644049757, 2.330704820320245, 0.9075597423850102, 0.472913118463125, 0,5, 0
0.10377170225503891, 2.316643355817826, 0.8752304924034948, 0.46342590720046034, 0,5, 0
0.10170957227432981, 2.3630635331016907, 0.9106161904101423, 0.5014956260616282, 0,4, 0
0.10024612519124593, 2.4344571316257286, 0.88033626681359, 0.49765695304540875, 0,4, 0
0.11474755537816803, 2.4628898904351013, 0.8734871747198141, 0.34351449627810593, 0,5, 0
0.1350362535754673, 2.332880810025066, 0.8437577049318591, 0.33686173609580605, 0,3, 0
0.10017960486928756, 2.3105535684671974, 0.8835487229879121, 0.5075697017356976, 0,4, 0
0.10111088937670458, 2.318828548141989, 0.9116167084157132, 0.512602964757912, 0,4, 0
0.09938136100578727, 2.372962611184532, 0.89359576837386, 0.4893242006349724, 0,3, 0
0.09991352358145414, 2.322224433729925, 0.9273376082964652, 0.5206658423296187, 0,1, 0
0.12366127852058804, 2.4216062694793927, 0.876858702425392, 0.3754793841542138, 0,4, 0
0.09878267810816205, 2.437953109910275, 0.9000015148416551, 0.5139243584415609, 0,1, 0
0.09878267810816205, 2.3862052108208545, 0.9000015148416551, 0.5103158502992207, 0,2, 0
0.10111088937670458, 2.3338832336533755, 0.9116167084157132, 0.5146441371809111, 0,4, 0
0.09991352358145414, 2.369673194106861, 0.9273376082964652, 0.5180244232000457, 0,3, 0
0.10024612519124593, 2.329108911170254, 0.88033626681359, 0.4935380472739419, 0,6, 0
0.10024612519124593, 2.3289951617343614, 0.88033626681359, 0.49801830384704737, 0,5, 0
0.10024612519124593, 2.3445072294288645, 0.88033626681359, 0.4949781721046121, 0,4, 0
0.10111088937670458, 2.3487228077820164, 0.9116167084157132, 0.513709203963725, 0,3, 0
0.10051220647907935, 2.350919275625431, 0.8777699163158681, 0.5063662722144506, 0,3, 0
0.0996474422936207, 2.428290695239468, 0.9424463317291131, 0.5179574614970389, 0,4, 0
0.09878267810816205, 2.4132002880098593, 0.9000015148416551, 0.5142468779552157, 0,1, 0
0.10111088937670458, 2.3522361262246045, 0.9116167084157132, 0.5129504216348872, 0,3, 0
0.10111088937670458, 2.3784544555471463, 0.9116167084157132, 0.5145986594436905, 0,1, 0
0.10111088937670458, 2.456884572639648, 0.9116167084157132, 0.5101543140193325, 0,1, 0
0.09878267810816205, 2.356912017637786, 0.9000015148416551, 0.517502565209056, 0,8, 0
0.09904875939599547, 2.470151098190188, 0.8938837418790088, 0.49318176332748637, 0,2, 0
0.09991352358145414, 2.414846327072813, 0.9273376082964652, 0.5223886771167443, 0,1, 0
0.10111088937670458, 2.374877311960869, 0.9116167084157132, 0.5127283196939983, 0,2, 0
0.10051220647907935, 2.3224010551902796, 0.8777699163158681, 0.5057049630353427, 0,5, 0
0.09904875939599547, 2.356014442374065, 0.8938837418790088, 0.5043724485265554, 0,4, 0
0.09904875939599547, 2.3846976743806727, 0.8938837418790088, 0.507227189507219, 0,4, 0
0.0996474422936207, 2.391685419641537, 0.9424463317291131, 0.5189699963503657, 0,8, 0
0.09991352358145414, 2.3165949115748097, 0.9273376082964652, 0.5193610583051488, 0,2, 0
0.09878267810816205, 2.349229140766349, 0.9000015148416551, 0.5143349402785397, 0,3, 0
0.09958092197166234, 2.381577242898075, 0.8933638062721464, 0.5153623835638127, 0,2, 0
0.0996474422936207, 2.3262286886185266, 0.9424463317291131, 0.5194805248431452, 0,5, 0
0.0996474422936207, 2.3633452124171552, 0.9424463317291131, 0.5183470146833338, 0,2, 0
0.0996474422936207, 2.3223496767160285, 0.9424463317291131, 0.5192766511879444, 0,4, 0
0.09991352358145414, 2.3201141777069023, 0.9273376082964652, 0.523836497815415, 0,2, 0
0.10111088937670458, 2.3353722835898694, 0.9116167084157132, 0.512467655240067, 0,5, 0
0.10111088937670458, 2.3997148328505298, 0.9116167084157132, 0.5119648099172635, 0,4, 0
0.09878267810816205, 2.3336094533945917, 0.9000015148416551, 0.5139230058162108, 0,4, 0
0.09991352358145414, 2.473786985874969, 0.9273376082964652, 0.5219377773438598, 0,1, 0
0.09878267810816205, 2.4619425693798833, 0.9000015148416551, 0.516761498260542, 0,5, 0
0.10024612519124593, 2.3903044684001613, 0.88033626681359, 0.49769685525413443, 0,3, 0
0.09991352358145414, 2.3376814195957993, 0.9273376082964652, 0.5231723471511852, 0,4, 0
0.10024612519124593, 2.345831563616595, 0.88033626681359, 0.49460891036521815, 0,5, 0
0.0996474422936207, 2.428570310932937, 0.9424463317291131, 0.518214667629696, 0,3, 0
0.09904875939599547, 2.5565635374283384, 0.8938837418790088, 0.5065586850556761, 0,3, 0
0.09958092197166234, 2.3433340307735744, 0.8933638062721464, 0.516862574517939, 0,3, 0
0.09958092197166234, 2.3915204057149175, 0.8933638062721464, 0.5129128442424116, 0,3, 0
0.10064524712299608, 2.367950833122118, 0.9416097123991212, 0.5091361213896948, 0,2, 0
0.09904875939599547, 2.359449922090867, 0.8938837418790088, 0.5038782639128087, 0,7, 0
0.09878267810816205, 2.363625620825042, 0.9000015148416551, 0.5149867613075503, 0,2, 0
0.10111088937670458, 2.3221784980046665, 0.9116167084157132, 0.5125361312875925, 0,3, 0
0.10024612519124593, 2.3955440985532386, 0.88033626681359, 0.4930025546550357, 0,2, 0
0.10111088937670458, 2.33056772623536, 0.9116167084157132, 0.5134159124847506, 0,4, 0
0.10111088937670458, 2.3616741844766085, 0.9116167084157132, 0.511745799918589, 0,5, 0
0.09958092197166234, 2.3306195920855273, 0.8933638062721464, 0.515852720473731, 0,6, 0
0.10111088937670458, 2.4162792662838966, 0.9116167084157132, 0.5138726781184864, 0,3, 0
0.10051220647907935, 2.335216291799427, 0.8777699163158681, 0.5060945916713563, 0,5, 0
0.09991352358145414, 2.3755664239900045, 0.9273376082964652, 0.5180338185474357, 0,6, 0
0.09878267810816205, 2.314227153994339, 0.9000015148416551, 0.5127166494707389, 0,4, 0
0.10051220647907935, 2.3836799397294426, 0.8777699163158681, 0.5039082661882369, 0,1, 0
0.10111088937670458, 2.376933577277501, 0.9116167084157132, 0.5135035311281009, 0,1, 0
0.10017960486928756, 2.33661936127655, 0.8835487229879121, 0.5050005875985463, 0,4, 0
0.10017960486928756, 2.3440219603762897, 0.8835487229879121, 0.5046188111437405, 0,2, 0
0.0996474422936207, 2.3661926233434616, 0.9424463317291131, 0.5185266952347887, 0,3, 0
0.09878267810816205, 2.4432318461819147, 0.9000015148416551, 0.5092282094137736, 0,4, 0
0.09904875939599547, 2.40558470573792, 0.8938837418790088, 0.5040300993082585, 0,4, 0
0.09904875939599547, 2.511226275450438, 0.8938837418790088, 0.5062103633769719, 0,3, 0
0.09958092197166234, 2.325075147839147, 0.8933638062721464, 0.5115417367937584, 0,3, 0
0.0996474422936207, 2.3905371397561215, 0.9424463317291131, 0.5193887595689474, 0,3, 0
0.0996474422936207, 2.3816457401450855, 0.8933450092796652, 0.5090407333838725, 0,0, 0
0.10111088937670458, 2.360988153364894, 0.9116167084157132, 0.5118266792683287, 0,3, 0
0.10237477549391338, 2.339553751481124, 0.8964104801626287, 0.49727516671302496, 0,5, 0
0.09878267810816205, 2.359986414946157, 0.9000015148416551, 0.5142000955719415, 0,5, 0
0.09958092197166234, 2.4501533754443026, 0.8933638062721464, 0.517039261613184, 0,2, 0
0.10017960486928756, 2.5389189445781333, 0.8835487229879121, 0.5096779353576072, 0,1, 0
0.10024612519124593, 2.5337916227631374, 0.88033626681359, 0.49631371083712983, 0,4, 0
0.10024612519124593, 2.3657192663384206, 0.88033626681359, 0.4968471391504554, 0,2, 0
0.10024612519124593, 2.4211094270627638, 0.88033626681359, 0.4936022022529522, 0,4, 0
0.09878267810816205, 2.432025094339331, 0.9000015148416551, 0.5157484252154546, 0,2, 0
0.09878267810816205, 2.47983111801051, 0.9000015148416551, 0.5131744189393059, 0,2, 0
0.09904875939599547, 2.3502251716349356, 0.8938837418790088, 0.5040331472906924, 0,2, 0
0.09878267810816205, 2.402891017644775, 0.9000015148416551, 0.5136648543834141, 0,3, 0
0.10017960486928756, 2.439956732442705, 0.8835487229879121, 0.5042694449892222, 0,3, 0
0.09958092197166234, 2.372434366259248, 0.8933638062721464, 0.5164121817483075, 0,2, 0
0.10017960486928756, 2.45223248566346, 0.8835487229879121, 0.5067842404843398, 0,1, 0
0.10270737710370519, 2.304744334957727, 0.886403684513527, 0.19703666058261401, 0,0, 0
0.11747488857846072, 2.303703658445814, 0.8766288626232165, 0.2791113661299269, 0,1, 0
0.10184261291824652, 2.3176639742268574, 0.925780518405766, 0.5035559195910662, 0,1, 0
0.09938136100578727, 2.318579848112559, 0.8933067779497508, 0.4954355171499826, 0,1, 0
0.0996474422936207, 2.3129913037482877, 0.9424463317291131, 0.5187208300660905, 0,2, 0
0.09944788132774562, 2.3861467742336284, 0.8992872496167833, 0.49237839277035095, 0,5, 0
0.1623095855783942, 2.334716249010262, 0.8605911817863362, 0.26684547369398215, 0,4, 0
0.09904875939599547, 2.3370319647853393, 0.8938837418790088, 0.5046277043009069, 0,4, 0
0.09904875939599547, 2.404231625442883, 0.8938837418790088, 0.5041735600143809, 0,4, 0
0.10051220647907935, 2.3789760380822775, 0.8777699163158681, 0.506285923005673, 0,2, 0
0.10111088937670458, 2.3259728421535604, 0.9116167084157132, 0.5136157212997791, 0,4, 0
0.10017960486928756, 2.339232755145064, 0.8835487229879121, 0.5058864154738033, 0,3, 0
0.0996474422936207, 2.327650364799857, 0.9424463317291131, 0.5174134444583365, 0,0, 0
0.11281846604137565, 2.386545657278939, 0.8763460815501695, 0.38820225807611924, 0,1, 0
0.09991352358145414, 2.3289530241092127, 0.9273376082964652, 0.5245751084888163, 0,2, 0
0.09991352358145414, 2.3801279663444874, 0.9273376082964652, 0.5220007854819477, 0,4, 0
0.09878267810816205, 2.3624240817054973, 0.9000015148416551, 0.5124215654798671, 0,3, 0
0.09904875939599547, 2.3958359062572536, 0.8938837418790088, 0.5045332148477092, 0,2, 0
0.13669926162442625, 2.316636626460171, 0.8407975772264666, 0.3267920320350322, 0,4, 0
0.10051220647907935, 2.310315974464612, 0.8777699163158681, 0.5080736470621118, 0,7, 0
0.09878267810816205, 2.3273773316747692, 0.9000015148416551, 0.5124400234200073, 0,1, 0
0.09904875939599547, 2.4134366158707006, 0.8938837418790088, 0.5061990754083019, 0,2, 0
0.09991352358145414, 2.3919648445747668, 0.9273376082964652, 0.5220017433135079, 0,7, 0
0.09958092197166234, 2.390074820335473, 0.8933638062721464, 0.5130034246648503, 0,2, 0
0.09958092197166234, 2.524605952106629, 0.8933638062721464, 0.5184440237644399, 0,0, 0
0.09991352358145414, 2.3333027776999047, 0.9273376082964652, 0.5209931356059255, 0,0, 0
0.09904875939599547, 2.368257268257169, 0.8938837418790088, 0.5038048503001573, 0,3, 0
0.09958092197166234, 2.329178675098238, 0.8933638062721464, 0.5125542752997941, 0,2, 0
0.10024612519124593, 2.5262120124355314, 0.88033626681359, 0.495625335434089, 0,3, 0
0.09878267810816205, 2.4160333204703965, 0.9000015148416551, 0.5129041694499467, 0,2, 0
0.09904875939599547, 2.3326850905672467, 0.8938837418790088, 0.5048493882232896, 0,4, 0
0.10111088937670458, 2.3731119620429695, 0.9116167084157132, 0.5133092707348706, 0,2, 0
0.09878267810816205, 2.382360599929603, 0.9000015148416551, 0.5137356702237074, 0,2, 0
0.0996474422936207, 2.5699766015749543, 0.9424463317291131, 0.5184269985670288, 0,3, 0
0.09904875939599547, 2.339684102275625, 0.8938837418790088, 0.507042719632088, 0,4, 0
0.10024612519124593, 2.374887807199692, 0.88033626681359, 0.4944681431386641, 0,4, 0
0.10024612519124593, 2.370240477636047, 0.88033626681359, 0.4970239552211309, 0,1, 0
0.10024612519124593, 2.3884349595538508, 0.88033626681359, 0.49384686688738205, 0,4, 0
0.09878267810816205, 2.468188127841428, 0.9000015148416551, 0.516981667487008, 0,4, 0
0.09958092197166234, 2.400529783396777, 0.8933638062721464, 0.5121376722649532, 0,2, 0
0.10164305195237144, 2.3315216314369973, 0.8784449165999032, 0.4533647131382406, 0,2, 0
0.09878267810816205, 2.4429366467028077, 0.9000015148416551, 0.5114877309738547, 0,4, 0
0.09878267810816205, 2.366902111898217, 0.9000015148416551, 0.5112794484255848, 0,4, 0
0.0996474422936207, 2.3095247354097, 0.9424463317291131, 0.5174212292435505, 0,1, 0
0.10024612519124593, 2.360509751022738, 0.88033626681359, 0.49939601941874506, 0,4, 0
0.10111088937670458, 2.40202827596509, 0.9116167084157132, 0.5143021010935797, 0,3, 0
0.09991352358145414, 2.4224640165332914, 0.9273376082964652, 0.5218440178150257, 0,2, 0
0.10111088937670458, 2.524788888558762, 0.9116167084157132, 0.5105422592303761, 0,2, 0
0.10024612519124593, 2.3727471200972428, 0.88033626681359, 0.4970871761316323, 0,5, 0
0.0996474422936207, 2.315455047954051, 0.9424463317291131, 0.5175303456689266, 0,4, 0
0.10290693806958026, 2.412943187551664, 0.8899474971859604, 0.5049570322856364, 0,3, 0
0.09991352358145414, 2.479197484016545, 0.9273376082964652, 0.5200975041166843, 0,2, 0
0.10111088937670458, 2.576709904047747, 0.9116167084157132, 0.5132945966509479, 0,0, 0
0.10051220647907935, 2.409915309636518, 0.8777699163158681, 0.5076478196363539, 0,4, 0
0.10111088937670458, 2.4329964259360226, 0.9116167084157132, 0.51393687084079, 0,2, 0
0.09958092197166234, 2.437754657845341, 0.8933638062721464, 0.5152339211024468, 0,1, 0
0.0996474422936207, 2.361620840377328, 0.9424463317291131, 0.5209944642003572, 0,3, 0
0.0996474422936207, 2.3949540378820124, 0.9424463317291131, 0.5150320979686397, 0,2, 0
0.0996474422936207, 2.368037255138787, 0.8933404417861651, 0.5113413740235822, 0,1, 0
0.09904875939599547, 2.4680552701865066, 0.8938837418790088, 0.5090151787728897, 0,3, 0
0.09958092197166234, 2.4060020830740214, 0.8933638062721464, 0.5144098373440577, 0,2, 0
0.09878267810816205, 2.4771297135879946, 0.9000015148416551, 0.5148760201773798, 0,1, 0
0.10111088937670458, 2.4009905505908318, 0.9116167084157132, 0.5120686369775559, 0,4, 0
0.10111088937670458, 2.3749168137150245, 0.9116167084157132, 0.5132228445927127, 0,1, 0
0.09958092197166234, 2.3228993624863112, 0.8933638062721464, 0.5156860463387942, 0,1, 0
0.09904875939599547, 2.408875977359417, 0.8938837418790088, 0.5043557470670629, 0,5, 0
0.09991352358145414, 2.3712227809201583, 0.9273376082964652, 0.5207164576480957, 0,0, 0
0.10024612519124593, 2.439356569797227, 0.88033626681359, 0.4952214034622807, 0,2, 0
0.09991352358145414, 2.442257509929076, 0.9273376082964652, 0.5228203220548756, 0,3, 0
0.10017960486928756, 2.4173945708006177, 0.8835487229879121, 0.5036767347433104, 0,1, 0
0.10111088937670458, 2.371902420961206, 0.9116167084157132, 0.5141687546970855, 0,3, 0
0.09958092197166234, 2.3488716656977897, 0.8933638062721464, 0.5117225292791826, 0,3, 0
0.09904875939599547, 2.3630076292420243, 0.8938837418790088, 0.504405522971426, 0,1, 0
0.09958092197166234, 2.3161328767244114, 0.8933638062721464, 0.5136097768472723, 0,4, 0
0.09878267810816205, 2.341657501268409, 0.9000015148416551, 0.5133390093215042, 0,2, 0
0.09878267810816205, 2.3541524327143075, 0.9000015148416551, 0.5108990999390057, 0,5, 0
0.09878267810816205, 2.3431716146071357, 0.9000015148416551, 0.5134404422382246, 0,4, 0
0.0996474422936207, 2.3729886875128483, 0.9424463317291131, 0.5185433740678704, 0,1, 0
0.09904875939599547, 2.3618254634440006, 0.8938837418790088, 0.5033681612504417, 0,6, 0
0.0996474422936207, 2.33867392232776, 0.9424463317291131, 0.5198132947082044, 0,3, 0
0.10024612519124593, 2.361201836052098, 0.88033626681359, 0.49491585989125253, 0,0, 0
0.09958092197166234, 2.311531636225347, 0.8933638062721464, 0.5151181736425243, 0,1, 0
0.10111088937670458, 2.362548316222088, 0.9116167084157132, 0.5115029667313042, 0,6, 0
0.09904875939599547, 2.348545553774159, 0.8938837418790088, 0.5019690672169594, 0,5, 0
0.09958092197166234, 2.4186176928044603, 0.8933638062721464, 0.5153924863922166, 0,1, 0
0.10017960486928756, 2.4100986070787727, 0.8835487229879121, 0.5044011147770386, 0,2, 0
0.0996474422936207, 2.476222214604902, 0.9424463317291131, 0.5197278947726268, 0,4, 0
0.09878267810816205, 2.5281890757282297, 0.9000015148416551, 0.5093263507669143, 0,2, 0
0.09991352358145414, 2.384403568767529, 0.9273376082964652, 0.521470313161149, 0,4, 0
0.09845007649837025, 2.3750166734329268, 0.9116796334342885, 0.35508026455765823, 0,5, 0
0.09958092197166234, 2.3347834479917444, 0.8933638062721464, 0.5133122524805871, 0,5, 0
0.10024612519124593, 2.4933948959092898, 0.88033626681359, 0.49551808904396866, 0,2, 0
0.09878267810816205, 2.35989459266065, 0.9000015148416551, 0.510778939084866, 0,3, 0
0.09958092197166234, 2.360715181878455, 0.8933638062721464, 0.5148638521818552, 0,2, 0
0.09958092197166234, 2.3701774048756072, 0.8933638062721464, 0.5138483974059352, 0,1, 0
0.10024612519124593, 2.372583618264296, 0.88033626681359, 0.4959600381509123, 0,3, 0
0.10097784873278787, 2.358761448120473, 0.8896953824485279, 0.5064589265097518, 0,3, 0
0.09878267810816205, 2.3519940257809924, 0.9000015148416551, 0.5163892090489806, 0,1, 0
0.10024612519124593, 2.359446385009381, 0.88033626681359, 0.49711977056646106, 0,4, 0
0.09878267810816205, 2.400152862099745, 0.9000015148416551, 0.5134305745422454, 0,2, 0
0.09878267810816205, 2.3755079967362005, 0.9000015148416551, 0.5143813737300391, 0,3, 0
0.09359409299541009, 2.304057498372482, 0.8993925336370806, 0.3777441782912231, 0,0, 0
0.1092263686556243, 2.335825697006853, 0.8813022100582717, 0.3510616087335039, 0,0, 0
0.14434909864963746, 2.3854358876718145, 0.8427249144203682, 0.35089285174403934, 0,1, 0
0.10017960486928756, 2.357792784542347, 0.8835487229879121, 0.5024973700298588, 0,4, 0
0.1149471163440431, 2.398861722675601, 0.8972970655676491, 0.4099134488196446, 0,0, 0
0.09632142619570279, 2.3363312298623673, 0.9119563288438495, 0.39222430773980915, 0,0, 0
0.09991352358145414, 2.330436690048901, 0.9273376082964652, 0.5187765377213884, 0,2, 0
0.09878267810816205, 2.372389193337049, 0.9000015148416551, 0.5139451282076475, 0,1, 0
0.10104436905474623, 2.330411495994619, 0.8794960259961867, 0.48141723528416724, 0,1, 0
0.11986962016896162, 2.335716518338851, 0.9077668824252596, 0.4074284746787701, 0,2, 0
0.09991352358145414, 2.3361690549454606, 0.9273376082964652, 0.5236097390831752, 0,2, 0
0.11534623827579325, 2.335703486336179, 0.8741783850404541, 0.36399565631017, 0,1, 0
0.09958092197166234, 2.350419442818438, 0.8933638062721464, 0.511360707474246, 0,2, 0
0.1020421738841216, 2.3325800946679793, 0.9111321927515412, 0.5073242805633835, 0,3, 0
0.09958092197166234, 2.3745556248326283, 0.8933638062721464, 0.5127160384074199, 0,3, 0
0.09958092197166234, 2.382591571286395, 0.8933638062721464, 0.5155708512927886, 0,3, 0
0.12080090467637863, 2.3573092983161223, 0.8698054814180406, 0.34305973194277617, 0,3, 0
0.09991352358145414, 2.4105368787114876, 0.9273376082964652, 0.5237032781917353, 0,2, 0
0.09904875939599547, 2.3690485566991266, 0.8938837418790088, 0.5046276688110908, 0,4, 0
0.10024612519124593, 2.30519691806492, 0.88033626681359, 0.49461828721974244, 0,4, 0
0.10017960486928756, 2.388074908841436, 0.8835487229879121, 0.5039006005185931, 0,3, 0
0.0996474422936207, 2.394674608293966, 0.9424463317291131, 0.517812480085453, 0,4, 0
0.09878267810816205, 2.3545587291056496, 0.9000015148416551, 0.510568637688431, 0,5, 0
0.09878267810816205, 2.3736269402898875, 0.9000015148416551, 0.515156436000292, 0,1, 0
0.10024612519124593, 2.3794540659694436, 0.88033626681359, 0.49568076237763525, 0,3, 0
0.09878267810816205, 2.3211307099167953, 0.9000015148416551, 0.513799629656461, 0,3, 0
0.10111088937670458, 2.421742330805664, 0.9116167084157132, 0.5123624918707292, 0,3, 0
0.09878267810816205, 2.327528025538893, 0.9000015148416551, 0.5163746409189912, 0,5, 0
0.10024612519124593, 2.3551054214087896, 0.88033626681359, 0.49334640278945324, 0,4, 0
0.09878267810816205, 2.412335622130631, 0.9000015148416551, 0.514181279640857, 0,3, 0
0.09878267810816205, 2.404715534829177, 0.9000015148416551, 0.511574869843444, 0,2, 0
0.09958092197166234, 2.387183175887572, 0.8933638062721464, 0.5133355430354674, 0,1, 0
0.10024612519124593, 2.433017734654021, 0.88033626681359, 0.4922463472414252, 0,2, 0
0.09904875939599547, 2.38214312506588, 0.8938837418790088, 0.5046120275717064, 0,3, 0
0.09958092197166234, 2.3446548069133213, 0.8933638062721464, 0.5156322130829711, 0,6, 0
0.09958092197166234, 2.378403942638756, 0.8933638062721464, 0.5136818777441383, 0,6, 0
0.09958092197166234, 2.4996327154652085, 0.8933638062721464, 0.5122176941543504, 0,3, 0
0.10111088937670458, 2.38207681835003, 0.9116167084157132, 0.5134867833104101, 0,2, 0
0.09991352358145414, 2.324966445778338, 0.9273376082964652, 0.5207641357871271, 0,5, 0
0.09878267810816205, 2.3927403439195905, 0.9000015148416551, 0.5141343875429047, 0,3, 0
0.0988491984301204, 2.3117772448699663, 0.8999781503556739, 0.5108390425934928, 0,2, 0
0.09878267810816205, 2.3276763178508757, 0.9000015148416551, 0.5139237219498509, 0,2, 0
0.09958092197166234, 2.310053904534084, 0.8933638062721464, 0.5112718828313609, 0,6, 0
0.10024612519124593, 2.4098159273346527, 0.88033626681359, 0.4933969039232794, 0,1, 0
0.09878267810816205, 2.5582770900733296, 0.9000015148416551, 0.5148193328240671, 0,1, 0
0.09904875939599547, 2.369465477704637, 0.8938837418790088, 0.5033492865491721, 0,6, 0
0.09904875939599547, 2.339302051386925, 0.8938837418790088, 0.5046060451080505, 0,0, 0
0.09991352358145414, 2.3181737847633643, 0.9273376082964652, 0.5198698846734456, 0,5, 0
0.10017960486928756, 2.413737026793288, 0.8835487229879121, 0.5077117705391079, 0,3, 0
0.09904875939599547, 2.3784762950886558, 0.8938837418790088, 0.5055676592790219, 0,2, 0
0.10111088937670458, 2.482244374984706, 0.9116167084157132, 0.5142433303889841, 0,0, 0
0.09991352358145414, 2.3283804873145684, 0.9273376082964652, 0.5188278856341101, 0,5, 0
0.10097784873278787, 2.31270245994104, 0.8896953824485279, 0.5045753514390231, 0,3, 0
0.09878267810816205, 2.353230870563827, 0.9000015148416551, 0.5135281122365611, 0,5, 0
0.10111088937670458, 2.3069470272579333, 0.9116167084157132, 0.5118051491705623, 0,4, 0
0.09878267810816205, 2.336533649289853, 0.9000015148416551, 0.5138856071733681, 0,2, 0
0.09878267810816205, 2.3902714999859374, 0.9000015148416551, 0.516303595453698, 0,4, 0
0.09878267810816205, 2.4280496962982556, 0.9000015148416551, 0.5127010806212803, 0,3, 0
0.09958092197166234, 2.3198523611506325, 0.8933638062721464, 0.5136526679792596, 0,2, 0
0.09991352358145414, 2.3606896878145243, 0.9273376082964652, 0.520049050385379, 0,5, 0
0.10017960486928756, 2.362081994769626, 0.8835487229879121, 0.5061577151476117, 0,5, 0
0.0996474422936207, 2.4345818837864357, 0.9424463317291131, 0.5177209331844215, 0,0, 0
0.10230825517195503, 2.3792417659371274, 0.8898326905595245, 0.4661675288859815, 0,2, 0
0.10024612519124593, 2.3517792818194687, 0.88033626681359, 0.4931848590845406, 0,5, 0
0.09904875939599547, 2.3957525542306857, 0.8938837418790088, 0.5086743469181877, 0,5, 0
0.09904875939599547, 2.3921871678380207, 0.8938837418790088, 0.5046012636911587, 0,1, 0
0.11913789662741968, 2.568672883211635, 0.8652336355314013, 0.350438657876775, 0,5, 0
0.09878267810816205, 2.4258202111531517, 0.9000015148416551, 0.5110619724894584, 0,2, 0
0.10111088937670458, 2.451046672503661, 0.9116167084157132, 0.5103838087544141, 0,2, 0
0.10111088937670458, 2.335197423592875, 0.9116167084157132, 0.5120583930828105, 0,0, 0
0.10111088937670458, 2.3197948153461594, 0.9116167084157132, 0.5126060109531493, 0,3, 0
0.09904875939599547, 2.44989213905894, 0.8938837418790088, 0.5033006043593933, 0,1, 0
0.09904875939599547, 2.378525631081865, 0.8938837418790088, 0.5053927396320408, 0,5, 0
0.09991352358145414, 2.408114723179747, 0.9273376082964652, 0.5209344037566406, 0,2, 0
0.09878267810816205, 2.35706190747954, 0.9000015148416551, 0.5150501199147528, 0,4, 0
0.09878267810816205, 2.415754980149006, 0.9000015148416551, 0.5143907255978546, 0,2, 0
0.10051220647907935, 2.3277300191418835, 0.8777699163158681, 0.5042391451903625, 0,5, 0
0.09991352358145414, 2.4388556803707306, 0.9273376082964652, 0.5210924054960242, 0,3, 0
0.10024612519124593, 2.4628467109161627, 0.88033626681359, 0.4955097548750161, 0,4, 0
0.09878267810816205, 2.454542259886729, 0.9000015148416551, 0.5131288234226271, 0,1, 0
0.09878267810816205, 2.3384981693910962, 0.9000015148416551, 0.5164555366795954, 0,3, 0
0.09878267810816205, 2.428729800718682, 0.9000015148416551, 0.5144210396377187, 0,1, 0
0.09991352358145414, 2.3283780132757563, 0.9273376082964652, 0.5224848049079975, 0,4, 0
0.09991352358145414, 2.396180644265622, 0.9273376082964652, 0.5238445897393457, 0,2, 0
0.09991352358145414, 2.353206348500074, 0.9273376082964652, 0.5199831873983132, 0,3, 0
0.0996474422936207, 2.3450474559939614, 0.9424463317291131, 0.5200744477439421, 0,6, 0
0.10111088937670458, 2.349762575510439, 0.9116167084157132, 0.5143104960088908, 0,2, 0
0.09991352358145414, 2.441699013749354, 0.9273376082964652, 0.5205178086932868, 0,3, 0
0.09991352358145414, 2.388250054542647, 0.9273376082964652, 0.5256224100091567, 0,3, 0
0.10111088937670458, 2.398718757344872, 0.9116167084157132, 0.5097678831746889, 0,4, 0
0.10111088937670458, 2.347156674674922, 0.9116167084157132, 0.5128590138207862, 0,2, 0
0.09991352358145414, 2.3540747593574114, 0.9273376082964652, 0.5205762468125177, 0,7, 0
0.09904875939599547, 2.3654473215521974, 0.8938837418790088, 0.5038206685756179, 0,0, 0
0.09904875939599547, 2.3408991688542646, 0.8938837418790088, 0.5060644026807077, 0,5, 0
0.11248586443158384, 2.5112874493392443, 0.8745747783546571, 0.3856465585864033, 0,3, 0
0.09904875939599547, 2.4792155892455807, 0.8938837418790088, 0.5067161906995996, 0,2, 0
0.09878267810816205, 2.4669410187525798, 0.9000015148416551, 0.5119184770917982, 0,2, 0
0.09958092197166234, 2.3720613203782692, 0.8933638062721464, 0.5167899663288796, 0,1, 0
0.09878267810816205, 2.3504583653770568, 0.9000015148416551, 0.5177090244669734, 0,3, 0
0.10017960486928756, 2.4277048714422764, 0.8835487229879121, 0.50407775729992, 0,1, 0
0.09991352358145414, 2.4892066535950974, 0.9273376082964652, 0.5214726622513369, 0,3, 0
0.0972527107031198, 2.3046229639937046, 0.8907759407927404, 0.24967541432657592, 0,0, 0
0.10111088937670458, 2.3066053088693206, 0.8895322605462755, 0.4999945911095553, 0,0, 0
0.09878267810816205, 2.3306649766948135, 0.9000015148416551, 0.5129769546179574, 0,2, 0
0.10051220647907935, 2.3273066056351186, 0.8777699163158681, 0.5047507868468438, 0,5, 0
0.09878267810816205, 2.3136009861908615, 0.9000015148416551, 0.5107871176254951, 0,5, 0
0.1068316370651234, 2.334759507470761, 0.8874606694767987, 0.4813947193695142, 0,2, 0
0.09991352358145414, 2.3982154627422974, 0.9273376082964652, 0.5205383860438715, 0,2, 0
0.09904875939599547, 2.394285203929529, 0.8938837418790088, 0.5053175424402759, 0,2, 0
0.09904875939599547, 2.3630765889018135, 0.8938837418790088, 0.5006560271842273, 0,3, 0
0.09924832036187055, 2.415172130446357, 0.8961566325270526, 0.4914047664820353, 0,4, 0
0.09878267810816205, 2.448603243010412, 0.9000015148416551, 0.5146867534412631, 0,0, 0
0.0996474422936207, 2.3404852890693952, 0.9424463317291131, 0.517648710335635, 0,3, 0
0.0996474422936207, 2.340902436003986, 0.9424463317291131, 0.5188084540793679, 0,5, 0
0.0996474422936207, 2.43881491150739, 0.9424463317291131, 0.5159331423133545, 0,3, 0
0.10017960486928756, 2.319211581807519, 0.8835487229879121, 0.507624331693826, 0,6, 0
0.09958092197166234, 2.317264578120878, 0.8933638062721464, 0.5124894365164028, 0,0, 0
0.09958092197166234, 2.332074694962414, 0.8933638062721464, 0.5145116232949668, 0,3, 0
0.0996474422936207, 2.387515937196418, 0.9424463317291131, 0.5175361157348219, 0,3, 0
0.09904875939599547, 2.3298940359217863, 0.8938837418790088, 0.5048470750245212, 0,6, 0
0.10111088937670458, 2.337685287827417, 0.9116167084157132, 0.5133404254607935, 0,7, 0
0.09904875939599547, 2.4155599854548027, 0.8938837418790088, 0.5034298592403189, 0,4, 0
0.09958092197166234, 2.465443167050172, 0.8933638062721464, 0.5135316521421, 0,1, 0
0.09878267810816205, 2.3303659035680075, 0.9000015148416551, 0.5166288791483362, 0,2, 0
0.10011308454732921, 2.329602829585142, 0.8926431513987854, 0.49885894780459594, 0,3, 0
0.10024612519124593, 2.385373264017881, 0.88033626681359, 0.49572315211972695, 0,1, 0
0.10111088937670458, 2.5666469887869408, 0.9116167084157132, 0.5088959429533576, 0,3, 0
0.09904875939599547, 2.42186860115016, 0.8938837418790088, 0.503833676600163, 0,2, 0
0.09878267810816205, 2.379608980110446, 0.9000015148416551, 0.5115305541754503, 0,1, 0
0.09878267810816205, 2.3794867523113172, 0.9000015148416551, 0.5151976256325119, 0,6, 0
0.10097784873278787, 2.353848253769495, 0.8896953824485279, 0.5053101609104149, 0,5, 0
0.10051220647907935, 2.374032528784384, 0.8777699163158681, 0.5091363552177876, 0,1, 0
0.10111088937670458, 2.32746126209596, 0.9116167084157132, 0.5142937363717904, 0,4, 0
0.09991352358145414, 2.4124103245411312, 0.9273376082964652, 0.5242785300825495, 0,3, 0
0.09878267810816205, 2.3348030060944045, 0.9000015148416551, 0.5147205707777894, 0,4, 0
0.10111088937670458, 2.340316485844789, 0.9116167084157132, 0.5120473672450297, 0,2, 0
0.09811747488857846, 2.3292866233563556, 0.9005227316112907, 0.47252178564571684, 0,5, 0
0.09991352358145414, 2.342351588193888, 0.9273376082964652, 0.5269756166362921, 0,1, 0
0.09991352358145414, 2.3569157750023058, 0.9273376082964652, 0.5222978022179704, 0,4, 0
0.10111088937670458, 2.3929409829789767, 0.9116167084157132, 0.5128320896951464, 0,2, 0
0.10024612519124593, 2.416247060585504, 0.88033626681359, 0.4984437903870104, 0,3, 0
0.09958092197166234, 2.330766936638854, 0.8933638062721464, 0.5126136905958123, 0,2, 0
0.0996474422936207, 2.3221706153310353, 0.9424463317291131, 0.5178348400137351, 0,4, 0
0.0996474422936207, 2.306586052346418, 0.9424463317291131, 0.5172970540922469, 0,5, 0
0.09878267810816205, 2.3871334342988897, 0.9000015148416551, 0.5141710242180114, 0,4, 0
0.09958092197166234, 2.3343360862720512, 0.8933638062721464, 0.513239868430832, 0,5, 0
0.10024612519124593, 2.424139940388972, 0.88033626681359, 0.4947043599979454, 0,5, 0
0.10024612519124593, 2.3617710528842846, 0.88033626681359, 0.4952040413230195, 0,4, 0
0.10111088937670458, 2.355253242505871, 0.9116167084157132, 0.5123975623224234, 0,3, 0
0.09904875939599547, 2.398458469606307, 0.8938837418790088, 0.5052101771915191, 0,4, 0
0.0996474422936207, 2.3175808848603903, 0.9424463317291131, 0.5172582351923035, 0,2, 0
0.10024612519124593, 2.4735451515805877, 0.88033626681359, 0.4967280978788541, 0,4, 0
0.10024612519124593, 2.403138149714808, 0.88033626681359, 0.493900562759993, 0,1, 0
0.10024612519124593, 2.4801115163157803, 0.88033626681359, 0.492558185479613, 0,3, 0
0.10111088937670458, 2.3921776264717596, 0.9116167084157132, 0.512878003505399, 0,2, 0
0.10024612519124593, 2.3775318293151826, 0.88033626681359, 0.49310050962963453, 0,2, 0
0.10111088937670458, 2.328561378835339, 0.9116167084157132, 0.5127735235783126, 0,1, 0
0.10024612519124593, 2.472458964018085, 0.88033626681359, 0.4970263131488439, 0,2, 0
0.10111088937670458, 2.3277986105557473, 0.9116167084157132, 0.5116189076638826, 0,3, 0
0.09991352358145414, 2.3486436237350303, 0.9273376082964652, 0.5214049199277827, 0,2, 0
0.10017960486928756, 2.3393851270109787, 0.8835487229879121, 0.5035844312621852, 0,3, 0
0.10111088937670458, 2.3182717604305045, 0.9116167084157132, 0.5119821317904495, 0,4, 0
0.09991352358145414, 2.3524621352776394, 0.9273376082964652, 0.518067328306607, 0,3, 0
0.09904875939599547, 2.4069534062086317, 0.8938837418790088, 0.5056410593954229, 0,3, 0
0.10111088937670458, 2.4025550784603498, 0.9116167084157132, 0.513914040441718, 0,1, 0
0.09878267810816205, 2.3507934175850522, 0.9000015148416551, 0.5143490176781074, 0,4, 0
0.09878267810816205, 2.372654911200301, 0.9000015148416551, 0.5134099873912512, 0,4, 0
0.09904875939599547, 2.485196103737564, 0.8938837418790088, 0.5062713871251947, 0,5, 0
0.09904875939599547, 2.5203010410492683, 0.8938837418790088, 0.5087288493062908, 0,1, 0
0.09904875939599547, 2.617059462538167, 0.8938837418790088, 0.5046835112933152, 0,3, 0
0.10051220647907935, 2.340085495718065, 0.8777699163158681, 0.5065830045954665, 0,4, 0
0.09878267810816205, 2.4160338132386037, 0.9000015148416551, 0.5129685260278666, 0,3, 0
0.10024612519124593, 2.386932188107139, 0.88033626681359, 0.4964270780183518, 0,0, 0
0.0996474422936207, 2.352805659084717, 0.9424463317291131, 0.5196673806282932, 0,5, 0
0.10111088937670458, 2.334914628699544, 0.9116167084157132, 0.5168501126966759, 0,1, 0
0.10137697066453802, 2.325167926122414, 0.9110856072959028, 0.512202577309086, 0,4, 0
0.10051220647907935, 2.3695861024072467, 0.8777699163158681, 0.5067339601085178, 0,4, 0
0.09991352358145414, 2.461595605449477, 0.9273376082964652, 0.5231322604054721, 0,0, 0
0.09958092197166234, 2.371623519143682, 0.8933638062721464, 0.5131116367779885, 0,7, 0
0.0996474422936207, 2.40255932745118, 0.9424463317291131, 0.5170029074034403, 0,2, 0
0.09878267810816205, 2.4127118425090766, 0.9000015148416551, 0.5148722022975548, 0,2, 0
0.09958092197166234, 2.346373840108854, 0.8933638062721464, 0.513671415334644, 0,4, 0
0.10017960486928756, 2.3621696083161723, 0.8835487229879121, 0.5048686799321167, 0,4, 0
0.09878267810816205, 2.41101649296321, 0.9000015148416551, 0.510327490285395, 0,7, 0
0.10636599481141489, 2.3468400875203965, 0.9165260279313506, 0.4847563576006907, 0,2, 0
0.09958092197166234, 2.3727645627326104, 0.8933638062721464, 0.517567404072496, 0,3, 0
0.0996474422936207, 2.397367815672261, 0.9424463317291131, 0.5167829776595171, 0,3, 0
0.0996474422936207, 2.457344397998638, 0.9424463317291131, 0.518192029199703, 0,4, 0
0.09958092197166234, 2.354118151189895, 0.8933638062721464, 0.5129924626164515, 0,2, 0
0.09958092197166234, 2.507961727493911, 0.8933638062721464, 0.5145353653690917, 0,2, 0
0.0996474422936207, 2.372066722201356, 0.9424463317291131, 0.5150780630732517, 0,2, 0
0.09958092197166234, 2.33539746725606, 0.8933638062721464, 0.5164710437823795, 0,3, 0
0.09991352358145414, 2.403353814513179, 0.9273376082964652, 0.5231601639680963, 0,1, 0
0.10024612519124593, 2.3611700000032125, 0.88033626681359, 0.4999239762825842, 0,6, 0
0.0996474422936207, 2.3892099876124044, 0.9424463317291131, 0.5169074150074594, 0,6, 0
0.09878267810816205, 2.4075515731987758, 0.9000015148416551, 0.5125278645068212, 0,5, 0
0.0996474422936207, 2.32469784789224, 0.9424463317291131, 0.5201727278494856, 0,2, 0
0.09904875939599547, 2.3601164290951466, 0.8938837418790088, 0.5042246578516252, 0,2, 0
0.09878267810816205, 2.3248394941574704, 0.9000015148416551, 0.5127828307653268, 0,2, 0
0.09878267810816205, 2.3792732069848075, 0.9000015148416551, 0.5137947598705546, 0,2, 0
0.10111088937670458, 2.352354258078821, 0.9116167084157132, 0.5141421766659574, 0,2, 0
0.09878267810816205, 2.351603268649235, 0.9000015148416551, 0.5126694019706659, 0,3, 0
