acuracia,loss,frr,fpr, removed, n_clf, tp_removed
0.09825051553249518, 2.3036959164792696, 0.8944041643372586, 0.3510638335706202, 0,0, 0
0.1473425131377636, 2.3467858511951323, 0.8602975937663494, 0.33305209280955894, 0,2, 0
0.10111088937670458, 2.362376639746719, 0.9116167084157132, 0.5178531408745226, 0,5, 0
0.16610124393002063, 2.3807595299047235, 0.8299377100601358, 0.2578694946798541, 0,5, 0
0.13603405840484267, 2.2844913389871024, 0.8548444700532566, 0.35637149066119783, 0,6, 0
0.09991352358145414, 2.454037907578263, 0.9273376082964652, 0.5253487484055939, 0,7, 0
0.1700924632475221, 2.268428960333706, 0.8268392883901265, 0.2964021966602739, 0,3, 0
0.14288565156655358, 2.2854868309516707, 0.853899872898732, 0.2598679986019074, 0,6, 0
0.10224173484999667, 2.5884542101230292, 0.8898564506393286, 0.4812193626130604, 0,11, 0
0.15126721213330674, 2.4151957211979433, 0.8296694197758956, 0.3132924712761649, 0,5, 0
0.14388345639592895, 2.3571592899073956, 0.8435506272693033, 0.3724074626823568, 0,5, 0
0.1584514069048094, 2.2795360810162104, 0.827893548404989, 0.3492958028707757, 0,7, 0
0.20494911195370186, 2.3057591664071873, 0.7854280569261819, 0.23661772161208902, 0,9, 0
0.21353023348633007, 2.104620399830672, 0.7826418187451826, 0.22239761602319533, 0,5, 0
0.20368522583649304, 2.2078365386622734, 0.8378774531584476, 0.2627981927391942, 0,6, 0
0.21818665602341517, 2.1258378640458564, 0.759407380487771, 0.2192247768004062, 0,9, 0
0.1876538282445287, 2.229078311997244, 0.8035385904086234, 0.2579239864281223, 0,5, 0
0.20947249384687022, 2.1493201528188357, 0.8004807182763345, 0.21284365049846865, 0,6, 0
0.19523714494778155, 2.2501514402880987, 0.8066327866787414, 0.26706035438361303, 0,5, 0
0.18299740570744363, 2.203122795135653, 0.8598555117376989, 0.3040478868689112, 0,5, 0
0.23581454134238009, 2.1519235853250254, 0.7553576196240932, 0.19974709120273007, 0,10, 0
0.2390075167963813, 2.224112549612703, 0.746450462381216, 0.20636992427589756, 0,5, 0
0.2335528503957959, 2.128624460594562, 0.7787853626389294, 0.2124042884212512, 0,7, 0
0.1931084946451141, 2.329542455948066, 0.8087527332328492, 0.2838516691323249, 0,7, 0
0.22616909465841814, 2.1572207522465225, 0.7627767643696735, 0.2229997543199326, 0,14, 0
0.2201822656821659, 2.133224945098334, 0.7617481172670449, 0.2259927798873986, 0,9, 0
0.22477216789729262, 2.04805409744147, 0.7632380084473954, 0.21358253763778726, 0,7, 0
0.19224373045965543, 2.1676791852077053, 0.8105170625998135, 0.28118070318929367, 0,5, 0
0.24246657353821593, 2.148275213411117, 0.7431612899774852, 0.20278725158939787, 0,8, 0
0.22390740371183396, 2.1034876018205515, 0.7685193545288665, 0.25140928141626323, 0,6, 0
0.21998270471629083, 2.0904890436307166, 0.7736686527865554, 0.24291939503729307, 0,5, 0
0.2603605401450143, 2.0315101230675006, 0.7548591560913787, 0.20806594498854955, 0,8, 0
0.22457260693141753, 2.018774897464773, 0.7663699173148771, 0.2506554485547891, 0,5, 0
0.24865296348034324, 1.9961295271180692, 0.773463408716784, 0.2322913732618019, 0,5, 0
0.2654826049358079, 1.9832504226452004, 0.7137780863566222, 0.1934090709177313, 0,8, 0
0.23282112685425396, 2.0991534260800124, 0.7602340364447358, 0.23438035534459, 0,8, 0
0.2343510942592962, 2.0470917018192747, 0.7731576769471608, 0.24801471261501334, 0,6, 0
0.21120202221778753, 2.1017013940238307, 0.7842693493864508, 0.2642763485126251, 0,9, 0
0.28889775826515, 1.8942541620620812, 0.721988301690296, 0.17664865616015632, 0,8, 0
0.27226767777556043, 1.9518487026597389, 0.7255549010994526, 0.19083639879553335, 0,8, 0
0.2227100379165835, 2.076277934711136, 0.777896752062364, 0.2592840687288861, 0,3, 0
0.2530433047295949, 1.9838181889113462, 0.7573481308551305, 0.21606295978744683, 0,11, 0
0.30040577396394597, 1.956318877409899, 0.6917732103202238, 0.17651234572769717, 0,5, 0
0.28457393733785674, 1.9332251634567963, 0.7112303181207653, 0.18327502557314587, 0,8, 0
0.26774429588239207, 2.030812624558189, 0.7395018692885184, 0.19516115684896793, 0,5, 0
0.25310982505155327, 1.9823330089827542, 0.7413412403471874, 0.2210100971421355, 0,12, 0
0.3077230093793654, 1.9713619830111484, 0.6729120713308587, 0.16991893200711009, 0,4, 0
0.3021353023348633, 1.9119201956541962, 0.6920132501836892, 0.17613590190444633, 0,8, 0
0.2625557107696401, 1.9134487647587752, 0.7314162754351485, 0.23898146125616682, 0,5, 0
0.31703585445353555, 1.8429848400884972, 0.6936705118956509, 0.16812930928641048, 0,9, 0
0.26701257234085013, 1.9733812467115237, 0.7168666297233715, 0.20829370344355394, 0,5, 0
0.2893634005188585, 1.8839392660620968, 0.7045867866590343, 0.1853099707523078, 0,8, 0
0.30732388744761524, 1.839587799707652, 0.6824001258457392, 0.18040514868110308, 0,7, 0
0.28484001862569014, 1.9300929874326467, 0.7556353620302748, 0.20303572751156954, 0,7, 0
0.2916250914654427, 1.8816298129378872, 0.6941071362241867, 0.18698232758744526, 0,11, 0
0.2660812878334331, 1.9274703712787868, 0.781539452389956, 0.23623532512793993, 0,6, 0
0.31118206612120003, 1.8621709838262743, 0.6922610282173014, 0.17607568374594743, 0,9, 0
0.2406040045233819, 1.9393533525143065, 0.7482172784674017, 0.260269912330028, 0,7, 0
0.24705647575334264, 1.9484570323330577, 0.7422904141161893, 0.2593018642919896, 0,11, 0
0.32555045566420543, 1.8055327824590561, 0.702486003382368, 0.18505731936547104, 0,9, 0
0.31603804962416016, 1.842264321823681, 0.6854643212039122, 0.16929550893349515, 0,8, 0
0.29348766048027675, 1.8859635854856955, 0.7595165554202877, 0.21096560367704584, 0,7, 0
0.34816736513004726, 1.7865784443131323, 0.6460012517073068, 0.16806829127319825, 0,4, 0
0.3023348633007384, 1.9056064329928903, 0.688206399599199, 0.20018889682132537, 0,9, 0
0.2797844741568549, 1.9780136466161113, 0.6899949313322125, 0.1981788680487848, 0,11, 0
0.33991884520721083, 1.7541380986409743, 0.6820559842478506, 0.1725137751830067, 0,8, 0
0.37663806292822455, 1.6994836726509341, 0.6525536780380911, 0.1588297379498325, 0,5, 0
0.29408634337790196, 1.8780230430082385, 0.7193132657513311, 0.20606536954574742, 0,8, 0
0.2889642785871084, 1.8656684954564648, 0.7284083222997566, 0.21413875028118667, 0,10, 0
0.30093793653961287, 1.8872312416234496, 0.6826578016287648, 0.1967588124751362, 0,8, 0
0.36020754340451006, 1.718889904511488, 0.635646789925323, 0.16159713780229512, 0,9, 0
0.3321359675380829, 1.773684355560466, 0.6547768665239162, 0.17786883472577877, 0,7, 0
0.31843278121466106, 1.798208310985045, 0.68498583539345, 0.19380803406253377, 0,4, 0
0.3171023747754939, 1.827163832803246, 0.6574701007666193, 0.1847467224826087, 0,7, 0
0.3762389409964744, 1.7413500507640909, 0.6126520972255777, 0.14881479792723512, 0,8, 0
0.3413822922902947, 1.7216115334287245, 0.6420852262193, 0.17725173376825812, 0,6, 0
0.3773697864697665, 1.6683133358149078, 0.6169739232277865, 0.1603114183866388, 0,8, 0
0.33180336592829107, 1.781588653318977, 0.6549840228284814, 0.177359211970237, 0,8, 0
0.31829974057074434, 1.873311813128, 0.6617593616562241, 0.1996802133863004, 0,8, 0
0.3157054480143684, 1.8351527276188522, 0.6770794724646015, 0.1965055671095507, 0,5, 0
0.36971994944455533, 1.6887767326647052, 0.615138107555661, 0.1615624572843857, 0,4, 0
0.34883256834963083, 1.7458504149892853, 0.6369355061891718, 0.1755142174327015, 0,5, 0
0.36666001463447084, 1.6949133179719549, 0.6464623586527273, 0.1660542223435774, 0,8, 0
0.35129382026209005, 1.7329507069971353, 0.671216568928577, 0.1747131481645975, 0,12, 0
0.3904742898955631, 1.6619220807754866, 0.6116951265594871, 0.15052059848422275, 0,9, 0
0.343111820661212, 1.7813714748707026, 0.6394942071684753, 0.17560325872580498, 0,11, 0
0.3373910729727932, 1.7674347242100197, 0.6736899761014229, 0.1841617775455308, 0,7, 0
0.30399787134969736, 1.8432700121378158, 0.680533114108258, 0.20000411607847146, 0,12, 0
0.32288964278587107, 1.8322538347893875, 0.6585283283755046, 0.18570516031586476, 0,11, 0
0.34923169028138096, 1.7344203424146059, 0.6327156746279688, 0.17162178369844774, 0,4, 0
0.3805627619237677, 1.6473791865914562, 0.6116268848815201, 0.16275937075359231, 0,8, 0
0.3458391538615047, 1.7752067396790334, 0.676179315091127, 0.18327644315244515, 0,7, 0
0.3677908601077629, 1.7208948257059375, 0.6625437531172289, 0.17444781589534034, 0,7, 0
0.38861172088072904, 1.665536978478236, 0.6517437949768694, 0.16295487973963962, 0,7, 0
0.38428789995343576, 1.6545671008624916, 0.617339774421325, 0.16287887806211188, 0,11, 0
0.34909864963746423, 1.7728315530692889, 0.6328917851662414, 0.16896887065018817, 0,4, 0
0.38229229029468503, 1.6573075437659965, 0.6081701916121252, 0.15580125120697674, 0,8, 0
0.32009578926362003, 1.8719074853418323, 0.658355400500676, 0.18371171321670451, 0,8, 0
0.2825118073571476, 1.9837370607529874, 0.6966648945191831, 0.2343878649011946, 0,5, 0
0.3600745027605934, 1.7397553738756015, 0.611478505218874, 0.16404728206762872, 0,7, 0
0.3748420142353489, 1.6853550068158347, 0.6013464424917676, 0.15998962033177233, 0,7, 0
0.10077828776691279, 2.3037361388180155, 0.8944213325400786, 0.29326970296135924, 0,0, 0
0.10017960486928756, 2.3084966253633232, 0.8835487229879121, 0.5099696229153587, 0,1, 0
0.09878267810816205, 2.379712031145006, 0.9000015148416551, 0.5177168515347518, 0,7, 0
0.0996474422936207, 2.419186982710125, 0.9424463317291131, 0.5223446976523549, 0,7, 0
0.14887248054280583, 2.358347210549138, 0.8414855496689799, 0.318861139798199, 0,7, 0
0.14341781414222046, 2.3757477895804193, 0.8620437416625993, 0.3401729549494699, 0,3, 0
0.11554579924166833, 2.371813627882631, 0.8822090759697307, 0.4331030347418788, 0,9, 0
0.13397192842413358, 2.333070033516291, 0.868003096930002, 0.30508105849983225, 0,17, 0
0.12073438435442027, 2.385636011656352, 0.9059295520845047, 0.419706220296592, 0,9, 0
0.10570079159183131, 2.334029064860116, 0.9167738520558134, 0.5041338722299892, 0,5, 0
0.138694871283177, 2.3459738919829003, 0.8520894824446503, 0.41100135315077924, 0,7, 0
0.16450475620302002, 2.3446366995115095, 0.828761238869217, 0.2919150904329511, 0,6, 0
0.1847934544003193, 2.217439215070496, 0.8023520436840375, 0.2381265735596585, 0,11, 0
0.19051420208873812, 2.1489428788976643, 0.8485781548620617, 0.25249094546725975, 0,4, 0
0.21871881859908202, 2.1728323646817054, 0.7911796174582147, 0.205351541341866, 0,5, 0
0.13736446484400985, 2.463600028237603, 0.8589102250483972, 0.41057133553235725, 0,7, 0
0.22304263952637532, 2.1773333866217333, 0.8081302903271118, 0.22255981839337158, 0,8, 0
0.1868555843810284, 2.148936189458826, 0.8118115897131055, 0.2668767938595938, 0,1, 0
0.167099048759396, 2.1863364953564317, 0.8291284559734251, 0.3240035598389849, 0,8, 0
0.15738708175347568, 2.202692439707899, 0.8340222291916153, 0.3496604496115174, 0,6, 0
0.25583715825184594, 2.0659342756736367, 0.7566277583090754, 0.1804274495664072, 0,13, 0
0.21885185924299874, 2.1165817505560147, 0.8094320146777068, 0.22304565991096328, 0,9, 0
0.21406239606199695, 2.1392877800358527, 0.7784505564644073, 0.22058099896602357, 0,6, 0
0.21911794053083217, 2.190220310771599, 0.7686037792462919, 0.21703309306202218, 0,13, 0
0.24592563028005054, 2.05467562004453, 0.7545412066503085, 0.1956364313689406, 0,6, 0
0.23887447615246457, 2.1496052345512378, 0.7743079522652881, 0.2119380739026777, 0,9, 0
0.22084746890174947, 2.0672789962715328, 0.775005257091852, 0.2557950513980957, 0,6, 0
0.24978380895363533, 2.060642365712903, 0.7635521094789459, 0.1910890515891578, 0,7, 0
0.19330805561098915, 2.227299689263282, 0.7960021369693118, 0.26832254392649946, 0,12, 0
0.27366460453668595, 2.0569808569876233, 0.7143763885679205, 0.1730172596451947, 0,14, 0
0.18060267411694272, 2.2422136515349216, 0.8138967783658562, 0.32235945374494274, 0,9, 0
0.27486197033193643, 2.004834461611029, 0.7195979932885659, 0.1716059857916055, 0,7, 0
0.23754406971329742, 2.0369967224037606, 0.798919344679391, 0.24363706884706038, 0,9, 0
0.2672121333067252, 2.015796546766971, 0.7647689065585891, 0.20736075673504548, 0,9, 0
0.28417481540610656, 1.9565496716973216, 0.7033839937207452, 0.1751498934223999, 0,6, 0
0.2181201357014568, 2.1499671166761347, 0.7577864992796384, 0.24383083095902996, 0,4, 0
0.2245060866094592, 2.1302371127400215, 0.7881175486883178, 0.2242513348673513, 0,9, 0
0.17581321093594093, 2.3001573188476345, 0.813620635201471, 0.34607053390009357, 0,5, 0
0.2688751413556842, 2.044120764273223, 0.7258207504493793, 0.1905684241859412, 0,8, 0
0.2418678906405907, 2.1154493420477567, 0.7465912352565529, 0.21448543861675, 0,5, 0
0.23481673651300472, 2.0348914013067216, 0.7458599648916384, 0.24303016485506568, 0,8, 0
0.22889642785871084, 2.0449002301598598, 0.7842389611650562, 0.21588884292692698, 0,7, 0
0.23681234617175548, 2.021060940566387, 0.7565450852063418, 0.2264471340292365, 0,9, 0
0.29308853854852657, 1.96492738201337, 0.7373579443292829, 0.17495824906340346, 0,7, 0
0.29694671722211136, 1.9405639780929271, 0.7210991336062237, 0.17846775932556555, 0,8, 0
0.21519324153528904, 2.229762170142394, 0.7697327255576181, 0.24494798471295146, 0,9, 0
0.23847535422071442, 1.9869459870173563, 0.7628285025206561, 0.23115068349207035, 0,9, 0
0.23860839486463115, 1.9970876208772237, 0.7514931312464915, 0.25929400700219307, 0,5, 0
0.25996141821326413, 1.9741149759019816, 0.7306017637559296, 0.22864893425619542, 0,3, 0
0.2930220182265682, 1.9924087683248763, 0.7133866659036809, 0.17780541069526304, 0,5, 0
0.2667464910530167, 2.012849584851271, 0.7456440110660048, 0.21743489136455146, 0,7, 0
0.30240138362269675, 1.853829617689194, 0.736282857083792, 0.18792925470082128, 0,6, 0
0.2940198230559436, 1.8925076194297352, 0.7063177481325599, 0.1887930004676623, 0,4, 0
0.3248187321226635, 1.830822060483742, 0.6865976954319514, 0.16698899450848434, 0,5, 0
0.2664138894432249, 1.9904513354549815, 0.7172294237859884, 0.20366436477282124, 0,4, 0
0.3171023747754939, 1.8586009833846495, 0.6610964639788182, 0.17185541377890942, 0,11, 0
0.3047961152131976, 1.8305128332558787, 0.6850264021323147, 0.1951860491903615, 0,8, 0
0.3104503425796581, 1.9067479713443811, 0.6680502971210077, 0.17737098143183794, 0,5, 0
0.3061265216523648, 1.8882910695026347, 0.7288313792747821, 0.20084387031607542, 0,6, 0
0.3519590234816736, 1.7801773021981315, 0.6533946426677127, 0.15976976682824973, 0,7, 0
0.31484068382890973, 1.8063704870278936, 0.6810107232596251, 0.19061627502937756, 0,10, 0
0.33971928424133574, 1.7996533847113676, 0.6495778239274667, 0.16309115332882404, 0,12, 0
0.32628217920574737, 1.8144732188981807, 0.6774568279342309, 0.17059515065248906, 0,11, 0
0.3639326814341781, 1.7394643333241635, 0.651923693943149, 0.1566734901618268, 0,5, 0
0.25583715825184594, 1.9702530051946148, 0.7404533061402705, 0.255713858038378, 0,6, 0
0.3410496906805029, 1.7793815068155676, 0.6762128236505515, 0.1748586780460575, 0,4, 0
0.3225570411760793, 1.7809729272239359, 0.6793406655193857, 0.18458552194181269, 0,6, 0
0.2650169626820994, 2.078807706316019, 0.7056278713040736, 0.22202078132237332, 0,5, 0
0.3161710902680769, 1.7928213723475195, 0.678897604794182, 0.1907267700831136, 0,9, 0
0.30413091199361403, 1.8956227390493199, 0.6810581302176536, 0.1838496854396528, 0,10, 0
0.3055943590766979, 1.865301387475603, 0.6788040920828081, 0.19359943811130087, 0,9, 0
0.34464178806625423, 1.814117791011076, 0.6514995483554564, 0.16376504457077734, 0,7, 0
0.2950841482072773, 1.8436178086836135, 0.6824419285163635, 0.19350452634969062, 0,6, 0
0.31018426129182464, 1.81866968748995, 0.6743947607820983, 0.20839053973573954, 0,5, 0
0.3592097385751347, 1.7482671438636619, 0.65288161701247, 0.15912059092065828, 0,10, 0
0.3518925031597153, 1.7698356232734795, 0.6512953713460619, 0.1634254272586322, 0,7, 0
0.3188984234683696, 1.9165472848436151, 0.6597654431658704, 0.1796673071566673, 0,3, 0
0.31783409831703585, 1.8324435379487236, 0.6538423339902428, 0.18130142924597745, 0,10, 0
0.3149072041508681, 1.8029076622202194, 0.6789955337652753, 0.19269936149781094, 0,13, 0
0.3519590234816736, 1.7868508793300144, 0.6319601232235761, 0.16722763980112446, 0,5, 0
0.34876604802767247, 1.819053784937612, 0.6487027578061, 0.1698005653635487, 0,9, 0
0.344043105168629, 1.7620870075143042, 0.6736974509830651, 0.18125888600204415, 0,7, 0
0.3574802102042174, 1.739400525774807, 0.6780176105905708, 0.170700586505444, 0,6, 0
0.34983037317900617, 1.7393962707791049, 0.6584797059747766, 0.169752130958934, 0,12, 0
0.2974788797977782, 1.9316503529871232, 0.68880132914376, 0.2106580482673857, 0,6, 0
0.3215592363467039, 1.8184184862064965, 0.6756340233120348, 0.1839946211455759, 0,4, 0
0.36406572207809484, 1.7223914256453838, 0.6513700841886894, 0.16818912736110242, 0,11, 0
0.34683695869088005, 1.7448192350003864, 0.6451173471529179, 0.18081148247405782, 0,7, 0
0.3872813144415619, 1.6600124735814135, 0.6193823024387195, 0.15404567118041476, 0,7, 0
0.366327413024679, 1.7130546405002487, 0.6398827274371326, 0.16952193945025176, 0,4, 0
0.33000731723541543, 1.7980688745264346, 0.6831113575824794, 0.19260021556518112, 0,8, 0
0.3673917381760128, 1.7037651103064502, 0.632745023876684, 0.16886502150377794, 0,8, 0
0.3523581454134238, 1.7238209881659143, 0.683960226387067, 0.1879535688207678, 0,9, 0
0.36626089270272066, 1.7300007008494378, 0.6231633517292835, 0.16959498577949514, 0,7, 0
0.37417681101576533, 1.7067139926351949, 0.613958873888182, 0.16371454851291564, 0,9, 0
0.29248985565090135, 1.903962698896623, 0.7131811903799568, 0.21504484451547634, 0,7, 0
0.39992017561364995, 1.6366595700834197, 0.604768993144864, 0.15048029667609006, 0,6, 0
0.39419942792523116, 1.66388988943702, 0.611821893277205, 0.15291228243219518, 0,14, 0
0.37863367258697533, 1.6656801597583415, 0.6076425206856719, 0.15649943783951167, 0,5, 0
0.3783675912991419, 1.6758035946862153, 0.6076282476541615, 0.1630847664486324, 0,9, 0
0.4067052484534025, 1.6216676738406817, 0.5868957459469357, 0.14977613845110962, 0,7, 0
0.10077828776691279, 2.3037361388180155, 0.8944213325400786, 0.29326970296135924, 0,0, 0
0.0996474422936207, 2.3143678357134414, 0.9424463317291131, 0.5223446976523549, 0,1, 0
0.10017960486928756, 2.535853646396758, 0.8835487229879121, 0.5102032546217147, 0,2, 0
0.09958092197166234, 2.5803571538535657, 0.8933638062721464, 0.5170841316523278, 0,1, 0
0.14647774895230492, 2.5621435829148766, 0.8495749937698759, 0.3243327524953259, 0,6, 0
0.11374975054879266, 2.4093644885827166, 0.899583427224009, 0.4151740407573594, 0,10, 0
0.1009113284108295, 2.4683642183434644, 0.8797154999492774, 0.40549628706770213, 0,7, 0
0.10057872680103772, 2.358135088747913, 0.8925449857962992, 0.512097160387561, 0,7, 0
0.11275194571941728, 2.3133552891205924, 0.9002130495855774, 0.39995526786249036, 0,11, 0
0.1414222044834697, 2.5889453391055657, 0.8403008521889176, 0.3368414341139864, 0,10, 0
0.12060134371050356, 2.3918851049314482, 0.8678169794228106, 0.35540542996509195, 0,7, 0
0.1720215525843145, 2.268037026603961, 0.8259520451045467, 0.2569299057411046, 0,8, 0
0.1921106898157387, 2.181849365485592, 0.8407080536751812, 0.2525438439327218, 0,5, 0
0.1458790660546797, 2.3758927569301798, 0.8608419100812218, 0.28254814608393597, 0,5, 0
0.1803365928291093, 2.1454079037598253, 0.81414575282662, 0.23059877943366097, 0,8, 0
0.20268742100711767, 2.156143186018312, 0.8139190926906644, 0.23160707052398177, 0,9, 0
0.19969400651899155, 2.202191613831143, 0.8357327546592418, 0.24136278134900024, 0,8, 0
0.13111155457992416, 2.3934496732312573, 0.9103166833528847, 0.40401568852681735, 0,7, 0
0.2238408833898756, 2.1101453245530655, 0.7943805423850507, 0.1967010725483368, 0,12, 0
0.2045499900219517, 2.178399904929005, 0.8050834743061611, 0.22903901469547794, 0,8, 0
0.21639060733053947, 2.120668512455505, 0.8182268357572078, 0.2390152501520759, 0,7, 0
0.20335262422670125, 2.1542571549175156, 0.7864523032770423, 0.27028029457972613, 0,4, 0
0.1723541541941063, 2.287368263585644, 0.8300937147959793, 0.2599016057953698, 0,7, 0
0.20235481939732589, 2.2185551719672505, 0.7889911972884103, 0.24009313339127494, 0,3, 0
0.19603538881128185, 2.106952050104435, 0.8336909216960815, 0.28076946464192604, 0,7, 0
0.17368456063327348, 2.2565109147240774, 0.8519230313273276, 0.34554404754226276, 0,9, 0
0.25257766247588637, 2.0794567229829766, 0.7489991461521868, 0.19963235567681084, 0,8, 0
0.22829774496108562, 2.0461435956622855, 0.7612044754813816, 0.2261947208738101, 0,6, 0
0.24419610190913324, 2.006640337505225, 0.7574434462188416, 0.20324186781749132, 0,9, 0
0.24625823188984236, 2.0044184654548656, 0.7538329154091667, 0.2206225440084747, 0,6, 0
0.24053748420142354, 2.0586954296876243, 0.7942161595817089, 0.21920846787790585, 0,5, 0
0.20721080290028604, 2.081777637149017, 0.789912191707054, 0.24121821856337647, 0,7, 0
0.23308720814208742, 2.15153783048721, 0.7989778482042214, 0.23632672269075733, 0,4, 0
0.19729927492849064, 2.0760978368563636, 0.7875307759589646, 0.28157548620667294, 0,5, 0
0.25676844275926297, 1.9764727034120275, 0.7479488305363828, 0.20152487592901655, 0,7, 0
0.22310915984833365, 2.0922982804013817, 0.7620411578249825, 0.2414627749279628, 0,8, 0
0.2847069779817734, 2.0023875748858213, 0.7088751647854389, 0.16834095007862182, 0,11, 0
0.24845340251446818, 1.9607565751818294, 0.7365895502715197, 0.2082749033957634, 0,9, 0
0.29328809951440166, 1.9643497331440747, 0.7239262879057913, 0.17444091671854334, 0,9, 0
0.2565023614714295, 1.9549393777535489, 0.7641122710747169, 0.2173440622805916, 0,10, 0
0.2974788797977782, 1.8901087620146837, 0.7325606556153192, 0.18375357229685854, 0,6, 0
0.24512738641655027, 1.961661309925674, 0.744709251782671, 0.23372326182784295, 0,10, 0
0.2680103771702255, 1.946685343165998, 0.7217915275005521, 0.2052394326108095, 0,9, 0
0.30506219650103106, 1.883034040183592, 0.7210981302402463, 0.18380894335100958, 0,6, 0
0.24931816669992682, 1.9365145620262203, 0.7473272802401173, 0.23102155231318, 0,7, 0
0.3003392536419876, 1.881783138454329, 0.7160259826585863, 0.1805785273351361, 0,7, 0
0.22503824918512605, 2.0851184620056644, 0.7715425413436781, 0.2599461607086353, 0,10, 0
0.3069247655158651, 1.877738486155932, 0.7211634555402295, 0.17545356329831457, 0,9, 0
0.2938202620900685, 1.9609218496631768, 0.7260966628464525, 0.19657113159398004, 0,9, 0
0.23574802102042175, 2.0134393156768238, 0.7613010620308645, 0.25519942508973315, 0,7, 0
0.234683695869088, 1.9909541068149725, 0.7588103932933947, 0.2564054965155982, 0,8, 0
0.2581653695203885, 2.0164262247777054, 0.7264207339684151, 0.2044334056602106, 0,7, 0
0.2900286037384421, 1.9503962241317876, 0.7020201790780766, 0.19861028493943514, 0,8, 0
0.34524047096387944, 1.8599639427302674, 0.6811853171437204, 0.16570691857350506, 0,5, 0
0.290560766314109, 1.8783466458907425, 0.7035447669121456, 0.19973754440369956, 0,9, 0
0.3085212532428657, 1.8382247934352216, 0.7292618888141874, 0.19437971592296738, 0,5, 0
0.3053282777888645, 1.8574732778862646, 0.7036212888821303, 0.18454499299374272, 0,7, 0
0.2863699860307324, 1.9010550733503289, 0.707227913985798, 0.19699291938520724, 0,3, 0
0.2880995144016497, 1.878659574349769, 0.752130496102047, 0.2053648999968036, 0,7, 0
0.25823188984234685, 2.061557798723273, 0.7336536862371851, 0.2547979692861934, 0,11, 0
0.33985232488525247, 1.8152407164552418, 0.6508345601090504, 0.16534564731121804, 0,9, 0
0.29455198563161045, 1.9111696415569843, 0.7098879837299721, 0.19596842693760666, 0,7, 0
0.35408767378434114, 1.7819983479482309, 0.6515098353683509, 0.1619554025290043, 0,8, 0
0.3423135767977117, 1.7869526575022905, 0.6790434862811107, 0.17578654414575123, 0,7, 0
0.3240204882591632, 1.809884062177255, 0.6990837411884769, 0.19442276517227286, 0,10, 0
0.3341315771968336, 1.8022721326177502, 0.6599107790259996, 0.1631687573635942, 0,5, 0
0.3425131377635868, 1.8118302583761863, 0.639039316181347, 0.16318690124252222, 0,4, 0
0.3108494645114082, 1.8404017778909318, 0.671632871783092, 0.1864115931660998, 0,5, 0
0.3405840484267944, 1.7768508581346614, 0.6484378005867012, 0.17400959297618432, 0,7, 0
0.34417614581254574, 1.7878756329426149, 0.6611362946789348, 0.17129386488093865, 0,14, 0
0.33951972327546065, 1.7660717600153044, 0.6974991966583489, 0.18257415223859078, 0,6, 0
0.3418479345440032, 1.7498622036325966, 0.6701554503112175, 0.17731720275611806, 0,10, 0
0.35308986895496575, 1.757925203553393, 0.6406956728829206, 0.1644080222502627, 0,4, 0
0.36020754340451006, 1.7258213141447754, 0.639446005146333, 0.16667677719603155, 0,6, 0
0.3059934810084481, 1.79265837163984, 0.6706814753981324, 0.20000460548054494, 0,9, 0
0.3369254307190847, 1.769685703020788, 0.6459747168498179, 0.1704769130488951, 0,2, 0
0.299474489456529, 1.8405649657557288, 0.7065872105085595, 0.2044426956264989, 0,3, 0
0.2628217920574736, 1.9409951271371182, 0.7391907337333821, 0.2364753140717867, 0,5, 0
0.28783343311381626, 1.9409206679486979, 0.6962336191876549, 0.22163145666494494, 0,8, 0
0.3459721945054214, 1.7574114624091444, 0.6501733828136754, 0.17274024526843731, 0,7, 0
0.34803432448613053, 1.7745289232038908, 0.6426831266855001, 0.1694271853300357, 0,6, 0
0.3935342247056476, 1.6474018170552396, 0.6244164906781206, 0.15185825002903666, 0,8, 0
0.37151599813743097, 1.7124750723637705, 0.6425071915474773, 0.15766191005282812, 0,5, 0
0.3691877868688884, 1.7306732253694315, 0.6668906432631281, 0.16497596927087643, 0,13, 0
0.3250848134104969, 1.8529988287261707, 0.7002673067623345, 0.20049065690899456, 0,8, 0
0.3710503558837225, 1.6900041228198548, 0.6240980503891415, 0.16092611391560444, 0,11, 0
0.3548193973258831, 1.712849386154848, 0.6242226481477944, 0.16406123006637036, 0,5, 0
0.33792323554846004, 1.7656756601496655, 0.6537030448484541, 0.1744497796912124, 0,7, 0
0.33246856914787465, 1.7897765396031158, 0.6612890695626211, 0.1833115630592127, 0,10, 0
0.3276125856449145, 1.8387022594079552, 0.6953356597598175, 0.18254996456530193, 0,5, 0
0.37524113616709903, 1.6792075916721318, 0.6517831525485641, 0.16423158096482715, 0,5, 0
0.397325883057274, 1.651790630257963, 0.6193040107305382, 0.153728652466969, 0,13, 0
0.34969733253508944, 1.7590102829663077, 0.6526444929781587, 0.17477552947701902, 0,9, 0
0.2958823920707776, 1.8538154433077778, 0.6922376407851503, 0.2101404426233555, 0,6, 0
0.35894365728730127, 1.7197747921020632, 0.6291006916853494, 0.16901919660242978, 0,10, 0
0.360939266946052, 1.7065453280440221, 0.6364097283032635, 0.17171858342321628, 0,8, 0
0.3144415618971596, 1.8225846820480134, 0.6840524532574631, 0.21200697821767484, 0,6, 0
0.34178141422204483, 1.7922735847292375, 0.6395410106635737, 0.18017709189341194, 0,10, 0
0.37477549391339054, 1.7039957713130816, 0.6273733697995586, 0.16022213855864542, 0,7, 0
0.38242533093860176, 1.6707665670487424, 0.6129420666661257, 0.1621985866120356, 0,7, 0
0.4162176544934478, 1.5968371503273662, 0.5790834649116807, 0.14561033871768808, 0,5, 0
0.10077828776691279, 2.3037361388180155, 0.8944213325400786, 0.29326970296135924, 0,0, 0
0.10017960486928756, 2.349828543526949, 0.8835487229879121, 0.5102032546217147, 0,2, 0
0.10111088937670458, 2.4046610608307386, 0.9116167084157132, 0.5178531408745226, 0,1, 0
0.10137697066453802, 2.3343731560631285, 0.8976441545214702, 0.4923138288037398, 0,3, 0
0.12485864431583849, 2.3778639122420486, 0.8518105144444297, 0.35698692199511534, 0,5, 0
0.1344375706778421, 2.4021467554397167, 0.8569902130953863, 0.3056726728875518, 0,7, 0
0.1293155058870485, 2.2997209463482378, 0.8649000776415591, 0.3978039178952049, 0,5, 0
0.11514667730991818, 2.335841574244162, 0.9048507924107895, 0.36302652024340837, 0,5, 0
0.14122264351759461, 2.284974975198327, 0.8522201481617806, 0.4054164918257085, 0,5, 0
0.14441561897159583, 2.3311772002896602, 0.8750238827278644, 0.3042069454709955, 0,7, 0
0.21419543670591365, 2.1451743502170593, 0.798734024063137, 0.20886185325787604, 0,13, 0
0.19922836426528304, 2.17752843528643, 0.7988352757467176, 0.22472913228630056, 0,8, 0
0.18984899886915452, 2.334448316128503, 0.8055462619933684, 0.25483591244777554, 0,10, 0
0.16669992682764584, 2.2912703917379083, 0.8223468989831967, 0.2784917385385064, 0,8, 0
0.16031397591964344, 2.2643924771704564, 0.8435683981283526, 0.3163054485206035, 0,9, 0
0.15924965076830971, 2.270234731891028, 0.8709628896512807, 0.3454537523294463, 0,5, 0
0.1843278121466108, 2.2948943724859374, 0.8316901679238643, 0.31341401256686036, 0,6, 0
0.16663340650568748, 2.2778410282208283, 0.8129002986267184, 0.3313273500329447, 0,9, 0
0.20474955098782677, 2.1738177789016486, 0.7739778008239108, 0.25748370990428576, 0,9, 0
0.1851260560101111, 2.2018824701917263, 0.8184392034273361, 0.2678970753355635, 0,9, 0
0.21545932282312247, 2.168721874963339, 0.761725830693002, 0.22851101383670322, 0,5, 0
0.2561032395396794, 2.1097730338862895, 0.7571027981551675, 0.19209074966236594, 0,6, 0
0.22962815140025278, 2.045823599215651, 0.764089023912127, 0.22691864486225427, 0,9, 0
0.23641322424000533, 2.0874648800329525, 0.7818581923702129, 0.21766035525865907, 0,6, 0
0.19603538881128185, 2.1555017414488242, 0.789320089369224, 0.29111388896516155, 0,14, 0
0.24772167897292624, 2.038608311726599, 0.7785092653596907, 0.19969318215383575, 0,8, 0
0.2401383622696734, 2.019266834438565, 0.7876724150399959, 0.2147777568615327, 0,8, 0
0.23441761458125457, 2.0904089051362544, 0.758579763248114, 0.21386110631172664, 0,11, 0
0.24605867092396727, 2.0689516066652427, 0.7456718624608902, 0.186680928790471, 0,7, 0
0.2153928025011641, 2.0354070299075984, 0.7826335490658574, 0.2476258380027026, 0,7, 0
0.19137896627419676, 2.121549483216436, 0.8292651552719608, 0.3038154375771613, 0,8, 0
0.2322889642785871, 2.0178852023886784, 0.7607830530406694, 0.22038536170432743, 0,4, 0
0.23095855783941993, 2.058261250296586, 0.7663429543646778, 0.2221949647993891, 0,8, 0
0.24565954899221712, 1.9812951607039007, 0.743303298223, 0.2070834969422764, 0,10, 0
0.23754406971329742, 1.9830636442568, 0.7592595762561594, 0.22309338033054094, 0,8, 0
0.23574802102042175, 2.030381425288372, 0.7962656178646697, 0.21927711316262566, 0,4, 0
0.28018359608860505, 1.94340132012431, 0.7536256518943776, 0.18653133657181847, 0,10, 0
0.25038249185126055, 1.9901471609112302, 0.7390964517489133, 0.21434527157263772, 0,10, 0
0.2549723940663873, 1.9812399014609545, 0.7457406490464099, 0.19778487765098077, 0,10, 0
0.27160247455597686, 1.9695329176390757, 0.7215861282015831, 0.18965740684245946, 0,5, 0
0.2644848001064325, 1.9644701105109994, 0.7568788890972173, 0.20327788201861743, 0,2, 0
0.28197964478148074, 1.906874483418165, 0.7099988074371165, 0.19546803639237062, 0,10, 0
0.2580988491984301, 2.045707254191363, 0.7173867154791796, 0.20642015540808614, 0,6, 0
0.2891638395529834, 1.8981989108896824, 0.7154279466964529, 0.18500949484027898, 0,9, 0
0.28404177476218984, 1.8938916228587206, 0.7306724008665746, 0.19215707696693293, 0,7, 0
0.2914255304995676, 1.9192615022664377, 0.7058269765067586, 0.1818007504735006, 0,11, 0
0.28118140091798044, 1.933765455034689, 0.7368765678016024, 0.20720997399375257, 0,6, 0
0.27180203552185195, 1.967363084967579, 0.7373287401220252, 0.2124520740808787, 0,9, 0
0.27346504357081086, 1.943660821270294, 0.747915675553185, 0.2196475405725488, 0,4, 0
0.28324353089868953, 1.8777141382790512, 0.7284578497316688, 0.21636674451833657, 0,10, 0
0.2807822789862303, 1.889958814877851, 0.706577632534644, 0.21391750271962764, 0,7, 0
0.30685824519390675, 1.8667281479771438, 0.7266309990581631, 0.19924085303455186, 0,4, 0
0.33985232488525247, 1.8080443097970478, 0.6673878503677315, 0.15731669096262643, 0,9, 0
0.2949511075633606, 1.9212747163590356, 0.6903764066851876, 0.1939606204976023, 0,9, 0
0.2792523115811881, 1.9278129367091528, 0.7179956868152209, 0.2089962951226465, 0,12, 0
0.3304729594891239, 1.8028811617802536, 0.7005494720338666, 0.18006332658918836, 0,4, 0
0.26441827978447413, 1.9131358953225417, 0.7293102729137548, 0.2408630242219615, 0,6, 0
0.30040577396394597, 1.8775385277424952, 0.6996427127814335, 0.19505688213431932, 0,9, 0
0.32002926894166167, 1.8099471409980752, 0.6819893118815475, 0.17937796937831813, 0,11, 0
0.32249052085412094, 1.8092569144933213, 0.7033858926296804, 0.18309698748064837, 0,10, 0
0.2860373844209406, 1.9066131951280327, 0.6926978724505488, 0.19275694342580774, 0,5, 0
0.2825118073571476, 1.9943927584659202, 0.7268246602574948, 0.2089298854227299, 0,7, 0
0.31158118805295015, 1.8638812372255158, 0.7014528854553973, 0.18745740103376873, 0,12, 0
0.3175680170292024, 1.8647550525822612, 0.6766651029598789, 0.18457773852041875, 0,6, 0
0.3098516596820329, 1.869997872842696, 0.6688594977940028, 0.18547605566989578, 0,11, 0
0.31078294418944985, 1.8218435212590138, 0.6670561281892841, 0.18344372415421673, 0,7, 0
0.2810483602740637, 1.8695509144307165, 0.7309736571222057, 0.20088422032740247, 0,7, 0
0.2966806359342779, 1.9499387197220768, 0.683009533915933, 0.19946098759540523, 0,9, 0
0.3239539679372048, 1.8276837720395498, 0.6996891413223331, 0.1878914862247818, 0,10, 0
0.3481008448080889, 1.8077629079466957, 0.673616628043983, 0.1643368596592717, 0,5, 0
0.3521585844475487, 1.7453778615288413, 0.6496703137823124, 0.1653021638338501, 0,7, 0
0.368921705581055, 1.7156793619156963, 0.6446737992322867, 0.15691622208198922, 0,7, 0
0.3467704383689217, 1.7474237843274452, 0.6797583846365818, 0.18282680681918648, 0,12, 0
0.3410496906805029, 1.7696797966695408, 0.6543757275610532, 0.17324221286479408, 0,9, 0
0.3645313643318034, 1.70841802454737, 0.6301370944681789, 0.1629182895714119, 0,4, 0
0.4041774762189849, 1.657817248117977, 0.6180794021780535, 0.14642306480434938, 0,7, 0
0.36120534823388545, 1.7208242986140863, 0.6309118296168438, 0.1632784587493809, 0,7, 0
0.30632608261823985, 1.93140180533354, 0.6690808079430581, 0.19317322334582682, 0,6, 0
0.3295416749817069, 1.7860154423862449, 0.65601308029369, 0.17836492553739883, 0,8, 0
0.30892037517461585, 1.8680282604448144, 0.661849796462956, 0.18624995264657135, 0,5, 0
0.27998403512273, 1.9049008450036768, 0.7134541286926216, 0.22681032301048085, 0,7, 0
0.33951972327546065, 1.744483375179786, 0.6573197704733516, 0.19040444777269794, 0,8, 0
0.38189316836293485, 1.6766577729372845, 0.6244837860039416, 0.15532719840941, 0,13, 0
0.32614913856183064, 1.7602729073289562, 0.6651741434126357, 0.19350966329023397, 0,10, 0
0.35002993414488126, 1.7288040486684477, 0.6430700204424024, 0.17669985720760067, 0,5, 0
0.34743564158850526, 1.7303172482199547, 0.6475317195364905, 0.1737221555510969, 0,11, 0
0.31198030998470033, 1.89960099785166, 0.6978379459387546, 0.1981330601146416, 0,8, 0
0.34716956030067186, 1.7896871718153113, 0.6754043756469196, 0.16987402855191103, 0,11, 0
0.29229029468502626, 1.87817018174256, 0.7268481295917734, 0.2030419472074976, 0,7, 0
0.37743630679172485, 1.6852604065962453, 0.624993596611887, 0.1556116363416552, 0,5, 0
0.32694738242533095, 1.7753809338866344, 0.6903332531225981, 0.19585190491651933, 0,9, 0
0.281846604137564, 1.8774956613590734, 0.7097107843374306, 0.2365601755572377, 0,6, 0
0.3570145679505089, 1.7441592444454783, 0.663908310123188, 0.17642748131072622, 0,12, 0
0.352025543803632, 1.772320552303399, 0.6491777566183861, 0.16655272107359947, 0,6, 0
0.3163041309119936, 1.8755802867822222, 0.660645396702968, 0.19272359777771375, 0,11, 0
0.3967937204816071, 1.6542852267921309, 0.5991006275675141, 0.14849374260717346, 0,7, 0
0.3655291691611787, 1.670994539228907, 0.6316052697266668, 0.17071648557497976, 0,7, 0
0.3787001929089337, 1.665112702866986, 0.6318862788874459, 0.16219325895853703, 0,9, 0
0.4073039313510277, 1.6213328698010039, 0.6158826029165899, 0.15247376000749172, 0,8, 0
0.4114947116344043, 1.6334886243106568, 0.6193093105221873, 0.15041208057168812, 0,7, 0
0.39326814341781413, 1.6448101378134257, 0.613375328820636, 0.15338962724676763, 0,12, 0
0.10077828776691279, 2.3037361388180155, 0.8944213325400786, 0.29326970296135924, 0,0, 0
0.09904875939599547, 2.329437422853882, 0.8938837418790088, 0.5092195881961945, 0,1, 0
0.0996474422936207, 2.421617237392208, 0.9424463317291131, 0.5223446976523549, 0,4, 0
0.09904875939599547, 2.527248033258893, 0.8938837418790088, 0.5092195881961945, 0,3, 0
0.11967005920308654, 2.5429211340843145, 0.8715251242232053, 0.3361091015773496, 0,8, 0
0.10636599481141489, 2.3250564600919716, 0.9347943951917587, 0.49879279443844426, 0,4, 0
0.16097917913922705, 2.2894594207270247, 0.8693998140072641, 0.2677455473386435, 0,5, 0
0.09904875939599547, 2.4773889938324167, 0.8938837418790088, 0.5088410513856506, 0,8, 0
0.18964943790327946, 2.3509689425070874, 0.8434281665679672, 0.23578838001610944, 0,5, 0
0.1615113417148939, 2.4171520624063705, 0.839855673630675, 0.29899894317625314, 0,12, 0
0.16477083749085344, 2.2980159776760956, 0.8537824673498318, 0.26387191962608614, 0,8, 0
0.17634537351160778, 2.247319840928129, 0.8373467707340063, 0.2526589194258651, 0,7, 0
0.19330805561098915, 2.1647606127864623, 0.7969786928383418, 0.23618647969243908, 0,10, 0
0.14321825317634537, 2.3602647623330353, 0.8367769806033937, 0.3121360632971894, 0,7, 0
0.18426129182465242, 2.1885378933282764, 0.8090437010826413, 0.2237459314618354, 0,6, 0
0.16922769906206345, 2.385196478029199, 0.8385400957162368, 0.28236037865558283, 0,11, 0
0.17401716224306527, 2.256642283036039, 0.8253258158089207, 0.2751950215093501, 0,9, 0
0.23055943590766978, 2.0874379492088333, 0.7561403297394247, 0.19760755092606327, 0,6, 0
0.2157254041109559, 2.1552533117000716, 0.7713633907149827, 0.21879991396929516, 0,6, 0
0.24333133772367457, 2.055022915196436, 0.7685855816445073, 0.1950630360481931, 0,4, 0
0.1932415352890308, 2.1768032604647454, 0.8023371351465528, 0.28882788480324945, 0,8, 0
0.17694405640923302, 2.2502020726793583, 0.8403440605444833, 0.2837276468245593, 0,5, 0
0.2149271602474556, 2.107276839180033, 0.7686215477620278, 0.23409944923137652, 0,8, 0
0.17674449544335794, 2.241406145875646, 0.8676943891654249, 0.3177694494256253, 0,6, 0
0.2082086077296614, 2.1281346584051533, 0.7864913535499508, 0.23166846075024108, 0,8, 0
0.19191112884986364, 2.1001492147613634, 0.7914687553910936, 0.2788846774582529, 0,8, 0
0.25337590633938667, 2.0269088476870514, 0.758007336014743, 0.1910279922417278, 0,6, 0
0.2505155324951773, 2.0419192898339285, 0.7456206830459549, 0.18677898303693538, 0,6, 0
0.18905075500565421, 2.1495745498378507, 0.808045519653322, 0.25482522249415146, 0,9, 0
0.2390075167963813, 2.0551818042809176, 0.761511787971568, 0.23772132068386165, 0,9, 0
0.2608261823987228, 1.9628163262540563, 0.7355430529268816, 0.191720846224706, 0,7, 0
0.2868356282844409, 1.9655751088858524, 0.7289859855819445, 0.1873616766216251, 0,11, 0
0.2622231091598483, 2.0420902790736513, 0.7656229096359844, 0.2046567633749799, 0,1, 0
0.1812678773365263, 2.1802276292510876, 0.7964675347056085, 0.30587338877484527, 0,7, 0
0.2648839220381827, 2.058698513816631, 0.7377687648551051, 0.18803378512677543, 0,8, 0
0.2511142153928025, 2.047504217279082, 0.735950261740965, 0.20439384333393318, 0,10, 0
0.21705581055012307, 2.0730083093412905, 0.7756682756025393, 0.27806360949453546, 0,7, 0
0.21785405441362335, 2.178568059980358, 0.7802549925131474, 0.23001860114627487, 0,8, 0
0.23381893168362936, 2.1164583349381743, 0.7557505917711651, 0.227381019702011, 0,5, 0
0.2875008315040245, 1.9331190393394968, 0.7102868039381502, 0.18194817339516686, 0,9, 0
0.25763320694472164, 1.9326228062399036, 0.7687377754259981, 0.22042040976211774, 0,5, 0
0.2797844741568549, 1.9446956226547059, 0.7271652072633613, 0.1858602584165084, 0,5, 0
0.2516463779684694, 1.989903644729436, 0.7578566012667994, 0.208534295581965, 0,6, 0
0.31803365928291094, 1.859454211123426, 0.7164184649963594, 0.17683711205577413, 0,9, 0
0.2749950109758531, 1.965038587885576, 0.75979731454079, 0.20137930698287307, 0,9, 0
0.3132441961019091, 1.8774954931215637, 0.7226960651741859, 0.17685831725249984, 0,9, 0
0.2779884254639792, 1.9065443833637308, 0.7163194158426001, 0.1954012580023221, 0,8, 0
0.2681434178141422, 1.9605256120007029, 0.7370256355005893, 0.1988027460324844, 0,7, 0
0.2594292556375973, 1.9963351158469942, 0.7256492976951979, 0.21022882169534857, 0,9, 0
0.2973458391538615, 1.9008772684445696, 0.7031200798447863, 0.1893801153812974, 0,6, 0
0.23288764717621233, 2.0786586692829947, 0.7792092584568024, 0.2446267009916203, 0,2, 0
0.24752211800705115, 1.9323790866656352, 0.7580901505338526, 0.24820079816130133, 0,8, 0
0.29581587174881924, 1.8855207916632912, 0.6879610113444233, 0.177302683328232, 0,7, 0
0.23807623228896427, 2.010907730271635, 0.7578387549252297, 0.23436058253644187, 0,6, 0
0.2817135634936473, 1.9368608542495895, 0.7267079113352266, 0.18584825488868809, 0,7, 0
0.28743431118206614, 1.9238133553195236, 0.7034913604768407, 0.19990068321419532, 0,7, 0
0.3143085212532429, 1.8495260137629226, 0.684363295549113, 0.18370422949284407, 0,7, 0
0.3507616576864232, 1.771179064986378, 0.6663606710783675, 0.16204638311514455, 0,6, 0
0.3113816270870751, 1.85426709841946, 0.7192077939889705, 0.18877485316266315, 0,7, 0
0.3292755936938735, 1.7919695681538528, 0.6707786101762093, 0.17131193783190157, 0,7, 0
0.2940198230559436, 1.8651548850197743, 0.7471494422876447, 0.21320749012149678, 0,7, 0
0.357413689882259, 1.7465122805252005, 0.6632646796850559, 0.15914360538494277, 0,13, 0
0.32714694339120604, 1.8093701071771076, 0.6880621780710777, 0.18455087968452255, 0,6, 0
0.3554180802235083, 1.7446435217704157, 0.6433392975135379, 0.16329423705933915, 0,13, 0
0.33027339852324883, 1.801332498670441, 0.7077292799485287, 0.17059972855473274, 0,8, 0
0.2958823920707776, 1.8650273681836778, 0.736165508626409, 0.20163728778452075, 0,4, 0
0.3522251047695071, 1.815664872060253, 0.6826046219031607, 0.16933919045163429, 0,10, 0
0.344043105168629, 1.7969992351589077, 0.6832889595997409, 0.17883556024696814, 0,8, 0
0.3351959023481674, 1.7584101976110005, 0.6748858010561952, 0.1799656747557793, 0,9, 0
0.341448812612253, 1.7618888274032436, 0.6514015161251241, 0.17079336555991684, 0,6, 0
0.33985232488525247, 1.7881570323129095, 0.6380091864822068, 0.17465664805968523, 0,8, 0
0.312845074170159, 1.9396304655561172, 0.6721955590794881, 0.1861418106128973, 0,7, 0
0.35774629149205084, 1.7213264201989964, 0.6477666909137254, 0.1710732178934145, 0,9, 0
0.3475021619104636, 1.770011604863124, 0.668149668053958, 0.1678009506786659, 0,10, 0
0.35914321825317636, 1.7333914506762897, 0.6563446949097136, 0.16535743053098703, 0,6, 0
0.2986097252710703, 1.896787282234338, 0.6723271767498974, 0.1970873056101087, 0,10, 0
0.3359276258897093, 1.771257662215268, 0.6466021875117814, 0.17766818247852773, 0,9, 0
0.3594758198629681, 1.7465881933861767, 0.6751357450985331, 0.17786888702209702, 0,13, 0
0.3456395928956296, 1.81181497519097, 0.6887902038266331, 0.1785433373919, 0,7, 0
0.35082817800838156, 1.7539200326492868, 0.6491501283768877, 0.16477420752826283, 0,7, 0
0.3125124725603672, 1.85913512814087, 0.6809823364882489, 0.20449197254579624, 0,8, 0
0.35548460054546666, 1.7501874394000652, 0.6317848614466444, 0.16453583683183048, 0,7, 0
0.32262356149803767, 1.8164817812651652, 0.658368285144314, 0.18043866906468156, 0,3, 0
0.3918712166566886, 1.6668821905636704, 0.6226958036093935, 0.15146937346508524, 0,4, 0
0.348499966739839, 1.7738383914141616, 0.6790525412278424, 0.18055002505819231, 0,7, 0
0.3870817534756868, 1.6841071126192684, 0.6180419008290604, 0.15647639057042045, 0,8, 0
0.3621366327413025, 1.713116306283989, 0.6280556901893015, 0.1710132392871792, 0,8, 0
0.3812279651433513, 1.677040444036638, 0.6298246351107083, 0.16209424682325863, 0,7, 0
0.3856183063926029, 1.674609438787239, 0.6282895212466181, 0.15530128447971328, 0,7, 0
0.3854187454267279, 1.6993935135423817, 0.6262353582346551, 0.1536994666594143, 0,10, 0
0.37124991684959757, 1.6811330239945508, 0.6144486855421045, 0.16686343859031197, 0,10, 0
0.38794651766114546, 1.6484447840162835, 0.6156692301732419, 0.16049827439938, 0,10, 0
0.3773697864697665, 1.6777671739971505, 0.647155793639587, 0.16016873773008602, 0,6, 0
0.32694738242533095, 1.7690327960911334, 0.6947616799530194, 0.2072157447398361, 0,9, 0
0.3793653961285173, 1.6706366090628468, 0.6358671475320681, 0.1581353467611407, 0,9, 0
0.37783542872347503, 1.678650258098194, 0.6411027241010879, 0.16277719406641084, 0,6, 0
0.34577263353954635, 1.7636752860723581, 0.688333423897772, 0.19895140990582277, 0,4, 0
0.36805694139559636, 1.7090364638521454, 0.6181289552017095, 0.16810303297827597, 0,4, 0
0.35022949511075635, 1.741752191683192, 0.6358983403496786, 0.18412941426733215, 0,7, 0
0.36566220980509545, 1.6999384860019282, 0.6211593532122357, 0.17158014301391436, 0,4, 0
0.384886582851061, 1.6808888754892721, 0.605029078506715, 0.1597827478694745, 0,8, 0
0.10077828776691279, 2.3037361388180155, 0.8944213325400786, 0.29326970296135924, 0,0, 0
0.11394931151466774, 2.3463755690281496, 0.8726655849100338, 0.33513704474649975, 0,1, 0
0.13210935940929955, 2.362649067999447, 0.8762040539219295, 0.3501907690682091, 0,3, 0
0.09991352358145414, 2.4296469806570147, 0.9273376082964652, 0.5253487484055939, 0,7, 0
0.1136832302268343, 2.4986049056029374, 0.8825264689527272, 0.4482302591838884, 0,7, 0
0.14581254573272134, 2.5415698687235513, 0.8852930042960767, 0.3353944604012636, 0,5, 0
0.11394931151466774, 2.399773250287191, 0.8752184095498784, 0.36320121542748923, 0,10, 0
0.11641056342712698, 2.4447252901380887, 0.8638856714645555, 0.3515164234984052, 0,8, 0
0.20268742100711767, 2.2157586203961284, 0.798068017059742, 0.21108841674587087, 0,11, 0
0.16636732521785405, 2.255938421107414, 0.8237999180086689, 0.2788501422468016, 0,5, 0
0.1712233087208142, 2.2345890816454004, 0.8120914088709331, 0.2603067220156191, 0,6, 0
0.15791924432914256, 2.230040553483168, 0.8379716785842446, 0.29323291465559437, 0,8, 0
0.16603472360806226, 2.2775442896746974, 0.8468290176236141, 0.28301771912716717, 0,12, 0
0.17627885318964945, 2.218963533114556, 0.8672397572520797, 0.2907886443522578, 0,9, 0
0.1603804962416018, 2.3383066826282857, 0.8299056795755709, 0.3103673918574097, 0,6, 0
0.20142353488990886, 2.1540615590978014, 0.787730420432803, 0.2221772274980943, 0,11, 0
0.18885119403977915, 2.146323251635429, 0.7985565483202224, 0.24898658421170425, 0,11, 0
0.22696733852191844, 2.121991192613352, 0.8078152560937607, 0.22787752461269656, 0,5, 0
0.16477083749085344, 2.3004104872350326, 0.8363155752929141, 0.3232541882252851, 0,5, 0
0.18352956828311048, 2.3243340333286957, 0.8023021261130231, 0.2630486937494952, 0,7, 0
0.1989622829774496, 2.1264012689434395, 0.7889082266407625, 0.25233492882650277, 0,4, 0
0.22996075301004457, 2.098671837353559, 0.7831605435733592, 0.20238641419595246, 0,5, 0
0.20448346969999334, 2.1148098716358064, 0.7855009357498353, 0.2728662603080661, 0,9, 0
0.17268675580389808, 2.2141033332322335, 0.8226035381979361, 0.3266403044527544, 0,6, 0
0.22636865562429323, 2.0689263454035816, 0.8086074215201573, 0.2455543769220276, 0,10, 0
0.2343510942592962, 2.0522328327811183, 0.7926962995788449, 0.2182118549536799, 0,5, 0
0.1923102507816138, 2.216680990105688, 0.8506063320624557, 0.29087624071552853, 0,6, 0
0.23016031397591966, 2.134110711957534, 0.7517819698872091, 0.22462523470241297, 0,11, 0
0.27812146610789595, 2.019537094034597, 0.7340132526194324, 0.17085079200315634, 0,7, 0
0.21532628217920574, 2.155408152517806, 0.7855814609619781, 0.24120710410412985, 0,2, 0
0.22244395662875008, 2.108649037768961, 0.7691355893480665, 0.23030116506477596, 0,10, 0
0.27160247455597686, 1.9792022352477776, 0.7242803485476403, 0.18911927620402427, 0,10, 0
0.2680103771702255, 2.0314489680318895, 0.7153736028861793, 0.18410736814344403, 0,11, 0
0.29395330273398523, 1.939821070554386, 0.7334807352055209, 0.18504522072032142, 0,9, 0
0.2672786536286836, 1.9594080067240756, 0.7594251366100504, 0.19683557859104103, 0,8, 0
0.24000532162575666, 2.0873521590021915, 0.7433482627191466, 0.2096026010356811, 0,6, 0
0.2646843610723076, 2.047307147472544, 0.7474000041197422, 0.1830625941351449, 0,8, 0
0.23475021619104636, 2.154496269209263, 0.7514350278134458, 0.21824888341522972, 0,8, 0
0.2839087341182731, 2.01161959115707, 0.7145452731029505, 0.1807059632464987, 0,4, 0
0.22051486729195768, 2.1943198425608195, 0.7731444544085838, 0.25554531238871286, 0,4, 0
0.2694738242533094, 1.9894283032025564, 0.7473861927658026, 0.2147004466213001, 0,7, 0
0.22164571276524977, 2.1496732000350507, 0.7663856073799848, 0.2501641548607809, 0,11, 0
0.2584314508082219, 2.0055964150440193, 0.7283374894998648, 0.2112229571804254, 0,6, 0
0.2495177276658019, 2.079283898330168, 0.7604698916604911, 0.23098105617102896, 0,4, 0
0.25889709306193043, 2.004560412653571, 0.736167336328859, 0.21481474593138367, 0,5, 0
0.2954167498170691, 1.896854592410024, 0.71543178370256, 0.1932546019745211, 0,4, 0
0.29428590434377705, 1.888331618715346, 0.7415081638262752, 0.20170706768377855, 0,7, 0
0.272001596487727, 1.9729614225260506, 0.7178983678257878, 0.19892752276011422, 0,8, 0
0.28889775826515, 1.877635980936246, 0.6987983875148808, 0.19205802236747455, 0,6, 0
0.2761258564491452, 1.9005198857864045, 0.7319048688864711, 0.20732544927866395, 0,5, 0
0.3335328942992084, 1.8062617993874994, 0.6661483792095226, 0.16858732126960177, 0,11, 0
0.29135901017760923, 1.911724963873627, 0.7090525016531964, 0.19014073687855837, 0,8, 0
0.3085212532428657, 1.8626215108923987, 0.6994530689931047, 0.17871790295047071, 0,7, 0
0.20800904676378634, 2.1059652529064627, 0.7918751610543429, 0.27165260149308923, 0,7, 0
0.31703585445353555, 1.8817830837582556, 0.7138745517247361, 0.18054194966005052, 0,7, 0
0.2992749284906539, 1.8543352983856776, 0.7006780968947313, 0.1942191830540747, 0,3, 0
0.3246191711567884, 1.8492337139449115, 0.6784764681142376, 0.1648069154146951, 0,8, 0
0.279052750615313, 1.9170847961917368, 0.6984500506101771, 0.20333225436906072, 0,7, 0
0.30792257034524045, 1.8758682424711435, 0.6756821262822038, 0.18889783026748075, 0,9, 0
0.2956163107829442, 1.9605643442550487, 0.6887106762312143, 0.19391070939910487, 0,15, 0
0.2797844741568549, 2.0163648167464863, 0.6950049450092023, 0.20116904821928241, 0,5, 0
0.30752344841349033, 1.8251189464882986, 0.7098796281607896, 0.20206829293320663, 0,8, 0
0.3363932681434178, 1.8101385293079535, 0.6929897911899464, 0.16627834349389595, 0,8, 0
0.341448812612253, 1.792889655334209, 0.6580942314330058, 0.16250900421026196, 0,7, 0
0.30013969267611257, 1.8370947004125828, 0.7013347115057799, 0.19499822275800402, 0,9, 0
0.3161045699461185, 1.8180303832299614, 0.7023266267348225, 0.1913896798254466, 0,10, 0
0.2839752544402315, 1.8854952296644185, 0.6974763007767782, 0.21275313640468202, 0,7, 0
0.3116477083749085, 1.867042292713096, 0.6713901449144375, 0.17955696643145372, 0,8, 0
0.2806492383423136, 1.9760161539612675, 0.6963661759913653, 0.204886744421994, 0,8, 0
0.344043105168629, 1.7513082890875966, 0.6611348646444446, 0.17398488719640345, 0,9, 0
0.3509612186522983, 1.7565213354937705, 0.6727214304350205, 0.1643956551941048, 0,7, 0
0.32880995144016495, 1.772007738511846, 0.6717719297487968, 0.19836747180826067, 0,6, 0
0.36952038847868024, 1.719569807831164, 0.6482295392232206, 0.15708235544180071, 0,7, 0
0.3224240005321626, 1.7982294819200855, 0.6800607315060958, 0.17789848505540706, 0,10, 0
0.328078227898623, 1.7917572754407796, 0.6596563062301088, 0.17507591247863463, 0,8, 0
0.34091665003658617, 1.7336805791806644, 0.6551662841154203, 0.1697823491464888, 0,3, 0
0.3402514468170026, 1.830682691379213, 0.6386414555438574, 0.1694072721397357, 0,7, 0
0.3397858045632941, 1.7491036191407232, 0.646801583471774, 0.17654792647473905, 0,7, 0
0.3775693474356416, 1.7557574447809654, 0.619602658533348, 0.15207892831801664, 0,10, 0
0.35468635668196635, 1.755229101624784, 0.66015110299923, 0.1737291440669627, 0,8, 0
0.326215658883789, 1.7732896169391466, 0.6705432312905667, 0.18720865328088013, 0,6, 0
0.33100512206479077, 1.8175865118116437, 0.682279460451593, 0.18838701412352207, 0,9, 0
0.36439832368788666, 1.744381410208226, 0.6367570608905007, 0.1632276973447675, 0,10, 0
0.3234883256834963, 1.8127949682072966, 0.658625371491589, 0.19932953327463937, 0,13, 0
0.3153063260826182, 1.8409340585855352, 0.6840900251917317, 0.19639080757053656, 0,9, 0
0.41016430519523717, 1.6218759634652902, 0.6118784825485882, 0.14857683030330088, 0,11, 0
0.37663806292822455, 1.68616777511364, 0.6533027807785403, 0.15972781063710426, 0,10, 0
0.3481008448080889, 1.7571685370361385, 0.6786221496064785, 0.17513359450414875, 0,12, 0
0.38322357480210206, 1.6756547167773321, 0.6456098970728423, 0.1574034727814446, 0,3, 0
0.3239539679372048, 1.7924948918528403, 0.7093311554078486, 0.19502762590411138, 0,9, 0
0.36952038847868024, 1.6982304616213273, 0.63148932947748, 0.160880513586945, 0,8, 0
0.33366593494312513, 1.7591396065431704, 0.7034989878929246, 0.19162752464396124, 0,8, 0
0.34297878001729526, 1.7792877538518372, 0.7012413999755577, 0.19548218424567346, 0,8, 0
0.3801636399920176, 1.6721064129596872, 0.6413169069854309, 0.16370035947005962, 0,4, 0
0.39360074502760595, 1.6416643802684945, 0.6275475616185786, 0.15606981321751323, 0,5, 0
0.39666067983769043, 1.6269094926197754, 0.6047459809449355, 0.15018470211410126, 0,3, 0
0.38368921705581055, 1.6619879348719104, 0.6231657351930463, 0.16062703547524562, 0,10, 0
0.36646045366859575, 1.725598955774136, 0.6362420381870703, 0.16833677205802824, 0,4, 0
0.3746424532694738, 1.7317397796187042, 0.6328864432058813, 0.1594599023328554, 0,8, 0
0.3394532029535023, 1.8235219552491482, 0.6965949590705616, 0.2045648632102194, 0,3, 0
0.3771037051819331, 1.7232431509034376, 0.6310121832423173, 0.1589204496990259, 0,7, 0
0.10077828776691279, 2.3037361388180155, 0.8944213325400786, 0.29326970296135924, 0,0, 0
0.09878267810816205, 2.3402664061435754, 0.9000015148416551, 0.5177168515347518, 0,1, 0
0.09878267810816205, 2.507695089792972, 0.9000015148416551, 0.5177168515347518, 0,6, 0
0.09891571875207876, 2.369278633847475, 0.8999341713787894, 0.5158520966485461, 0,3, 0
0.12991418878467373, 2.3526694623802125, 0.8742369158085969, 0.3779649229575254, 0,4, 0
0.09904875939599547, 2.468931589608404, 0.8963499580952251, 0.5065630903445077, 0,9, 0
0.13743098516596822, 2.285656357227047, 0.8594967350267289, 0.33247289699195376, 0,7, 0
0.16350695137364465, 2.337617641412624, 0.8185851805818697, 0.2736131735266081, 0,5, 0
0.1747488857846072, 2.310559814437646, 0.8133051001834213, 0.28527368314024165, 0,4, 0
0.19537018559169828, 2.2578021886700332, 0.7908750954009558, 0.2464378204538188, 0,4, 0
0.1683629348766048, 2.4136732702585766, 0.8286320274588518, 0.277120876274291, 0,4, 0
0.16902813809618839, 2.304771298627245, 0.8468512104379694, 0.25784701652585457, 0,5, 0
0.20448346969999334, 2.1784920656918163, 0.8090721428952072, 0.24870158634357004, 0,7, 0
0.16842945519856317, 2.3269072754181828, 0.8251514664016867, 0.3076124158869858, 0,9, 0
0.18379564957094394, 2.278390530760255, 0.8215162411715632, 0.25478978776488204, 0,5, 0
0.1667664471496042, 2.2647947822550942, 0.8295781486523915, 0.30945396461013897, 0,6, 0
0.1954367059136566, 2.1824588689596, 0.793367776535086, 0.24382094386846667, 0,9, 0
0.20388478680236813, 2.1583708766960603, 0.7861556524147854, 0.2395018951412609, 0,5, 0
0.2106033393201623, 2.1442727172461162, 0.7838832853634307, 0.21579681039302379, 0,11, 0
0.21659016829641456, 2.160217289271837, 0.791139085260917, 0.21838389063173466, 0,9, 0
0.19191112884986364, 2.2161482599675595, 0.8025371611768864, 0.21851871815299972, 0,7, 0
0.19610190913324022, 2.132776700097517, 0.8177676918520328, 0.246639769531472, 0,5, 0
0.21053681899820395, 2.144031877559887, 0.7745371840653273, 0.2403833437633224, 0,9, 0
0.2029535022949511, 2.3219087788074275, 0.7874560784482283, 0.23743421436735834, 0,3, 0
0.19344109625490588, 2.2602229809274155, 0.7866116237280671, 0.24335659411353763, 0,5, 0
0.20967205481274528, 2.196793044052747, 0.7761456979886391, 0.24069537369263594, 0,3, 0
0.17614581254573272, 2.252123802541489, 0.8207150781261555, 0.3104213844754891, 0,13, 0
0.2627552717355152, 2.0306768005403195, 0.7624887568560023, 0.18893787416352414, 0,8, 0
0.23275460653229563, 2.086730547066435, 0.7928513907894549, 0.22132314438558265, 0,6, 0
0.23381893168362936, 2.0159932183726124, 0.7509020132808518, 0.22263148864435905, 0,11, 0
0.27705714095656225, 1.9950845081839648, 0.714439548649309, 0.17730063701337234, 0,7, 0
0.2735315638927692, 1.9987865381593564, 0.7221490510450151, 0.18121131921768488, 0,5, 0
0.2394731590500898, 2.01323335530602, 0.7709037741131753, 0.21159940447341694, 0,7, 0
0.2662808487993082, 2.0005370100791255, 0.7745045309106261, 0.2090307272613082, 0,9, 0
0.30080489589569614, 1.9523177639949443, 0.6994925168096522, 0.16236474469397566, 0,2, 0
0.24412958158717488, 2.000504193545133, 0.7609714667968943, 0.21055157493283277, 0,9, 0
0.2553049956761791, 2.032596231708268, 0.7319719450227917, 0.20726824580239442, 0,7, 0
0.20960553449078695, 2.09504580755065, 0.8121887509735938, 0.296772630383941, 0,10, 0
0.19610190913324022, 2.1167270333548234, 0.7897071412774095, 0.27329586710141013, 0,6, 0
0.24259961418213263, 1.9949398765796784, 0.765369337603549, 0.21932259386748412, 0,6, 0
0.2727998403512273, 1.9977708888301304, 0.7482980286054459, 0.19466300102930753, 0,6, 0
0.30486263553515597, 1.8943227025465457, 0.7233687841699381, 0.17798043651846698, 0,6, 0
0.2806492383423136, 1.9270408068288152, 0.7073493507047414, 0.18773023165003025, 0,10, 0
0.30672520454999, 1.9126154037441139, 0.7302251985410662, 0.17643268738494322, 0,10, 0
0.2598948978913058, 1.9659701819660294, 0.7287366265433655, 0.22028193398772264, 0,12, 0
0.23967272001596487, 2.0545638089669107, 0.7947963327934687, 0.23635441460755863, 0,9, 0
0.26029401982305594, 2.0440800968563297, 0.7581653705672169, 0.19657509480133076, 0,7, 0
0.2871682298942327, 1.9324627305757482, 0.6971059595638665, 0.18927934460471504, 0,8, 0
0.32002926894166167, 1.856209038760319, 0.6938664516855607, 0.1703464842020832, 0,4, 0
0.31111554579924167, 1.8908627796560071, 0.7082599776221401, 0.17076144889375836, 0,8, 0
0.3099847003259496, 1.896802593612119, 0.6920924337422424, 0.1755360486161605, 0,11, 0
0.2735315638927692, 1.9527795733246491, 0.7321078702399568, 0.211377568874946, 0,8, 0
0.33000731723541543, 1.8231312435742093, 0.6657799801809233, 0.15975631419293657, 0,9, 0
0.2632209139892237, 1.9994052622455136, 0.7269274352314155, 0.20827290748244423, 0,9, 0
0.3006718552517794, 1.9347347450820953, 0.6849697951822655, 0.18375487856522654, 0,6, 0
0.24911860573405176, 2.031508986071136, 0.7469411999881737, 0.24211325763155067, 0,10, 0
0.3016696600811548, 1.866557542331552, 0.7234445193702124, 0.18797875119561183, 0,7, 0
0.32654826049358077, 1.8368278096030353, 0.6820323002503337, 0.16494059011769063, 0,6, 0
0.2796514335129382, 1.9703912491459956, 0.7074228375847, 0.19858141182543554, 0,6, 0
0.2658152065455997, 2.0054837269577797, 0.7353581709140324, 0.21227802959860967, 0,10, 0
0.27812146610789595, 1.9968222104320743, 0.7107583164105116, 0.20341808234522582, 0,5, 0
0.31943058604403646, 1.8987030223133892, 0.6589677184531252, 0.1736514008281452, 0,6, 0
0.33732455265083483, 1.7999886769714892, 0.6617239168414457, 0.16508913876401465, 0,7, 0
0.30459655424732257, 1.8568886396120958, 0.6877443501382702, 0.18696321847563002, 0,5, 0
0.3339320162309586, 1.8130545316639834, 0.6771258344647748, 0.17154355067142574, 0,7, 0
0.28018359608860505, 1.9028112594912265, 0.7021191096300697, 0.20157788772608215, 0,8, 0
0.2692742632874343, 2.1050200653728006, 0.71583374083644, 0.2098271784862436, 0,8, 0
0.3250848134104969, 1.8806683029916276, 0.6638078118330389, 0.17564596678786795, 0,10, 0
0.33080556109891573, 1.8104566019555015, 0.6510142563684, 0.16707255718419706, 0,6, 0
0.3657287301270538, 1.7233731417862754, 0.6454611974770033, 0.15660834966462558, 0,11, 0
0.34796780416417217, 1.7469447352631968, 0.6840326979696029, 0.17375604118569984, 0,9, 0
0.3197631876538282, 1.8553561045287223, 0.673028210113211, 0.1795803670436087, 0,6, 0
0.2761258564491452, 1.9651182056948278, 0.7265126352399656, 0.2124359994482617, 0,8, 0
0.3514268609060068, 1.7612102869416095, 0.6554855354758385, 0.16578658699160237, 0,8, 0
0.3521585844475487, 1.7942170441598702, 0.677033461024346, 0.16463446983113722, 0,7, 0
0.30652564358411494, 1.839222373647905, 0.6964804959664102, 0.1968535016559824, 0,5, 0
0.3284108295084148, 1.7811818048759411, 0.6767845696985494, 0.18857636480310483, 0,7, 0
0.36326747821459454, 1.7677993772709146, 0.6521897488217587, 0.16200886544866352, 0,6, 0
0.2984766846271536, 1.8650004073887267, 0.68963727529377, 0.22297179399456651, 0,8, 0
0.37577329874276594, 1.7004409626950001, 0.6232142016700585, 0.15558598983683122, 0,7, 0
0.37337856715226503, 1.706956660106004, 0.6137311740055097, 0.15182987110341933, 0,2, 0
0.33320029268941664, 1.7973170132565022, 0.6880762586974515, 0.18207415679353686, 0,5, 0
0.35242466573538217, 1.7648221002615974, 0.6441695149676668, 0.16395209662351906, 0,8, 0
0.3550854786137165, 1.7144505523092168, 0.6662087785290245, 0.17264786596632414, 0,10, 0
0.3771037051819331, 1.6875199107188692, 0.6270374058108293, 0.15677075364423573, 0,6, 0
0.3055943590766979, 1.8167125265025603, 0.6975453208921222, 0.19583659219822486, 0,8, 0
0.3359276258897093, 1.8569829607132007, 0.6700606248865904, 0.17417039748237906, 0,7, 0
0.3175014967072441, 1.8821177592393619, 0.682994858736666, 0.19707817458330104, 0,5, 0
0.3580788931018426, 1.7202644852680622, 0.6357173151494976, 0.1706037412686585, 0,10, 0
0.3375906339386683, 1.7656248690862661, 0.6450938598567167, 0.18081544796241297, 0,7, 0
0.30120401782744627, 1.8015189874372837, 0.6963998173146859, 0.2127570986051058, 0,12, 0
0.3669926162442626, 1.7033336295947052, 0.6407699714674214, 0.16269011443161496, 0,4, 0
0.3586775759994678, 1.6963819697264353, 0.6344087557538842, 0.16362104720044804, 0,11, 0
0.29189117275327614, 1.8959034827962762, 0.7043543524657536, 0.21616050582841972, 0,7, 0
0.3719816403911395, 1.712948313490055, 0.6429878089994782, 0.16675368011643793, 0,9, 0
0.38974256635402116, 1.6561843793778999, 0.6038522444298627, 0.15629214274442857, 0,10, 0
0.39020820860772965, 1.6610696754265726, 0.6185802007311136, 0.15488833363423918, 0,11, 0
0.38003059934810085, 1.7029642282009347, 0.6117090256862391, 0.1570734195541234, 0,11, 0
0.3472360806226302, 1.7213675324105457, 0.6490310910018303, 0.18289158735845404, 0,10, 0
0.36666001463447084, 1.712975682885888, 0.6334472879173991, 0.164798746138718, 0,8, 0
0.4087008581121533, 1.6364392137437065, 0.6090978877011848, 0.15242980936842285, 0,6, 0
0.10077828776691279, 2.3037361388180155, 0.8944213325400786, 0.29326970296135924, 0,0, 0
0.10004656422537085, 2.3325852654868875, 0.9273123017492817, 0.5232590737857954, 0,4, 0
0.1124193441096255, 2.357154994574578, 0.8795470115473553, 0.42278554724518735, 0,4, 0
0.10064524712299608, 2.4152667689987948, 0.8799902458704486, 0.49045852387564126, 0,7, 0
0.17594625157985766, 2.3959358327919906, 0.869155294776896, 0.2666602648233884, 0,2, 0
0.1597818133439766, 2.409408587693518, 0.8250400132842056, 0.29056591210104554, 0,4, 0
0.10111088937670458, 2.46277800223582, 0.9116167084157132, 0.5178531408745226, 0,13, 0
0.162642187188186, 2.3780977315930625, 0.8454690752054368, 0.27359222415289275, 0,6, 0
0.17434976385285705, 2.316266492376909, 0.8632139066544252, 0.3005293005492625, 0,9, 0
0.16882857713031332, 2.331563404043666, 0.8300299322569109, 0.21789764921293428, 0,7, 0
0.12718685558438103, 2.3945254500592803, 0.8612966827312795, 0.4074658880336181, 0,5, 0
0.1595822523781015, 2.240687681522736, 0.8298966873589328, 0.2982338733199456, 0,7, 0
0.16969334131577196, 2.2593519053622204, 0.8207051211922576, 0.31718008839201284, 0,12, 0
0.1497372447282645, 2.2830227535102274, 0.8374784964212904, 0.3003218776953011, 0,9, 0
0.13004722942859043, 2.531665734152257, 0.8770427990325128, 0.3869649618709446, 0,6, 0
0.21246590833499635, 2.266584261975301, 0.7934754616109462, 0.19938061184293765, 0,8, 0
0.18452737311248588, 2.2649233374125877, 0.8327438089102602, 0.25262672608737174, 0,8, 0
0.1843278121466108, 2.2309065713288025, 0.8200822412010484, 0.27366183876197725, 0,11, 0
0.18851859242998736, 2.177420065961721, 0.7990817981848118, 0.262348897656085, 0,11, 0
0.18326348699527706, 2.2660954137318057, 0.8086091346613986, 0.318266945909401, 0,9, 0
0.21878533892104038, 2.2071701896640263, 0.7730254152609268, 0.22329458307446884, 0,6, 0
0.21552584314508083, 2.164967521661327, 0.7911093558259431, 0.20528797591236578, 0,10, 0
0.23521585844475487, 2.080593701259966, 0.772712831223297, 0.19788266507198363, 0,5, 0
0.20208873810949246, 2.167011525731977, 0.8404848575848082, 0.26777153654054553, 0,8, 0
0.23368589103971263, 2.090671905788176, 0.7467382048217962, 0.20697810138543968, 0,11, 0
0.23361937071775427, 2.022205084340266, 0.739275216209554, 0.20219807412360083, 0,7, 0
0.20960553449078695, 2.0995346982266736, 0.7677401481776198, 0.25801107950779256, 0,4, 0
0.2289629481806692, 2.101536509698557, 0.7698329665607492, 0.22598766307983872, 0,6, 0
0.25038249185126055, 2.0491134139549896, 0.7775069195583124, 0.20658457640627728, 0,4, 0
0.2672786536286836, 2.0226887248990257, 0.7289264774252974, 0.20084161665020145, 0,9, 0
0.28018359608860505, 1.9876481935085513, 0.7422637093126194, 0.18867680377038595, 0,12, 0
0.20508215259761858, 2.0513301638360115, 0.795582994865978, 0.23948213763930362, 0,3, 0
0.21865229827712365, 2.075677309268282, 0.7754538649230531, 0.26635747057897385, 0,8, 0
0.23674582584979711, 2.163689198417355, 0.7544001082970258, 0.225998167928959, 0,14, 0
0.2772567019224373, 1.9479563160427298, 0.7096109013197923, 0.18915186764691427, 0,8, 0
0.2950841482072773, 1.9231558791821741, 0.697153002958361, 0.17868715286750292, 0,7, 0
0.24359741901150803, 1.9838154933940768, 0.7456225080971188, 0.232526767120815, 0,8, 0
0.28257832767910596, 1.9445711570427437, 0.7311980189126737, 0.18364484998379027, 0,5, 0
0.24998336991951042, 2.004723122842629, 0.786258061695229, 0.23562665315887255, 0,6, 0
0.2270338588438768, 2.12287972047246, 0.7688134799486265, 0.22312820476208978, 0,8, 0
0.20800904676378634, 2.044802815191904, 0.7857574444359888, 0.2928022732521283, 0,3, 0
0.26534956429189116, 1.9717447592978514, 0.7657310794095092, 0.2124328819607109, 0,6, 0
0.272001596487727, 1.9669621957043866, 0.7164608694686656, 0.1946891086726029, 0,10, 0
0.31517328543870154, 1.904008815057468, 0.6799111322165872, 0.16666393615129774, 0,5, 0
0.247122996075301, 2.0455329929696724, 0.7586373775289321, 0.22991698710765618, 0,10, 0
0.28703518925031596, 1.8899494321262384, 0.7006114182685611, 0.19593884864927855, 0,5, 0
0.3018027007250715, 1.9135690268833132, 0.6764423182890043, 0.1784785541174196, 0,8, 0
0.2928889775826515, 1.929047883119934, 0.7002632423788597, 0.1854419790368679, 0,7, 0
0.23701190713763054, 2.0119439561051586, 0.7448535213022276, 0.23249197999586133, 0,10, 0
0.3006718552517794, 1.8813887534206248, 0.6977434018618041, 0.18085234444249207, 0,6, 0
0.31417548060932615, 1.8286737285592571, 0.6783064904574316, 0.17241939754047295, 0,9, 0
0.3316703252843744, 1.8012318220243542, 0.6810493585508187, 0.16535117069242447, 0,8, 0
0.30080489589569614, 1.8838431872048318, 0.733793421662281, 0.19914472893560128, 0,6, 0
0.28763387214794117, 2.003459546290527, 0.7034868297575793, 0.19078506952313654, 0,8, 0
0.27399720614647777, 2.0068448359703166, 0.7124210897158649, 0.20216337153543765, 0,6, 0
0.2801170757666467, 2.0332728075440327, 0.7550845347211768, 0.21155752443382742, 0,7, 0
0.25337590633938667, 2.120975259411702, 0.7621131687866928, 0.23674266807964264, 0,8, 0
0.3175680170292024, 1.8870240573888448, 0.6759081509443764, 0.18331938480272889, 0,11, 0
0.360007982438635, 1.793470712226839, 0.6277534025018199, 0.15556854554544994, 0,12, 0
0.3458391538615047, 1.8058562566323217, 0.6733198056182969, 0.16561561984685902, 0,6, 0
0.3663939333466374, 1.7294374583391248, 0.6619801482909508, 0.15613790704282463, 0,6, 0
0.2974788797977782, 1.8822119968164501, 0.6846870596689182, 0.19739833377860205, 0,10, 0
0.35614980376505023, 1.7821257017904244, 0.667547294497193, 0.1661027861057848, 0,8, 0
0.2822457260693142, 1.920819764507433, 0.6964982476764733, 0.21144578281813378, 0,8, 0
0.3458391538615047, 1.7871940716400299, 0.6447959858830482, 0.16823340105578738, 0,6, 0
0.36952038847868024, 1.7186547961054564, 0.6622332291827969, 0.15611711226252842, 0,11, 0
0.3641322424000532, 1.7401613762661312, 0.657528648714512, 0.166021422757489, 0,6, 0
0.3400518858511275, 1.8196847181508762, 0.6788819946828736, 0.18107623880851562, 0,11, 0
0.3489656089935475, 1.7418277107383855, 0.684852613199537, 0.17283119121546758, 0,8, 0
0.3432448613051287, 1.735184570914819, 0.6819135968761443, 0.17662649093918958, 0,10, 0
0.2915585711434843, 1.9269277567731196, 0.6888202830246379, 0.20526597388343026, 0,6, 0
0.36872214461517994, 1.7165708995813826, 0.6262420316810825, 0.15487162613196173, 0,7, 0
0.3187653828244529, 1.8144821780278109, 0.6933852257015327, 0.1978997432964438, 0,2, 0
0.3912725337590634, 1.6759797684099433, 0.6385516239088823, 0.15266940013026328, 0,10, 0
0.3213596753808288, 1.8805428685038452, 0.7202113202690559, 0.19193327066506097, 0,5, 0
0.34617175547129647, 1.741961809671037, 0.6795547616361074, 0.17672887448823682, 0,8, 0
0.33100512206479077, 1.8244122393448607, 0.6958345654815029, 0.17760607804293957, 0,12, 0
0.30426395263753075, 1.9002562627986321, 0.6970465738921097, 0.19673252091284804, 0,8, 0
0.3183662608927027, 1.8617450283635981, 0.7292667564685344, 0.19022088699893794, 0,9, 0
0.2788531896494379, 1.9435272068776492, 0.701749233923642, 0.21240082392786824, 0,7, 0
0.32249052085412094, 1.8059575931085272, 0.6578786564692497, 0.17888219325461716, 0,6, 0
0.34297878001729526, 1.7627167724440185, 0.6766558337465756, 0.18060622733447299, 0,9, 0
0.3722477216789729, 1.698828101782617, 0.6263108328772911, 0.16469178267089493, 0,12, 0
0.339586243597419, 1.8076081669101425, 0.6612851035198815, 0.17556133718653627, 0,6, 0
0.3781680303332668, 1.675762649274892, 0.6295597352580573, 0.16021063492237475, 0,9, 0
0.37457593294751546, 1.689002637547393, 0.652529976353496, 0.17083072823664344, 0,5, 0
0.35515199893567484, 1.772293610549977, 0.6580110744398414, 0.17100943787258668, 0,11, 0
0.35708108827246726, 1.7573586914152837, 0.6440654114395342, 0.16613351144753005, 0,12, 0
0.34437570677842083, 1.7534975194450482, 0.664183284738176, 0.17894717414354783, 0,8, 0
0.3586775759994678, 1.7221935891045677, 0.6152340389548786, 0.16473711337387523, 0,7, 0
0.3614714295217189, 1.687809314999301, 0.6360526174057489, 0.17007820424857276, 0,5, 0
0.34763520255438035, 1.7273613391447185, 0.635395252918969, 0.17562573472868806, 0,8, 0
0.35894365728730127, 1.7149375096347084, 0.6574158439770704, 0.1742967902108026, 0,7, 0
0.37983103838222576, 1.7013017915643744, 0.636799271715123, 0.15653841813236957, 0,6, 0
0.3151067651167432, 1.8756095613063328, 0.6826787364987794, 0.19228328447422144, 0,4, 0
0.4052418013703186, 1.6223934507255806, 0.6240771291329106, 0.15222683911109805, 0,9, 0
0.38448746091931085, 1.6608352746200175, 0.6344850124240901, 0.1590418315273786, 0,6, 0
0.28783343311381626, 1.8629338435012408, 0.7335571603854764, 0.22805037308154372, 0,7, 0
0.3371915120069181, 1.7735085565890967, 0.6704634865873969, 0.19231768989550738, 0,3, 0
0.3673917381760128, 1.6942525042401477, 0.616163258090338, 0.16752199787087071, 0,5, 0
0.39153861504689685, 1.6497088119487742, 0.616045440335635, 0.1582430213391624, 0,8, 0
0.10077828776691279, 2.3037361388180155, 0.8944213325400786, 0.29326970296135924, 0,0, 0
0.10004656422537085, 2.3692306348808527, 0.9272339135416077, 0.5194971425145747, 0,3, 0
0.10117740969866294, 2.4231659846971003, 0.8791589879883691, 0.3844643069946394, 0,6, 0
0.11182066121200027, 2.64151284367645, 0.8948040734113819, 0.37117629028227644, 0,8, 0
0.09991352358145414, 2.5127041903685914, 0.9273376082964652, 0.5249153190036366, 0,9, 0
0.14933812279651434, 2.351132085110338, 0.8474482365461123, 0.3166436388812619, 0,5, 0
0.15312978114814077, 2.3450378314357456, 0.841404638768741, 0.3042807463674515, 0,4, 0
0.179538348965609, 2.3334041757830395, 0.8132108883503646, 0.2772178662601502, 0,1, 0
0.15273065921639062, 2.2946230699017973, 0.8386006249736748, 0.24604421164308024, 0,11, 0
0.18565821858577797, 2.3116541072406083, 0.8136665130674325, 0.23525830938871695, 0,5, 0
0.1259229694671722, 2.385579108565437, 0.8598655510546048, 0.4311274871981947, 0,5, 0
0.1698263819596887, 2.328135770095019, 0.8147932721619722, 0.26202143155495716, 0,7, 0
0.1770105767311914, 2.2822566737134578, 0.8058618343310431, 0.2548101353352509, 0,6, 0
0.16177742300272732, 2.247768358009697, 0.8293320107331498, 0.2968904637224214, 0,3, 0
0.19670059203086543, 2.190090078789896, 0.7837279875538599, 0.23371213018474649, 0,5, 0
0.21945054214062396, 2.144453790130265, 0.7690447895200524, 0.20256849800713433, 0,10, 0
0.21645712765249783, 2.1737240071640214, 0.7623460966581367, 0.21522264109108952, 0,5, 0
0.21692276990620635, 2.146554374396662, 0.7758824263347927, 0.2332817691943173, 0,8, 0
0.2101376970664538, 2.1976815074343237, 0.7808919424430365, 0.23815522152097035, 0,8, 0
0.23395197232754605, 2.1101755036300966, 0.7409539350292262, 0.19656424044190599, 0,11, 0
0.19936140490919976, 2.1829723225757682, 0.776257124784584, 0.25088004918308815, 0,11, 0
0.20548127452936873, 2.1844238190128205, 0.7864673274738483, 0.2406055944653428, 0,5, 0
0.19670059203086543, 2.095381078554835, 0.8189842670214662, 0.3052783796078612, 0,10, 0
0.23794319164504757, 2.0814263623274467, 0.7590909752190658, 0.1982677853763004, 0,5, 0
0.2103372580323289, 2.1012468041238423, 0.7934677845516721, 0.26123785378752096, 0,7, 0
0.246191711567884, 2.0276352111779232, 0.7793545959775084, 0.21289593140387225, 0,12, 0
0.18898423468369588, 2.1389769322945673, 0.8235452619890765, 0.27953422101269165, 0,7, 0
0.20754340451007783, 2.1473024359230255, 0.8129683148464159, 0.28913940764512086, 0,5, 0
0.18333000731723542, 2.2269975203069903, 0.81112747830926, 0.28709618172305534, 0,11, 0
0.2648839220381827, 2.0686454272814188, 0.7182971284410228, 0.18612802765139985, 0,5, 0
0.21865229827712365, 2.026660691559422, 0.7770208426277369, 0.25853010848571695, 0,8, 0
0.22197831437504156, 2.0270466394888493, 0.8016300687194069, 0.22544342993556016, 0,8, 0
0.2608261823987228, 1.98521319237693, 0.7301154351522993, 0.1865584211724314, 0,5, 0
0.23754406971329742, 1.9900800949845383, 0.7784735921723338, 0.230402359847324, 0,9, 0
0.3268143417814142, 1.8820612797803415, 0.6801163162594059, 0.15234338221571372, 0,4, 0
0.2567019224373046, 2.0517786253531884, 0.7322525007662354, 0.20049598856685488, 0,9, 0
0.2326215658883789, 2.0908390679402573, 0.7572552892006367, 0.2297581553339429, 0,11, 0
0.21499368056941395, 2.0418193760820946, 0.8128007763394857, 0.2788582021785971, 0,7, 0
0.24785471961684294, 2.0658206206187035, 0.7410383799355569, 0.20204040051358557, 0,5, 0
0.31131510676511676, 1.8801650563388148, 0.6884258809686986, 0.16558535302301874, 0,5, 0
0.27220115745360207, 1.9617486059257294, 0.7150882163706268, 0.1890283907923022, 0,8, 0
0.22244395662875008, 2.116690570979603, 0.7613549918947724, 0.2282338924054162, 0,9, 0
0.2807822789862303, 1.9940507577531854, 0.7103122386631198, 0.1976679230085499, 0,10, 0
0.3157054480143684, 1.89101626130704, 0.7216309235904746, 0.17321639072111722, 0,8, 0
0.3171023747754939, 1.8568100791003488, 0.6892525254035506, 0.16958594016882336, 0,8, 0
0.29069380695802566, 1.960108848886243, 0.7133381118336406, 0.1863699370262596, 0,8, 0
0.25803232887647176, 1.93229455256949, 0.7303145787301052, 0.22472711900479986, 0,8, 0
0.27911927093727135, 1.9552508374772877, 0.7402796105810258, 0.1946513234996863, 0,4, 0
0.22490520854120935, 2.0742004748503464, 0.7701896364520995, 0.25963745795122367, 0,6, 0
0.3023348633007384, 1.8939235226714524, 0.7130117027846886, 0.1870590934276675, 0,5, 0
0.2900286037384421, 1.8894457272337255, 0.6912478961519086, 0.19205441673182616, 0,8, 0
0.2530433047295949, 2.021441663436798, 0.7286367283056698, 0.2254270395337185, 0,8, 0
0.3053947981108229, 1.8855157963436442, 0.7127819641411973, 0.18248693139517067, 0,8, 0
0.28676910796248256, 1.864891278690614, 0.7506363275560862, 0.19923785445879902, 0,7, 0
0.24273265482604936, 1.9861958763092362, 0.7447065215448609, 0.2561504719847246, 0,4, 0
0.2910264085678175, 1.8962687249352719, 0.6949455592569659, 0.19939404189913212, 0,11, 0
0.28497305926960687, 1.899714351366485, 0.699282508013343, 0.2016401125375004, 0,7, 0
0.30745692809153197, 1.9516788019016182, 0.6710630173459758, 0.1840128309912203, 0,8, 0
0.3043969932814475, 1.890346882055122, 0.6798099882162266, 0.1886416850607062, 0,16, 0
0.33685891039712634, 1.8748108701126103, 0.6418552548685771, 0.16597498347160758, 0,9, 0
0.2816470431716889, 1.925052933276457, 0.7088416782740032, 0.21207558501881882, 0,6, 0
0.28583782345506553, 1.9327183082448995, 0.6977003870629593, 0.20122131787102226, 0,11, 0
0.34171489390008647, 1.8047965008294378, 0.6501462835836077, 0.16823302852923125, 0,1, 0
0.2756602141954367, 1.9508578368292069, 0.713597163841615, 0.2429169275670788, 0,3, 0
0.32980775626954034, 1.765928346281842, 0.6523770300150403, 0.17265213868250878, 0,10, 0
0.36991951041043036, 1.7327210907092996, 0.6433610799349796, 0.1532469940501441, 0,5, 0
0.32794518725470634, 1.7858991834334348, 0.6611198792396641, 0.18912120460880957, 0,5, 0
0.30220182265682166, 1.8853005949314392, 0.6965208491376523, 0.19999055060587984, 0,7, 0
0.3322690081819996, 1.7729811271507487, 0.6530812160246335, 0.1792359231615831, 0,11, 0
0.35960886050688484, 1.7537961204767403, 0.6296426587259859, 0.15848782184820348, 0,9, 0
0.33619370717754277, 1.7860937670843653, 0.6506396729848699, 0.17321679235820533, 0,6, 0
0.3411827313244196, 1.8000737467283483, 0.6490005620127068, 0.16822041056967044, 0,3, 0
0.3159050089802435, 1.80101433230804, 0.6845914859320062, 0.19058820265478574, 0,12, 0
0.31131510676511676, 1.848855746333204, 0.6908165130604513, 0.2012038732796027, 0,10, 0
0.31517328543870154, 1.7861366038835351, 0.6686116353740222, 0.19265955007475324, 0,6, 0
0.36586177077097054, 1.715958313385915, 0.6468650225206852, 0.15787442742876512, 0,7, 0
0.344043105168629, 1.7413272640269444, 0.6847419525727689, 0.18052942284361467, 0,6, 0
0.3175680170292024, 1.8692373762086012, 0.7119953506492779, 0.19534641288197224, 0,8, 0
0.33280117075766646, 1.7510894461361017, 0.6660440846786951, 0.18085618738925, 0,7, 0
0.303931351027739, 1.8481567528011842, 0.6924916094549861, 0.21045582172448124, 0,6, 0
0.33619370717754277, 1.7800130554478792, 0.6814854943499626, 0.18199451801402564, 0,5, 0
0.3639992017561365, 1.7024052022404754, 0.6558051134806991, 0.16202159721693302, 0,9, 0
0.38428789995343576, 1.698217302102858, 0.6274668118174582, 0.15219464785006612, 0,4, 0
0.3711833965276392, 1.672237651014109, 0.6086711287630954, 0.1613365152191868, 0,5, 0
0.3295416749817069, 1.8588970751254246, 0.6490625142599146, 0.1782193033947419, 0,8, 0
0.34377702388079556, 1.7834768896647526, 0.6377013360686226, 0.17537569441084874, 0,6, 0
0.3311381627087075, 1.783011589147513, 0.654198884021092, 0.19071283622230584, 0,9, 0
0.2910264085678175, 1.8398771025297418, 0.7182785300444344, 0.22832257619505122, 0,8, 0
0.30413091199361403, 1.8809650911210676, 0.6917655488363043, 0.19861107821221202, 0,7, 0
0.30752344841349033, 1.8236955833999664, 0.7082748541733248, 0.21618586070647086, 0,9, 0
0.3870152331537285, 1.6550164669365541, 0.6183372533073445, 0.15427556423609068, 0,4, 0
0.36486396594159515, 1.6908347556621643, 0.6352569199283752, 0.1743846386857041, 0,9, 0
0.3504290560766314, 1.7237751301055118, 0.6784140557498519, 0.18427773007816073, 0,5, 0
0.3201623095855784, 1.8106934049584975, 0.6857899158925985, 0.19212967368148612, 0,10, 0
0.3167032528437438, 1.8098423355378879, 0.6914631094929042, 0.19626324045611032, 0,5, 0
0.36040710437038515, 1.7443516191462116, 0.6378182829309564, 0.16932537853139187, 0,7, 0
0.3691877868688884, 1.697416664006459, 0.6434929538013999, 0.16765316701401045, 0,9, 0
0.3422470564757533, 1.7633534039979144, 0.629391411561384, 0.18674818288518089, 0,5, 0
0.3513603405840484, 1.7536192225147482, 0.664457781444512, 0.1871983841274569, 0,6, 0
0.3941329076032728, 1.6658287182393794, 0.6138993858596483, 0.15313102566765374, 0,8, 0
0.39466507017893965, 1.6703565069509902, 0.6262436503686908, 0.15459439667859134, 0,10, 0
0.10077828776691279, 2.3037361388180155, 0.8944213325400786, 0.29326970296135924, 0,0, 0
0.09904875939599547, 2.3425977390254795, 0.8938837418790088, 0.5090540252822873, 0,5, 0
0.1036386616111222, 2.318514283019166, 0.8863944169420874, 0.491787797930382, 0,8, 0
0.12100046564225371, 2.360760073648165, 0.9130144779819936, 0.3484889128294747, 0,7, 0
0.13124459522384088, 2.446863875341203, 0.8611708665451324, 0.3185623636009156, 0,3, 0
0.10290693806958026, 2.39553994729769, 0.9232199057465267, 0.5076315803266116, 0,9, 0
0.13004722942859043, 2.2630870854839515, 0.8811277798490671, 0.3502029879370885, 0,4, 0
0.14654426927426328, 2.4495046702019985, 0.8454687888911733, 0.32342967855713367, 0,6, 0
0.11441495376837624, 2.2878336698829886, 0.8871941517575841, 0.3769913371879739, 0,4, 0
0.14082352158584446, 2.3514013542177703, 0.8893302173450414, 0.35758671882787785, 0,9, 0
0.16250914654426926, 2.2879578146417168, 0.8400338848858001, 0.2798553819016908, 0,6, 0
0.16490387813477017, 2.247275015535147, 0.8625019073990667, 0.27562173084456854, 0,5, 0
0.197365795250449, 2.2195897890502785, 0.8002785525146119, 0.21348886263672295, 0,5, 0
0.16157786203685226, 2.353857846275296, 0.8231882691974205, 0.2675541287676959, 0,14, 0
0.19350761657686424, 2.3259112753728854, 0.7935803994956778, 0.23656390506217673, 0,5, 0
0.22217787534091665, 2.1442871622987543, 0.784777901430482, 0.22008632077168044, 0,7, 0
0.18333000731723542, 2.2519857050265046, 0.82338644233092, 0.2793912292839019, 0,8, 0
0.1931084946451141, 2.2295861741402647, 0.8056572008024395, 0.2496685139324216, 0,9, 0
0.1663008048958957, 2.235333985338856, 0.838841123774199, 0.30575293344319077, 0,11, 0
0.23854187454267278, 2.0920440337142963, 0.7910897858430546, 0.1947912422125996, 0,8, 0
0.2190514202088738, 2.1407525565170173, 0.8262776382761632, 0.22078575940843762, 0,7, 0
0.14834031796713895, 2.670830823591605, 0.841512248754611, 0.35101760686056627, 0,11, 0
0.23109159848333666, 2.270320865332878, 0.7497860223160367, 0.1992835142276761, 0,8, 0
0.21239938801303798, 2.1877361499429786, 0.7696315977089424, 0.22769972130965146, 0,11, 0
0.19809751879199095, 2.1188098068787, 0.7947274635940424, 0.2899780360338269, 0,7, 0
0.16463779684693675, 2.1864891140465565, 0.8304644937100172, 0.3068347607067665, 0,5, 0
0.20401782744628483, 2.0808936184132034, 0.7814625660556532, 0.26280878351844206, 0,12, 0
0.2029535022949511, 2.168020720948306, 0.7869463714748539, 0.2383053975709928, 0,9, 0
0.2620235481939733, 1.9731025000353786, 0.735316676831732, 0.20394293807337038, 0,6, 0
0.21585844475487262, 2.1369013893527358, 0.7682524784808049, 0.2430400708264291, 0,8, 0
0.19916184394332467, 2.0825567714711877, 0.7950365559927631, 0.29936189711416344, 0,7, 0
0.24166832967471563, 2.1093680158169263, 0.7602054848986834, 0.2086966559133198, 0,7, 0
0.2573671256568882, 2.083671338157899, 0.7223238707134643, 0.1941421934757531, 0,8, 0
0.19729927492849064, 2.1042292946780474, 0.8202615321542646, 0.30769009658106905, 0,5, 0
0.26574868622364134, 1.9287631218819405, 0.7379384352151671, 0.2155636371437776, 0,4, 0
0.2828444089669394, 1.9403638446679143, 0.7234574322098305, 0.19131301420980268, 0,9, 0
0.2999401317102375, 1.9178332559665758, 0.7166229926665337, 0.1735248807937197, 0,7, 0
0.2555710769640125, 1.9721896960803043, 0.7359769281800501, 0.22285330742162512, 0,9, 0
0.2396061996940065, 2.1321779030815597, 0.7480548240406115, 0.22651879748389286, 0,8, 0
0.2225769972726668, 2.082828569775418, 0.7706531999092714, 0.26127639592957164, 0,10, 0
0.27446284840018625, 1.987968491447715, 0.7233974715144852, 0.1883373203072232, 0,5, 0
0.21313111155457992, 2.0573377029462656, 0.8127230623094469, 0.29301949968854046, 0,9, 0
0.27306592163906074, 1.9184879380008983, 0.7416410854271095, 0.1930608535074477, 0,11, 0
0.276458458058937, 1.9758676663472299, 0.7404585692676142, 0.19449391826981943, 0,8, 0
0.26042706046697267, 1.9635067104080008, 0.7564091001101234, 0.21759830756487616, 0,7, 0
0.3139093993214927, 1.8805956935474974, 0.7049249846432316, 0.16867081045678586, 0,10, 0
0.2880995144016497, 1.9878872563951087, 0.6990799395409769, 0.1807951481179307, 0,11, 0
0.23973924033792324, 2.062246542965423, 0.7499452253891854, 0.24898342722517203, 0,9, 0
0.2807822789862303, 1.9576220756867113, 0.7017355999890718, 0.1955099462579823, 0,6, 0
0.31603804962416016, 1.883863078804856, 0.6896697645098042, 0.16995192569647785, 0,7, 0
0.2504490121732189, 2.1143597685861737, 0.738267305853497, 0.21715982404389322, 0,9, 0
0.276458458058937, 1.9853089594289086, 0.7158820457593156, 0.19559442430375554, 0,8, 0
0.2860373844209406, 2.0227417918979658, 0.7050907643721172, 0.21096785745904362, 0,9, 0
0.29661411561231954, 1.9067793549760519, 0.6923821687051421, 0.19736839770728132, 0,11, 0
0.2705381494046431, 1.953199618372035, 0.7151101848302982, 0.20830660679034005, 0,13, 0
0.328078227898623, 1.8457492495902654, 0.6810478341258368, 0.17017364616096636, 0,6, 0
0.3043304729594891, 1.8807627783836358, 0.6786234478030092, 0.18229007429602184, 0,6, 0
0.2045499900219517, 2.1736816876412215, 0.7917602309762135, 0.28347912413350174, 0,12, 0
0.33665934943125125, 1.7936172045800514, 0.6701210262544128, 0.16524563632769926, 0,7, 0
0.31118206612120003, 1.8454832546464985, 0.6921338980953248, 0.1897473431780962, 0,8, 0
0.30386483070578063, 1.8341201221975414, 0.7152661306003297, 0.20274343972374403, 0,9, 0
0.30572739972061463, 1.9180067023941993, 0.6799459236547228, 0.18011720562992878, 0,13, 0
0.3161045699461185, 1.8870460906523887, 0.6747322629644351, 0.1757062520563894, 0,10, 0
0.34544003192975453, 1.767853173196637, 0.6521049295426847, 0.16561277264639226, 0,4, 0
0.3061930419743232, 1.8711202829245568, 0.6696222509730171, 0.17836132925174375, 0,7, 0
0.26268875141355685, 2.0441235366722768, 0.7315516385643096, 0.22662933669833457, 0,11, 0
0.3105833832235748, 1.8392126403596836, 0.6725233958295256, 0.19036428996846866, 0,8, 0
0.3614714295217189, 1.746796645832214, 0.6730576640021317, 0.163001175310356, 0,9, 0
0.2519124592563028, 1.9999774780322919, 0.7434776206445148, 0.268972643889736, 0,5, 0
0.2782545067518127, 1.8832965033985156, 0.7185940732950203, 0.22505233774372038, 0,7, 0
0.2962149936805694, 1.8881637463469407, 0.70113167083206, 0.20156531787956916, 0,10, 0
0.3638661611122198, 1.7050273490667358, 0.6272575801670449, 0.1591867130156206, 0,8, 0
0.2672121333067252, 1.9375478506369765, 0.7126626189192374, 0.24880947314719973, 0,9, 0
0.3292755936938735, 1.803482257256463, 0.6606893662820608, 0.191120217027639, 0,7, 0
0.34297878001729526, 1.7489709090918495, 0.6607494409544029, 0.17648106214465423, 0,8, 0
0.3205614315173285, 1.8156721127696962, 0.6714684938947731, 0.18502909675388074, 0,10, 0
0.3343311381627087, 1.7861890955448056, 0.6623823041455411, 0.18608416420286783, 0,6, 0
0.3612718685558438, 1.7227168348800919, 0.6495602057445988, 0.16306114414848086, 0,7, 0
0.3538215924965077, 1.7395133342221454, 0.6322730482215907, 0.1682052652983673, 0,9, 0
0.3427792190514202, 1.7485899522514994, 0.6464299985255068, 0.17078800871177824, 0,6, 0
0.37683762389409964, 1.7304270999450484, 0.6344721610974299, 0.15345979551045977, 0,11, 0
0.31178074901882524, 1.8177488321578568, 0.6956322754441789, 0.20853836341010534, 0,6, 0
0.38388877802168564, 1.672612097211713, 0.6301073089953484, 0.1584275819726335, 0,6, 0
0.3723142420009313, 1.7411296128342508, 0.6379392340825611, 0.16091919404275906, 0,10, 0
0.3528237876671323, 1.8132344123343067, 0.6569243900918209, 0.16880352718227343, 0,7, 0
0.2906272866360673, 1.9082139910104023, 0.6840102373298813, 0.2017223733935546, 0,10, 0
0.3649304862635535, 1.7205379768588511, 0.6130713747800364, 0.16594470204605585, 0,7, 0
0.29661411561231954, 1.848719686101251, 0.7171203903368398, 0.217195066439466, 0,7, 0
0.3722477216789729, 1.6889042743370617, 0.625495532306078, 0.15854146515258083, 0,9, 0
0.39659415951573207, 1.656426533994216, 0.6045497949677736, 0.15052176267715386, 0,8, 0
0.4038448746091931, 1.6255635931599222, 0.6315239520735966, 0.15599912720490786, 0,7, 0
0.34963081221313114, 1.7518941274320803, 0.652322692276958, 0.16692332762386602, 0,10, 0
0.39705980176944056, 1.6474787744625372, 0.6049625799534636, 0.1460292122321027, 0,2, 0
0.34078360939266944, 1.7231256701505677, 0.6552017586834373, 0.17819920841640385, 0,11, 0
0.35854453535555114, 1.7092905193834909, 0.6283542055484991, 0.16845436098017966, 0,8, 0
0.34557307257367126, 1.7575612283768802, 0.6369890253580405, 0.18337115432886822, 0,7, 0
0.3538215924965077, 1.7432077320176493, 0.6331673103327556, 0.16852321888940616, 0,9, 0
0.368921705581055, 1.6881394404530137, 0.6424590225022763, 0.1655050712355759, 0,7, 0
0.3629348766048028, 1.6938862759164728, 0.6505131552207679, 0.1647920660622721, 0,4, 0
0.3847535422071443, 1.6578017362203061, 0.6259588189033015, 0.15989365402885206, 0,12, 0
0.3616044701656356, 1.7151285058338073, 0.6441870347585233, 0.1747884472657969, 0,9, 0
