acuracia,loss,frr,fpr, removed, n_clf, tp_removed
0.09825051553249518, 2.3036959122288754, 0.8944041643372586, 0.40467750686587217, 0,10, 0
0.09904875939599547, 70609.96566211212, 0.8938837418790088, 0.5731155171389767, 0,10, 0
0.09904875939599547, 2.3080124478056896, 0.8938837418790088, 0.5789112885430311, 0,10, 0
0.09904875939599547, 2.313758650170522, 0.8938837418790088, 0.5732899779453836, 0,10, 0
0.09991352358145414, 2.3153126464349687, 0.9273376082964652, 0.5894311459906091, 0,10, 0
0.10111088937670458, 70.19509939029926, 0.9116167084157132, 0.5820600948601593, 0,10, 0
0.10111088937670458, 7413.768514135439, 0.9116167084157132, 0.5785296557448075, 0,10, 0
0.10111088937670458, 2010.5971990993999, 0.9116167084157132, 0.5812058606686156, 0,10, 0
0.09904875939599547, 2.314413914429581, 0.8938837418790088, 0.5736179103518073, 0,10, 0
0.10111088937670458, 131.59674700270915, 0.9116167084157132, 0.5814663298643816, 0,10, 0
0.10111088937670458, 1984.2784274894304, 0.9116167084157132, 0.5808893384856415, 0,10, 0
0.09904875939599547, 2.3070367095808715, 0.8938837418790088, 0.5737101706447164, 0,10, 0
0.10111088937670458, 47.97982687472123, 0.9116167084157132, 0.5784648896782901, 0,10, 0
0.10111088937670458, 1726.3453500585658, 0.9116167084157132, 0.578685149287739, 0,10, 0
0.10111088937670458, 742.1780950408856, 0.9116167084157132, 0.5818527419469404, 0,10, 0
0.10111088937670458, 429.059761642926, 0.9116167084157132, 0.5813418213986195, 0,10, 0
0.10111088937670458, 11.52283725831898, 0.9116167084157132, 0.5784079263886892, 0,10, 0
0.09904875939599547, 2.3272817054131405, 0.8938837418790088, 0.5742019310127564, 0,10, 0
0.10111088937670458, 1326.6746597944727, 0.9116167084157132, 0.5842158093695887, 0,10, 0
0.0996474422936207, 2.3597181579480346, 0.9424463317291131, 0.589668953461299, 0,10, 0
0.10111088937670458, 915.4627837373502, 0.9116167084157132, 0.5819893063347099, 0,10, 0
0.10111088937670458, 1074.574457336438, 0.9116167084157132, 0.5827960510674004, 0,10, 0
0.10111088937670458, 437.9601602416659, 0.9116167084157132, 0.5791750863198388, 0,10, 0
0.10111088937670458, 85.00815562514228, 0.9116167084157132, 0.5802340956400008, 0,10, 0
0.10111088937670458, 7.41332605939666, 0.9116167084157132, 0.5789748220959877, 0,10, 0
0.10111088937670458, 89.71220773810963, 0.9116167084157132, 0.5810574610561826, 0,10, 0
0.10111088937670458, 122.767772341761, 0.9116167084157132, 0.5811642593626826, 0,10, 0
0.10111088937670458, 90.86462542556015, 0.9116167084157132, 0.5829751701871582, 0,10, 0
0.10111088937670458, 271.5953230235198, 0.9116167084157132, 0.5815824776490581, 0,10, 0
0.10111088937670458, 132.18314282210423, 0.9116167084157132, 0.5838047936235359, 0,10, 0
0.10111088937670458, 295.18788682243223, 0.9116167084157132, 0.5806957957950756, 0,10, 0
0.10111088937670458, 38.193086468371725, 0.9116167084157132, 0.5781318532590576, 0,10, 0
0.10111088937670458, 16.9419266353681, 0.9116167084157132, 0.5819315506962847, 0,10, 0
0.10111088937670458, 584.6189922580683, 0.9116167084157132, 0.5785018665932252, 0,10, 0
0.10111088937670458, 192.4102401629359, 0.9116167084157132, 0.580825073992403, 0,10, 0
0.10111088937670458, 127.72250709078202, 0.9116167084157132, 0.5823584628914613, 0,10, 0
0.10111088937670458, 188.9481410461296, 0.9116167084157132, 0.5766314092718084, 0,10, 0
0.10111088937670458, 80.42050403198351, 0.9116167084157132, 0.577949451472032, 0,10, 0
0.10111088937670458, 31.869692897048054, 0.9116167084157132, 0.5830868271397992, 0,10, 0
0.10111088937670458, 188.0674804646138, 0.9116167084157132, 0.5798668588214658, 0,10, 0
0.10111088937670458, 130.8897609356071, 0.9116167084157132, 0.5811383008875627, 0,10, 0
0.10111088937670458, 117.3095306300565, 0.9116167084157132, 0.5778066927907075, 0,10, 0
0.10111088937670458, 44.08513760612704, 0.9116167084157132, 0.5804174113130639, 0,10, 0
0.10111088937670458, 66.77320010297464, 0.9116167084157132, 0.5835964681843941, 0,10, 0
0.10111088937670458, 62.70369938932429, 0.9116167084157132, 0.582598196434488, 0,10, 0
0.10111088937670458, 24.71925559566775, 0.9116167084157132, 0.578307061172321, 0,10, 0
0.10111088937670458, 52.66727248147236, 0.9116167084157132, 0.5793516828431666, 0,10, 0
0.10111088937670458, 3.6982826375203213, 0.9116167084157132, 0.5806193557357069, 0,10, 0
0.10111088937670458, 8.263978010432188, 0.9116167084157132, 0.5811388947753491, 0,10, 0
0.10111088937670458, 49.23955630793001, 0.9116167084157132, 0.5828130291099975, 0,10, 0
0.10111088937670458, 45.935261990443074, 0.9116167084157132, 0.5789711594757554, 0,10, 0
0.10111088937670458, 54.343275362769816, 0.9116167084157132, 0.5781193057791685, 0,10, 0
0.10111088937670458, 22.29314246705124, 0.9116167084157132, 0.5800805558147943, 0,10, 0
0.10111088937670458, 17.465244744748244, 0.9116167084157132, 0.5823636427211704, 0,10, 0
0.10111088937670458, 36.38099025630082, 0.9116167084157132, 0.5826240070200011, 0,10, 0
0.10111088937670458, 12.544047597690655, 0.9116167084157132, 0.5811266982939958, 0,10, 0
0.10111088937670458, 15.194052139517305, 0.9116167084157132, 0.57808005314353, 0,10, 0
0.10111088937670458, 28.81077500112696, 0.9116167084157132, 0.5786587760684739, 0,10, 0
0.10111088937670458, 20.091413677500498, 0.9116167084157132, 0.5821211560299459, 0,10, 0
0.10111088937670458, 14.185573737445106, 0.9116167084157132, 0.5775252413580358, 0,10, 0
0.10111088937670458, 14.379300478443147, 0.9116167084157132, 0.5797898318415048, 0,10, 0
0.10111088937670458, 13.539416599438622, 0.9116167084157132, 0.5790180338572385, 0,10, 0
0.10024612519124593, 9.59025784582544, 0.88033626681359, 0.5656543948840654, 0,10, 0
0.10111088937670458, 227.62097014703525, 0.9116167084157132, 0.579079942034832, 0,10, 0
0.09878267810816205, 9.443600789441055, 0.9000015148416551, 0.5800689486146431, 0,10, 0
0.09991352358145414, 276.7823257732122, 0.9273376082964652, 0.5922196924777706, 0,10, 0
0.10097784873278787, 10.250116674391197, 0.8896953824485279, 0.5773982953018812, 0,10, 0
0.10111088937670458, 6.491968303615522, 0.9116167084157132, 0.5820940488681713, 0,10, 0
0.09878267810816205, 4.99201840050863, 0.9000015148416551, 0.5793194430405653, 0,10, 0
0.10024612519124593, 4.124119324371866, 0.88033626681359, 0.5604392401489544, 0,10, 0
0.09878267810816205, 3.0304270921444645, 0.9000015148416551, 0.5787484120356584, 0,10, 0
0.07363799640790261, 10.160359093934636, 0.9370190724885731, 0.44741228770574115, 0,10, 0
0.09878267810816205, 3.2561506200342656, 0.9000015148416551, 0.5775050008203365, 0,10, 0
0.11527971795383489, 42.53486228239318, 0.8779874143509971, 0.43238807295831927, 0,10, 0
0.10024612519124593, 10.738844802889218, 0.88033626681359, 0.561632298454938, 0,10, 0
0.10024612519124593, 5.518569711232736, 0.88033626681359, 0.5615870499812617, 0,10, 0
0.09991352358145414, 3.8587253554443204, 0.9273376082964652, 0.5932223740644724, 0,10, 0
0.09878267810816205, 3.1759355698946288, 0.9000015148416551, 0.582888393088735, 0,10, 0
0.10024612519124593, 2.908823310183026, 0.88033626681359, 0.5640226593555696, 0,10, 0
0.09991352358145414, 2.8010196458283896, 0.9273376082964652, 0.587923967684036, 0,10, 0
0.10024612519124593, 46.45707226770768, 0.88033626681359, 0.5643204572143149, 0,10, 0
0.10017960486928756, 10.324157834215601, 0.8835487229879121, 0.5724593505558664, 0,10, 0
0.09904875939599547, 6.386699959894446, 0.8938837418790088, 0.5721374921025487, 0,10, 0
0.09878267810816205, 4.897332834672493, 0.9000015148416551, 0.58247695269753, 0,10, 0
0.09991352358145414, 4.33382963107302, 0.9273376082964652, 0.5884124333198514, 0,10, 0
0.10111088937670458, 3.950649433901057, 0.9116167084157132, 0.5828890901884748, 0,10, 0
0.10111088937670458, 3.4515005554782094, 0.9116167084157132, 0.5783294628559511, 0,10, 0
0.0996474422936207, 3.2109683703450016, 0.9424463317291131, 0.5903289062582716, 0,10, 0
0.10111088937670458, 5.377341452767683, 0.9116167084157132, 0.5780428222894562, 0,10, 0
0.09904875939599547, 3.061755894326025, 0.8938837418790088, 0.573783521421681, 0,10, 0
0.10111088937670458, 88.53807889398131, 0.9116167084157132, 0.5846544600223413, 0,10, 0
0.10024612519124593, 67.05860835755885, 0.88033626681359, 0.5631232286969855, 0,10, 0
0.10024612519124593, 35.38010336177669, 0.88033626681359, 0.5590459294766087, 0,10, 0
0.10024612519124593, 40720493.7014208, 0.88033626681359, 0.5664205557096498, 0,10, 0
0.09904875939599547, 2.3067874570794666, 0.8938837418790088, 0.5734089798930642, 0,10, 0
0.09991352358145414, 2.3053196364832695, 0.9273376082964652, 0.5893416720580027, 0,10, 0
0.09991352358145414, 2.3112577748522267, 0.9273376082964652, 0.5885303452637689, 0,10, 0
0.09991352358145414, 2.3170840734018583, 0.9273376082964652, 0.584913532478315, 0,10, 0
0.09991352358145414, 2.310865011137815, 0.9273376082964652, 0.5873428431007981, 0,10, 0
0.09991352358145414, 2.3225804329045334, 0.9273376082964652, 0.5873133112546198, 0,10, 0
0.09991352358145414, 2.312808541268921, 0.9273376082964652, 0.5877067086834695, 0,10, 0
0.09266280848799308, 2.302819624225005, 0.9142707797011692, 0.37465699368518324, 0,10, 0
0.09878267810816205, 14521.899633793671, 0.9000015148416551, 0.5839186796291184, 0,10, 0
0.10111088937670458, 958.3332784443743, 0.9116167084157132, 0.5805591718632502, 0,10, 0
0.10111088937670458, 955.4784630310002, 0.9116167084157132, 0.5816301838450588, 0,10, 0
0.10111088937670458, 1340.3181117736658, 0.9116167084157132, 0.5855153300131952, 0,10, 0
0.10111088937670458, 932.0883706645449, 0.9116167084157132, 0.5822968013331661, 0,10, 0
0.10111088937670458, 346.0418219405528, 0.9116167084157132, 0.5812440822655658, 0,10, 0
0.10111088937670458, 450.174388687823, 0.9116167084157132, 0.5779908121923438, 0,10, 0
0.10111088937670458, 187.32172564931125, 0.9116167084157132, 0.584673110000405, 0,10, 0
0.10111088937670458, 180.07687468913502, 0.9116167084157132, 0.5800262359620643, 0,10, 0
0.10111088937670458, 610.8901834938964, 0.9116167084157132, 0.5790083180027517, 0,10, 0
0.10111088937670458, 393.9184996483688, 0.9116167084157132, 0.5797407529061841, 0,10, 0
0.10111088937670458, 363.3017460658055, 0.9116167084157132, 0.5771342061462161, 0,10, 0
0.10111088937670458, 261.4044024030312, 0.9116167084157132, 0.580094755532428, 0,10, 0
0.10111088937670458, 219.50470234341768, 0.9116167084157132, 0.582875621714064, 0,10, 0
0.10111088937670458, 162.45770913220954, 0.9116167084157132, 0.5868187094055884, 0,10, 0
0.10111088937670458, 34.90925508683952, 0.9116167084157132, 0.5894350199465034, 0,10, 0
0.10111088937670458, 173.25228727273833, 0.9116167084157132, 0.5781861554523706, 0,10, 0
0.10111088937670458, 126.6257896503907, 0.9116167084157132, 0.581348094877918, 0,10, 0
0.10111088937670458, 89.41032487418467, 0.9116167084157132, 0.578313420342324, 0,10, 0
0.09904875939599547, 4.715082216126424, 0.8938837418790088, 0.5747664414910186, 0,10, 0
0.10111088937670458, 73.27778816061375, 0.9116167084157132, 0.5806614581641201, 0,10, 0
0.10111088937670458, 73.98495283089085, 0.9116167084157132, 0.5789145122581529, 0,10, 0
0.10111088937670458, 114.59263251028096, 0.9116167084157132, 0.5797379177559374, 0,10, 0
0.10111088937670458, 75.31827778282684, 0.9116167084157132, 0.57676635243979, 0,10, 0
0.10111088937670458, 39.127745286397435, 0.9116167084157132, 0.5800030085323145, 0,10, 0
0.10111088937670458, 50.23372444219546, 0.9116167084157132, 0.5773298926381673, 0,10, 0
0.10111088937670458, 60.31771411553946, 0.9116167084157132, 0.5796665397009272, 0,10, 0
0.10111088937670458, 48.22769806896594, 0.9116167084157132, 0.5800907759570096, 0,10, 0
0.10051220647907935, 38.5597580267285, 0.8777699163158681, 0.5723126846638804, 0,10, 0
0.09958092197166234, 37.878482664974754, 0.8933638062721464, 0.5759772911574195, 0,10, 0
0.09958092197166234, 32.35639525497062, 0.8933638062721464, 0.5812282173748322, 0,10, 0
0.09904875939599547, 27.238919066992665, 0.8938837418790088, 0.5738380721722838, 0,10, 0
0.10051220647907935, 23.723688279940905, 0.8777699163158681, 0.5757240869867281, 0,10, 0
0.10051220647907935, 19.41797901351303, 0.8777699163158681, 0.5763644580545887, 0,10, 0
0.09991352358145414, 17.782743745393194, 0.9273376082964652, 0.5905867242398173, 0,10, 0
0.0996474422936207, 16.639754360262796, 0.9424463317291131, 0.5903068834978341, 0,10, 0
0.0996474422936207, 49.93249260041874, 0.9424463317291131, 0.5874732647341194, 0,10, 0
0.09904875939599547, 12.888711610359321, 0.8938837418790088, 0.5740446106807526, 0,10, 0
0.09958092197166234, 12.163424611900458, 0.8933638062721464, 0.5773525731651256, 0,10, 0
0.10017960486928756, 10.569184368276662, 0.8835487229879121, 0.5738372815677514, 0,10, 0
0.09904875939599547, 88.77152570292046, 0.8938837418790088, 0.5739411965805141, 0,10, 0
0.09958092197166234, 206.1473191384924, 0.8933638062721464, 0.5806771420335683, 0,10, 0
0.09991352358145414, 19.040273377853605, 0.9273376082964652, 0.591222016056848, 0,10, 0
0.10024612519124593, 9.22336146694802, 0.88033626681359, 0.5604805636226016, 0,10, 0
0.10111088937670458, 94134.36594072913, 0.9116167084157132, 0.5816628523720793, 0,10, 0
0.10051220647907935, 284657.11958833184, 0.8777699163158681, 0.5788016322565577, 0,10, 0
0.10051220647907935, 32369.021203831013, 0.8777699163158681, 0.5732216350004162, 0,10, 0
0.10017960486928756, 1224458.4359665897, 0.8835487229879121, 0.5779096195686958, 0,10, 0
0.09871615778620368, 458888.29836480325, 0.9000399763801167, 0.5777517348510398, 0,10, 0
0.09991352358145414, 2.314410490736882, 0.9273376082964652, 0.5914453096447584, 0,10, 0
0.09991352358145414, 2.308605859357821, 0.9273376082964652, 0.5889114965196138, 0,10, 0
0.09904875939599547, 10230690.656350896, 0.8938205891511138, 0.5704089214675687, 0,10, 0
0.09904875939599547, 2.3158297369217338, 0.8938837418790088, 0.5757652114361987, 0,10, 0
0.09904875939599547, 2.3197400432333044, 0.8938837418790088, 0.5744251410116404, 0,10, 0
0.09904875939599547, 2.3295203093829637, 0.8938837418790088, 0.5715441955553429, 0,10, 0
0.09904875939599547, 7311005.400189451, 0.8938837418790088, 0.5747338643393701, 0,10, 0
0.09998004390341249, 199637241.9755559, 0.8924205056146832, 0.5592608929436881, 0,10, 0
0.09904875939599547, 2.310822108132408, 0.8938837418790088, 0.5745444983899378, 0,10, 0
0.09904875939599547, 2.3075315770549083, 0.8938837418790088, 0.5782057870848323, 0,10, 0
0.10017960486928756, 49845696.57122571, 0.8835487229879121, 0.576527730570529, 0,10, 0
0.09904875939599547, 2.311712358618484, 0.8938837418790088, 0.5748194345060497, 0,10, 0
0.09898223907403712, 45909836.03736161, 0.8939857826953354, 0.5720301587994837, 0,10, 0
0.10057872680103772, 52851176797422.46, 0.8777314547774066, 0.5770002863350152, 0,10, 0
0.09904875939599547, 2.311349954543567, 0.8938837418790088, 0.5752768378033043, 0,10, 0
0.09904875939599547, 2.3070667860695586, 0.8938837418790088, 0.5800141984851873, 0,10, 0
0.09904875939599547, 2.3120388349024177, 0.8938837418790088, 0.5732085032243506, 0,10, 0
0.09904875939599547, 2.310401242943269, 0.8938837418790088, 0.5768084430119863, 0,10, 0
0.09904875939599547, 2.316160992591798, 0.8938837418790088, 0.5710405270552992, 0,10, 0
0.09904875939599547, 2.326700847773608, 0.8938837418790088, 0.5769959563317247, 0,10, 0
0.09904875939599547, 2.319005593436449, 0.8938837418790088, 0.5729724562948539, 0,10, 0
0.09904875939599547, 2.3270705591963807, 0.8938837418790088, 0.5773449035403453, 0,10, 0
0.09904875939599547, 2.323664721428876, 0.8938837418790088, 0.5730183302903294, 0,10, 0
0.09904875939599547, 2.3161760602954984, 0.8938837418790088, 0.5778643660816783, 0,10, 0
0.09991352358145414, 2.321491489968344, 0.9273376082964652, 0.5915034810874022, 0,10, 0
0.09904875939599547, 2.319898511814213, 0.8938837418790088, 0.5779662085126841, 0,10, 0
0.09904875939599547, 2.3128543357954428, 0.8938837418790088, 0.5761013406656008, 0,10, 0
0.09991352358145414, 2.310524210453763, 0.9273376082964652, 0.5901900946386079, 0,10, 0
0.10051220647907935, 2.3066084067566, 0.8777699163158681, 0.5768357549655683, 0,10, 0
0.10051220647907935, 2.3070910821011434, 0.8777699163158681, 0.5742289687533976, 0,10, 0
0.10051220647907935, 2.30576151771586, 0.8777699163158681, 0.5698607220024684, 0,10, 0
0.09911527971795384, 15567734894683.943, 0.8938091150133373, 0.5726615127252332, 0,10, 0
0.10051220647907935, 2.306673606458811, 0.8777699163158681, 0.5769166117844093, 0,10, 0
0.09904875939599547, 2.3131007159183676, 0.8938837418790088, 0.5742727742458057, 0,10, 0
0.09904875939599547, 2.315267609906024, 0.8938837418790088, 0.5759381118118329, 0,10, 0
0.09991352358145414, 2.3122626245438136, 0.9273376082964652, 0.5904433105573278, 0,10, 0
0.10057872680103772, 4086384505071.0806, 0.8776952894501966, 0.5712756598919029, 0,10, 0
0.09904875939599547, 2.3118995827352786, 0.8938837418790088, 0.5756407919988713, 0,10, 0
0.09991352358145414, 2.3160469882987673, 0.9273376082964652, 0.5903842406693081, 0,10, 0
0.09991352358145414, 2.3151931732244724, 0.9273376082964652, 0.5900439284942867, 0,10, 0
0.10051220647907935, 2.309271680771896, 0.8777699163158681, 0.572849808795134, 0,10, 0
0.10051220647907935, 5.926685869302918e+21, 0.8777699163158681, 0.5749220165567285, 0,10, 0
0.09904875939599547, 6.373068500183063e+21, 0.8938837418790088, 0.5712593336910426, 0,10, 0
0.09904875939599547, 3.183862755415745e+21, 0.8938837418790088, 0.579393409989981, 0,10, 0
0.09911527971795384, 2.609062759773952e+21, 0.8938275621037279, 0.5737410628690447, 0,10, 0
0.09904875939599547, 2.3093734390680276, 0.8938837418790088, 0.5741817521150292, 0,10, 0
0.09904875939599547, 2.3072997036074114, 0.8938837418790088, 0.5743786811524113, 0,10, 0
0.09904875939599547, 2.306052942900238, 0.8938837418790088, 0.5738123735574494, 0,10, 0
0.10051220647907935, 2.3044643467441492, 0.8777699163158681, 0.580795062085218, 0,10, 0
0.10051220647907935, 2.3058062673907616, 0.8777699163158681, 0.5760372685630455, 0,10, 0
0.10097784873278787, 2.3045190297335294, 0.8896953824485279, 0.5728158970414957, 0,10, 0
0.10031264551320429, 2.303824790214133, 0.8817123114680165, 0.47165397770238743, 0,10, 0
0.0996474422936207, 282.42046692803376, 0.9424463317291131, 0.5869927613089826, 0,10, 0
0.09878267810816205, 10.13182578176936, 0.9000015148416551, 0.5819239008772588, 0,10, 0
0.09878267810816205, 18.437821143791442, 0.9000015148416551, 0.5859297359909967, 0,10, 0
0.09878267810816205, 24.220487096761186, 0.9000015148416551, 0.5802347523962572, 0,10, 0
0.09878267810816205, 18.615873951630924, 0.9000015148416551, 0.5782127934576035, 0,10, 0
0.09958092197166234, 4.681062263991395, 0.8933638062721464, 0.5794726624254282, 0,10, 0
0.09878267810816205, 38.86924963819404, 0.9000015148416551, 0.5796331571378832, 0,10, 0
0.09878267810816205, 31113757.614529982, 0.9000015148416551, 0.5766993928899915, 0,10, 0
0.0996474422936207, 2.3386707106789912, 0.9424463317291131, 0.5848178979937372, 0,10, 0
0.0996474422936207, 2.3266597663714705, 0.9424463317291131, 0.5897143865093681, 0,10, 0
0.0996474422936207, 2.3318127386109886, 0.9424463317291131, 0.586641379984444, 0,10, 0
0.0996474422936207, 2.3409074279336264, 0.9424463317291131, 0.5873850800563616, 0,10, 0
0.0996474422936207, 2.3409286458390937, 0.9424463317291131, 0.5917089133649779, 0,10, 0
0.0996474422936207, 2.334186014234286, 0.9424463317291131, 0.5912991678245456, 0,10, 0
0.0996474422936207, 2.3430917774029916, 0.9424463317291131, 0.5875245740058632, 0,10, 0
0.0996474422936207, 2.3324624706645265, 0.9424463317291131, 0.5897363476983969, 0,10, 0
0.09991352358145414, 2.329894557491174, 0.9273376082964652, 0.5908866674660271, 0,10, 0
0.09991352358145414, 2.3198220084973267, 0.9273376082964652, 0.5866338891733708, 0,10, 0
0.09991352358145414, 2.3281687685633377, 0.9273376082964652, 0.590063689837404, 0,10, 0
0.09991352358145414, 2.3196495997805022, 0.9273376082964652, 0.5913480974507241, 0,10, 0
0.09991352358145414, 2.3133289021804315, 0.9273376082964652, 0.587886631149496, 0,10, 0
0.09991352358145414, 2.324139382202754, 0.9273376082964652, 0.5901854682181487, 0,10, 0
0.09991352358145414, 2.316675147903677, 0.9273376082964652, 0.5878866884911129, 0,10, 0
0.09904875939599547, 2.3174178804108174, 0.8938837418790088, 0.5778290385774862, 0,10, 0
0.10051220647907935, 1794.9431032815046, 0.8777699163158681, 0.5769711619808581, 0,10, 0
0.09904875939599547, 2.327386889241694, 0.8938837418790088, 0.5764506590356464, 0,10, 0
0.09904875939599547, 2.3267831028019255, 0.8938837418790088, 0.5722259453470548, 0,10, 0
0.09904875939599547, 2.3162100242139463, 0.8938837418790088, 0.5767243531287876, 0,10, 0
0.09904875939599547, 2.3227451763363693, 0.8938837418790088, 0.5766544206137317, 0,10, 0
0.10051220647907935, 4242.102325205999, 0.8777699163158681, 0.5742306150502503, 0,10, 0
0.09904875939599547, 2.313274505458287, 0.8938837418790088, 0.5717925544766234, 0,10, 0
0.09904875939599547, 2.316719017445601, 0.8938837418790088, 0.5728722283826033, 0,10, 0
0.09904875939599547, 2.319961269228693, 0.8938837418790088, 0.5755674282357396, 0,10, 0
0.10051220647907935, 523.5159486798416, 0.8777699163158681, 0.5755201253859529, 0,10, 0
0.09904875939599547, 2.32288331995941, 0.8938837418790088, 0.5761829099106875, 0,10, 0
0.10051220647907935, 2.675614600123533, 0.8777699163158681, 0.5828915272267635, 0,10, 0
0.10051220647907935, 2113.062933633612, 0.8777699163158681, 0.5778480569858766, 0,10, 0
0.10051220647907935, 1777.1423361879824, 0.8777699163158681, 0.5727304808600732, 0,10, 0
0.09904875939599547, 2.312482870736062, 0.8938837418790088, 0.5846078758005907, 0,10, 0
0.10051220647907935, 1694.2979574808062, 0.8777699163158681, 0.5745735563781893, 0,10, 0
0.10051220647907935, 165.1649278597482, 0.8777699163158681, 0.5747978493714008, 0,10, 0
0.09991352358145414, 2.3159593849103466, 0.9273376082964652, 0.5904063271565783, 0,10, 0
0.10051220647907935, 949.6827688973987, 0.8777699163158681, 0.5743827709000784, 0,10, 0
0.09991352358145414, 2.32010928371079, 0.9273376082964652, 0.5889050213087159, 0,10, 0
0.09991352358145414, 2.3312821330436093, 0.9273376082964652, 0.5926773302442201, 0,10, 0
0.10051220647907935, 570.7810687416131, 0.8777699163158681, 0.5759847843243271, 0,10, 0
0.10051220647907935, 735.5103577402135, 0.8777699163158681, 0.5720948045300017, 0,10, 0
0.10051220647907935, 488.12670168968316, 0.8777699163158681, 0.5800310434547837, 0,10, 0
0.10051220647907935, 99.68160574410653, 0.8777699163158681, 0.5746474267180796, 0,10, 0
0.10051220647907935, 2.501305283309377, 0.8777699163158681, 0.5739308784413073, 0,10, 0
0.10051220647907935, 39.954532846341564, 0.8777699163158681, 0.5719229664508249, 0,10, 0
0.10051220647907935, 2.775714804453264, 0.8777699163158681, 0.5729931204807914, 0,10, 0
0.10051220647907935, 34.27907932869633, 0.8777699163158681, 0.5767716512200853, 0,10, 0
0.10051220647907935, 3.016011682890818, 0.8777699163158681, 0.5731309728276882, 0,10, 0
0.10051220647907935, 369.5242238074872, 0.8777699163158681, 0.5703281686472974, 0,10, 0
0.10051220647907935, 301.30640182769173, 0.8777699163158681, 0.5733958855125, 0,10, 0
0.10051220647907935, 109.15255104363865, 0.8777699163158681, 0.5756916749866512, 0,10, 0
0.09991352358145414, 2.7063743315603905, 0.9273376082964652, 0.5884508185295169, 0,10, 0
0.10051220647907935, 673.0192022661737, 0.8777699163158681, 0.5712685774721238, 0,10, 0
0.10051220647907935, 4.098644608922532, 0.8777699163158681, 0.5731193253211951, 0,10, 0
0.10051220647907935, 265.08631939273596, 0.8777699163158681, 0.5739246076855606, 0,10, 0
0.10051220647907935, 177.0370625956666, 0.8777699163158681, 0.5745354249032519, 0,10, 0
0.10051220647907935, 49.75598929686944, 0.8777699163158681, 0.5754921379495815, 0,10, 0
0.10051220647907935, 247.97228277596315, 0.8777699163158681, 0.5780312565289482, 0,10, 0
0.10051220647907935, 185.00771712609762, 0.8777699163158681, 0.5742474700601052, 0,10, 0
0.10051220647907935, 270.2115744490082, 0.8777699163158681, 0.5753121680357429, 0,10, 0
0.10051220647907935, 150.49769294668732, 0.8777699163158681, 0.5701378453653274, 0,10, 0
0.10051220647907935, 206.6816171255209, 0.8777699163158681, 0.5750501957303552, 0,10, 0
0.0996474422936207, 2.4199351694962465, 0.9424463317291131, 0.5885491956527614, 0,10, 0
0.10051220647907935, 53.07814261322209, 0.8777699163158681, 0.5809682846554035, 0,10, 0
0.10051220647907935, 153.9721131930925, 0.8777699163158681, 0.578026454068144, 0,10, 0
0.10051220647907935, 92.23851700113941, 0.8777699163158681, 0.572682236555366, 0,10, 0
0.10051220647907935, 86.80725454226278, 0.8777699163158681, 0.5758377690495459, 0,10, 0
0.10051220647907935, 40.053583119266534, 0.8777699163158681, 0.5754177225923699, 0,10, 0
0.10051220647907935, 99.7310342486728, 0.8777699163158681, 0.5760688108159653, 0,10, 0
0.10051220647907935, 33.40776001839287, 0.8777699163158681, 0.5717721758094426, 0,10, 0
0.10051220647907935, 72.18446212349986, 0.8777699163158681, 0.5733046108057708, 0,10, 0
0.10051220647907935, 83.36500766955632, 0.8777699163158681, 0.5724204937190339, 0,10, 0
0.10051220647907935, 15.465434592192985, 0.8777699163158681, 0.5751190136258082, 0,10, 0
0.10051220647907935, 64.29014815791261, 0.8777699163158681, 0.5751982313092204, 0,10, 0
0.10051220647907935, 54.51128743472455, 0.8777699163158681, 0.5758802195046627, 0,10, 0
0.10051220647907935, 114.82058362266795, 0.8777699163158681, 0.579773595055041, 0,10, 0
0.10111088937670458, 70.51243461113303, 0.9116167084157132, 0.5782216456992098, 0,10, 0
0.10111088937670458, 21.869289687156353, 0.9116167084157132, 0.579036443659974, 0,10, 0
0.10111088937670458, 33.372727536032286, 0.9116167084157132, 0.5802384975861749, 0,10, 0
0.10111088937670458, 565.6222854199495, 0.9116167084157132, 0.5809786015122075, 0,10, 0
0.10111088937670458, 850.5489811731198, 0.9116167084157132, 0.5806814177138158, 0,10, 0
0.10111088937670458, 3839.556240388862, 0.9116167084157132, 0.5796513973055037, 0,10, 0
0.10111088937670458, 219.28258825030318, 0.9116167084157132, 0.5790757199574093, 0,10, 0
0.09958092197166234, 23.562034877876414, 0.8933638062721464, 0.577839441081702, 0,10, 0
0.09958092197166234, 9.278409904216582, 0.8933638062721464, 0.5780851146584574, 0,10, 0
0.09971396261557906, 52.98191989160049, 0.8932342343515296, 0.5784221971321444, 0,10, 0
0.09958092197166234, 24.259300177126008, 0.8933638062721464, 0.5765061730474471, 0,10, 0
0.09958092197166234, 18.17088893387185, 0.8933638062721464, 0.5795389633688441, 0,10, 0
0.10111088937670458, 11.94746428181143, 0.9116167084157132, 0.5785904756291607, 0,10, 0
0.10111088937670458, 78.66244079016828, 0.9116167084157132, 0.5829663905449225, 0,10, 0
0.10111088937670458, 33.77855861640568, 0.9116167084157132, 0.5807198517918117, 0,10, 0
0.10097784873278787, 12.200367705535566, 0.8896953824485279, 0.5725177972237985, 0,10, 0
0.10097784873278787, 645.0518879359004, 0.8896953824485279, 0.570937522631162, 0,10, 0
0.0996474422936207, 67.06921842899864, 0.9424463317291131, 0.5892972125092334, 0,10, 0
0.10836160447016563, 2.3024809210154378, 0.8921704768732954, 0.28092798334287095, 0,10, 0
0.09991352358145414, 2.33080316224292, 0.9273376082964652, 0.590428185939035, 0,10, 0
0.10323953967937205, 390.33817672029727, 0.8808799489811449, 0.5205405250883852, 0,10, 0
0.10024612519124593, 22.019139512311767, 0.88033626681359, 0.561296827674741, 0,10, 0
0.10024612519124593, 23.136964664712668, 0.88033626681359, 0.5632019703921513, 0,10, 0
0.10097784873278787, 11.638482939683138, 0.8896953824485279, 0.5750762983449097, 0,10, 0
0.10097784873278787, 5.454283726038527, 0.8896953824485279, 0.5729744442473674, 0,10, 0
0.10024612519124593, 31.353839981126143, 0.88033626681359, 0.5627676447898662, 0,10, 0
0.09991352358145414, 29.699485308707835, 0.9273376082964652, 0.5901128573483997, 0,10, 0
0.09991352358145414, 23.91206785274632, 0.9273376082964652, 0.5925447878586703, 0,10, 0
0.09991352358145414, 19.57448740344256, 0.9273376082964652, 0.5895080625043064, 0,10, 0
0.09991352358145414, 19.944083876800278, 0.9273376082964652, 0.5848409792611656, 0,10, 0
0.10024612519124593, 17.417232765739392, 0.88033626681359, 0.5594837299551813, 0,10, 0
0.10024612519124593, 41.23263944233756, 0.88033626681359, 0.5639724440384071, 0,10, 0
0.10024612519124593, 10824601.843819508, 0.88033626681359, 0.5630391309003583, 0,10, 0
0.0996474422936207, 2.3446347089550623, 0.9424463317291131, 0.5887967288213346, 0,10, 0
0.0996474422936207, 2.3385200013278893, 0.9424463317291131, 0.5892664720864899, 0,10, 0
0.0996474422936207, 2.3313666397342265, 0.9424463317291131, 0.5927399656037281, 0,10, 0
0.0996474422936207, 2.3281515810071434, 0.9424463317291131, 0.588421158264646, 0,10, 0
0.0996474422936207, 2.3208529650867638, 0.9424463317291131, 0.5907965863830416, 0,10, 0
0.10017960486928756, 2.609320601826695, 0.8835487229879121, 0.5708101897703395, 0,10, 0
0.09958092197166234, 312.63504133590527, 0.8933638062721464, 0.579107485384624, 0,10, 0
0.09958092197166234, 29.28365643487861, 0.8933638062721464, 0.5804666717896619, 0,10, 0
0.09958092197166234, 242.305893472273, 0.8933638062721464, 0.5769204636220618, 0,10, 0
0.0996474422936207, 2.3170116146920976, 0.9424463317291131, 0.5865346238828968, 0,10, 0
0.0996474422936207, 2.308753737716279, 0.9424463317291131, 0.5916850086018561, 0,10, 0
0.09958092197166234, 13.870672127796585, 0.8933638062721464, 0.5780549090278267, 0,10, 0
0.09958092197166234, 3228.0621649577756, 0.8933638062721464, 0.5790244596912799, 0,10, 0
0.0996474422936207, 2.3084250965224986, 0.9424463317291131, 0.5907769811508318, 0,10, 0
0.09958092197166234, 963.8242837838258, 0.8933638062721464, 0.5798027078451655, 0,10, 0
0.10017960486928756, 2.309914112709592, 0.8835487229879121, 0.5773617569856685, 0,10, 0
0.10017960486928756, 2.3110145107679863, 0.8835487229879121, 0.5759995667198274, 0,10, 0
0.10017960486928756, 2.3126097114898325, 0.8835487229879121, 0.5789415789491803, 0,10, 0
0.10017960486928756, 2.3122392996956327, 0.8835487229879121, 0.5806125601595249, 0,10, 0
0.09958092197166234, 419.3470221299782, 0.8933638062721464, 0.5746439220802031, 0,10, 0
0.10017960486928756, 2.3101944351817987, 0.8835487229879121, 0.5739617247450424, 0,10, 0
0.09958092197166234, 2322.81238416546, 0.8933638062721464, 0.5779628141553406, 0,10, 0
0.09904875939599547, 2.3209857081554928, 0.8938837418790088, 0.5743549270395334, 0,10, 0
0.09958092197166234, 1975.2985708038384, 0.8933638062721464, 0.580561912586703, 0,10, 0
0.09958092197166234, 154.6239970394422, 0.8933638062721464, 0.5763878106176381, 0,10, 0
0.09904875939599547, 2.3306482273812446, 0.8938837418790088, 0.5768340123220037, 0,10, 0
0.09958092197166234, 1312.6236561590156, 0.8933638062721464, 0.5802786829727169, 0,10, 0
0.09958092197166234, 484.94026495229934, 0.8933638062721464, 0.5770359891918563, 0,10, 0
0.09958092197166234, 1147.69811803995, 0.8933638062721464, 0.57720655004739, 0,10, 0
0.09958092197166234, 202.8085405724591, 0.8933638062721464, 0.578699689866572, 0,10, 0
0.09958092197166234, 58.501731389503405, 0.8933638062721464, 0.5788762832924678, 0,10, 0
0.09958092197166234, 297.18370721675296, 0.8933638062721464, 0.578917338190806, 0,10, 0
0.09958092197166234, 205.65543020384553, 0.8933638062721464, 0.5806157286329416, 0,10, 0
0.09958092197166234, 301.18733894164427, 0.8933638062721464, 0.5773521576051228, 0,10, 0
0.09958092197166234, 32.67365575066498, 0.8933638062721464, 0.5799918200132259, 0,10, 0
0.09958092197166234, 1611086.3129217606, 0.8933638062721464, 0.5772597441041302, 0,10, 0
0.0996474422936207, 2.3285798620877927, 0.9424463317291131, 0.5882421386607003, 0,10, 0
0.0996474422936207, 2.3205242949887155, 0.9424463317291131, 0.592463863717872, 0,10, 0
0.09904875939599547, 2.31886807546195, 0.8938837418790088, 0.5876642549637933, 0,10, 0
0.09904875939599547, 2.314134138672285, 0.8938837418790088, 0.5757063426634913, 0,10, 0
0.09991352358145414, 2.3128195967985423, 0.9273376082964652, 0.5925578813815306, 0,10, 0
0.09991352358145414, 2.3158867237041836, 0.9273376082964652, 0.5898983992621283, 0,10, 0
0.09991352358145414, 2.3174186733155513, 0.9273376082964652, 0.5909302424721486, 0,10, 0
0.09991352358145414, 2.333189937507433, 0.9273376082964652, 0.5940643466751088, 0,10, 0
0.09991352358145414, 2.3432680015545566, 0.9273376082964652, 0.5928291742513628, 0,10, 0
0.09991352358145414, 2.326723483122173, 0.9273376082964652, 0.5923107621035864, 0,10, 0
0.09991352358145414, 2.322443593145487, 0.9273376082964652, 0.5921560505331307, 0,10, 0
0.09991352358145414, 2.3302723587467264, 0.9273376082964652, 0.5881413849375912, 0,10, 0
0.09991352358145414, 2.3158374092087715, 0.9273376082964652, 0.586297904707154, 0,10, 0
0.09991352358145414, 2.310597685213964, 0.9273376082964652, 0.5881525364521355, 0,10, 0
0.09991352358145414, 2.313398875725814, 0.9273376082964652, 0.5908187075286935, 0,10, 0
0.0996474422936207, 2.317822537331463, 0.9424463317291131, 0.5905208807102517, 0,10, 0
0.0996474422936207, 2.312293903116995, 0.9424463317291131, 0.5885282454373679, 0,10, 0
0.0996474422936207, 2.3165613564237706, 0.9424463317291131, 0.5861157386164435, 0,10, 0
0.0996474422936207, 2.317447192542196, 0.9424463317291131, 0.5889886779793199, 0,10, 0
0.0996474422936207, 2.3282699893828216, 0.9424463317291131, 0.5860245863442174, 0,10, 0
0.0996474422936207, 2.316500852772998, 0.9424463317291131, 0.589046895258175, 0,10, 0
0.09904875939599547, 2.3210989556721424, 0.8938837418790088, 0.5765335058481096, 0,10, 0
0.09904875939599547, 2.3238594743818974, 0.8938837418790088, 0.5766761619374613, 0,10, 0
0.09904875939599547, 2.328265819119446, 0.8938837418790088, 0.5741733226465962, 0,10, 0
0.09904875939599547, 2.331307753342668, 0.8938837418790088, 0.5722419644493847, 0,10, 0
0.09904875939599547, 2.3201938071175108, 0.8938837418790088, 0.5738781659048608, 0,10, 0
0.09904875939599547, 2.3358202669773243, 0.8938837418790088, 0.5738469000448594, 0,10, 0
0.09904875939599547, 2.3221433906666826, 0.8938837418790088, 0.5734018004157814, 0,10, 0
0.09904875939599547, 2.321175571124901, 0.8938837418790088, 0.5709984534191918, 0,10, 0
0.0996474422936207, 2.3153507482075355, 0.9424463317291131, 0.5855654633888725, 0,10, 0
0.0996474422936207, 2.316276884995669, 0.9424463317291131, 0.5899822807566395, 0,10, 0
0.0996474422936207, 2.3160544539976047, 0.9424463317291131, 0.58890450285435, 0,10, 0
0.0996474422936207, 2.318343419804431, 0.9424463317291131, 0.5898332097869319, 0,10, 0
0.0996474422936207, 2.3141765390209734, 0.9424463317291131, 0.5907934859944436, 0,10, 0
0.0996474422936207, 2.3095815291005377, 0.9424463317291131, 0.5873491538535167, 0,10, 0
0.0996474422936207, 2.3188655262720417, 0.9424463317291131, 0.5896156801409804, 0,10, 0
0.0996474422936207, 2.313448996233986, 0.9424463317291131, 0.5891558386645143, 0,10, 0
0.0996474422936207, 2.3085734747780906, 0.9424463317291131, 0.5890931606902927, 0,10, 0
0.0996474422936207, 2.3061399770371414, 0.9424463317291131, 0.5884642264916243, 0,10, 0
0.09991352358145414, 2.317102345371646, 0.9273376082964652, 0.5896665453299025, 0,10, 0
0.09991352358145414, 2.313661257973103, 0.9273376082964652, 0.5939982384197139, 0,10, 0
0.09991352358145414, 2.3082991467259375, 0.9273376082964652, 0.5895316557008397, 0,10, 0
0.09991352358145414, 38042904.35815013, 0.9273376082964652, 0.588192476773204, 0,10, 0
0.09984700325949578, 208699237.4458454, 0.9274017108605678, 0.5930067232685784, 0,10, 0
0.09998004390341249, 384807109977.00354, 0.9272988486065427, 0.5877229303894078, 0,10, 0
0.09991352358145414, 2.3262849060954474, 0.9273376082964652, 0.5943066988040787, 0,10, 0
0.09991352358145414, 2.3385636836304236, 0.9273376082964652, 0.5887781673981843, 0,10, 0
0.09991352358145414, 2.3213017464857697, 0.9273376082964652, 0.5908588254089903, 0,10, 0
0.0996474422936207, 2.320267186021802, 0.9424463317291131, 0.5931607437471453, 0,10, 0
0.09991352358145414, 267252981859540.28, 0.9273376082964652, 0.5926074510617171, 0,10, 0
0.10403778354287235, 2.3023249436097255, 0.8956375096706843, 0.32365040281498353, 0,10, 0
0.09958092197166234, 836.3431680930457, 0.8933638062721464, 0.5759451174293788, 0,10, 0
0.09991352358145414, 140.70570948886308, 0.9273376082964652, 0.5940976169583271, 0,10, 0
0.09991352358145414, 159.6637686645248, 0.9273376082964652, 0.5900037603738786, 0,10, 0
0.09991352358145414, 47.84246578862359, 0.9273376082964652, 0.5887590091609688, 0,10, 0
0.09991352358145414, 74.4884561554429, 0.9273376082964652, 0.5880490561007711, 0,10, 0
0.09991352358145414, 22.469730943389916, 0.9273376082964652, 0.5924902740311668, 0,10, 0
0.09991352358145414, 83.46642980809175, 0.9273376082964652, 0.5923591275240343, 0,10, 0
0.09991352358145414, 14.564432953907085, 0.9273376082964652, 0.5971326688830961, 0,10, 0
0.09991352358145414, 212280957.46028632, 0.9273376082964652, 0.58912998601154, 0,10, 0
0.0996474422936207, 2.3098995897938517, 0.9424463317291131, 0.589507824712606, 0,10, 0
0.0996474422936207, 2.3062260455256696, 0.9424463317291131, 0.5892916229467267, 0,10, 0
0.0996474422936207, 2.31080020144894, 0.9424463317291131, 0.5872530882589707, 0,10, 0
0.0996474422936207, 2.3122837308367785, 0.9424463317291131, 0.593385919010564, 0,10, 0
0.0996474422936207, 2.3121661413202013, 0.9424463317291131, 0.5915688958310199, 0,10, 0
0.0996474422936207, 2.314234192766433, 0.9424463317291131, 0.5918196416049972, 0,10, 0
0.0996474422936207, 2.3186576557057923, 0.9424463317291131, 0.590046980112705, 0,10, 0
0.0996474422936207, 2.3265906545221866, 0.9424463317291131, 0.5853885728514334, 0,10, 0
0.10097784873278787, 6126.675140538187, 0.8896953824485279, 0.5693447773586421, 0,10, 0
0.10097784873278787, 646.2885170950985, 0.8896953824485279, 0.5754704255357116, 0,10, 0
0.09991352358145414, 2.314496687094085, 0.9273376082964652, 0.5934486804653082, 0,10, 0
0.09991352358145414, 2.3082491103533713, 0.9273376082964652, 0.5867325010683113, 0,10, 0
0.0996474422936207, 2.314396474633096, 0.9424463317291131, 0.5886088098872668, 0,10, 0
0.0996474422936207, 2.317276600409052, 0.9424463317291131, 0.5968521353686332, 0,10, 0
0.10097784873278787, 4807.414835740887, 0.8896953824485279, 0.5700248569525079, 0,10, 0
0.10097784873278787, 3420.73540230079, 0.8896953824485279, 0.5719583184658622, 0,10, 0
0.10097784873278787, 49.39687653425787, 0.8896953824485279, 0.5733946844054985, 0,10, 0
0.10097784873278787, 137.78649600321754, 0.8896953824485279, 0.5732860961449222, 0,10, 0
0.10097784873278787, 831.8571472586665, 0.8896953824485279, 0.577954886876989, 0,10, 0
0.0996474422936207, 2.4046213652078463, 0.9424463317291131, 0.5854598669252602, 0,10, 0
0.10097784873278787, 98.30087364475666, 0.8896953824485279, 0.5711377197220091, 0,10, 0
0.0996474422936207, 2.5563994673985424, 0.9424463317291131, 0.5885302273704148, 0,10, 0
0.10097784873278787, 400.00763124897196, 0.8896953824485279, 0.5712816670202301, 0,10, 0
0.0996474422936207, 2.4766455157616893, 0.9424463317291131, 0.5932978782218814, 0,10, 0
0.10097784873278787, 953.0953730689324, 0.8896953824485279, 0.5714884498904663, 0,10, 0
0.10097784873278787, 17264.153918244283, 0.8896953824485279, 0.5735335249562026, 0,10, 0
0.10024612519124593, 889.8351499003929, 0.88033626681359, 0.5604948859634331, 0,10, 0
0.10024612519124593, 681.6477279942217, 0.88033626681359, 0.5632880392468647, 0,10, 0
0.10024612519124593, 323.3133872656466, 0.88033626681359, 0.5675373351487982, 0,10, 0
0.10024612519124593, 697.5890662759742, 0.88033626681359, 0.5607886202180078, 0,10, 0
0.10024612519124593, 6431.263135332361, 0.88033626681359, 0.5625399612398435, 0,10, 0
0.10024612519124593, 227537.31442054413, 0.88033626681359, 0.5646048784736584, 0,10, 0
0.09991352358145414, 2.3228597105568394, 0.9273376082964652, 0.5916774656924237, 0,10, 0
0.09991352358145414, 2.321979992318152, 0.9273376082964652, 0.5902015578123857, 0,10, 0
0.09991352358145414, 2.3334883200878838, 0.9273376082964652, 0.592679562624635, 0,10, 0
0.09991352358145414, 2.341032992791949, 0.9273376082964652, 0.5869318629512277, 0,10, 0
0.09991352358145414, 2.3578615530691946, 0.9273376082964652, 0.5894370478795964, 0,10, 0
0.09998004390341249, 6.10639224919702e+17, 0.9273008435905828, 0.5887684146471572, 0,10, 0
0.09991352358145414, 2.337998199080672, 0.9273376082964652, 0.5916278998956974, 0,10, 0
0.09991352358145414, 2.3551686614016325, 0.9273376082964652, 0.5868386485153448, 0,10, 0
0.09991352358145414, 2.3271430398004305, 0.9273376082964652, 0.5886292472135315, 0,10, 0
0.09991352358145414, 2.314056834996615, 0.9273376082964652, 0.5903614774417124, 0,10, 0
0.09991352358145414, 2.3065644435949815, 0.9273376082964652, 0.5891689439622023, 0,10, 0
0.09991352358145414, 2.3072581379219956, 0.9273376082964652, 0.5922248817998, 0,10, 0
0.09991352358145414, 1.8069671185012474e+17, 0.9273376082964652, 0.5857128780555927, 0,10, 0
0.09958092197166234, 2.709631043140981e+17, 0.9424651287215942, 0.5908927001290863, 0,10, 0
0.10017960486928756, 2.307398623163445, 0.8835487229879121, 0.5731929699999609, 0,10, 0
0.0996474422936207, 2.3106905079598454, 0.9424463317291131, 0.5874569816092319, 0,10, 0
0.0996474422936207, 2.3059097951038834, 0.9424463317291131, 0.5882516913482014, 0,10, 0
0.10111088937670458, 2.306429750340622, 0.9116167084157132, 0.579189880041573, 0,10, 0
0.10111088937670458, 2.3069358875451274, 0.9116167084157132, 0.5769187692904582, 0,10, 0
0.10111088937670458, 2.307775821830431, 0.9116167084157132, 0.5806907585583412, 0,10, 0
0.10131045034257966, 2.907857024110172e+17, 0.9114327692173216, 0.5793241796296281, 0,10, 0
0.10111088937670458, 2.3104206557950437, 0.9116167084157132, 0.5771553749705379, 0,10, 0
0.0996474422936207, 2.3184101776726855, 0.9424463317291131, 0.5855301715331198, 0,10, 0
0.10111088937670458, 2.3139235707074115, 0.9116167084157132, 0.5797493378202692, 0,10, 0
0.0996474422936207, 2.311047187562332, 0.9424463317291131, 0.5858481459809146, 0,10, 0
0.0996474422936207, 2.311844692888084, 0.9424463317291131, 0.5901424640868091, 0,10, 0
0.09991352358145414, 2.3138073629100013, 0.9273376082964652, 0.5895610882608932, 0,10, 0
0.09991352358145414, 2.31568029749491, 0.9273376082964652, 0.5888393718472127, 0,10, 0
0.0996474422936207, 2.307750195013044, 0.9424463317291131, 0.5893737612804486, 0,10, 0
0.0996474422936207, 2.3082398338675665, 0.9424463317291131, 0.5929908470518279, 0,10, 0
0.0996474422936207, 2.303797956459189, 0.9424463317291131, 0.5925657471795823, 0,10, 0
0.09991352358145414, 1.2857820375372857e+21, 0.9273376082964652, 0.5894887195996843, 0,10, 0
0.0996474422936207, 5.655219442493747e+21, 0.9424463317291131, 0.5870188337415976, 0,10, 0
0.0996474422936207, 6.626555353264146e+21, 0.9424463317291131, 0.5892222940867642, 0,10, 0
0.0996474422936207, 7.878023001787814e+21, 0.9424463317291131, 0.5923458707204197, 0,10, 0
0.10004656422537085, 4.600711938920573e+22, 0.9421177009801575, 0.585515370612203, 0,10, 0
0.09991352358145414, 2.313370772577891, 0.9273376082964652, 0.5900391467585822, 0,10, 0
0.0996474422936207, 2.3103402293244657, 0.9424463317291131, 0.592216114402069, 0,10, 0
0.09991352358145414, 2.3072789689939923, 0.9273376082964652, 0.5914039431771018, 0,10, 0
0.0996474422936207, 2.3068938412796687, 0.9424463317291131, 0.5894657835297342, 0,10, 0
0.0996474422936207, 2.314620563697333, 0.9424463317291131, 0.588267929681293, 0,10, 0
0.0996474422936207, 1.628404081717048e+20, 0.9424463317291131, 0.5870029033397793, 0,10, 0
0.0996474422936207, 2.3188755923637663, 0.9424463317291131, 0.5868246559264849, 0,10, 0
0.0996474422936207, 2.3297856018816505, 0.9424463317291131, 0.5913471614160614, 0,10, 0
0.0996474422936207, 2.335159612908887, 0.9424463317291131, 0.5894252154914841, 0,10, 0
0.0996474422936207, 2.3282221677353587, 0.9424463317291131, 0.5889192786107473, 0,10, 0
0.0996474422936207, 2.3173587652037164, 0.9424463317291131, 0.5867685981328281, 0,10, 0
0.0996474422936207, 2.3209433759320626, 0.9424463317291131, 0.5889674195056728, 0,10, 0
0.0996474422936207, 2.3138560044077954, 0.9424463317291131, 0.5887780704522962, 0,10, 0
0.09991352358145414, 2.3189417416405664, 0.9273376082964652, 0.5900985401634768, 0,10, 0
0.09991352358145414, 2.323363847316386, 0.9273376082964652, 0.5878456780590612, 0,10, 0
0.09991352358145414, 2.324921270152064, 0.9273376082964652, 0.590976094462999, 0,10, 0
0.09991352358145414, 2.322685846159227, 0.9273376082964652, 0.5950512129545202, 0,10, 0
0.09991352358145414, 2.311431540309221, 0.9273376082964652, 0.5924495068714143, 0,10, 0
0.0996474422936207, 2.3119052868914576, 0.9424463317291131, 0.5890118463796266, 0,10, 0
0.0996474422936207, 2.31081566150528, 0.9424463317291131, 0.5886088209223601, 0,10, 0
0.09991352358145414, 2.318818114066024, 0.9273376082964652, 0.5871237528067409, 0,10, 0
0.0996474422936207, 2.310144708532936, 0.9424463317291131, 0.589116666234951, 0,10, 0
0.0996474422936207, 2.3057836375613654, 0.9424463317291131, 0.5893115110371573, 0,10, 0
0.09605534490786935, 2.3018082935938713, 0.9277148532385796, 0.5210927700345236, 0,10, 0
0.10097784873278787, 38406.80178442371, 0.8896953824485279, 0.570584540235114, 0,10, 0
0.09904875939599547, 2.306862487531601, 0.8938837418790088, 0.5765334211956394, 0,10, 0
0.09904875939599547, 2.3083210062823643, 0.8938837418790088, 0.5722579903956796, 0,10, 0
0.09904875939599547, 246.5755707882823, 0.8938837418790088, 0.5750470729813049, 0,10, 0
0.09904875939599547, 277.23226156909095, 0.8938837418790088, 0.5743871397784139, 0,10, 0
0.09904875939599547, 83.60736978558789, 0.8938837418790088, 0.576155437797619, 0,10, 0
0.09904875939599547, 132.17701094330602, 0.8938837418790088, 0.5759274113629144, 0,10, 0
0.09904875939599547, 660.235782124409, 0.8938837418790088, 0.5695675219393944, 0,10, 0
0.09904875939599547, 684.9762653364025, 0.8938837418790088, 0.5754500344105478, 0,10, 0
0.09904875939599547, 2912.0632821446384, 0.8938837418790088, 0.5746686806412002, 0,10, 0
0.09904875939599547, 590.7012263884652, 0.8938837418790088, 0.5747762098881745, 0,10, 0
0.09904875939599547, 1551.415765030627, 0.8938837418790088, 0.5698622633185428, 0,10, 0
0.09904875939599547, 463.43164704112894, 0.8938837418790088, 0.5753037057550241, 0,10, 0
0.10024612519124593, 4.69611092367263, 0.88033626681359, 0.5577084169335841, 0,10, 0
0.09904875939599547, 1014.2987777675958, 0.8938837418790088, 0.5762282327142588, 0,10, 0
0.09904875939599547, 495.11019157866934, 0.8938837418790088, 0.5762007417648212, 0,10, 0
0.09904875939599547, 730.0277131944092, 0.8938837418790088, 0.5746654285430152, 0,10, 0
0.09904875939599547, 300.638264248822, 0.8938837418790088, 0.5761594806538309, 0,10, 0
0.09904875939599547, 144.74465072269982, 0.8938837418790088, 0.5736419796589798, 0,10, 0
0.09904875939599547, 334.4689395804688, 0.8938837418790088, 0.5722545436216778, 0,10, 0
0.09904875939599547, 311.30578031237314, 0.8938837418790088, 0.5759252698218211, 0,10, 0
0.09904875939599547, 296.09224193056355, 0.8938837418790088, 0.5737530398282067, 0,10, 0
0.09904875939599547, 229.15774314262225, 0.8938837418790088, 0.570245268401167, 0,10, 0
0.09904875939599547, 175.01822830380488, 0.8938837418790088, 0.5766460510676727, 0,10, 0
0.09904875939599547, 158.2210963773591, 0.8938837418790088, 0.57088461534711, 0,10, 0
0.09904875939599547, 114.67058649480963, 0.8938837418790088, 0.5754173793575227, 0,10, 0
0.09904875939599547, 53.66199006520059, 0.8938837418790088, 0.5711310603704916, 0,10, 0
0.09904875939599547, 161.98128133574872, 0.8938837418790088, 0.5797596798587125, 0,10, 0
0.09904875939599547, 79.70236707698913, 0.8938837418790088, 0.5737279850997913, 0,10, 0
0.09904875939599547, 49.20041321248246, 0.8938837418790088, 0.5745367642807381, 0,10, 0
0.09904875939599547, 107.6571959227866, 0.8938837418790088, 0.5746881806166783, 0,10, 0
0.09904875939599547, 66.3837710075184, 0.8938837418790088, 0.5742579130550848, 0,10, 0
0.09878267810816205, 37.61283034948994, 0.9000015148416551, 0.5792179704983574, 0,10, 0
0.09878267810816205, 29.981453783238695, 0.9000015148416551, 0.589553677017655, 0,10, 0
0.09878267810816205, 30.54574500906216, 0.9000015148416551, 0.5786592955272103, 0,10, 0
0.09904875939599547, 44.33412053927146, 0.8938837418790088, 0.5748912524400303, 0,10, 0
0.09904875939599547, 33.892348741641314, 0.8938837418790088, 0.5739862383490091, 0,10, 0
0.09878267810816205, 29.53124583330109, 0.9000015148416551, 0.580127879212214, 0,10, 0
0.09878267810816205, 26.71335833635126, 0.9000015148416551, 0.5800031081989115, 0,10, 0
0.09878267810816205, 21.901969048138398, 0.9000015148416551, 0.5820025850736148, 0,10, 0
0.09878267810816205, 19.9298921951172, 0.9000015148416551, 0.581706951092141, 0,10, 0
0.09878267810816205, 18.762950950354657, 0.9000015148416551, 0.582110971222188, 0,10, 0
0.09904875939599547, 16.929885271724284, 0.8938837418790088, 0.5745089543898677, 0,10, 0
0.09904875939599547, 13.782029999259592, 0.8938837418790088, 0.5727459032645794, 0,10, 0
0.09904875939599547, 10.456567010035464, 0.8938837418790088, 0.5732427794582972, 0,10, 0
0.09878267810816205, 301.7850634004046, 0.9000015148416551, 0.5828118158739027, 0,10, 0
0.0996474422936207, 8.97010915045696, 0.9424463317291131, 0.5856036376189673, 0,10, 0
0.09991352358145414, 6.584729116484607, 0.9273376082964652, 0.591025646924246, 0,10, 0
0.10017960486928756, 5.355312919930721, 0.8835487229879121, 0.5743172264870053, 0,10, 0
0.09958092197166234, 4.632523525572423, 0.8933638062721464, 0.5746067473117009, 0,10, 0
0.09958092197166234, 4.138653755417954, 0.8933638062721464, 0.5757886189798795, 0,10, 0
0.09618838555178608, 83.27078569678662, 0.8944563736294154, 0.4235761864447043, 0,10, 0
0.10024612519124593, 9.961427616599648, 0.88033626681359, 0.5592780130918245, 0,10, 0
0.10024612519124593, 6.008002517498206, 0.88033626681359, 0.5610362046771482, 0,10, 0
0.09878267810816205, 4.636506751983583, 0.9000015148416551, 0.5818875615926752, 0,10, 0
0.0996474422936207, 69.23093063330691, 0.9424463317291131, 0.5895160959260316, 0,10, 0
0.10024612519124593, 9.520322347009666, 0.88033626681359, 0.5613831065668957, 0,10, 0
0.09878267810816205, 5.522434314956353, 0.9000015148416551, 0.5834877008542603, 0,10, 0
0.10024612519124593, 4.262343714711894, 0.88033626681359, 0.5591596029960386, 0,10, 0
0.09958092197166234, 3.704898378873295, 0.8933638062721464, 0.5793913610658226, 0,10, 0
0.09878267810816205, 40.25305703267038, 0.9000015148416551, 0.5800665429142957, 0,10, 0
0.09904875939599547, 150.30729663482853, 0.8938837418790088, 0.5754523793164653, 0,10, 0
0.09958092197166234, 70141089.34078252, 0.8933638062721464, 0.5768470441379269, 0,10, 0
0.0996474422936207, 2.3056703044896687, 0.9424463317291131, 0.5925499346427452, 0,10, 0
0.09991352358145414, 2.3060979223660523, 0.9273376082964652, 0.5943977758649601, 0,10, 0
0.0996474422936207, 2.309797122316241, 0.9424463317291131, 0.5874149680064058, 0,10, 0
0.1020421738841216, 141613.62479562472, 0.9238654879093349, 0.5549569495907285, 0,10, 0
0.11547927891970997, 659157.2695099927, 0.9237250754678449, 0.49778383948228766, 0,10, 0
0.0996474422936207, 2.308164889771393, 0.9424463317291131, 0.5952786689734275, 0,10, 0
0.09904875939599547, 2.3087996315878403, 0.8938837418790088, 0.5711273868940749, 0,10, 0
0.09878267810816205, 2.3079956859153943, 0.9000015148416551, 0.578504495932162, 0,10, 0
0.0996474422936207, 2.3108371031274024, 0.9424463317291131, 0.5893069839511452, 0,10, 0
0.09904875939599547, 2.316903785357795, 0.8938837418790088, 0.5738095887600857, 0,10, 0
0.09904875939599547, 2.328720507607174, 0.8938837418790088, 0.5754010567247676, 0,10, 0
0.09991352358145414, 2.3359426286480174, 0.9273376082964652, 0.5872506371879542, 0,10, 0
0.09991352358145414, 2.323678578460065, 0.9273376082964652, 0.5899003282429611, 0,10, 0
0.0996474422936207, 2.323348581612503, 0.9424463317291131, 0.5865456020252734, 0,10, 0
0.0996474422936207, 2.3113156876100605, 0.9424463317291131, 0.5915353027744061, 0,10, 0
0.0996474422936207, 2.3074942491395993, 0.9424463317291131, 0.5914101046024709, 0,10, 0
0.0996474422936207, 2.3145797530913126, 0.9424463317291131, 0.5905044284554662, 0,10, 0
0.0996474422936207, 2.3116565137171805, 0.9424463317291131, 0.5895904148483518, 0,10, 0
0.0996474422936207, 2.3128912449041654, 0.9424463317291131, 0.5861760997713898, 0,10, 0
0.0996474422936207, 2.312230708744524, 0.9424463317291131, 0.5917347710707591, 0,10, 0
0.0996474422936207, 2.312977859045006, 0.9424463317291131, 0.5888825693054698, 0,10, 0
0.09904875939599547, 2.309626793802708, 0.8938837418790088, 0.5822645791419887, 0,10, 0
0.09904875939599547, 2.315581922592029, 0.8938837418790088, 0.5760309563550114, 0,10, 0
0.09904875939599547, 2.3248510581722424, 0.8938837418790088, 0.5846043026299513, 0,10, 0
0.0996474422936207, 2.321549565264115, 0.9424463317291131, 0.588149026661452, 0,10, 0
0.0996474422936207, 2.31884657412813, 0.9424463317291131, 0.5962877245856685, 0,10, 0
0.0996474422936207, 2.317177585988339, 0.9424463317291131, 0.5949262489336649, 0,10, 0
0.0996474422936207, 2.3318532862397143, 0.9424463317291131, 0.5917548135368298, 0,10, 0
0.0996474422936207, 2.3185644813507906, 0.9424463317291131, 0.5867884717540738, 0,10, 0
0.0996474422936207, 2.3186418108063718, 0.9424463317291131, 0.5894976339974451, 0,10, 0
0.0996474422936207, 2.32682877106953, 0.9424463317291131, 0.5945823414196038, 0,10, 0
0.10051220647907935, 855320.1653554359, 0.8777699163158681, 0.5829213966143904, 0,10, 0
0.09585578394199427, 7592757720.896915, 0.9287170218762643, 0.41496484521457533, 0,10, 0
0.0996474422936207, 2.3196172758085414, 0.9424463317291131, 0.5879429013245487, 0,10, 0
0.09904875939599547, 10385.284788987343, 0.8938837418790088, 0.5725463724350197, 0,10, 0
0.09991352358145414, 41041.64323292778, 0.9273376082964652, 0.5910317959116642, 0,10, 0
0.09991352358145414, 328813.4159027909, 0.9273376082964652, 0.5860329862579313, 0,10, 0
0.10297345839153861, 2.303934286607047, 0.8826302958662793, 0.3592189741973562, 0,10, 0
0.09958092197166234, 12505.06935690489, 0.8933638062721464, 0.5777366497958841, 0,10, 0
0.09878267810816205, 454.54903234896574, 0.9000015148416551, 0.5833567700085238, 0,10, 0
0.09878267810816205, 106.47016774931647, 0.9000015148416551, 0.577137308844862, 0,10, 0
0.09878267810816205, 1070.5680395646666, 0.9000015148416551, 0.5782525781509831, 0,10, 0
0.09878267810816205, 947.3653507972361, 0.9000015148416551, 0.5801694761332815, 0,10, 0
0.09878267810816205, 301.7365049101957, 0.9000015148416551, 0.586135421424476, 0,10, 0
0.09878267810816205, 935.80816565941, 0.9000015148416551, 0.5822746065898005, 0,10, 0
0.09878267810816205, 807.0702465085033, 0.9000015148416551, 0.5866781810756216, 0,10, 0
0.09878267810816205, 576.3030198116959, 0.9000015148416551, 0.5803655142451389, 0,10, 0
0.09878267810816205, 298.7575106900236, 0.9000015148416551, 0.5792713402439049, 0,10, 0
0.09878267810816205, 380.4747178950551, 0.9000015148416551, 0.5804772026294301, 0,10, 0
0.09878267810816205, 350.2981935352779, 0.9000015148416551, 0.588051489811421, 0,10, 0
0.09878267810816205, 639.3254796550048, 0.9000015148416551, 0.5785711750258601, 0,10, 0
0.09878267810816205, 175.26259225667582, 0.9000015148416551, 0.5852276530123269, 0,10, 0
0.09878267810816205, 129.93108580014604, 0.9000015148416551, 0.5780519336228421, 0,10, 0
0.09878267810816205, 140.78968898980258, 0.9000015148416551, 0.5810612840303196, 0,10, 0
0.09878267810816205, 189.65547921393815, 0.9000015148416551, 0.5811132022296873, 0,10, 0
0.09878267810816205, 223.34865695753157, 0.9000015148416551, 0.5823226525745017, 0,10, 0
0.09878267810816205, 176.83037040876405, 0.9000015148416551, 0.58100641849639, 0,10, 0
0.09878267810816205, 129.68169713621407, 0.9000015148416551, 0.5788862379393224, 0,10, 0
0.09878267810816205, 62.637696323903555, 0.9000015148416551, 0.5770709092208025, 0,10, 0
0.09878267810816205, 120.36053776124086, 0.9000015148416551, 0.5787738818427992, 0,10, 0
0.09878267810816205, 141.79384526887324, 0.9000015148416551, 0.5793972672106216, 0,10, 0
0.09878267810816205, 83.23533356740852, 0.9000015148416551, 0.5799801793294557, 0,10, 0
0.09878267810816205, 84.89110126544844, 0.9000015148416551, 0.5804544455259283, 0,10, 0
0.09878267810816205, 73.29170422365921, 0.9000015148416551, 0.5818043426349587, 0,10, 0
0.09878267810816205, 47.938906396346475, 0.9000015148416551, 0.5808446889018483, 0,10, 0
0.09878267810816205, 39.498255598843976, 0.9000015148416551, 0.5805868811684989, 0,10, 0
0.09878267810816205, 1289.793532603809, 0.9000015148416551, 0.5796755342516478, 0,10, 0
0.10024612519124593, 23.922466562662283, 0.88033626681359, 0.5595625307609496, 0,10, 0
0.10024612519124593, 21.631496678916136, 0.88033626681359, 0.5603402792026279, 0,10, 0
0.09878267810816205, 19.976591201632797, 0.9000015148416551, 0.5811991274963864, 0,10, 0
0.09904875939599547, 17.18717037859073, 0.8938837418790088, 0.5750506640602153, 0,10, 0
0.09878267810816205, 15.341592734741656, 0.9000015148416551, 0.5787559830485838, 0,10, 0
0.09878267810816205, 12.8316516379892, 0.9000015148416551, 0.5796458257906718, 0,10, 0
0.09878267810816205, 10.977579688281267, 0.9000015148416551, 0.5876334676976378, 0,10, 0
0.0996474422936207, 9.086261853251575, 0.9424463317291131, 0.5865245531286467, 0,10, 0
0.09904875939599547, 7.981057447959886, 0.8938837418790088, 0.57620767296229, 0,10, 0
0.09798443424466174, 184.3909706973918, 0.8959257854381828, 0.3931622006906856, 0,10, 0
0.09904875939599547, 10.305565832518916, 0.8938837418790088, 0.5749493482926462, 0,10, 0
0.09991352358145414, 6.55257655155918, 0.9273376082964652, 0.5919178732691676, 0,10, 0
0.09904875939599547, 48.11626357062971, 0.8938837418790088, 0.5798703807675893, 0,10, 0
0.10017960486928756, 77870.63578769438, 0.8835487229879121, 0.5725824860778593, 0,10, 0
0.10097784873278787, 1994.3322467112473, 0.8896953824485279, 0.5733323940533697, 0,10, 0
0.10097784873278787, 3687602165.010628, 0.8896953824485279, 0.5759289865185226, 0,10, 0
0.09991352358145414, 2.31239397225405, 0.9273376082964652, 0.5887737006663527, 0,10, 0
0.09991352358145414, 2.3089179936532513, 0.9273376082964652, 0.5940048251553951, 0,10, 0
0.10097784873278787, 2.3062889406576863, 0.8896953824485279, 0.5752823390177074, 0,10, 0
0.09904875939599547, 2.308465735843968, 0.8938837418790088, 0.575016500431428, 0,10, 0
0.09991352358145414, 2.310924480769129, 0.9273376082964652, 0.5877951093549947, 0,10, 0
0.09991352358145414, 2.3195350273223423, 0.9273376082964652, 0.5910490515369046, 0,10, 0
0.09991352358145414, 2.330290810636661, 0.9273376082964652, 0.5865518456360513, 0,10, 0
0.09991352358145414, 2.316176963948382, 0.9273376082964652, 0.5892511617191426, 0,10, 0
0.0996474422936207, 2.3183331968446046, 0.9424463317291131, 0.5896624860286935, 0,10, 0
0.09991352358145414, 2.3190398789733613, 0.9273376082964652, 0.5913343273874418, 0,10, 0
0.09991352358145414, 2.3212475147280935, 0.9273376082964652, 0.5878619637552788, 0,10, 0
0.09991352358145414, 3077.9027780423594, 0.9273376082964652, 0.5914007402557827, 0,10, 0
0.09991352358145414, 2.318105522715418, 0.9273376082964652, 0.592455415192409, 0,10, 0
0.09991352358145414, 2.318952743564467, 0.9273376082964652, 0.5888493873249542, 0,10, 0
0.09991352358145414, 2.3114241562639495, 0.9273376082964652, 0.590375469564503, 0,10, 0
0.09991352358145414, 2.3092499072700967, 0.9273376082964652, 0.5921284712211172, 0,10, 0
0.09991352358145414, 528.3185388644615, 0.9273376082964652, 0.5874616321276901, 0,10, 0
0.09991352358145414, 2.3102605875908857, 0.9273376082964652, 0.5866660699957376, 0,10, 0
0.09991352358145414, 863.0084648200838, 0.9273376082964652, 0.5917895376132577, 0,10, 0
0.09904875939599547, 2.309854335273596, 0.8938837418790088, 0.5737953337605693, 0,10, 0
0.09904875939599547, 2.3149669722296524, 0.8938837418790088, 0.5717640961678669, 0,10, 0
0.09991352358145414, 473.8778427198627, 0.9273376082964652, 0.5877247168538561, 0,10, 0
0.09991352358145414, 329.11707609500553, 0.9273376082964652, 0.5881942623951087, 0,10, 0
0.09904875939599547, 2.3177332530072103, 0.8938837418790088, 0.5748215237339352, 0,10, 0
0.09991352358145414, 1320.9345015418796, 0.9273376082964652, 0.5927156731210236, 0,10, 0
0.09991352358145414, 779.7895444718885, 0.9273376082964652, 0.5909270075842032, 0,10, 0
0.09991352358145414, 1766.3750100497086, 0.9273376082964652, 0.5883238422616929, 0,10, 0
0.09991352358145414, 647.5019840013875, 0.9273376082964652, 0.5888450126361846, 0,10, 0
0.09991352358145414, 728.0823895305897, 0.9273376082964652, 0.5942248018172253, 0,10, 0
0.09991352358145414, 293.6063702179272, 0.9273376082964652, 0.5854738376736992, 0,10, 0
0.09991352358145414, 569.7419141329018, 0.9273376082964652, 0.5937896397039774, 0,10, 0
0.09904875939599547, 2.5288368246952295, 0.8938837418790088, 0.5703738619642855, 0,10, 0
0.09991352358145414, 687.405335629271, 0.9273376082964652, 0.5873030717602568, 0,10, 0
0.09991352358145414, 381.63224172684147, 0.9273376082964652, 0.5925640640490364, 0,10, 0
0.09991352358145414, 288.20119001593713, 0.9273376082964652, 0.5915948453011428, 0,10, 0
0.09991352358145414, 391.3710285278881, 0.9273376082964652, 0.589352250436803, 0,10, 0
0.09991352358145414, 437.90388493743126, 0.9273376082964652, 0.5901706028442824, 0,10, 0
0.09991352358145414, 146.68195127903215, 0.9273376082964652, 0.5877682811353114, 0,10, 0
0.09991352358145414, 43.48111693162702, 0.9273376082964652, 0.5888919692914579, 0,10, 0
0.09991352358145414, 109.56780760211953, 0.9273376082964652, 0.5930148995980254, 0,10, 0
0.09991352358145414, 125.26206822263055, 0.9273376082964652, 0.5907527281538824, 0,10, 0
0.09991352358145414, 195.07794631494144, 0.9273376082964652, 0.5933730071052176, 0,10, 0
0.09991352358145414, 111.35906999467859, 0.9273376082964652, 0.5901209687082953, 0,10, 0
0.09991352358145414, 54.46721306559585, 0.9273376082964652, 0.5905373276078909, 0,10, 0
0.09991352358145414, 40.850712524237196, 0.9273376082964652, 0.5878354579357614, 0,10, 0
0.09991352358145414, 99.797730458613, 0.9273376082964652, 0.5888232922229567, 0,10, 0
0.09991352358145414, 70.12011211335377, 0.9273376082964652, 0.5928514729028967, 0,10, 0
0.09991352358145414, 79.3808612754021, 0.9273376082964652, 0.5846075960541355, 0,10, 0
0.09991352358145414, 43.946254363390196, 0.9273376082964652, 0.5927773619518453, 0,10, 0
0.09991352358145414, 61.54629985981499, 0.9273376082964652, 0.5870005019452578, 0,10, 0
0.09991352358145414, 35.60887206478572, 0.9273376082964652, 0.5877776081934031, 0,10, 0
0.09991352358145414, 20.450713142882034, 0.9273376082964652, 0.590280352937738, 0,10, 0
0.09991352358145414, 39.383621461026834, 0.9273376082964652, 0.5932888446975392, 0,10, 0
0.09991352358145414, 38.08662396366526, 0.9273376082964652, 0.5923319943834465, 0,10, 0
0.09991352358145414, 2835.378363004043, 0.9273376082964652, 0.5928997753117567, 0,10, 0
0.10270737710370519, 2.3047443266313947, 0.886403684513527, 0.26568078507710413, 0,10, 0
0.10024612519124593, 38033.61024751783, 0.88033626681359, 0.5606802404309138, 0,10, 0
0.09958092197166234, 565.2511494832625, 0.8933638062721464, 0.5764398440399876, 0,10, 0
0.09958092197166234, 769.6539995351698, 0.8933638062721464, 0.5763596033964619, 0,10, 0
0.09958092197166234, 308.10195599517084, 0.8933638062721464, 0.5790250217109267, 0,10, 0
0.09958092197166234, 670.3175324687604, 0.8933638062721464, 0.5760117911352228, 0,10, 0
0.09958092197166234, 1187.7137848795637, 0.8933638062721464, 0.5798101345565154, 0,10, 0
0.09958092197166234, 1753.5261700412657, 0.8933638062721464, 0.5843040554215437, 0,10, 0
0.09958092197166234, 782.3276162798086, 0.8933638062721464, 0.5812646259203431, 0,10, 0
0.09958092197166234, 1004.6524193319091, 0.8933638062721464, 0.5782985874010056, 0,10, 0
0.09958092197166234, 977.0358417480282, 0.8933638062721464, 0.5785855550718083, 0,10, 0
0.09958092197166234, 551.5222539501435, 0.8933638062721464, 0.578642438985475, 0,10, 0
0.09958092197166234, 176.60742623527028, 0.8933638062721464, 0.5789721371373472, 0,10, 0
0.09958092197166234, 316.64180493917814, 0.8933638062721464, 0.579511844513733, 0,10, 0
0.09958092197166234, 552.7340197819781, 0.8933638062721464, 0.5799283182310802, 0,10, 0
0.09958092197166234, 310.6443600063036, 0.8933638062721464, 0.5790910067911206, 0,10, 0
0.09958092197166234, 139.57267210208067, 0.8933638062721464, 0.5770808054725709, 0,10, 0
0.09958092197166234, 117.23910207709716, 0.8933638062721464, 0.582095164495769, 0,10, 0
0.09958092197166234, 171.85299268774682, 0.8933638062721464, 0.5799425171694582, 0,10, 0
0.09958092197166234, 12.155196758853354, 0.8933638062721464, 0.580244660895389, 0,10, 0
0.09958092197166234, 108.53242167431794, 0.8933638062721464, 0.5805953165575644, 0,10, 0
0.09958092197166234, 28.374213693227947, 0.8933638062721464, 0.5792468524813524, 0,10, 0
0.09958092197166234, 47.58584033730802, 0.8933638062721464, 0.5831139370628716, 0,10, 0
0.09958092197166234, 47.52565767992949, 0.8933638062721464, 0.5776439492701609, 0,10, 0
0.09958092197166234, 93.46269679375611, 0.8933638062721464, 0.5803153091322815, 0,10, 0
0.09958092197166234, 98.21086813660825, 0.8933638062721464, 0.5797667585534769, 0,10, 0
0.09958092197166234, 77.45062803360926, 0.8933638062721464, 0.57583349666505, 0,10, 0
0.09958092197166234, 60.454199927728475, 0.8933638062721464, 0.5750644719852028, 0,10, 0
0.09958092197166234, 49.25833649112897, 0.8933638062721464, 0.5789494984365947, 0,10, 0
0.09958092197166234, 33.168590062849766, 0.8933638062721464, 0.5839187438202061, 0,10, 0
0.09958092197166234, 38.82165837445599, 0.8933638062721464, 0.5798976740209724, 0,10, 0
0.09958092197166234, 56.258074868417644, 0.8933638062721464, 0.5803647931138358, 0,10, 0
0.09958092197166234, 28.770115690807888, 0.8933638062721464, 0.5778029642895521, 0,10, 0
0.09958092197166234, 24.231943441981503, 0.8933638062721464, 0.5791513818297327, 0,10, 0
0.09958092197166234, 11.6888426246618, 0.8933638062721464, 0.5800524834201981, 0,10, 0
0.09958092197166234, 25.03068564710339, 0.8933638062721464, 0.576234364341934, 0,10, 0
0.09958092197166234, 15.630025809252722, 0.8933638062721464, 0.5752058472101059, 0,10, 0
0.09958092197166234, 14.172178378871504, 0.8933638062721464, 0.576525239288615, 0,10, 0
0.09958092197166234, 18.54338427418793, 0.8933638062721464, 0.5802604796215347, 0,10, 0
0.09958092197166234, 28.40555704060662, 0.8933638062721464, 0.5803200995608906, 0,10, 0
0.09958092197166234, 27.712753058796213, 0.8933638062721464, 0.5810777028418648, 0,10, 0
0.10017960486928756, 19.296919535585072, 0.8835487229879121, 0.5746908988803114, 0,10, 0
0.09904875939599547, 14.653471172811471, 0.8938837418790088, 0.5783540239496847, 0,10, 0
0.09958092197166234, 14.396103831803911, 0.8933638062721464, 0.5787734219665449, 0,10, 0
0.09904875939599547, 11.417759272816381, 0.8938837418790088, 0.5772636588222675, 0,10, 0
0.09878267810816205, 10.997858161532315, 0.9000015148416551, 0.5795111500259318, 0,10, 0
0.09958092197166234, 1225.2576103697952, 0.8933638062721464, 0.5769366708722089, 0,10, 0
0.0996474422936207, 19.90140218209932, 0.9424463317291131, 0.5894496508411929, 0,10, 0
0.10097784873278787, 12.732433168115566, 0.8896953824485279, 0.5726888702318638, 0,10, 0
0.10017960486928756, 10.975175636824769, 0.8835487229879121, 0.5741445457524992, 0,10, 0
0.09878267810816205, 8.025218598104987, 0.9000015148416551, 0.5847918195373573, 0,10, 0
0.09878267810816205, 6.512629368423678, 0.9000015148416551, 0.5840976549530029, 0,10, 0
0.09904875939599547, 77.71386149438541, 0.8938837418790088, 0.578388454140866, 0,10, 0
0.10051220647907935, 5.047203483849889, 0.8777699163158681, 0.5791922934048999, 0,10, 0
0.09878267810816205, 3.8083927376988895, 0.9000015148416551, 0.5778234335356318, 0,10, 0
0.10111088937670458, 3.217056892917818, 0.9116167084157132, 0.5815566133978742, 0,10, 0
0.10111088937670458, 2119.2127728290952, 0.9116167084157132, 0.5819806261218106, 0,10, 0
0.09991352358145414, 3856976.3290534182, 0.9273376082964652, 0.5908030968386362, 0,10, 0
0.10051220647907935, 1180445.1113205014, 0.8777699163158681, 0.5749624116777319, 0,10, 0
0.09904875939599547, 147.36696156494804, 0.8938837418790088, 0.5763169681371457, 0,10, 0
0.09904875939599547, 105.27666674355106, 0.8938837418790088, 0.5704738757951306, 0,10, 0
0.09904875939599547, 144.68961270507413, 0.8938837418790088, 0.5761785677523135, 0,10, 0
0.09904875939599547, 119.38699719528667, 0.8938837418790088, 0.57521100253838, 0,10, 0
0.09904875939599547, 164.9015539361752, 0.8938837418790088, 0.5747473202245122, 0,10, 0
0.09904875939599547, 140.00541177018724, 0.8938837418790088, 0.5759565852070692, 0,10, 0
0.09904875939599547, 97.98394124794162, 0.8938837418790088, 0.5756358702254336, 0,10, 0
0.09904875939599547, 98.6577756151382, 0.8938837418790088, 0.5775096135191871, 0,10, 0
0.09904875939599547, 94.84919175206312, 0.8938837418790088, 0.5740571432749546, 0,10, 0
0.09904875939599547, 58.12105347279866, 0.8938837418790088, 0.5784863337399353, 0,10, 0
0.09958092197166234, 14.276498415065225, 0.8933638062721464, 0.5755438872939665, 0,10, 0
0.09904875939599547, 60.54030414893088, 0.8938837418790088, 0.5730874230264925, 0,10, 0
0.09904875939599547, 61.486624733786186, 0.8938837418790088, 0.5708592500572878, 0,10, 0
0.09904875939599547, 53.0971581572458, 0.8938837418790088, 0.5720907087992712, 0,10, 0
0.09904875939599547, 37.39273233979649, 0.8938837418790088, 0.5722699968195732, 0,10, 0
0.09958092197166234, 36.36978878638759, 0.8933638062721464, 0.5771999098415788, 0,10, 0
0.10097784873278787, 450.19603704322975, 0.8896953824485279, 0.5704006462695171, 0,10, 0
0.09904875939599547, 85.26129204143048, 0.8938837418790088, 0.5738160162992612, 0,10, 0
0.0996474422936207, 49.02285114198929, 0.9424463317291131, 0.5886807845063967, 0,10, 0
0.0996474422936207, 37.29567671343927, 0.9424463317291131, 0.586629246387255, 0,10, 0
0.0996474422936207, 19.87463954687991, 0.9424463317291131, 0.5873214006840081, 0,10, 0
0.09878267810816205, 14.116040178982946, 0.9000015148416551, 0.5807280002858293, 0,10, 0
0.09958092197166234, 18.29111808352482, 0.9424651287215942, 0.5868605572130835, 0,10, 0
0.0996474422936207, 618.1532441430849, 0.9424463317291131, 0.5883399107964941, 0,10, 0
0.09878267810816205, 1075.8652611796365, 0.9000015148416551, 0.581380153574932, 0,10, 0
0.09878267810816205, 498.0841413200524, 0.9000015148416551, 0.5829809486344419, 0,10, 0
0.09878267810816205, 32839.22041351391, 0.9000015148416551, 0.5798197372536316, 0,10, 0
0.09958092197166234, 9.343721901428834, 0.8933638062721464, 0.5881045961775385, 0,10, 0
0.09958092197166234, 13483.100187562623, 0.8933638062721464, 0.5777953504020173, 0,10, 0
0.10051220647907935, 2.3208298227835074, 0.8777699163158681, 0.573931252020405, 0,10, 0
0.10031264551320429, 186167097301.51215, 0.9265355718078481, 0.563782555225906, 0,10, 0
0.09991352358145414, 2.3293675068236315, 0.9273376082964652, 0.5905006998238204, 0,10, 0
0.09991352358145414, 2.321402677429941, 0.9273376082964652, 0.5906760122243826, 0,10, 0
0.0996474422936207, 2.3169096680146795, 0.9424463317291131, 0.5835671335819752, 0,10, 0
0.09978048293753741, 2123034563.0970173, 0.9423510748640495, 0.5925342328378889, 0,10, 0
0.0996474422936207, 2.311566720661952, 0.9424463317291131, 0.586998813653762, 0,10, 0
0.0996474422936207, 6246468448.089182, 0.9424545167775455, 0.5827866048505798, 0,10, 0
0.09904875939599547, 2.313534453649019, 0.8938837418790088, 0.5744428957922544, 0,10, 0
0.0996474422936207, 2.3155630331255757, 0.9424463317291131, 0.592591844023997, 0,10, 0
0.09904875939599547, 1.5294089379347641e+22, 0.8938837418790088, 0.5734664263892004, 0,10, 0
0.09904875939599547, 1.5294243244096434e+22, 0.8938837418790088, 0.5746343473490806, 0,10, 0
0.09904875939599547, 2.322024427503516, 0.8938837418790088, 0.5740557305301026, 0,10, 0
0.09359409299541009, 2.304057502638736, 0.8993925336370806, 0.4485987559960266, 0,10, 0
0.09904875939599547, 1933.4623607842498, 0.8938837418790088, 0.5732521438750415, 0,10, 0
0.10051220647907935, 88.27270514689258, 0.8777699163158681, 0.5724845810618258, 0,10, 0
0.10051220647907935, 80.21060704763069, 0.8777699163158681, 0.5683202205205862, 0,10, 0
0.10051220647907935, 137.16083078105905, 0.8777699163158681, 0.5764660140741044, 0,10, 0
0.10051220647907935, 74.3210957386073, 0.8777699163158681, 0.5775763208478674, 0,10, 0
0.09991352358145414, 2.3218482223439185, 0.9273376082964652, 0.5888101689643864, 0,10, 0
0.10051220647907935, 36.67835983440546, 0.8777699163158681, 0.578166449652452, 0,10, 0
0.10051220647907935, 200.71975611371607, 0.8777699163158681, 0.581958923254233, 0,10, 0
0.10051220647907935, 115.44473911652837, 0.8777699163158681, 0.5764620508039259, 0,10, 0
0.10051220647907935, 135.4657925770905, 0.8777699163158681, 0.5744312325729305, 0,10, 0
0.10051220647907935, 29.769102036675413, 0.8777699163158681, 0.5745584584053061, 0,10, 0
0.10051220647907935, 47.189609430712295, 0.8777699163158681, 0.5740536057518197, 0,10, 0
0.10051220647907935, 63.73061440655994, 0.8777699163158681, 0.5752041021752459, 0,10, 0
0.10051220647907935, 67.48571253963188, 0.8777699163158681, 0.5708587673137524, 0,10, 0
0.10051220647907935, 75.67606497575349, 0.8777699163158681, 0.5742153719659844, 0,10, 0
0.10051220647907935, 36.4168509002106, 0.8777699163158681, 0.5764747328848732, 0,10, 0
0.10051220647907935, 67.42040776370615, 0.8777699163158681, 0.5784339945684337, 0,10, 0
0.10051220647907935, 34.39072308234427, 0.8777699163158681, 0.5726695398863968, 0,10, 0
0.10051220647907935, 5.525227340012501, 0.8777699163158681, 0.5762792382212935, 0,10, 0
0.10051220647907935, 50.45501383468118, 0.8777699163158681, 0.5753999337535, 0,10, 0
0.10051220647907935, 34.050544727264835, 0.8777699163158681, 0.5721773875745474, 0,10, 0
0.09991352358145414, 2.7407217255722207, 0.9273376082964652, 0.5907907026137145, 0,10, 0
0.10051220647907935, 31.04179935105913, 0.8777699163158681, 0.577883705966029, 0,10, 0
0.10051220647907935, 38.432578331457115, 0.8777699163158681, 0.5751547072023326, 0,10, 0
0.10051220647907935, 53.055880724354296, 0.8777699163158681, 0.5791413170973511, 0,10, 0
0.10051220647907935, 9.81249355167787, 0.8777699163158681, 0.5716557599750421, 0,10, 0
0.10051220647907935, 37.03254662959005, 0.8777699163158681, 0.5793494001406141, 0,10, 0
0.10051220647907935, 18.493613681219518, 0.8777699163158681, 0.5725840979134152, 0,10, 0
0.10051220647907935, 23.537353288471625, 0.8777699163158681, 0.5763035864533845, 0,10, 0
0.10051220647907935, 19.905142690529438, 0.8777699163158681, 0.5716794695213078, 0,10, 0
0.10051220647907935, 55.26309137357696, 0.8777699163158681, 0.573224544727096, 0,10, 0
0.10051220647907935, 23.223559482984736, 0.8777699163158681, 0.5734553040574014, 0,10, 0
0.10051220647907935, 32.16888889700456, 0.8777699163158681, 0.5737901554718237, 0,10, 0
0.10051220647907935, 23.048308447045986, 0.8777699163158681, 0.5755827033530889, 0,10, 0
0.10051220647907935, 15.98590452723943, 0.8777699163158681, 0.5747554434947693, 0,10, 0
0.10051220647907935, 16.73938423516087, 0.8777699163158681, 0.5753052190631034, 0,10, 0
0.10051220647907935, 16.537006031695316, 0.8777699163158681, 0.5749810205886126, 0,10, 0
0.10051220647907935, 17.635078585216053, 0.8777699163158681, 0.5718770862986188, 0,10, 0
0.10051220647907935, 18.77329801107955, 0.8777699163158681, 0.5752334973683778, 0,10, 0
0.10051220647907935, 13.652412320328418, 0.8777699163158681, 0.5734760728098834, 0,10, 0
0.10104436905474623, 11.965651000306522, 0.9116467384457431, 0.5840256024284918, 0,10, 0
0.10051220647907935, 27.642113389943813, 0.8777699163158681, 0.574663641977841, 0,10, 0
0.10111088937670458, 82.80905487938158, 0.9116167084157132, 0.5778686630561651, 0,10, 0
0.10144349098649637, 72.26192095198333, 0.8913688208966366, 0.5617968291217625, 0,10, 0
0.09991352358145414, 167982.03200980191, 0.9273376082964652, 0.5912535860261509, 0,10, 0
0.10024612519124593, 179.0298219754502, 0.88033626681359, 0.5578457187197668, 0,10, 0
0.10024612519124593, 67.40477709039706, 0.88033626681359, 0.5625554309562301, 0,10, 0
0.10024612519124593, 3.120690477462948, 0.88033626681359, 0.5605427836437841, 0,10, 0
0.10024612519124593, 199.56480408450733, 0.88033626681359, 0.5615591290152608, 0,10, 0
0.10024612519124593, 48.787751573023264, 0.88033626681359, 0.5592885386676117, 0,10, 0
0.10024612519124593, 86.69187382865728, 0.88033626681359, 0.5590989543448236, 0,10, 0
0.10024612519124593, 115.42933424058522, 0.88033626681359, 0.5660792031702742, 0,10, 0
0.10024612519124593, 42.83490289977168, 0.88033626681359, 0.5647136914664594, 0,10, 0
0.10024612519124593, 425.9296591974483, 0.88033626681359, 0.5603990539927861, 0,10, 0
0.10024612519124593, 9573.441092251414, 0.88033626681359, 0.5612838486033003, 0,10, 0
0.10111088937670458, 186.42923474697218, 0.9116167084157132, 0.5818017761886347, 0,10, 0
0.10111088937670458, 95.99760631242056, 0.9116167084157132, 0.5808896022568907, 0,10, 0
0.10111088937670458, 61.38005922688979, 0.9116167084157132, 0.5795430686948604, 0,10, 0
0.10111088937670458, 5.387114000260564, 0.9116167084157132, 0.583953145558764, 0,10, 0
0.10111088937670458, 60.281751738881695, 0.9116167084157132, 0.5782878239546226, 0,10, 0
0.10111088937670458, 71.2065941292913, 0.9116167084157132, 0.5789066467621582, 0,10, 0
0.10111088937670458, 4.245526400153559, 0.9116167084157132, 0.580122018062827, 0,10, 0
0.10111088937670458, 20.98546944004052, 0.9116167084157132, 0.5808084008477062, 0,10, 0
0.10111088937670458, 25.42611350283497, 0.9116167084157132, 0.5836261218108636, 0,10, 0
0.10111088937670458, 41.83395956168793, 0.9116167084157132, 0.5845285069996047, 0,10, 0
0.10024612519124593, 14.685654660950146, 0.88033626681359, 0.5664948987951061, 0,10, 0
0.10024612519124593, 33.49607465852086, 0.88033626681359, 0.5645492031316949, 0,10, 0
0.10024612519124593, 5.31304001238011, 0.88033626681359, 0.5633989142742387, 0,10, 0
0.10024612519124593, 13.923614854608983, 0.88033626681359, 0.562828126485538, 0,10, 0
0.10037916583516264, 56.35266884057764, 0.8802291259442184, 0.5598561060279245, 0,10, 0
0.10024612519124593, 23.660387934624058, 0.88033626681359, 0.5607003644203041, 0,10, 0
0.10024612519124593, 5.99657795355958, 0.88033626681359, 0.5585032440225892, 0,10, 0
0.0996474422936207, 2.4760661870905287, 0.9424463317291131, 0.5858073266340702, 0,10, 0
0.10024612519124593, 9.774654333767344, 0.88033626681359, 0.559478464649783, 0,10, 0
0.10024612519124593, 11.634390306466434, 0.88033626681359, 0.5631132051535388, 0,10, 0
0.10024612519124593, 32.2096341555066, 0.88033626681359, 0.5609189020903629, 0,10, 0
0.10111088937670458, 65.14218250819019, 0.9116167084157132, 0.5839985765269263, 0,10, 0
0.09991352358145414, 2.493254049519123, 0.9273376082964652, 0.5945269096771563, 0,10, 0
0.09904875939599547, 2.465692277187154, 0.8938837418790088, 0.5760335747022682, 0,10, 0
0.09904875939599547, 2.4154700399246045, 0.8938837418790088, 0.5769628456232457, 0,10, 0
0.09904875939599547, 2.4034427636272215, 0.8938837418790088, 0.5767304682171924, 0,10, 0
0.09904875939599547, 2.3725750219605444, 0.8938837418790088, 0.5744052889684839, 0,10, 0
0.09904875939599547, 2.363020259701372, 0.8938837418790088, 0.576246236550899, 0,10, 0
0.09904875939599547, 2.373299854185373, 0.8938837418790088, 0.5754227086237188, 0,10, 0
0.09904875939599547, 1.2134712301331394e+16, 0.8938837418790088, 0.5751678275439673, 0,10, 0
0.09991352358145414, 2.363284849552768, 0.9273376082964652, 0.5929846625212586, 0,10, 0
0.09991352358145414, 2.3749934707597955, 0.9273376082964652, 0.5873811613574694, 0,10, 0
0.09991352358145414, 2.388997921312132, 0.9273376082964652, 0.5877897117314701, 0,10, 0
0.09991352358145414, 2.3937071420820795, 0.9273376082964652, 0.5902834738214168, 0,10, 0
0.09991352358145414, 2.3715410241108175, 0.9273376082964652, 0.5886944724498495, 0,10, 0
0.09991352358145414, 2.37223941499678, 0.9273376082964652, 0.5900721685756295, 0,10, 0
0.09991352358145414, 2.358920420690313, 0.9273376082964652, 0.5892000855457314, 0,10, 0
0.09991352358145414, 2.3383388326988483, 0.9273376082964652, 0.5903428840641696, 0,10, 0
0.09991352358145414, 2.33109102512892, 0.9273376082964652, 0.5894502255591672, 0,10, 0
0.09991352358145414, 2.32456669007789, 0.9273376082964652, 0.5896341754628738, 0,10, 0
0.09991352358145414, 2.3361427467961926, 0.9273376082964652, 0.5955861323642995, 0,10, 0
0.09991352358145414, 2.3254954656551976, 0.9273376082964652, 0.590401395472035, 0,10, 0
0.09991352358145414, 4.9931751976441126e+17, 0.9273376082964652, 0.5901614965442781, 0,10, 0
0.09991352358145414, 3.9359112754531697e+18, 0.9273376082964652, 0.5873873583719783, 0,10, 0
0.09991352358145414, 2.3274998929554025, 0.9273376082964652, 0.5913918954240155, 0,10, 0
0.0972527107031198, 2.304622965452795, 0.8907759407927404, 0.3235294726197844, 0,10, 0
0.09991352358145414, 15286.973778682299, 0.9273376082964652, 0.5867894110927143, 0,10, 0
0.10024612519124593, 2.302795099021035, 0.88033626681359, 0.5612489978126652, 0,10, 0
0.0996474422936207, 2.4078421792782274, 0.9424463317291131, 0.5877618037395043, 0,10, 0
0.10024612519124593, 1289.2746248754652, 0.88033626681359, 0.5593395461124913, 0,10, 0
0.0996474422936207, 2.308170226712526, 0.9424463317291131, 0.5908330572590855, 0,10, 0
0.10024612519124593, 456.26200869135266, 0.88033626681359, 0.5607936273445058, 0,10, 0
0.10024612519124593, 35.019944698092296, 0.88033626681359, 0.5599869982724466, 0,10, 0
0.10024612519124593, 86.5254963827111, 0.88033626681359, 0.5632571563151941, 0,10, 0
0.10024612519124593, 804.1704556494267, 0.88033626681359, 0.5626718203780474, 0,10, 0
0.10024612519124593, 1258.4232207728203, 0.88033626681359, 0.56133209954083, 0,10, 0
0.10024612519124593, 92.30787338750896, 0.88033626681359, 0.5591451457508585, 0,10, 0
0.10024612519124593, 787.5638058536235, 0.88033626681359, 0.5621154903161174, 0,10, 0
0.10024612519124593, 262.82315001750686, 0.88033626681359, 0.5591541113658047, 0,10, 0
0.10024612519124593, 593.0092798122776, 0.88033626681359, 0.5625070803558507, 0,10, 0
0.10024612519124593, 225.10319545560355, 0.88033626681359, 0.5636815019337699, 0,10, 0
0.10024612519124593, 415.39945992920394, 0.88033626681359, 0.5608204741026022, 0,10, 0
0.10024612519124593, 405.953032824678, 0.88033626681359, 0.5635020229083879, 0,10, 0
0.10024612519124593, 95.23426949014399, 0.88033626681359, 0.5590489213627877, 0,10, 0
0.10024612519124593, 42.739472036311554, 0.88033626681359, 0.5585564203994996, 0,10, 0
0.10024612519124593, 353.8145360707491, 0.88033626681359, 0.5585343620199376, 0,10, 0
0.10024612519124593, 196.3000454979727, 0.88033626681359, 0.5613034394284697, 0,10, 0
0.10024612519124593, 361.1442614948489, 0.88033626681359, 0.5612064018950423, 0,10, 0
0.10024612519124593, 146.2404108533426, 0.88033626681359, 0.5631559110101784, 0,10, 0
0.10024612519124593, 97.16569686759091, 0.88033626681359, 0.5590380200744278, 0,10, 0
0.10024612519124593, 117.54938314378614, 0.88033626681359, 0.5600763136381458, 0,10, 0
0.10024612519124593, 126.93020812700523, 0.88033626681359, 0.5605422933361802, 0,10, 0
0.10024612519124593, 54.98312587080812, 0.88033626681359, 0.5630715938521941, 0,10, 0
0.10024612519124593, 226.54719534778613, 0.88033626681359, 0.5648562062602401, 0,10, 0
0.10024612519124593, 13.633129675000527, 0.88033626681359, 0.5589538620952577, 0,10, 0
0.10024612519124593, 167.08625193948416, 0.88033626681359, 0.5602080315653941, 0,10, 0
0.10024612519124593, 48.24099382089853, 0.88033626681359, 0.5663509137748125, 0,10, 0
0.10024612519124593, 76.44304684749551, 0.88033626681359, 0.5637060242574377, 0,10, 0
0.10024612519124593, 75.00527253246415, 0.88033626681359, 0.5594741392061054, 0,10, 0
0.10024612519124593, 162.43960611020734, 0.88033626681359, 0.5607521215351003, 0,10, 0
0.10024612519124593, 81.23425890193572, 0.88033626681359, 0.5609463356334007, 0,10, 0
0.10024612519124593, 96.11338628232103, 0.88033626681359, 0.5669811133180512, 0,10, 0
0.10024612519124593, 110.60594445528452, 0.88033626681359, 0.563889862100005, 0,10, 0
0.10024612519124593, 56.10296712580868, 0.88033626681359, 0.561215088856106, 0,10, 0
0.10024612519124593, 53.39398807063988, 0.88033626681359, 0.5620627375207676, 0,10, 0
0.10024612519124593, 38.8952747152343, 0.88033626681359, 0.5617590278450281, 0,10, 0
0.10024612519124593, 29.192517306810526, 0.88033626681359, 0.5618226138878357, 0,10, 0
0.10024612519124593, 22.807535960321726, 0.88033626681359, 0.5598706790813476, 0,10, 0
0.0996474422936207, 22.25526606552077, 0.9424463317291131, 0.5890724563936924, 0,10, 0
0.10024612519124593, 23.91615215441285, 0.88033626681359, 0.5613734643841689, 0,10, 0
0.10024612519124593, 20.646418166701398, 0.88033626681359, 0.5600569472613705, 0,10, 0
0.10024612519124593, 19.596003423247485, 0.88033626681359, 0.5613607328450881, 0,10, 0
0.10024612519124593, 21.550467488071142, 0.88033626681359, 0.5617626150227696, 0,10, 0
0.09958092197166234, 20.631785281783117, 0.8933638062721464, 0.5805768450230463, 0,10, 0
0.09958092197166234, 20.526589708144908, 0.8933638062721464, 0.5754078564099556, 0,10, 0
0.10111088937670458, 19.605150500568556, 0.9116167084157132, 0.57963182469149, 0,10, 0
0.10024612519124593, 18.313700506590894, 0.88033626681359, 0.5631041575915396, 0,10, 0
0.10024612519124593, 15.874427124545665, 0.88033626681359, 0.5677252574780235, 0,10, 0
0.10024612519124593, 13.182425844465545, 0.88033626681359, 0.5579910997226993, 0,10, 0
0.10024612519124593, 242.1171893865724, 0.88033626681359, 0.5598528386400272, 0,10, 0
0.09958092197166234, 12.378046468454373, 0.8933638062721464, 0.5779084659972354, 0,10, 0
0.09878267810816205, 108.60037849622655, 0.9000015148416551, 0.5802764292597493, 0,10, 0
0.10111088937670458, 7.934127735784729, 0.9116167084157132, 0.579294802267756, 0,10, 0
0.09904875939599547, 6.011312988151264, 0.8938837418790088, 0.5754085437751941, 0,10, 0
0.09904875939599547, 5.086680536901992, 0.8938837418790088, 0.5717220041174249, 0,10, 0
0.10024612519124593, 4.590505323818896, 0.88033626681359, 0.5616822346885404, 0,10, 0
0.10024612519124593, 67.96834960755059, 0.88033626681359, 0.5648789958557688, 0,10, 0
0.0996474422936207, 12.015010074279417, 0.9424463317291131, 0.5900317745685888, 0,10, 0
0.0996474422936207, 342.87232372826634, 0.9424463317291131, 0.5895583872451716, 0,10, 0
0.09878267810816205, 19.062232915143294, 0.9000015148416551, 0.5839985622031079, 0,10, 0
0.09878267810816205, 81072109.87137356, 0.9000015148416551, 0.5778940502409783, 0,10, 0
0.09904875939599547, 2.307340003959926, 0.8938837418790088, 0.5715574452130252, 0,10, 0
0.09991352358145414, 2.3055649130420357, 0.9273376082964652, 0.5958381812819084, 0,10, 0
0.09991352358145414, 2.310476016309981, 0.9273376082964652, 0.590551159361872, 0,10, 0
0.09991352358145414, 2.322886796567934, 0.9273376082964652, 0.5890560692324049, 0,10, 0
0.09991352358145414, 2.3184550157335875, 0.9273376082964652, 0.5885414954046928, 0,10, 0
0.09991352358145414, 2.3097726127181963, 0.9273376082964652, 0.5922473101190173, 0,10, 0
0.09991352358145414, 2.3081362781621086, 0.9273376082964652, 0.5895551909089499, 0,10, 0
0.09991352358145414, 2.3075622562273197, 0.9273376082964652, 0.5866954532752982, 0,10, 0
0.09991352358145414, 2.3067263985777666, 0.9273376082964652, 0.5915914159730089, 0,10, 0
0.09991352358145414, 2.3155069963697157, 0.9273376082964652, 0.5895616744024021, 0,10, 0
0.09991352358145414, 2.3122372013330064, 0.9273376082964652, 0.5868511064867269, 0,10, 0
0.09998004390341249, 19183.35589998542, 0.9272726732315302, 0.5889603252303078, 0,10, 0
0.09991352358145414, 2.3211015052268236, 0.9273376082964652, 0.5912293018414772, 0,10, 0
0.09991352358145414, 2.3297074687050334, 0.9273376082964652, 0.5962521212832204, 0,10, 0
0.09991352358145414, 2.3175238718063795, 0.9273376082964652, 0.594760948147837, 0,10, 0
0.09991352358145414, 2.3325011370020743, 0.9273376082964652, 0.5900721201264748, 0,10, 0
0.09991352358145414, 2.3201562070183623, 0.9273376082964652, 0.590994334147626, 0,10, 0
0.09991352358145414, 2.3178392576931843, 0.9273376082964652, 0.5903351804129237, 0,10, 0
0.09904875939599547, 2.324665646999331, 0.8938837418790088, 0.580270453364183, 0,10, 0
0.09991352358145414, 2.3250175836770937, 0.9273376082964652, 0.5935090326985928, 0,10, 0
0.09991352358145414, 2.331812384662566, 0.9273376082964652, 0.5899415103635451, 0,10, 0
0.09991352358145414, 2.345264979467606, 0.9273376082964652, 0.5908000892465592, 0,10, 0
0.09991352358145414, 2.3270676269951847, 0.9273376082964652, 0.5888247091904207, 0,10, 0
0.09904875939599547, 2.3146904576826275, 0.8938837418790088, 0.5706644648864301, 0,10, 0
0.09991352358145414, 2.310626700277664, 0.9273376082964652, 0.5956855304846141, 0,10, 0
0.09991352358145414, 2.310468293137158, 0.9273376082964652, 0.5919349565990853, 0,10, 0
0.0996474422936207, 2.310138102690474, 0.9424463317291131, 0.5938594261693831, 0,10, 0
0.0996474422936207, 2.307875314460165, 0.9424463317291131, 0.5907371038798168, 0,10, 0
0.09991352358145414, 2.314495727440669, 0.9273376082964652, 0.5902130895178133, 0,10, 0
0.09991352358145414, 2.32182936341528, 0.9273376082964652, 0.5910954990464188, 0,10, 0
0.09991352358145414, 2.3346698312696597, 0.9273376082964652, 0.5892379419816889, 0,10, 0
0.09991352358145414, 2.3458775407673396, 0.9273376082964652, 0.5922583265182644, 0,10, 0
0.09991352358145414, 2.328426345065707, 0.9273376082964652, 0.5925558196665609, 0,10, 0
0.09991352358145414, 2.332026218476667, 0.9273376082964652, 0.5920094380521692, 0,10, 0
0.09991352358145414, 2.317414974457393, 0.9273376082964652, 0.5884201730343236, 0,10, 0
