acuracia,loss,frr,fpr, removed, n_clf, tp_removed
0.09735442329227324, 2.303701504581052, 0.8934955595171883, 0.2609698104494049, 0,0, 0
0.09938409854423293, 2.3030647263848634, 0.9221826185818961, 0.27628729943465546, 0,0, 0
0.10050391937290033, 2.3027159189356934, 0.9236093997941961, 0.2668375684436176, 0,0, 0
0.1029535274356103, 2.3026216802044384, 0.9209915939736671, 0.24743716742537064, 0,0, 0
0.10036394176931691, 2.301811796837264, 0.9262570073012211, 0.38947939426214473, 0,0, 0
0.10036394176931691, 2.299753120287936, 0.9262570073012211, 0.38947939426214473, 0,0, 0
0.10036394176931691, 2.298944463938775, 0.9262570073012211, 0.38947939426214473, 0,0, 0
0.10036394176931691, 2.3013392531908505, 0.9262570073012211, 0.38947939426214473, 0,0, 0
0.10036394176931691, 2.304909907840401, 0.9262570073012211, 0.38947939426214473, 0,0, 0
