acuracia,loss,frr,fpr, removed, n_clf, tp_removed
0.09825051553249518, 2.3036959164792696, 0.8944041643372586, 0.3510638335706202, 0,0, 0
0.09878267810816205, 2.3222903541277438, 0.9000015148416551, 0.5146773714571306, 8,4, 8
0.09958092197166234, 2.3855688834962736, 0.8933638062721464, 0.5170841316523278, 7,7, 7
0.10117740969866294, 2.440693415702876, 0.8927635068119154, 0.46820596484911875, 8,4, 8
0.10037916583516264, 2.335074198489448, 0.8925556953918407, 0.5018940230722468, 8,5, 8
0.10170957227432981, 2.3814940872698624, 0.911141586107966, 0.5101375779590527, 8,10, 8
0.09991352358145414, 2.438511950855665, 0.9273376082964652, 0.5253487484055939, 5,6, 5
0.10543471030399787, 2.3996035442899135, 0.8864173855286053, 0.42630662106868683, 3,2, 3
0.09991352358145414, 2.3336462832683496, 0.9273376082964652, 0.5247596330508943, 8,8, 8
0.09904875939599547, 2.418398600713242, 0.8938837418790088, 0.5092195881961945, 5,9, 5
0.10310649903545534, 2.332571302409944, 0.9381949286957634, 0.4782662018107755, 6,7, 6
0.1415552451273864, 2.367791911668028, 0.8881077471506086, 0.29612694328333444, 7,7, 7
0.14421605800572074, 2.328738114366447, 0.8595790909953428, 0.32878051894989874, 2,7, 2
0.10111088937670458, 2.681741862468184, 0.9116167084157132, 0.5178531408745226, 14,7, 14
0.11847269340783609, 2.3975001898844672, 0.8941120744809526, 0.40261192769623577, 7,8, 7
0.10037916583516264, 2.4603707774594374, 0.8803470503117568, 0.4943073588188791, 7,8, 7
0.13703186323421807, 2.321220728575981, 0.8596552792725382, 0.27248361411944744, 3,5, 3
0.11068981573870817, 2.510473011362016, 0.8831478829703524, 0.4474685095905428, 5,5, 5
0.14800771635734716, 2.445768898763969, 0.8611770852499009, 0.3291037888277048, 5,8, 5
0.10011308454732921, 2.3707856217726717, 0.8928246289344824, 0.5105859344442629, 14,10, 14
0.13104503425796582, 2.40977912600832, 0.8760480897140526, 0.35385268257673097, 7,10, 7
0.17800838156056675, 2.4065779648497694, 0.8290814138420864, 0.23317231678180772, 6,8, 6
0.18891771436173752, 2.375407547521899, 0.796873191664114, 0.24911910454873212, 9,9, 9
0.14108960287367792, 2.338479195051562, 0.8457983650313481, 0.3218687223974532, 1,6, 1
0.11714228696866893, 2.313955590903049, 0.9100141859051402, 0.40886880503323186, 1,3, 1
0.11108893767045833, 2.473294968845474, 0.9018099092655482, 0.3476781881281741, 6,5, 6
0.1700924632475221, 2.325688594196289, 0.8554335337441951, 0.289539605971919, 8,6, 8
0.11062329541674981, 2.5505415200195904, 0.9019063677100815, 0.44380894077653743, 8,13, 8
0.15778620368522583, 2.4645759398721694, 0.8245474543214898, 0.31367993283895756, 8,7, 8
0.17288631676977317, 2.349312520698025, 0.818167731749311, 0.28222088320587074, 3,7, 3
0.13936007450276058, 2.32911886348463, 0.8431275931341413, 0.344009972347473, 4,8, 4
0.10909332801170758, 2.4169247569830397, 0.8728347000772323, 0.4300797923632793, 6,5, 6
0.10270737710370519, 2.3436158127170326, 0.8759230349552092, 0.438850859605389, 9,8, 9
0.10962549058737445, 2.4181292438224777, 0.9308525761910321, 0.43711410824926517, 8,10, 8
0.10111088937670458, 2.4431143882213884, 0.9116167084157132, 0.5178531408745226, 6,7, 6
0.1358344974389676, 2.4375923658760614, 0.8457159431766986, 0.3442316814091992, 8,10, 8
0.1434843344641788, 2.392731099113498, 0.8734855308360946, 0.3017352004372926, 11,11, 11
0.10097784873278787, 2.30720433370959, 0.8896953824485279, 0.5105638528230135, 0,6, 0
0.09904875939599547, 2.3683300171832253, 0.8938837418790088, 0.5092195881961945, 0,3, 0
0.09878267810816205, 2.34445495671445, 0.9000015148416551, 0.5177168515347518, 0,9, 0
0.09958092197166234, 2.383532210737457, 0.8933638062721464, 0.5170841316523278, 0,13, 0
0.09878267810816205, 2.456511798569806, 0.9000015148416551, 0.5177168515347518, 0,9, 0
0.10111088937670458, 2.355217424566966, 0.9116167084157132, 0.5178531408745226, 0,10, 0
0.0996474422936207, 2.396963925138963, 0.9424463317291131, 0.5223446976523549, 0,11, 0
0.0996474422936207, 2.3602878420460622, 0.9424463317291131, 0.5223446976523549, 0,9, 0
0.09991352358145414, 2.4541243589591306, 0.9273376082964652, 0.5253487484055939, 0,6, 0
0.09878267810816205, 2.467219630916826, 0.9000015148416551, 0.5177168515347518, 0,6, 0
0.10024612519124593, 2.4999849264123584, 0.88033626681359, 0.499330923296019, 0,7, 0
0.09904875939599547, 2.418075363007815, 0.8938837418790088, 0.5092195881961945, 0,8, 0
0.09958092197166234, 2.4059234922504595, 0.8933638062721464, 0.5170841316523278, 0,5, 0
0.10051220647907935, 2.3687444904135555, 0.8777699163158681, 0.5101320346776319, 0,7, 0
0.09878267810816205, 2.3681811075014547, 0.9000015148416551, 0.5177168515347518, 0,9, 0
0.10111088937670458, 2.403875168875085, 0.9116167084157132, 0.5178531408745226, 0,6, 0
0.09878267810816205, 2.372498508422094, 0.9000015148416551, 0.5177168515347518, 0,5, 0
0.10017960486928756, 2.355539689455443, 0.8835487229879121, 0.5102032546217147, 0,8, 0
0.09904875939599547, 2.524129096915969, 0.8938837418790088, 0.5092195881961945, 0,7, 0
0.09958092197166234, 2.4202883856696045, 0.8933638062721464, 0.5170841316523278, 0,11, 0
0.09958092197166234, 2.3475920683465494, 0.8933638062721464, 0.5170841316523278, 0,7, 0
0.09904875939599547, 2.4154516860633555, 0.8938837418790088, 0.5092195881961945, 0,11, 0
0.09904875939599547, 2.4454918983239087, 0.8938837418790088, 0.5092195881961945, 0,10, 0
0.09991352358145414, 2.428363618796468, 0.9273376082964652, 0.5253487484055939, 0,4, 0
0.09991352358145414, 2.4510015145609305, 0.9273376082964652, 0.5253487484055939, 0,10, 0
0.10051220647907935, 2.397222048348314, 0.8777699163158681, 0.5101320346776319, 0,9, 0
0.10024612519124593, 2.439223817981884, 0.88033626681359, 0.499330923296019, 0,13, 0
0.09878267810816205, 2.3676576510974767, 0.9000015148416551, 0.5177168515347518, 0,8, 0
0.09991352358145414, 2.405725475367232, 0.9273376082964652, 0.5253487484055939, 0,4, 0
0.09878267810816205, 2.346843178175662, 0.9000015148416551, 0.5177168515347518, 0,8, 0
0.10017960486928756, 2.360588019482431, 0.8835487229879121, 0.5102032546217147, 0,9, 0
0.09958092197166234, 2.3395892028076513, 0.8933638062721464, 0.5170841316523278, 0,5, 0
0.09878267810816205, 2.523833681689696, 0.9000015148416551, 0.5177168515347518, 0,7, 0
0.09878267810816205, 2.5153527915465856, 0.9000015148416551, 0.5177168515347518, 0,8, 0
0.0996474422936207, 2.4035399485068956, 0.9424463317291131, 0.5223446976523549, 0,9, 0
0.10024612519124593, 2.491089891849747, 0.88033626681359, 0.499330923296019, 0,3, 0
0.09958092197166234, 2.355219507133351, 0.8933638062721464, 0.5170841316523278, 0,8, 0
0.10024612519124593, 2.486344234407174, 0.88033626681359, 0.499330923296019, 0,5, 0
0.09958092197166234, 2.340953403181209, 0.8933638062721464, 0.5170841316523278, 0,11, 0
0.09878267810816205, 2.4371449788839668, 0.9000015148416551, 0.5177168515347518, 0,5, 0
0.09904875939599547, 2.468466721402269, 0.8938837418790088, 0.5092195881961945, 0,6, 0
0.09904875939599547, 2.407624407005843, 0.8938837418790088, 0.5092195881961945, 0,8, 0
0.10144349098649637, 2.4084812091637584, 0.9112268037940265, 0.5128767258262948, 0,8, 0
0.09991352358145414, 2.4610287634538, 0.9273376082964652, 0.5253487484055939, 0,12, 0
0.09958092197166234, 2.478968280498705, 0.8933638062721464, 0.5170841316523278, 0,8, 0
0.10051220647907935, 2.378092785006249, 0.8777699163158681, 0.5101320346776319, 0,7, 0
0.09878267810816205, 2.3466762868196978, 0.9000015148416551, 0.5177168515347518, 0,6, 0
0.09878267810816205, 2.3431672614499224, 0.9000015148416551, 0.5177168515347518, 0,5, 0
0.09878267810816205, 2.430505231184405, 0.9000015148416551, 0.5177168515347518, 0,9, 0
0.09904875939599547, 2.4741046967671667, 0.8938837418790088, 0.5092195881961945, 0,8, 0
0.10024612519124593, 2.3948979369658145, 0.88033626681359, 0.499330923296019, 0,6, 0
0.10017960486928756, 2.356672684962201, 0.8835487229879121, 0.5102032546217147, 0,7, 0
0.10111088937670458, 2.396282659575808, 0.9116167084157132, 0.5178531408745226, 0,9, 0
0.10024612519124593, 2.3484811177235008, 0.88033626681359, 0.499330923296019, 0,10, 0
0.10024612519124593, 2.4360853352883236, 0.88033626681359, 0.499330923296019, 0,10, 0
0.09991352358145414, 2.4483246907957583, 0.9273376082964652, 0.5253487484055939, 0,9, 0
0.09991352358145414, 2.410208327957536, 0.9273376082964652, 0.5253487484055939, 0,13, 0
0.09878267810816205, 2.4158717347089063, 0.9000015148416551, 0.5177168515347518, 0,5, 0
0.09991352358145414, 2.4372401971235917, 0.9273376082964652, 0.5253487484055939, 0,7, 0
0.09904875939599547, 2.383665114686786, 0.8938837418790088, 0.5092195881961945, 0,9, 0
0.09878267810816205, 2.3581725550468655, 0.9000015148416551, 0.5177168515347518, 0,12, 0
0.10051220647907935, 2.367021458350216, 0.8777699163158681, 0.5101320346776319, 0,8, 0
0.09904875939599547, 2.472405554204218, 0.8938837418790088, 0.5092195881961945, 0,10, 0
0.09904875939599547, 2.365117016130758, 0.8938837418790088, 0.5092195881961945, 0,3, 0
0.10077828776691279, 2.3037361388180155, 0.8944213325400786, 0.29326970296135924, 0,0, 0
0.10104436905474623, 2.3082820988697406, 0.8896810558009633, 0.5092659768683718, 5,2, 5
0.10057872680103772, 2.3996393460360843, 0.892112790195775, 0.472037297072963, 6,1, 6
0.09958092197166234, 2.3270865698136043, 0.8933638062721464, 0.5170841316523278, 4,4, 4
0.14308521253242865, 2.3846549429215016, 0.8300550503001953, 0.31151252746231145, 8,5, 8
0.10024612519124593, 2.619013742463901, 0.8834999425001071, 0.509261842884501, 8,8, 8
0.14601210669859643, 2.3921519709721397, 0.8348747818030945, 0.32604327266655536, 9,9, 9
0.10024612519124593, 2.834306539940769, 0.88033626681359, 0.499330923296019, 9,6, 9
0.1256568881793388, 2.530567544984586, 0.8897904860540516, 0.3492999978037333, 4,5, 4
0.1570544801436839, 2.350765866100261, 0.831009741490453, 0.3069074772212727, 7,6, 7
0.10716423867491519, 2.306288279578618, 0.9197281808015212, 0.48872194718158496, 4,6, 4
0.16803033326681302, 2.4443143599049058, 0.853452957619552, 0.2500789751252337, 9,6, 9
0.19144548659615512, 2.3155666544695443, 0.8404831007823003, 0.2416014282242932, 9,6, 9
0.14375041575201225, 2.3524241770629373, 0.8660877215661165, 0.33069358399493, 11,10, 11
0.15372846404576598, 2.255323324962853, 0.8442579284627431, 0.2695999106572414, 9,8, 9
0.12944854653096521, 2.652775873120004, 0.8535527798202713, 0.38092900653859274, 4,8, 4
0.17887314574602542, 2.17391960523581, 0.7894374838203992, 0.24400219234359252, 9,6, 9
0.1752145280383157, 2.3380369388168223, 0.8078180921340451, 0.25725727105560725, 7,11, 7
0.15106765116743165, 2.4878777867582182, 0.8358646780061281, 0.29632114341887644, 9,5, 9
0.15678839885585047, 2.2265318701194765, 0.8454925637809011, 0.27790250206167466, 8,7, 8
0.20175613649970067, 2.1715620961214963, 0.8435005585857747, 0.2494129724746431, 7,7, 7
0.1984966407237411, 2.165514401465541, 0.8282352803191719, 0.2492448937999284, 6,8, 6
0.1901816004789463, 2.206095775483905, 0.8566608112420191, 0.2626405733785448, 5,6, 5
0.20302002261690946, 2.3071573082180956, 0.783677872711646, 0.21695260160907048, 11,7, 11
0.1809352757267345, 2.1532280130918604, 0.8360776957657603, 0.2913081787421149, 8,10, 8
0.17893966606798378, 2.18226127779778, 0.7993719203352009, 0.2608803237930856, 6,10, 6
0.17355151998935675, 2.3056079656359505, 0.8168843214265797, 0.29697144174548606, 9,7, 9
0.2238408833898756, 2.1213491144337624, 0.7884631685691841, 0.23407931552497288, 6,9, 6
0.22749950109758532, 2.076486592773968, 0.7834357767393475, 0.21380184595675583, 5,8, 5
0.2211800705115413, 2.170972674056171, 0.7705605724210177, 0.2306730112827265, 4,4, 4
0.20062529102640858, 2.1577958655850598, 0.8229507785230696, 0.233596878273359, 8,7, 8
0.19623494977715691, 2.1784554459746865, 0.8494912488753228, 0.27308508978413326, 8,9, 8
0.1739506419211069, 2.254677060902067, 0.8118219820842415, 0.318152580650652, 12,6, 12
0.22091398922370784, 2.1588477564930146, 0.8039508279212636, 0.2285306135595166, 9,12, 9
0.2536419876272201, 2.090055888529223, 0.7616903027451144, 0.20217781476484123, 6,10, 6
0.18313044635136033, 2.2115076053668297, 0.8254957572047504, 0.2913519508148797, 6,6, 6
0.23461717554712966, 2.064099380144188, 0.8001647894555783, 0.2288785680880115, 6,7, 6
0.233752411361671, 2.0747860345442057, 0.8167510785132476, 0.2363062691312469, 6,1, 6
0.2458591099580922, 2.0781816313838575, 0.7447862855100716, 0.1862609541160819, 7,9, 7
0.2469899554313843, 2.022918595590016, 0.750016122106272, 0.2070903771468629, 5,6, 5
0.2233752411361671, 2.1206868172627615, 0.7730652969170849, 0.23203873910457498, 8,8, 8
0.21326415219849665, 2.1577993356356053, 0.7745427612585276, 0.24043912751130683, 10,10, 10
0.23973924033792324, 2.1280298096559673, 0.7911988151790392, 0.23882324087405704, 10,7, 10
0.24087008581121533, 2.0871109376210284, 0.8076843734955904, 0.22775730880121217, 5,7, 5
0.20255438036320095, 2.1157758672469105, 0.8161124237895083, 0.29660042302716083, 8,7, 8
0.18219916184394333, 2.2187957907162335, 0.852948353682915, 0.31520764038456306, 9,9, 9
0.21605800572074768, 2.2168584368879634, 0.8353016363908244, 0.25385987000568205, 10,11, 10
0.2409366061331737, 2.0889334806122086, 0.7524958308457923, 0.21368492985004053, 10,7, 10
0.2545067518126788, 2.175493682540201, 0.735275975672615, 0.19002087119055258, 8,4, 8
0.1878533892104038, 2.40669097543865, 0.8054714867085554, 0.26407979806139553, 8,10, 8
0.20341914454865961, 2.169313228162853, 0.7855199044486119, 0.2618461530871096, 8,11, 8
0.23494977715692145, 2.096680262591845, 0.7737916345374248, 0.21152410451022566, 10,13, 10
0.24067052484534024, 2.0631435529990467, 0.7716310621170623, 0.24080456144087806, 8,3, 8
0.2575666866227633, 1.985726240381766, 0.7431116774844706, 0.1940719552882663, 5,10, 5
0.24938468702188518, 2.0741792969985027, 0.7683770925102033, 0.20148457800686834, 11,6, 11
0.2944854653096521, 1.9092177714383556, 0.7070715493679051, 0.17850217159497028, 7,9, 7
0.22111355018958292, 2.026777599085942, 0.7726001676336387, 0.26226453252025306, 10,9, 10
0.2543071908468037, 2.100925658282537, 0.7357824895086644, 0.2065503185674529, 13,5, 13
0.2674782145945586, 2.0232013356960805, 0.7694710997533882, 0.21437133496382044, 8,11, 8
0.2761923767711036, 1.954974811194321, 0.7628857899360184, 0.1966869276150355, 6,7, 6
0.24226701257234085, 2.09813120638643, 0.7445852744154591, 0.22459163656016157, 9,5, 9
0.23109159848333666, 2.018550323336169, 0.7862760593412281, 0.24632725396351446, 9,7, 9
0.28563826248919044, 1.9495258474035955, 0.7288040964014648, 0.19937778459972708, 8,13, 8
0.2539745892370119, 1.9896465367418574, 0.7639224608435882, 0.21441383129571723, 8,8, 8
0.29395330273398523, 1.875048024310392, 0.7197250335196896, 0.19581465673713352, 4,7, 4
0.3032661478081554, 1.9010837565184924, 0.7015054729976526, 0.18013086734488667, 5,11, 5
0.24452870351892503, 2.0897345834587067, 0.7982756706539614, 0.2719718426354051, 4,3, 4
0.2751945719417282, 1.9299308460807718, 0.7759790090418356, 0.21337696995753902, 8,7, 8
0.25404110955897025, 2.010515724237606, 0.73680461665663, 0.22811542669408208, 5,9, 5
0.2915585711434843, 1.9783733003171056, 0.7092702551820707, 0.1870828448505368, 10,11, 10
0.3006718552517794, 1.8491107227797043, 0.6944939194914781, 0.1889117113320201, 8,6, 8
0.25537151599813745, 2.053034312717296, 0.7553864141005487, 0.20220645094317316, 7,9, 7
0.254174150202887, 1.9665616366873242, 0.7585510883453301, 0.23510334939718874, 9,6, 9
0.2500498902414688, 2.018140686051555, 0.7335171467942052, 0.2276039497148775, 8,2, 8
0.23714494778154727, 2.0781532593102683, 0.7512338406195377, 0.23847325383310525, 11,10, 11
0.26554912525776625, 1.9750305601225113, 0.7670550483721855, 0.23155421250736732, 7,7, 7
0.28543870152331535, 1.94911356152456, 0.7113365758509681, 0.20372811835290833, 9,11, 9
0.2789862302933546, 1.995869107123645, 0.7138123576178259, 0.1908038402296557, 6,4, 6
0.19024812080090467, 2.268574666255908, 0.8047716062235017, 0.30677693573736026, 7,6, 7
0.2680103771702255, 1.9239370026909122, 0.7257224617866429, 0.21566450738806942, 10,11, 10
0.3475021619104636, 1.7646210653743193, 0.6638826259411681, 0.16478332547414723, 7,7, 7
0.2580988491984301, 1.969181139879278, 0.730496286523129, 0.23233774653732486, 11,14, 11
0.26495044236014104, 2.040161958473422, 0.736084382858373, 0.24054329184105247, 9,10, 9
0.2514468170025943, 1.9870011115620523, 0.7365611011934109, 0.2603203530901475, 9,10, 9
0.3665269739905541, 1.7502117027051989, 0.6412736021307195, 0.1545786830325765, 7,5, 7
0.34357746291492053, 1.7859959878274752, 0.6777598827313193, 0.16366410142421675, 8,5, 8
0.3563493647309253, 1.7770039337065011, 0.6379313891409678, 0.15125312498927065, 6,8, 6
0.3455065522517129, 1.8211148860354167, 0.6485017126790141, 0.15656961428136096, 6,7, 6
0.25889709306193043, 2.2556096315661454, 0.7187425199562029, 0.22252193001213227, 8,6, 8
0.3174349763852857, 1.9027717676196343, 0.6695749054321571, 0.1838576384614462, 5,8, 5
0.30546131843278124, 1.839633038441578, 0.714310541046343, 0.20292765619505468, 8,8, 8
0.29135901017760923, 1.9008274436837573, 0.7059649922303443, 0.20635671999306726, 14,7, 14
0.3326016097917914, 1.8194707576833482, 0.6742657808744249, 0.17934229653512504, 8,10, 8
0.30040577396394597, 1.9220354969111506, 0.6860325304158463, 0.18767851144037614, 5,12, 5
0.33772367458258495, 1.8007088254004477, 0.6791873605444718, 0.18026221861879432, 5,6, 5
0.3287434311182066, 1.8025341723534285, 0.6665484484507357, 0.18505183394752017, 8,6, 8
0.287966473757733, 1.8823388696761614, 0.6959969010916244, 0.22665897209705504, 4,4, 4
0.3578128118140092, 1.8082676885359255, 0.6248367768111126, 0.15956065065288935, 8,8, 8
0.27951839286902147, 1.914388808312074, 0.7074056262996661, 0.21038367429637128, 8,6, 8
0.37577329874276594, 1.7027473493103082, 0.6301006066792584, 0.15948243359003422, 7,8, 7
0.2611587840085146, 1.950173391626083, 0.7363628799489733, 0.24086379092366214, 8,8, 8
0.10077828776691279, 2.3037361388180155, 0.8944213325400786, 0.29326970296135924, 0,0, 0
0.10111088937670458, 2.310879706670319, 0.9116167084157132, 0.5178531408745226, 6,3, 6
0.10270737710370519, 2.382286254361917, 0.8754765425167923, 0.4827868231416412, 10,6, 10
0.10051220647907935, 2.53106871237974, 0.8777699163158681, 0.5101320346776319, 9,7, 9
0.0996474422936207, 2.4679287530812393, 0.9424463317291131, 0.5223446976523549, 10,6, 10
0.13490321293155058, 2.4492485979665486, 0.9180810463533406, 0.34347083309089593, 9,4, 9
0.14707643184993016, 2.359859511078788, 0.8392562766668529, 0.3490431658857531, 3,7, 3
0.1584514069048094, 2.5376450656726437, 0.839504062266013, 0.26226289642203393, 8,6, 8
0.18233220248786003, 2.2678127072571614, 0.8163783199638596, 0.24997461352681985, 9,9, 9
0.10915984833366593, 2.526243190577285, 0.9101635850379753, 0.3627960794614581, 8,6, 8
0.15140025277722344, 2.3082621885394334, 0.8322037476138386, 0.33923108130339247, 9,6, 9
0.1723541541941063, 2.3274254648142896, 0.8252747424441884, 0.27736199512544185, 8,12, 8
0.17548060932614915, 2.3182807440355866, 0.8275435719391142, 0.25938797453265766, 5,6, 5
0.14082352158584446, 2.4748062619285607, 0.8699250652036116, 0.3084952612918733, 7,9, 7
0.11355018958291759, 2.7288411575457077, 0.8780602238130544, 0.3528549638180795, 6,5, 6
0.1597818133439766, 2.2417462214987127, 0.8162252557259024, 0.2971398909315646, 12,9, 12
0.13104503425796582, 2.4774360143915506, 0.8579948549575397, 0.33287384248335067, 3,11, 3
0.18166699926827645, 2.1783649038033026, 0.8031472304747872, 0.2641424731189333, 7,3, 7
0.1561231956362669, 2.311427796699009, 0.8262866136943667, 0.3370852708383292, 7,10, 7
0.16317434976385287, 2.2757216482979885, 0.8305912279947743, 0.3430481596157194, 11,8, 11
0.11521319763187654, 2.4124413204472246, 0.906892247750921, 0.45973878752117436, 7,6, 7
0.17960486928756736, 2.341903578384205, 0.8160528860810977, 0.26904310393615366, 8,8, 8
0.17827446284840018, 2.2402633746718803, 0.8216711269508806, 0.26270293731265965, 6,6, 6
0.22683429787800172, 2.1421193058425887, 0.7880012364792357, 0.18827446950951834, 5,3, 5
0.14880596022084747, 2.231981355043448, 0.8968435367635952, 0.3178582817640851, 10,8, 10
0.20035920973857513, 2.198154650460553, 0.7934870041295332, 0.21618144129871997, 5,8, 5
0.1723541541941063, 2.260335729002897, 0.8247747055622163, 0.25673177098977246, 9,4, 9
0.1895829175813211, 2.175910605948453, 0.8373730094200244, 0.29630884838624744, 7,11, 7
0.2092064125590368, 2.1342653635970326, 0.7762900477554324, 0.2170712885700705, 6,9, 6
0.1976983968602408, 2.211798811866036, 0.7876684295497745, 0.2345056053658148, 8,9, 8
0.2104702986762456, 2.108478420113626, 0.7903691177900264, 0.242850062303725, 4,7, 4
0.18931683629348767, 2.2761970131980727, 0.8060739923668062, 0.2571832062142877, 4,6, 4
0.18492649504423603, 2.1336759578414064, 0.800012949052899, 0.2859927306246632, 5,3, 5
0.23953967937204815, 2.112515313935551, 0.7740801723778604, 0.21387143689394641, 9,2, 9
0.19882924233353289, 2.1789472880917287, 0.7876683175906837, 0.24417566139778482, 3,8, 3
0.1545267079092663, 2.285663962142161, 0.834322772283252, 0.35065938368848326, 4,5, 4
0.18678906405907006, 2.3067344802031613, 0.7960805126640657, 0.26881631577551085, 9,4, 9
0.2039513071243265, 2.1961260009238575, 0.8036945376085778, 0.2506172657368016, 7,6, 7
0.20195569746557573, 2.3372058387027246, 0.7997374225833143, 0.2556373593004818, 8,7, 8
0.2021552584314508, 2.3422547689710465, 0.7937355173504875, 0.2565452941818836, 8,7, 8
0.21233286769107962, 2.0985681432922116, 0.7804384688125083, 0.2620369571296223, 9,11, 9
0.21692276990620635, 2.1518438465143404, 0.8163915931964045, 0.23318464471537503, 8,6, 8
0.23781015100113084, 2.189722764498379, 0.7646524392169404, 0.19554663767947364, 11,7, 11
0.24672387414355085, 2.0515530887640048, 0.7750889287094741, 0.20892285478387282, 9,9, 9
0.2265682165901683, 2.1118206144556795, 0.7676829965291444, 0.23253719584834148, 9,12, 9
0.19889576265549125, 2.1408508939632975, 0.791943264669223, 0.26155889240294283, 9,9, 9
0.2520454999002195, 2.0080257697705064, 0.7462764144463896, 0.19479497311799998, 3,5, 3
0.22749950109758532, 2.0939443665081128, 0.763863315289716, 0.2164235539911403, 6,12, 6
0.2530433047295949, 2.030655573158693, 0.7817501215450506, 0.21423724210971964, 6,4, 6
0.24865296348034324, 2.0308059317927825, 0.7634493585944142, 0.20523477832291434, 6,8, 6
0.2781879864298543, 2.03494701427209, 0.7112312457971792, 0.17938918831814576, 6,5, 6
0.1940397791525311, 2.1952199448307206, 0.8028206893916096, 0.25581778758522916, 4,5, 4
0.22111355018958292, 2.2029307546003736, 0.8223447986317403, 0.268329183353374, 8,8, 8
0.2443956628750083, 2.0524459549951386, 0.8056619159495009, 0.23662355629552045, 10,4, 10
0.2658152065455997, 1.9790651233187695, 0.7304927656219791, 0.19255170984779948, 7,8, 7
0.2482538415485931, 2.05039569600918, 0.7472037994149836, 0.20316852753069412, 4,9, 4
0.2648839220381827, 2.036770338168173, 0.7415994508711659, 0.20010373371778975, 4,8, 4
0.2729994013171024, 1.935843019680389, 0.7398389980464884, 0.20189115591925408, 5,7, 5
0.21512672121333068, 2.0818483772760286, 0.782795442932596, 0.2380613571071488, 8,6, 8
0.21200026608128783, 2.1381580196858754, 0.7829681394562311, 0.2527766133403262, 8,4, 8
0.2538415485930952, 1.9678455997566449, 0.7406516879904828, 0.21561973543983468, 12,9, 12
0.30226834297878, 1.8951429607014467, 0.7192581202278209, 0.18293977807239636, 5,5, 5
0.27592629548327013, 2.0351212972066746, 0.6982680452845753, 0.17462043387047757, 9,7, 9
0.2797844741568549, 1.9159901338264962, 0.734355702523669, 0.19306996431180581, 8,10, 8
0.267544734916517, 1.9879082435144682, 0.7148495030472907, 0.19580639194962948, 8,11, 8
0.22670125723408502, 2.1878996874919268, 0.7517920536462812, 0.24154268942511326, 5,6, 5
0.2688751413556842, 2.0023794227403564, 0.7362869356066443, 0.20026586709588648, 8,8, 8
0.22729994013171023, 2.0175779882538687, 0.7649697479885238, 0.24558576459392184, 5,10, 5
0.29328809951440166, 1.8643735235365282, 0.7171749516680863, 0.19670539729215036, 7,7, 7
0.16956030067185526, 2.3085019968587357, 0.8533353180470956, 0.3661478136461492, 8,5, 8
0.22902946850262756, 2.143385697793304, 0.7869531495363153, 0.2448832504731329, 8,6, 8
0.23767711035721412, 2.078631073690449, 0.7563655424214288, 0.23297364070799184, 10,10, 10
0.2674782145945586, 1.993643239900784, 0.7218965299082295, 0.20406372389967553, 6,5, 6
0.29029468502627553, 1.9243934272645293, 0.7390268951320581, 0.19935098060080297, 13,7, 13
0.22557041176079293, 2.151645142484677, 0.7623802807485935, 0.24736495957703977, 8,7, 8
0.264019157852724, 2.0482045682550454, 0.7126568931760776, 0.1984643080427184, 8,6, 8
0.3031331071642387, 1.8597790170776893, 0.7089203226481494, 0.20051040721559182, 5,5, 5
0.2918246524313178, 1.8737583444804113, 0.7117495659106773, 0.19615673773423759, 4,9, 4
0.28098183995210535, 1.9204062869121696, 0.7686782207342446, 0.22396597648889657, 10,9, 10
0.27845406771768777, 1.9655958748161932, 0.7215745162614424, 0.20607051118709255, 6,9, 6
0.26634736912126655, 1.9734525766461812, 0.7377023261058655, 0.2188331149487004, 13,9, 13
0.26149138561830637, 2.1036931687959424, 0.7188296278097264, 0.21458367750790927, 11,7, 11
0.35654892569680036, 1.820250328442123, 0.6478660372563405, 0.1538381115998316, 5,9, 5
0.29900884720282045, 1.8765934646379399, 0.7029591831387941, 0.19105499787369168, 4,7, 4
0.2899620834164837, 1.8598438075010166, 0.6969453757049376, 0.19880454437107192, 9,11, 9
0.20634603871482737, 2.2044247981159146, 0.7780660861691375, 0.29444669108561333, 8,6, 8
0.3085212532428657, 1.8847740491944969, 0.6775395477023588, 0.18213674020236156, 7,9, 7
0.27625889709306195, 2.011782631966943, 0.7127937630928397, 0.20745192578314256, 8,12, 8
0.2915585711434843, 1.923135171193194, 0.7354026959031923, 0.20582346566653748, 7,6, 7
0.3124459522384088, 1.8381859606463602, 0.7201324971979431, 0.1922963191522448, 8,5, 8
0.27426328743431116, 1.9706754807816733, 0.7098926373509401, 0.20866234703549175, 10,7, 10
0.33286769107962483, 1.806488521705882, 0.6949757192375237, 0.17460574614606209, 10,5, 10
0.32209139892237076, 1.894382037808698, 0.6695736603528217, 0.1755411258768252, 10,8, 10
0.3151067651167432, 1.8597766187252387, 0.7044045998756715, 0.18662530917262568, 2,8, 2
0.3584114947116344, 1.749684367909495, 0.6628066760147163, 0.16524329888407532, 7,8, 7
0.2529102640856782, 1.9946221597797498, 0.7377469360923011, 0.26106807849133523, 7,8, 7
0.3145746025410763, 1.8778697712699912, 0.6845901514574515, 0.17999202050411595, 7,11, 7
0.23681234617175548, 2.2248787392020772, 0.7342881389124049, 0.25624939183973405, 9,7, 9
0.34876604802767247, 1.766777288498996, 0.6599437512150075, 0.1697070561041598, 5,9, 5
0.36346703918046963, 1.7604455690314762, 0.6212532994773683, 0.15850645646787873, 9,5, 9
0.28297744961085614, 1.9883418939018935, 0.7011711200612203, 0.2115997990164395, 9,6, 9
0.10077828776691279, 2.3037361388180155, 0.8944213325400786, 0.29326970296135924, 0,0, 0
0.09971396261557906, 2.317490077507216, 0.8986315591405385, 0.5098595721690274, 3,1, 3
0.12765249783808955, 2.3685259195983206, 0.8756996811061839, 0.3591084339513803, 10,4, 10
0.09878267810816205, 2.5284593355978413, 0.9000015148416551, 0.5177168515347518, 7,7, 7
0.11527971795383489, 2.5634176324070914, 0.8733499746333102, 0.32931659339663466, 9,7, 9
0.12000266081287833, 2.54036126762127, 0.8728105027732727, 0.33830078898687743, 6,6, 6
0.1028404177476219, 2.5641083441704944, 0.9225656016426987, 0.4499362119288656, 5,5, 5
0.13763054613184328, 2.567928363247117, 0.8677569171938925, 0.3689021179850379, 7,2, 7
0.09904875939599547, 2.9593403332962818, 0.8938837418790088, 0.5092195881961945, 9,8, 9
0.10689815738708175, 2.513556434263974, 0.9352072825692417, 0.43946732380111714, 12,11, 12
0.10031264551320429, 2.541747483404336, 0.8922819932755677, 0.5104433956334978, 8,7, 8
0.1562562362801836, 2.3966525947310955, 0.837482420482515, 0.26140795086035257, 7,5, 7
0.10017960486928756, 2.7563034508158997, 0.9270939245112259, 0.5193408091725226, 6,10, 6
0.16191046364664405, 2.1924555709418647, 0.8806033627765243, 0.31615742648354694, 10,10, 10
0.14547994412292956, 2.2759072680058754, 0.8997061564461197, 0.31034542982192337, 8,8, 8
0.16663340650568748, 2.3171781074625684, 0.8208270733606596, 0.27986012135979654, 9,11, 9
0.13084547329209073, 2.4080183675076157, 0.8510329116543077, 0.3270768576729818, 8,4, 8
0.11168762056808355, 2.4694778316908947, 0.8769964871473286, 0.4390842838549018, 8,11, 8
0.18971595822523782, 2.2588861747819857, 0.7973423591509838, 0.23140849838322924, 9,9, 9
0.20674516064657752, 2.260418637699847, 0.7834318324899783, 0.2091450901410919, 3,5, 3
0.17747621898489988, 2.254123953996459, 0.8205130747225495, 0.25140866092773867, 6,8, 6
0.13177675779950776, 2.3799572040686896, 0.8785302260138386, 0.36474822803501555, 7,6, 7
0.15665535821193374, 2.317677194753553, 0.835581300118238, 0.33241231945443617, 9,9, 9
0.1495376837623894, 2.228972164233161, 0.8446130642185768, 0.32557752162001125, 5,5, 5
0.1845938934344442, 2.2615701109398896, 0.8175995347565997, 0.25050656312161, 8,11, 8
0.22696733852191844, 2.0901006658277232, 0.792188541140793, 0.20802926407090386, 8,8, 8
0.21945054214062396, 2.2364483935774455, 0.7756109689155645, 0.20234414830730443, 6,5, 6
0.18778686888844542, 2.362009624541024, 0.7903505520569324, 0.24246184663556952, 10,8, 10
0.16031397591964344, 2.3433692300659863, 0.8246238079062921, 0.3485094313780443, 8,4, 8
0.21319763187653828, 2.160469173274893, 0.7779653041935057, 0.2321613879623186, 3,4, 3
0.187520787600612, 2.1803546691578415, 0.7966709941974363, 0.2830192595308262, 7,7, 7
0.16576864232022884, 2.232858411869127, 0.8400736892949187, 0.3144070379798746, 11,9, 11
0.2016896161777423, 2.2642651844316477, 0.8373615800472788, 0.24903507351962817, 11,12, 11
0.16004789463181002, 2.4042977946632313, 0.8439073490361877, 0.34826489682540235, 7,10, 7
0.20481607130978513, 2.2003870343587866, 0.7982187265148046, 0.2525574379648455, 8,7, 8
0.16124526042706047, 2.29577947275483, 0.834260634733202, 0.3147697108435498, 6,6, 6
0.23162376105900354, 2.1149375346228245, 0.7812152936291653, 0.2202247090098081, 3,10, 3
0.19297545400119737, 2.201373917886948, 0.8016904824418778, 0.27159683941325763, 9,7, 9
0.1956362668795317, 2.3407200190515516, 0.8096429024457206, 0.25003313804056565, 9,4, 9
0.20960553449078695, 2.1709496969552777, 0.7848129484315585, 0.263081475752297, 8,8, 8
0.22716689948779353, 2.1026043803171826, 0.7620079994698892, 0.21713181021239997, 7,11, 7
0.20747688418811946, 2.1467937370866927, 0.8261349315334978, 0.2354040491455003, 7,6, 7
0.19497106365994812, 2.27868099265142, 0.7952548663856873, 0.24147129019004962, 8,8, 8
0.23847535422071442, 2.1355540029050855, 0.7505976951695845, 0.20841716779896033, 8,5, 8
0.21080290028603738, 2.0854141087238003, 0.788244524775115, 0.2552343451325808, 7,7, 7
0.21625756668662277, 2.1089655740614908, 0.7780204035231187, 0.23197149924174962, 6,6, 6
0.26375307656489055, 2.0783063280743406, 0.7612589319737072, 0.19875607584419552, 7,9, 7
0.21758797312578992, 2.149267993235488, 0.7723483405633559, 0.23412004812413442, 6,8, 6
0.30040577396394597, 1.9437422722009083, 0.7330870451439425, 0.16702426041277899, 6,9, 6
0.24559302867025876, 2.093274597211139, 0.7373242856819756, 0.21025209912929124, 5,2, 5
0.234683695869088, 2.061083934069679, 0.7500536990288132, 0.20804303710114483, 6,5, 6
0.2700725071509346, 1.9911656400713784, 0.7506295740310527, 0.19410555939403681, 10,7, 10
0.25344242666134503, 2.090814673967215, 0.7752291399338854, 0.21436356375965265, 11,8, 11
0.24858644315838488, 2.1059705255702927, 0.785019134381707, 0.20888584896329251, 8,15, 8
0.20268742100711767, 2.1849780940176093, 0.8057630591106644, 0.25555877817617295, 8,4, 8
0.2287633872147941, 2.0804083815914645, 0.7631970684103888, 0.24834512339738846, 11,11, 11
0.21279850994478813, 2.0891803240638085, 0.790688025908283, 0.2541172690818536, 8,13, 8
0.23129115944921175, 2.176058198923853, 0.74937012743016, 0.21021540791356524, 13,10, 13
0.2733985232488525, 2.000648099109099, 0.756797847218968, 0.1947470679754854, 7,6, 7
0.2538415485930952, 2.025459881473712, 0.7365461992839437, 0.2085632422974799, 9,6, 9
0.30186922104702985, 1.9159720074783135, 0.7261743871790755, 0.17776132366092706, 4,6, 4
0.2806492383423136, 1.9728645273511982, 0.7069882626129153, 0.19117277540861877, 12,7, 12
0.26654693008714164, 1.980498724241326, 0.7724645676210496, 0.21828600563778824, 10,8, 10
0.23494977715692145, 2.059805903488359, 0.752475235712774, 0.23041990047489663, 5,10, 5
0.24220049225038248, 2.0387596093965197, 0.7778151857404118, 0.22600657100494184, 10,8, 10
0.25517195503226237, 1.952060786492888, 0.7415973731548252, 0.23152809667127902, 4,6, 4
0.23634670391804696, 1.988971954245914, 0.7837803006480918, 0.23855206541424623, 6,8, 6
0.2885651566553582, 1.919540511029753, 0.7260756081871803, 0.17699177130197882, 4,6, 4
0.30546131843278124, 1.8925852431735855, 0.7056679709945262, 0.1812616177001564, 10,8, 10
0.26741169427260025, 2.0475337639989264, 0.7157730773118418, 0.20664917881808795, 11,8, 11
0.28756735182598286, 1.9221488343085753, 0.7003881554847942, 0.17750624205345786, 8,5, 8
0.25630280050555443, 1.997570578993925, 0.729570140217173, 0.21289134675584934, 7,9, 7
0.26089270272068116, 1.9522019019346073, 0.7528429182768719, 0.2140332136729951, 7,12, 7
0.2743963280782279, 1.9911104248231863, 0.7465275162817132, 0.20184563035801567, 11,6, 11
0.2820461651034391, 1.9302140558534362, 0.7070218649878836, 0.20614445980366208, 6,12, 6
0.26455132042839086, 1.9984129392592436, 0.7283136034137065, 0.22532810396934508, 8,9, 8
0.24000532162575666, 2.061165455175415, 0.7496551416057994, 0.23750409576004525, 5,7, 5
0.2227100379165835, 2.1875804388133746, 0.7690061115561752, 0.26038964842433626, 9,8, 9
0.2861704250648573, 1.8713876225115225, 0.748205321702847, 0.2064020046565571, 8,4, 8
0.23302068782012905, 1.9622683362246178, 0.7680171076854329, 0.24437875578979462, 7,9, 7
0.295217188851194, 1.9493139186602806, 0.6805540680410042, 0.1882341764676262, 13,7, 13
0.29754540011973657, 1.999363954061838, 0.6756193835562572, 0.18349684176523137, 5,9, 5
0.2144615179937471, 2.1184869141173617, 0.7759253472481525, 0.26459169865955073, 10,7, 10
0.26967338521918444, 2.1097126066910725, 0.713546864724075, 0.19543337496247737, 11,6, 11
0.28823255504556644, 1.9207574734944415, 0.7049415085784047, 0.19537185687373493, 7,10, 7
0.2849065389476485, 1.8645204877885906, 0.6999001425177711, 0.21757398045522905, 6,7, 6
0.26714561298476686, 1.9440111005479908, 0.7757132299163406, 0.24269729082808156, 6,9, 6
0.312845074170159, 1.818590068051116, 0.6878200432674757, 0.192697768068256, 9,5, 9
0.2699394665070179, 1.9200581805931074, 0.7102505837303625, 0.20977304344892506, 10,10, 10
0.2751945719417282, 1.9201151108040762, 0.7135592637054029, 0.2053780803021386, 4,8, 4
0.33506286170425065, 1.787079100570604, 0.6827078284633673, 0.1750527631599676, 5,10, 5
0.3059934810084481, 1.8906246644686313, 0.6886859410513825, 0.18245560198391536, 7,4, 7
0.2891638395529834, 1.9229834566000241, 0.7425958506086485, 0.21165380652707683, 6,5, 6
0.2699394665070179, 1.922412419413518, 0.7222974796637606, 0.2213298573089656, 7,7, 7
0.36546264883922036, 1.7477508562613349, 0.6365285645534572, 0.15785404038672818, 7,9, 7
0.31929754540011973, 1.8248740535038386, 0.7091040575881218, 0.1877895834811999, 8,9, 8
0.2654826049358079, 2.0051431083725983, 0.7231460313214673, 0.24306610445016305, 7,8, 7
0.2664138894432249, 2.0882329363444048, 0.7133922349005476, 0.21087401403681708, 8,5, 8
0.26574868622364134, 2.0454130827516233, 0.7266569624355759, 0.24541273845400643, 8,9, 8
0.3081886516330739, 1.8558294014771177, 0.709384429520367, 0.1974930929035761, 10,9, 10
0.2992749284906539, 1.949368665066576, 0.681441511548319, 0.19217763040921326, 10,8, 10
0.10077828776691279, 2.3037361388180155, 0.8944213325400786, 0.29326970296135924, 0,0, 0
0.09991352358145414, 2.3504810600408272, 0.9273376082964652, 0.5253014685789023, 4,1, 4
0.15093461052351492, 2.3539581032544086, 0.8303031730498422, 0.3233789008152762, 9,3, 9
0.1189383356615446, 2.4562412296505274, 0.8607861054239718, 0.34401382056896584, 7,5, 7
0.13936007450276058, 2.615895019703296, 0.8512797641515694, 0.39111358792193185, 12,9, 12
0.15412758597751613, 2.3628498007895455, 0.8269607311684307, 0.32726997418645676, 6,7, 6
0.13969267611255237, 2.3448750026083465, 0.83615941353869, 0.3580487237648504, 6,8, 6
0.14474822058138762, 2.521532679257545, 0.8357467444622395, 0.3297061680208935, 10,6, 10
0.1599148539878933, 2.2595026061728847, 0.8189099371931998, 0.2855674190183118, 9,9, 9
0.14554646444488792, 2.3948228896627692, 0.836759372234447, 0.2991341219437747, 10,12, 10
0.16922769906206345, 2.447776170569266, 0.8233373107094546, 0.26134402784114713, 4,6, 4
0.16809685358877138, 2.403225554183184, 0.857484911003989, 0.217840539961106, 6,6, 6
0.14707643184993016, 2.316135121749434, 0.8344222167568083, 0.32450716830916065, 5,2, 5
0.1531963014700991, 2.5939688240626153, 0.842447528981669, 0.2928754593628219, 11,10, 11
0.21153462382757932, 2.18025953244094, 0.7909379871385431, 0.2235901620322205, 3,8, 3
0.15565755338255838, 2.399491628054682, 0.8376812743821777, 0.31721631592708016, 5,7, 5
0.16550256103239538, 2.2727400243524176, 0.8539583301903629, 0.26234158738288804, 6,4, 6
0.2410696467770904, 2.202289480724663, 0.7910172185151423, 0.19924836440588276, 12,9, 12
0.1948380230160314, 2.2697558003509783, 0.7873264097644479, 0.22676745253434955, 7,3, 7
0.17827446284840018, 2.3593000868381333, 0.8044079075058499, 0.2681877405830939, 9,11, 9
0.18991551919111288, 2.2934127699581044, 0.8154577954560146, 0.24831090724896387, 7,7, 7
0.22151267212133308, 2.206385638755389, 0.7613189896822193, 0.21349210199516175, 4,9, 4
0.23907403711833966, 2.218263620333639, 0.7938092175882374, 0.20587472119632177, 11,8, 11
0.2165236479744562, 2.134627211611721, 0.8132550389963371, 0.22872128845677275, 3,5, 3
0.13417148939000864, 2.3333217274490043, 0.8975613936440794, 0.4000661786248013, 7,5, 7
0.2029535022949511, 2.136193036343185, 0.8057977446294664, 0.2265112632152531, 10,5, 10
0.12306259562296282, 2.6224744089752154, 0.8704719561916942, 0.42657324525903495, 12,8, 12
0.20142353488990886, 2.3537782102789557, 0.7861854572279435, 0.23674808475472187, 8,11, 8
0.1924432914255305, 2.1928746921727655, 0.8011533444413922, 0.30144773366128763, 8,9, 8
0.1996274861970332, 2.305276038922974, 0.7833202227935636, 0.22823203380209456, 11,9, 11
0.2445952238408834, 2.108832511749285, 0.7505118279475975, 0.18707625965800517, 6,13, 6
0.2173218918379565, 2.1943331475759993, 0.7951914492609948, 0.226390436951354, 10,7, 10
0.25177941861238606, 2.0569759682172757, 0.7978527876274026, 0.20189383257081053, 6,4, 6
0.25244462183196964, 2.0776957756093357, 0.7375008992399659, 0.19493127067882138, 6,11, 6
0.2085412093394532, 2.089182486475755, 0.7798573998552217, 0.2696576525199544, 8,5, 8
0.22550389143883456, 2.0475077272603386, 0.7636479373711664, 0.22127047526310778, 6,7, 6
0.25324286569546994, 2.015610046787334, 0.7926292997982606, 0.2119329505038526, 6,8, 6
0.19137896627419676, 2.120200529780794, 0.8017690795869803, 0.28824293776443966, 8,7, 8
0.2804496773764385, 2.0091262279430375, 0.7042788114017552, 0.17003459845158247, 9,8, 9
0.24067052484534024, 2.078715250075462, 0.7914647198312886, 0.22062831251963344, 6,8, 6
0.24432914255304997, 2.1617933808785827, 0.7833755410962857, 0.23495560505872262, 4,5, 4
0.22743298077562696, 2.071634115660047, 0.7703122458889915, 0.24348175602574693, 7,6, 7
0.26920774296547595, 1.9986613871673302, 0.7214895889830018, 0.18382431150650613, 7,10, 7
0.3105833832235748, 1.9264876523104635, 0.6951671353272733, 0.15654992822378852, 5,1, 5
0.2353488990886716, 2.0071535955636013, 0.7569772661662745, 0.24295939760394564, 8,8, 8
0.2144615179937471, 2.1870030292587304, 0.7783525135981404, 0.22622624093508545, 10,12, 10
0.2737311248586443, 2.01361679273523, 0.7194138176260172, 0.19282533674684008, 9,10, 9
0.22729994013171023, 2.0888819120914044, 0.7598381435977298, 0.22566745996722667, 3,5, 3
0.1998935674848666, 2.260228135626941, 0.7930112554372709, 0.23428104122634177, 8,6, 8
0.17767577995077496, 2.242769857965321, 0.8474382808293623, 0.3406592328715989, 10,10, 10
0.25949577595955564, 2.0241438100130695, 0.7574429601846023, 0.20941025044782943, 6,4, 6
0.22503824918512605, 2.057191772612556, 0.7648670482515988, 0.24195516430624667, 8,10, 8
0.2892303598749418, 1.9996424063486087, 0.7281837666038861, 0.1748577617110555, 8,8, 8
0.2561032395396794, 1.9746827513746719, 0.7454124400070916, 0.22528620789270762, 6,7, 6
0.2782545067518127, 1.9294206949080615, 0.7460177318888006, 0.19865594294936886, 8,5, 8
0.24479478480675845, 2.029085026262827, 0.7587260347613001, 0.22184143676733398, 10,5, 10
0.2366127852058804, 2.023609251372711, 0.7474426075946726, 0.24204272320722586, 4,8, 4
0.28038315705448014, 1.9182164183334145, 0.7081048005301988, 0.20139819095699182, 8,8, 8
0.2877669127918579, 1.9475616271256497, 0.7388572310587331, 0.19276933238617464, 6,7, 6
0.10197565356216325, 2.3024433319863467, 0.8905083332123505, 0.48983186834821246, 14,11, 0
0.10051220647907935, 2.3119560713492997, 0.8777699163158681, 0.5101320346776319, 10,10, 0
0.10051220647907935, 2.399388277220613, 0.8777699163158681, 0.5101320346776319, 3,5, 3
0.09991352358145414, 2.347528724203184, 0.9273376082964652, 0.5253487484055939, 0,5, 0
0.10024612519124593, 2.424881471485655, 0.88033626681359, 0.499330923296019, 0,6, 0
0.0996474422936207, 2.44533804426775, 0.9424463317291131, 0.5223446976523549, 0,10, 0
0.09878267810816205, 2.381736633671834, 0.9000015148416551, 0.5177168515347518, 0,5, 0
0.09958092197166234, 2.4128444229209207, 0.8933638062721464, 0.5170841316523278, 0,9, 0
0.09991352358145414, 2.363256145957336, 0.9273376082964652, 0.5253487484055939, 0,9, 0
0.09878267810816205, 2.3726158861564257, 0.9000015148416551, 0.5177168515347518, 0,5, 0
0.0996474422936207, 2.3915421384890574, 0.9424463317291131, 0.5223446976523549, 0,7, 0
0.10024612519124593, 2.4644812058285943, 0.88033626681359, 0.499330923296019, 0,8, 0
0.0996474422936207, 2.4757437419250627, 0.9424463317291131, 0.5223446976523549, 0,8, 0
0.10017960486928756, 2.397181775425117, 0.8835487229879121, 0.5102032546217147, 0,7, 0
0.10024612519124593, 2.415674641160426, 0.88033626681359, 0.499330923296019, 0,7, 0
0.09878267810816205, 2.4846036661046313, 0.9000015148416551, 0.5177168515347518, 0,6, 0
0.09878267810816205, 2.4223556495478853, 0.9000015148416551, 0.5177168515347518, 0,8, 0
0.09878267810816205, 2.404032107314005, 0.9000015148416551, 0.5177168515347518, 0,11, 0
0.09904875939599547, 2.351058961380379, 0.8938837418790088, 0.5092195881961945, 0,6, 0
0.10111088937670458, 2.387651992194676, 0.9116167084157132, 0.5178531408745226, 0,11, 0
0.10097784873278787, 2.3531793726186017, 0.8896953824485279, 0.5105638528230135, 0,8, 0
0.10111088937670458, 2.3445038487476193, 0.9116167084157132, 0.5178531408745226, 0,6, 0
0.10111088937670458, 2.4261284325481736, 0.9116167084157132, 0.5178531408745226, 0,10, 0
0.09991352358145414, 2.4610497117446966, 0.9273376082964652, 0.5253487484055939, 0,8, 0
0.09904875939599547, 2.4914683686404664, 0.8938837418790088, 0.5092195881961945, 0,8, 0
0.10097784873278787, 2.3983453277627094, 0.8896953824485279, 0.5105638528230135, 0,4, 0
0.09904875939599547, 2.440162232954139, 0.8938837418790088, 0.5092195881961945, 0,8, 0
0.09878267810816205, 2.392812737231958, 0.9000015148416551, 0.5177168515347518, 0,8, 0
0.10051220647907935, 2.3420371720234665, 0.8777699163158681, 0.5101320346776319, 0,7, 0
0.10051220647907935, 2.396340496651246, 0.8777699163158681, 0.5101320346776319, 0,4, 0
0.09991352358145414, 2.3903369218346953, 0.9273376082964652, 0.5253487484055939, 0,5, 0
0.09878267810816205, 2.397410777255398, 0.9000015148416551, 0.5177168515347518, 0,8, 0
0.10111088937670458, 2.462452173891209, 0.9116167084157132, 0.5178531408745226, 0,9, 0
0.09904875939599547, 2.3999706256780557, 0.8938837418790088, 0.5092195881961945, 0,6, 0
0.09904875939599547, 2.44377905171225, 0.8938837418790088, 0.5092195881961945, 0,6, 0
0.09904875939599547, 2.4968604378093464, 0.8938837418790088, 0.5092195881961945, 0,9, 0
0.09904875939599547, 2.423100779737405, 0.8938837418790088, 0.5092195881961945, 0,7, 0
0.0996474422936207, 2.480725138279236, 0.9424463317291131, 0.5223446976523549, 0,5, 0
0.10097784873278787, 2.3363913456646497, 0.8896953824485279, 0.5105638528230135, 0,7, 0
0.09904875939599547, 2.3867409130393455, 0.8938837418790088, 0.5092195881961945, 0,7, 0
0.09991352358145414, 2.5153763871988137, 0.9273376082964652, 0.5253487484055939, 0,9, 0
0.09878267810816205, 2.3590205898305845, 0.9000015148416551, 0.5177168515347518, 0,7, 0
0.10077828776691279, 2.3037361388180155, 0.8944213325400786, 0.29326970296135924, 0,0, 0
0.09991352358145414, 2.312141400345276, 0.9273376082964652, 0.5252195358156481, 7,1, 7
0.10822856382624892, 2.4064032000584383, 0.9040889544636083, 0.45801648819645224, 10,7, 10
0.10057872680103772, 2.4436083369203363, 0.8977989705381856, 0.5110747952136127, 6,5, 6
0.09878267810816205, 2.4793697499883143, 0.9000015148416551, 0.5164542752917096, 10,7, 10
0.1132175879731258, 2.5347463380296826, 0.8743145319000735, 0.33555959510336414, 6,7, 6
0.14009179804430252, 2.87051003922771, 0.8540944129928806, 0.3466997341078864, 9,7, 9
0.11168762056808355, 2.514637009402691, 0.8701379548056031, 0.4312366853753184, 8,7, 8
0.10782944189449876, 2.392709119681675, 0.8729639767422421, 0.38808302773520464, 10,10, 10
0.1543271469433912, 2.2929564130716216, 0.8602885929115145, 0.3283636064167922, 5,6, 5
0.20029268941661676, 2.2496866754831166, 0.80817744509531, 0.20836685614538097, 8,9, 8
0.19517062462582319, 2.346708435542187, 0.7884879331537029, 0.21076640342471475, 10,9, 10
0.1634404310516863, 2.382379519664257, 0.8822105153127707, 0.2931562388201541, 9,4, 9
0.1514667730991818, 2.417935805486315, 0.8366856272217188, 0.29895748435233654, 9,11, 9
0.14634470830838822, 2.3138020595834616, 0.8449301177700969, 0.3060059780344636, 11,8, 11
0.12425996141821326, 2.4230023905885663, 0.8619292768788658, 0.3868606554605936, 5,10, 5
0.1462116676644715, 2.314768299683438, 0.8474212677435535, 0.33101940913954025, 8,7, 8
0.12106698596421207, 2.2739717417560095, 0.876049420396513, 0.4402253004256482, 6,7, 6
0.1800039912193175, 2.422219013601595, 0.7955188733686127, 0.25733836903701507, 12,7, 12
0.15918313044635135, 2.229574983168971, 0.8231970865800669, 0.2833617924974504, 13,7, 13
0.18931683629348767, 2.2271053877957194, 0.8226919569062945, 0.24668625000453648, 7,11, 7
0.1996274861970332, 2.223475143064609, 0.8143562205365327, 0.22484836185433696, 8,10, 8
0.18273132441961018, 2.287859711815622, 0.8136678932617172, 0.23981581887889272, 7,8, 7
0.17627885318964945, 2.3470144197865177, 0.826967120447669, 0.24141472306897171, 2,7, 2
0.16896161777423002, 2.322521390723332, 0.8251523646624618, 0.2767052821700777, 8,10, 8
0.1983636000798244, 2.228617913405957, 0.7872436547428123, 0.2212581339750451, 10,10, 10
0.15599015499235017, 2.4239237238323112, 0.8389811312254289, 0.2866982268696254, 4,5, 4
0.17368456063327348, 2.1916268819076117, 0.8246255220028874, 0.2698094143158071, 10,8, 10
0.22936207011241935, 2.20723167432724, 0.7549021304851794, 0.20445464629047677, 5,8, 5
0.19889576265549125, 2.129727723878721, 0.7844723145179434, 0.2325625625624635, 8,7, 8
0.18565821858577797, 2.2368097728592726, 0.8016500763125998, 0.2732764360676541, 5,5, 5
0.21193374575932947, 2.1776621521950594, 0.7825536789555759, 0.21122517820411563, 5,7, 5
0.17228763387214793, 2.307117135734256, 0.8100246588189038, 0.31911611677053253, 7,7, 7
0.20321958358278455, 2.303572065255476, 0.7878355506121335, 0.23298130039502277, 11,6, 11
0.18279784474156854, 2.196229510326978, 0.8252956485720837, 0.26888207415407384, 7,9, 7
0.2306924765515865, 2.1718522278220402, 0.7764191544338349, 0.21914386274889108, 10,9, 10
0.1739506419211069, 2.3289092686975152, 0.8113614327607386, 0.30060067325332585, 10,9, 10
0.18333000731723542, 2.3945130836874045, 0.8033650591115641, 0.28308029748515684, 2,5, 2
0.16417215459322823, 2.452908842143982, 0.8225004066319507, 0.31275524400992205, 13,7, 13
0.27685757999068716, 2.041353297576151, 0.7209789160262748, 0.1713027820342571, 7,8, 7
0.16650036586177078, 2.4451671999260345, 0.8313272636161696, 0.3352580150093207, 8,8, 8
0.20055877070445022, 2.181221319334891, 0.8104072021603455, 0.2516799986595057, 7,8, 7
0.2582984101643052, 2.0089338126197145, 0.7160894230471243, 0.1767649237516251, 10,10, 10
0.2829109292888978, 1.957242419219244, 0.7151948234498609, 0.17891796383306346, 5,13, 5
0.19417281979644782, 2.4517345424660473, 0.7834917025522711, 0.2643007942961632, 12,11, 12
0.2680768974921839, 2.0376057954698252, 0.7603271925177719, 0.17950139868987428, 10,8, 10
0.2749950109758531, 2.0681577520020618, 0.7265184536018207, 0.1846787352593484, 9,9, 9
0.24818732122663473, 2.0512465857574504, 0.7414396146116731, 0.2038751601311382, 7,8, 7
0.22490520854120935, 2.1129842143505067, 0.7753299965008309, 0.24971099125780824, 8,6, 8
0.24958424798776027, 2.1034627068441627, 0.7442162096110976, 0.20042108457713148, 5,5, 5
0.2322889642785871, 2.1399366444092363, 0.7496662968158181, 0.2331749804687412, 9,5, 9
0.2676777755604337, 2.0176690913187185, 0.7287154547559405, 0.18600278435453477, 7,9, 7
0.2000931284507417, 2.3026051063194393, 0.7756297290417886, 0.2342077053031212, 12,10, 12
0.25457327213463715, 2.0498281998254657, 0.7313366376712958, 0.20171373933013872, 3,7, 3
0.20355218519257634, 2.2099685035965635, 0.8022548755087641, 0.2523367218613977, 5,7, 5
0.22084746890174947, 2.1785121698789647, 0.7714455022869007, 0.24967681370146153, 9,6, 9
0.1989622829774496, 2.2764363086787416, 0.8255910193595837, 0.2961423950887051, 5,5, 5
0.22031530632608262, 2.1651051413598177, 0.8005447795576817, 0.24770377872444915, 9,8, 9
0.2281647043171689, 2.057097519454323, 0.7713502353921352, 0.2404663509474486, 11,8, 11
0.2893634005188585, 1.9537287511797332, 0.70328824897868, 0.17584287811458765, 6,10, 6
0.27080423069247656, 2.0001064758572618, 0.7173671355944555, 0.1893117974563764, 7,5, 7
0.24432914255304997, 2.016610018132349, 0.7416250754420046, 0.2323487715329988, 11,10, 11
0.2709372713363933, 1.987119569909602, 0.7634230352097986, 0.1997962351094407, 8,6, 8
0.26794385684826716, 2.0265102415101333, 0.7401877087207308, 0.19675672078524437, 4,9, 4
0.2765914987028537, 2.005103133502362, 0.7197858025062612, 0.18750756288762105, 9,5, 9
0.23169028138096187, 2.130864047174689, 0.7543123468410714, 0.24103342736918762, 9,5, 9
0.29135901017760923, 1.942608504323738, 0.7488552323450005, 0.1924661950695685, 6,11, 6
0.2511142153928025, 2.025435844228501, 0.7484990087919577, 0.22904600276303086, 6,6, 6
0.2676777755604337, 1.955205005906517, 0.727721381436898, 0.20185214710000182, 5,10, 5
0.2664804097651833, 1.936660029447571, 0.7565017200926579, 0.20647459536502552, 6,6, 6
0.2585644914521386, 2.0228907325774825, 0.775506556523469, 0.21675488343111385, 9,9, 9
0.2694738242533094, 1.9549731991965558, 0.7241511159042715, 0.19634992090147618, 7,5, 7
0.3069247655158651, 1.880950391098291, 0.6861355864817746, 0.1845281563408702, 10,8, 10
0.33286769107962483, 1.847794732564241, 0.6782649889436624, 0.16580292900500213, 8,3, 8
0.27732322224439565, 1.9882809376554844, 0.718000340311054, 0.2041280471764438, 10,11, 10
0.32368788664937137, 1.877034619177981, 0.6906135136496394, 0.17514985814811554, 9,9, 9
0.2719350761657686, 2.005188898141216, 0.735382018934328, 0.20580412641456497, 8,9, 8
0.3003392536419876, 2.0058887832093237, 0.6924207836789452, 0.17194754357824116, 6,9, 6
0.2632209139892237, 2.038051779863483, 0.7211031192797069, 0.2252515325712262, 5,6, 5
0.3125124725603672, 1.8856409569149173, 0.6866513096429704, 0.1721471708344124, 5,5, 5
0.22237743630679171, 2.217150379867125, 0.78930939563291, 0.24889185428005534, 8,8, 8
0.2735980842147276, 1.992131401018683, 0.7229251497213298, 0.21000089056151441, 11,11, 11
0.2884321160114415, 1.9519268485954688, 0.6983120688200571, 0.20590244182512094, 9,10, 9
0.2634204749550988, 2.0097971714104768, 0.714629219221767, 0.21837868271262592, 5,8, 5
0.27479545000997807, 1.9717539868486116, 0.7064303010109628, 0.19780081058212398, 4,5, 4
0.3049956761790727, 1.9490694905409023, 0.6759835276331378, 0.18113906366711685, 6,3, 6
0.28989556309452535, 2.061475666446901, 0.6931841683222493, 0.20571217993056798, 11,7, 11
0.30812213131111554, 1.882153144062283, 0.686667936509739, 0.18896506141455, 5,9, 5
0.20235481939732589, 2.2685091163461766, 0.7890098464290339, 0.3228373295670486, 13,11, 13
0.2838422137963148, 1.9249192694818982, 0.7311547184187519, 0.2104735714403207, 7,6, 7
0.3171023747754939, 1.8769136605002341, 0.6709862544028015, 0.18058156587592036, 10,10, 10
0.34430918645646247, 1.787753323194534, 0.6950624631566178, 0.17441263078645072, 4,8, 4
0.3129781148140757, 1.8710207703512745, 0.7270991165689799, 0.20408635602269704, 6,7, 6
0.2642187188185991, 1.962598400975403, 0.7408710064506144, 0.21953574223162178, 5,5, 5
0.3027339852324885, 1.8909381138388683, 0.7497164466912796, 0.2078786311867624, 5,7, 5
0.3347967804164172, 1.789978249022436, 0.6953268268478415, 0.17337288794756905, 6,4, 6
0.2791857912592297, 1.90951994547371, 0.7282750511494613, 0.23248753352238924, 7,5, 7
0.29880928623694536, 1.878607475106559, 0.7310607428885523, 0.2058520691986707, 10,8, 10
0.2814474822058139, 1.9493086873862524, 0.7608189704876597, 0.23020223697784897, 7,10, 7
0.3751080955231823, 1.721232914257722, 0.6405695243648941, 0.15301521784069508, 6,7, 6
0.3103838222576997, 1.8295102138437769, 0.6833636777001493, 0.1999465656413655, 10,5, 10
0.10077828776691279, 2.3037361388180155, 0.8944213325400786, 0.29326970296135924, 0,0, 0
0.09858311714228697, 2.3486981970150693, 0.925160819013422, 0.41776828025332025, 6,1, 6
0.11694272600279386, 2.412826584737188, 0.9001597844761479, 0.3664754896709999, 5,0, 5
0.1117541408900419, 2.4433434205974147, 0.89846787545874, 0.4141713567442272, 3,6, 3
0.11102241734849996, 2.481545176904438, 0.8894106209306206, 0.463333019629009, 7,2, 7
0.11235282378766713, 2.3699354958028316, 0.9043101953810248, 0.404263405753148, 7,6, 7
0.15698795982172553, 2.450217625746381, 0.855475942411371, 0.2810908844435531, 7,10, 7
0.12672121333067252, 2.417944981231428, 0.8609862177640979, 0.33045869248763304, 8,6, 8
0.10915984833366593, 2.392514715586119, 0.9318393217309259, 0.4940028317633166, 7,5, 7
0.11268542539745892, 2.599899490206476, 0.8714790504894699, 0.4388480244496105, 9,10, 9
0.15100113084547329, 2.380963408097705, 0.8540019232078633, 0.294626869615899, 8,5, 8
0.1237277988425464, 2.6025712277720663, 0.8612034422475127, 0.4365676589153743, 5,9, 5
0.17321891837956496, 2.296722628134085, 0.8247990894561508, 0.2748436367931647, 11,7, 11
0.2093394532029535, 2.2443802956533094, 0.7873845089809558, 0.2171188046276633, 7,10, 7
0.1634404310516863, 2.1894820190226176, 0.8394572840429372, 0.29280504429566284, 7,7, 7
0.18712166566886185, 2.1839264356660992, 0.8083921925961767, 0.2353063629651107, 9,4, 9
0.175081487394399, 2.2934828325754184, 0.7989478363818492, 0.2840444175275719, 8,5, 8
0.19663407170890707, 2.345855539472947, 0.793791546275393, 0.21968141084303747, 8,9, 8
0.18738774695669527, 2.2539748929816157, 0.8048872613581202, 0.2520627589372512, 6,9, 6
0.2012239739240338, 2.161765338338429, 0.8011654592358052, 0.2261279016491663, 4,6, 4
0.1669660081154793, 2.3415332655068335, 0.8276799473091045, 0.2708287030822722, 6,7, 6
0.17468236546264884, 2.1746412168392553, 0.8251942622010989, 0.29627726337063, 8,5, 8
0.2016896161777423, 2.1647593336080604, 0.7847669308312882, 0.22614296142783707, 8,10, 8
0.15984833366593496, 2.301622189444109, 0.8509952928436852, 0.3134804911732923, 9,9, 9
0.21353023348633007, 2.174482904714096, 0.773522560047552, 0.21486907239253558, 5,5, 5
0.17654493447748287, 2.2194928625485923, 0.810392269611676, 0.28943090184931713, 5,11, 5
0.2118672254373711, 2.2291873266920077, 0.7716113150152124, 0.23443600557586516, 3,5, 3
0.22024878600412426, 2.1042229971596718, 0.8262528794245938, 0.24570894537544052, 8,6, 8
0.19337457593294752, 2.2502790627813876, 0.7919060085729194, 0.25195928253295063, 9,4, 9
0.2129980709106632, 2.1947508019093527, 0.8272095314015958, 0.22766039411812078, 9,11, 9
0.10017960486928756, 2.302992970756465, 0.8835487229879121, 0.5102032546217147, 15,10, 0
0.10051220647907935, 2.325276829101587, 0.8777699163158681, 0.5101320346776319, 5,9, 0
0.09991352358145414, 2.3983639278534303, 0.9273376082964652, 0.5253487484055939, 5,7, 0
0.09991352358145414, 2.3507275920757027, 0.9273376082964652, 0.5253487484055939, 0,5, 0
0.09991352358145414, 2.3577866885093193, 0.9273376082964652, 0.5253487484055939, 0,9, 0
0.09904875939599547, 2.3941696342384398, 0.8938837418790088, 0.5092195881961945, 0,11, 0
0.10051220647907935, 2.35270607921088, 0.8777699163158681, 0.5101320346776319, 0,12, 0
0.09878267810816205, 2.4897039266099856, 0.9000015148416551, 0.5177168515347518, 0,5, 0
0.0996474422936207, 2.3997152940341833, 0.9424463317291131, 0.5223446976523549, 0,11, 0
0.10097784873278787, 2.3404273439023036, 0.8896953824485279, 0.5105638528230135, 0,7, 0
0.10024612519124593, 2.4251733429773057, 0.88033626681359, 0.499330923296019, 0,7, 0
0.10017960486928756, 2.3816878212780517, 0.8835487229879121, 0.5102032546217147, 0,10, 0
0.09878267810816205, 2.4052315339558077, 0.9000015148416551, 0.5177168515347518, 0,8, 0
0.10017960486928756, 2.3714576589207144, 0.8835487229879121, 0.5102032546217147, 0,6, 0
0.09958092197166234, 2.3841064667452723, 0.8933638062721464, 0.5170841316523278, 0,9, 0
0.10111088937670458, 2.3972417155259276, 0.9116167084157132, 0.5178531408745226, 0,3, 0
0.09878267810816205, 2.3797207083489886, 0.9000015148416551, 0.5177168515347518, 0,9, 0
0.10017960486928756, 2.3680240505669303, 0.8835487229879121, 0.5102032546217147, 0,6, 0
0.10024612519124593, 2.4702541374013562, 0.88033626681359, 0.499330923296019, 0,7, 0
0.10017960486928756, 2.397366612374501, 0.8835487229879121, 0.5102032546217147, 0,7, 0
0.0996474422936207, 2.3868793529767296, 0.9424463317291131, 0.5223446976523549, 0,11, 0
0.10024612519124593, 2.4378201660579895, 0.88033626681359, 0.499330923296019, 0,9, 0
0.09991352358145414, 2.459713439079274, 0.9273376082964652, 0.5253487484055939, 0,9, 0
0.10111088937670458, 2.4260975990372806, 0.9116167084157132, 0.5178531408745226, 0,4, 0
0.09878267810816205, 2.3950496075642307, 0.9000015148416551, 0.5177168515347518, 0,6, 0
0.09991352358145414, 2.5095417685655588, 0.9273376082964652, 0.5253487484055939, 0,6, 0
0.10024612519124593, 2.3583035398558896, 0.88033626681359, 0.499330923296019, 0,8, 0
0.10051220647907935, 2.3968361481803147, 0.8777699163158681, 0.5101320346776319, 0,6, 0
0.09904875939599547, 2.464788360977287, 0.8938837418790088, 0.5092195881961945, 0,7, 0
0.09878267810816205, 2.3513036428363483, 0.9000015148416551, 0.5177168515347518, 0,9, 0
0.09904875939599547, 2.451053437751773, 0.8938837418790088, 0.5092195881961945, 0,6, 0
0.10111088937670458, 2.414724712995746, 0.9116167084157132, 0.5178531408745226, 0,5, 0
0.09958092197166234, 2.3769936139875565, 0.8933638062721464, 0.5170841316523278, 0,10, 0
0.09878267810816205, 2.389859088736127, 0.9000015148416551, 0.5177168515347518, 0,3, 0
0.09904875939599547, 2.499204685792217, 0.8938837418790088, 0.5092195881961945, 0,6, 0
0.09878267810816205, 2.4361897243089814, 0.9000015148416551, 0.5177168515347518, 0,10, 0
0.09878267810816205, 2.382424152762576, 0.9000015148416551, 0.5177168515347518, 0,8, 0
0.09878267810816205, 2.3608521931837365, 0.9000015148416551, 0.5177168515347518, 0,5, 0
0.09878267810816205, 2.3501256022919264, 0.9000015148416551, 0.5177168515347518, 0,7, 0
0.0996474422936207, 2.403716823793509, 0.9424463317291131, 0.5223446976523549, 0,8, 0
0.09991352358145414, 2.4557520562300525, 0.9273376082964652, 0.5253487484055939, 0,7, 0
0.0996474422936207, 2.35384145091808, 0.9424463317291131, 0.5223446976523549, 0,10, 0
0.10111088937670458, 2.452766470722609, 0.9116167084157132, 0.5178531408745226, 0,9, 0
0.09991352358145414, 2.3297571577188743, 0.9273376082964652, 0.5253487484055939, 0,6, 0
0.10111088937670458, 2.3805985735346598, 0.9116167084157132, 0.5178531408745226, 0,8, 0
0.0996474422936207, 2.389499289542387, 0.9424463317291131, 0.5223446976523549, 0,9, 0
0.09904875939599547, 2.3750438807388585, 0.8938837418790088, 0.5092195881961945, 0,6, 0
0.10111088937670458, 2.4407927612578617, 0.9116167084157132, 0.5178531408745226, 0,9, 0
0.09878267810816205, 2.3336466741936177, 0.9000015148416551, 0.5177168515347518, 0,11, 0
0.10111088937670458, 2.418735565670092, 0.9116167084157132, 0.5178531408745226, 0,7, 0
0.10051220647907935, 2.3667391782383285, 0.8777699163158681, 0.5101320346776319, 0,8, 0
0.09878267810816205, 2.536588986675032, 0.9000015148416551, 0.5177168515347518, 0,6, 0
0.09958092197166234, 2.4900070404662253, 0.8933638062721464, 0.5170841316523278, 0,8, 0
0.09991352358145414, 2.394799827173355, 0.9273376082964652, 0.5253487484055939, 0,10, 0
0.09904875939599547, 2.4335969525849612, 0.8938837418790088, 0.5092195881961945, 0,9, 0
0.10111088937670458, 2.3695450106011586, 0.9116167084157132, 0.5178531408745226, 0,9, 0
0.09958092197166234, 2.5297616568581036, 0.8933638062721464, 0.5170841316523278, 0,4, 0
0.09878267810816205, 2.3857924075197383, 0.9000015148416551, 0.5177168515347518, 0,13, 0
0.09904875939599547, 2.5107675336961983, 0.8938837418790088, 0.5092195881961945, 0,8, 0
0.0996474422936207, 2.3742028122960726, 0.9424463317291131, 0.5223446976523549, 0,6, 0
0.10024612519124593, 2.5678202988564878, 0.88033626681359, 0.499330923296019, 0,9, 0
0.09878267810816205, 2.4874300458494205, 0.9000015148416551, 0.5177168515347518, 0,3, 0
0.0996474422936207, 2.5106670533493434, 0.9424463317291131, 0.5223446976523549, 0,4, 0
0.10111088937670458, 2.3916810775623105, 0.9116167084157132, 0.5178531408745226, 0,7, 0
0.09958092197166234, 2.3761530918631895, 0.8933638062721464, 0.5170841316523278, 0,8, 0
0.10111088937670458, 2.386614537132815, 0.9116167084157132, 0.5178531408745226, 0,8, 0
0.10024612519124593, 2.4966604083881543, 0.88033626681359, 0.499330923296019, 0,14, 0
0.09878267810816205, 2.4135373217263543, 0.9000015148416551, 0.5177168515347518, 0,4, 0
0.10051220647907935, 2.3696949684333637, 0.8777699163158681, 0.5101320346776319, 0,7, 0
0.09878267810816205, 2.4354053205147417, 0.9000015148416551, 0.5177168515347518, 0,8, 0
0.10024612519124593, 2.55662472099155, 0.88033626681359, 0.499330923296019, 0,11, 0
0.10077828776691279, 2.3037361388180155, 0.8944213325400786, 0.29326970296135924, 0,0, 0
0.11328410829508415, 2.3163719627740322, 0.8663748073615745, 0.3953722273592531, 4,1, 4
0.10450342579658085, 2.367260332585872, 0.8943332462665216, 0.3640760143592893, 5,4, 5
0.10164305195237144, 2.4315874896458363, 0.911139513864737, 0.518728539893808, 4,1, 4
0.1205348233885452, 2.433235254281693, 0.8993206074460852, 0.459711984024646, 6,6, 6
0.09878267810816205, 2.339628378470913, 0.9000015148416551, 0.5177168515347518, 7,6, 7
0.1100246125191246, 2.5238094879609814, 0.8929572200128085, 0.4201828337837286, 7,8, 7
0.12951506685292358, 2.5249894236658714, 0.8811224362961545, 0.3599290661442572, 11,5, 11
0.15618971595822523, 2.347582726273035, 0.8320533104617925, 0.30439618116783457, 8,8, 8
0.17175547129648108, 2.2320692866083105, 0.8432010246887969, 0.282015625805378, 9,10, 9
0.18273132441961018, 2.176412417163378, 0.8094077999471645, 0.2471608393365848, 8,6, 8
0.14488126122530434, 2.3341012441619524, 0.8796744147120844, 0.3534019552287273, 7,10, 7
0.12951506685292358, 2.4716502437808514, 0.8572871359281526, 0.31106918657475086, 5,5, 5
0.18778686888844542, 2.264482088315148, 0.7999596679523985, 0.24760847838540012, 6,7, 6
0.15126721213330674, 2.3963922636321637, 0.8310415835524306, 0.3397175680215513, 9,7, 9
0.1948380230160314, 2.151982194417998, 0.8070418437057705, 0.2334577299632573, 3,6, 3
0.10876072640191578, 2.5251989874473106, 0.8721598118533979, 0.4118338952408285, 11,7, 11
0.1650369187786869, 2.4265126857834964, 0.8291916247441032, 0.2656963795051569, 3,6, 3
0.1969001529967405, 2.272838522247122, 0.8387150575504999, 0.24250254141181934, 7,9, 7
0.21213330672520456, 2.30484423783775, 0.7707047249324301, 0.21364159933507718, 14,9, 14
0.12998070910663206, 2.246000691733896, 0.8919330728446618, 0.38127794349329003, 3,7, 3
0.18612386083948645, 2.2112914244825554, 0.8486459179319283, 0.2909134877935053, 8,6, 8
0.16144482139293553, 2.4262293028925055, 0.8306014410173664, 0.31045286006051775, 8,7, 8
0.1700924632475221, 2.196804549208279, 0.8270257320522392, 0.317333191242482, 13,7, 13
0.18313044635136033, 2.3378789682259207, 0.8208487580338438, 0.2712500995891529, 9,9, 9
0.1712233087208142, 2.244619515756881, 0.8236131953175786, 0.2947211330210571, 9,9, 9
0.17494844675048227, 2.239209990008009, 0.8175092570976078, 0.30888223076940907, 8,9, 8
0.17368456063327348, 2.241841750596008, 0.840835841375765, 0.26409600298647046, 6,8, 6
0.15805228497305926, 2.373663941709881, 0.8461114731380889, 0.29075456836799374, 7,8, 7
0.23461717554712966, 2.0949952850114686, 0.7462959014930297, 0.20226278333483397, 6,8, 6
0.20634603871482737, 2.1369359088595865, 0.811264513814381, 0.272207390893867, 6,5, 6
0.18552517794186124, 2.256375609391116, 0.7975401738037075, 0.2845405462322386, 8,7, 8
0.1803365928291093, 2.3244510751946406, 0.8209704276075555, 0.289922155161256, 10,6, 10
0.23847535422071442, 2.093346235567023, 0.7545029108770394, 0.19467312891135477, 8,9, 8
0.18379564957094394, 2.1628394000093945, 0.814456349413056, 0.308730488175408, 8,7, 8
0.20441694937803498, 2.1319440261718, 0.7870248839962621, 0.23956365051607276, 2,11, 2
0.17248719483802302, 2.2204712091238923, 0.8272337075219371, 0.3002876172584589, 11,6, 11
0.23268808621033726, 2.198752323263048, 0.8099104467620368, 0.2204185987489314, 11,9, 11
0.18931683629348767, 2.118247769902362, 0.7929503259636336, 0.28862153037085414, 10,11, 10
0.2125324286569547, 2.1502998845984673, 0.7580735744979737, 0.21229464896258993, 11,11, 11
0.2388079558305062, 2.088487639998451, 0.788788163307826, 0.20010635517375416, 12,8, 12
0.259562296281514, 1.9972871529527079, 0.7464101919474443, 0.18455852074021947, 3,10, 3
0.2077429654759529, 2.1286282688765867, 0.7917375813683372, 0.25959642299562796, 9,6, 9
0.21918446085279053, 2.1228281989875035, 0.784643430087413, 0.25185845586375355, 9,7, 9
0.18998203951307124, 2.231584724300772, 0.7898591698855484, 0.29190734963671916, 10,9, 10
0.2611587840085146, 1.990090260401478, 0.75697690098116, 0.18672615990312558, 6,8, 6
0.20268742100711767, 2.152034116688979, 0.8160803928763903, 0.25834036590665554, 6,10, 6
0.210736379964079, 2.095079952241703, 0.8346357263691087, 0.2761418936410185, 6,4, 6
0.1909798443424466, 2.201023887891712, 0.7969644776380644, 0.2969888773044044, 8,10, 8
0.19437238076232288, 2.302552821262229, 0.8046333644970186, 0.30219687028369957, 11,12, 11
0.20554779485132707, 2.2749795581237735, 0.7780292837014764, 0.2551002471449743, 8,8, 8
0.20927293288099513, 2.147658318643964, 0.7778036266377759, 0.25321058508870475, 7,11, 7
0.24412958158717488, 2.0894126012194763, 0.768488477710573, 0.20821783957982018, 9,5, 9
0.23481673651300472, 2.2144261561237486, 0.7470802940825182, 0.21888731011602724, 8,10, 8
0.2702720681168097, 1.9770642019575848, 0.749737650246266, 0.20710845346742857, 9,8, 9
0.27426328743431116, 1.9604825497403129, 0.7415511137285712, 0.20224408548416728, 9,6, 9
0.21831969666733186, 2.089003104201843, 0.7861362052328918, 0.2318153264343325, 9,10, 9
0.23807623228896427, 2.0156284049465567, 0.7580243068879081, 0.23799900381401154, 9,6, 9
0.18485997472227766, 2.2720487065588983, 0.8013486208448984, 0.3026658969925925, 6,8, 6
0.26761125523847534, 1.9480085108861123, 0.7126156614893299, 0.18673900737116741, 7,9, 7
0.2763919377369786, 1.976117071385061, 0.7534518702166593, 0.19653775000909857, 13,13, 13
0.29475154659748554, 1.8930309474535636, 0.7292294251449958, 0.1848347041479995, 9,5, 9
0.23494977715692145, 2.058405093353586, 0.7781282485029581, 0.2223551716241678, 9,10, 9
0.2936207011241934, 1.93811900403331, 0.7230499460768547, 0.18176143202013997, 6,9, 6
0.20049225038249185, 2.1878119738271815, 0.8195350627473007, 0.27867979776241847, 9,6, 9
0.1816004789463181, 2.3418248606227334, 0.8526251083711368, 0.3064947417636489, 7,6, 7
0.27512805161976983, 1.956694825731383, 0.7690759223029179, 0.2002209865957058, 5,7, 5
0.2841082950841482, 1.8916214004467247, 0.7065612837711015, 0.19744980683918675, 7,10, 7
0.24067052484534024, 2.070323509318477, 0.7602034080987252, 0.22209239438646267, 8,6, 8
0.21685624958424798, 2.193379594621834, 0.7923778679099263, 0.24776761674735162, 10,13, 10
0.27546065322956165, 2.0166063943856383, 0.7160711452804428, 0.19835628549342027, 9,7, 9
0.21432847734983038, 2.0620870152046633, 0.8074444144027855, 0.29302364364732847, 9,7, 9
0.3007383755737378, 1.9186147237374367, 0.7255141145091847, 0.18212359897388908, 6,4, 6
0.22251047695070844, 2.1465344476892523, 0.8073966227790906, 0.28101955720599475, 7,8, 7
0.3065921639060733, 1.9378581786436417, 0.6889651600159702, 0.18091994222373325, 2,5, 2
0.2343510942592962, 2.045650716845499, 0.7862795186588323, 0.2425649948211069, 9,10, 9
0.19603538881128185, 2.0783137385576995, 0.8190846114331676, 0.2751712588286191, 10,9, 10
0.1994944455531165, 2.103048341067134, 0.8462115007197041, 0.2948404295475175, 9,10, 9
0.17328543870152333, 2.3237627540243397, 0.8598809880382015, 0.34011506261851987, 3,7, 3
0.2455265083483004, 2.1119990359005762, 0.7592937577638859, 0.2025426820583534, 8,8, 8
0.3249517727665802, 1.9041789073450222, 0.6615204035360808, 0.15882094359128004, 1,4, 1
0.20481607130978513, 2.0253793374115316, 0.8270263914284323, 0.2977371517997371, 5,6, 5
0.21978314375041574, 2.123144366966705, 0.7863720305058243, 0.25527789051035793, 4,5, 4
0.25277722344176146, 2.0679955912359556, 0.735799050514484, 0.20095602720786845, 11,8, 11
0.2597618572473891, 1.978168463473833, 0.743657256193549, 0.20943349500071853, 4,7, 4
0.23774363067917248, 2.012425122833265, 0.7955027803956967, 0.24354834553249535, 6,3, 6
0.26375307656489055, 2.0047433562544557, 0.7343815574622422, 0.19525514988458326, 4,9, 4
0.22583649304862635, 2.2023092108612436, 0.7800024099567312, 0.23924043312027735, 9,6, 9
0.20321958358278455, 2.250594539540198, 0.8110119686393432, 0.2630003351465627, 6,6, 6
0.1707576664671057, 2.59200592002318, 0.8619175321181609, 0.34461481328977706, 8,8, 8
0.15638927692410032, 2.414291727945713, 0.8851601081023897, 0.3713503478666595, 7,9, 7
0.22836426528304396, 2.0294427795577636, 0.7689155872297024, 0.22961228405985434, 6,6, 6
0.14847335861105568, 2.226807675623794, 0.8389486249561626, 0.34181682205890473, 6,6, 6
0.17548060932614915, 2.1763212168152473, 0.8104348172697423, 0.27940913853018945, 8,6, 8
0.2243065256435841, 2.10389401486381, 0.8215948115236421, 0.2549801470748858, 6,8, 6
0.20095789263620037, 2.1373502509779363, 0.8469750087993598, 0.29273814355039024, 3,11, 3
0.16131178074901883, 2.132804051857385, 0.8449290686020109, 0.3309881896256007, 6,5, 6
0.18073571476085945, 2.149784711360741, 0.8482948331559654, 0.30612827810403404, 7,5, 7
0.20701124193441095, 2.096409647294895, 0.8314337071689886, 0.2870931811583446, 5,8, 5
0.18372912924898557, 2.2012096088279756, 0.8631010028682071, 0.3216168396766223, 6,8, 6
0.20222177875340916, 2.0827485017812015, 0.7985530648143011, 0.2750347179433495, 5,9, 5
0.10077828776691279, 2.3037361388180155, 0.8944213325400786, 0.29326970296135924, 0,0, 0
0.11913789662741968, 2.3163213097929423, 0.8696188473965644, 0.3432314303834996, 6,3, 6
0.1474755537816803, 2.3311734307766248, 0.8454243086256977, 0.3222646370099391, 5,2, 5
0.09991352358145414, 2.369006689021602, 0.9273376082964652, 0.5253487484055939, 10,4, 10
0.09991352358145414, 2.4977562086775515, 0.9273376082964652, 0.5253487484055939, 3,6, 3
0.10343910064524713, 2.3400408469900307, 0.9247136720920444, 0.4528978771364318, 10,7, 10
0.10024612519124593, 2.406824892290273, 0.88033626681359, 0.49792372281021746, 10,5, 10
0.09878267810816205, 2.430648316311232, 0.9000015148416551, 0.5174304020015751, 5,10, 5
0.09991352358145414, 2.467720637855626, 0.9273376082964652, 0.5253487484055939, 3,7, 3
0.09911527971795384, 2.7812655860456426, 0.893849958095225, 0.5080427670859025, 11,5, 11
0.09911527971795384, 2.440779108063218, 0.8962361408230565, 0.4988510747132461, 8,6, 8
0.13623361937071776, 2.3128581539501187, 0.8685973365840955, 0.3292347848155012, 11,6, 11
0.16842945519856317, 2.2787696717940493, 0.8135980386517457, 0.29809062595084523, 6,10, 6
0.1441495376837624, 2.436570357247074, 0.8362399092014363, 0.34251842357808876, 6,7, 6
0.16077961817335196, 2.346789962190882, 0.8247757155812802, 0.28346361433102507, 10,9, 10
0.17820794252644181, 2.2412804499568875, 0.7972558040809992, 0.2686846769997415, 5,8, 5
0.2016896161777423, 2.1701717643786007, 0.8116972305532488, 0.22506552985956893, 8,9, 8
0.16956030067185526, 2.1885854914414704, 0.8354310376300425, 0.2856132851790315, 5,7, 5
0.1358344974389676, 2.3823555191698915, 0.9063202107512367, 0.38045535482774584, 5,6, 5
0.1812678773365263, 2.4146910855523176, 0.8502856119313966, 0.25668302970234697, 7,4, 7
0.19550322623561497, 2.2859167999702006, 0.7917158810107344, 0.22779587678918914, 9,7, 9
0.1863899421273199, 2.190019938400673, 0.8096316150824255, 0.2468834648507443, 6,7, 6
0.20894033127120334, 2.223702572177589, 0.802504158965027, 0.22258876533897035, 7,6, 7
0.18758730792257033, 2.191601014982589, 0.8306802919484337, 0.23476273642288348, 11,9, 11
0.1710902680768975, 2.3397590374348685, 0.8106501154007582, 0.26974949568296014, 9,11, 9
0.16889509745227166, 2.342382674888723, 0.8288541646302747, 0.2917186324251174, 5,5, 5
0.20421738841215992, 2.1972838829815493, 0.7844560892409733, 0.24020222817888967, 1,6, 1
0.1863899421273199, 2.307544494562581, 0.7963370744684088, 0.2730517607284685, 8,7, 8
0.20701124193441095, 2.325768468393138, 0.7668536462943125, 0.2158026680253268, 5,4, 5
0.20594691678307722, 2.1039979708676073, 0.7893260967331246, 0.25228711398694886, 7,9, 7
0.22437304596554247, 2.157681671871933, 0.8204283620650001, 0.23482321957439378, 9,5, 9
0.238209272932881, 2.107717652834081, 0.7704828384250964, 0.19062677415783702, 6,7, 6
0.21386283509612186, 2.149169672822505, 0.8134130999060644, 0.2360033342560968, 10,5, 10
0.2085412093394532, 2.30838377084163, 0.8032506764495183, 0.23960679200656035, 5,7, 5
0.2026209006851593, 2.1965088493958973, 0.7896259575465051, 0.23160759962127433, 7,10, 7
0.2774562628883124, 1.993640842620844, 0.7361119112261924, 0.1712704365880085, 6,3, 6
0.22304263952637532, 2.161749933449989, 0.8078925264790382, 0.23817261364462222, 8,10, 8
0.2125324286569547, 2.1530574923153845, 0.7721640884274459, 0.22807971614291145, 7,5, 7
0.1989622829774496, 2.244131399090717, 0.7836871321481308, 0.2613134434539666, 11,12, 11
0.17441628417481542, 2.278051525344473, 0.816795796715042, 0.32650572865441985, 8,5, 8
0.19144548659615512, 2.283628083919643, 0.7974539506519395, 0.25762064783645283, 6,8, 6
0.16297478879797778, 2.278440441468642, 0.8415668684502577, 0.30895835821957984, 7,5, 7
0.2522450608660946, 2.036313408404254, 0.7399022924065324, 0.1946180732723537, 6,4, 6
0.23075899687354487, 2.065487415912836, 0.7753076436764111, 0.21598886937744208, 5,10, 5
0.21965010310649905, 2.288293531469454, 0.7544598109752952, 0.23852299886291387, 6,9, 6
0.21293155058870486, 2.329056262938251, 0.7638941706895638, 0.23684115440579503, 6,9, 6
0.2539080689150536, 2.004870371651064, 0.7415525415438411, 0.20856724189678924, 6,5, 6
0.2378766713230892, 2.0408330011263125, 0.7661916825813035, 0.23234486074212907, 6,6, 6
0.2184527373112486, 2.1833109366975445, 0.7653632663582863, 0.24348546080497588, 7,6, 7
0.2193840218186656, 2.149744323367631, 0.770930649729941, 0.2201974052320047, 7,7, 7
0.18279784474156854, 2.2711718058123016, 0.8046390186403611, 0.3057249953686892, 5,8, 5
0.19171156788398855, 2.3663899174653578, 0.7910687595204545, 0.3034183038499416, 6,5, 6
0.2134637131643717, 2.137657548205578, 0.8070315491353512, 0.2775069268271297, 10,6, 10
0.24373045965542472, 2.0612778687860915, 0.7515272708639807, 0.21132975814887547, 7,7, 7
0.23268808621033726, 2.0788376921487886, 0.7541969781128395, 0.25431518416521315, 7,3, 7
0.27413024679039444, 1.926515164700151, 0.7248824644776976, 0.19999327653787025, 11,10, 11
0.2880995144016497, 1.9000311099522638, 0.7338223031954995, 0.19120251660608875, 7,4, 7
0.3035987494179472, 1.9047392271025438, 0.7326408553977696, 0.18075678239403611, 7,8, 7
0.24399654094325818, 1.9833968300777527, 0.7359877818640902, 0.22900609783016598, 10,11, 10
0.201822656821659, 2.242047903205966, 0.7981467020376997, 0.2991258781769849, 11,7, 11
0.2310250781613783, 2.2410707375305914, 0.758966317650883, 0.22979740819597563, 9,11, 9
0.30047229428590433, 1.8954595999907078, 0.6931230674682, 0.1751141114419596, 8,13, 8
0.25424067052484534, 2.036346273797957, 0.7396622876430861, 0.2100045530766924, 10,6, 10
0.26455132042839086, 2.022104818759259, 0.7513227145201484, 0.21607919849823484, 10,12, 10
0.21113550189582916, 2.1457376288517596, 0.7915182294669559, 0.29208132616047416, 4,8, 4
0.23029335461983635, 2.073153102341617, 0.7621150464304928, 0.2479882362986281, 9,6, 9
0.3185658218585778, 1.8497161689310868, 0.7093954997440964, 0.17998867518565956, 4,5, 4
0.2693407836093927, 2.0248425794596967, 0.7141222082847564, 0.1974544906104069, 5,7, 5
0.2916250914654427, 1.9265514199608285, 0.7105717990971564, 0.18574118212586688, 7,5, 7
0.24492782545067518, 2.176256797468798, 0.745995604032806, 0.21742306915079593, 6,7, 6
0.30632608261823985, 1.8504732633068408, 0.7234057161107351, 0.18494195508489622, 6,7, 6
0.3069247655158651, 1.8622209264800227, 0.681356771208733, 0.1679933283807576, 10,9, 10
0.23528237876671323, 2.0476153401714563, 0.7640848998219254, 0.23806735577275354, 4,12, 4
0.25663540211534625, 2.023381889207408, 0.737762228704861, 0.23366670688886018, 6,5, 6
0.3207609924832036, 1.8348152412829313, 0.6845350667103546, 0.18138359453890945, 7,5, 7
0.2810483602740637, 1.8927585711412893, 0.7157241025589797, 0.18688170183229666, 3,5, 3
0.334198097518792, 1.8247704426225515, 0.6748389566868294, 0.16466777750924957, 8,7, 8
0.2450608660945919, 1.9531669342287095, 0.7449185679759464, 0.2438491444029094, 5,7, 5
0.28151400252777226, 1.887591359497647, 0.7309858163775719, 0.21607449198299966, 9,6, 9
0.3195636266879532, 1.7991505271500474, 0.6740133715197422, 0.17237960292265356, 8,7, 8
0.3276125856449145, 1.8007712506061622, 0.6927355808084157, 0.1799210516763645, 4,3, 4
0.24665735382159248, 2.0210179304248723, 0.7427386597247146, 0.2391069309267245, 8,8, 8
0.23847535422071442, 2.3059120864550335, 0.7409621983046848, 0.24041073904458016, 5,6, 5
0.22357480210204217, 2.194148560612849, 0.7729372646168866, 0.256509197788216, 5,5, 5
0.23687886649371384, 2.0201641238513663, 0.8085540518250588, 0.2658132322138627, 10,8, 10
0.3199627486197033, 1.8072276024620808, 0.6813721380875503, 0.18529801545185276, 4,3, 4
0.3445087474223375, 1.8026751058568562, 0.6703467952070647, 0.1611129389969776, 9,7, 9
0.3096520987161578, 1.865642636247177, 0.7189840369535951, 0.19458452121322187, 6,10, 6
0.2561032395396794, 1.9940938902164516, 0.7337694486054294, 0.24665059637504172, 6,4, 6
0.30186922104702985, 1.903898460933376, 0.7104704754775425, 0.20540848743649304, 7,3, 7
0.34377702388079556, 1.780429311990262, 0.6783198795766886, 0.17353401199788696, 4,9, 4
0.2573006053349298, 1.9705372794670615, 0.7290400749194008, 0.23126672538765927, 4,4, 4
0.28098183995210535, 1.8531060040379717, 0.7250971065604623, 0.21047238805653534, 8,7, 8
0.3530233486330074, 1.7459914701344812, 0.6665122678400301, 0.17121502101532696, 1,4, 1
0.30526175746690615, 1.8839627747358711, 0.6837509984102157, 0.1903458231361105, 4,6, 4
0.30931949710636597, 1.8420426007049222, 0.677633660886132, 0.20126962126980394, 9,4, 9
0.33000731723541543, 1.8252228062912383, 0.6677191881514204, 0.176258130387739, 12,5, 12
0.30572739972061463, 1.9271099913194016, 0.7005592221528335, 0.19131820974870073, 12,12, 12
0.32741302467903943, 1.8262926618321598, 0.6610654746726804, 0.17920781169588867, 4,7, 4
0.32435308986895495, 1.8788748613249509, 0.6885822940150754, 0.1835805419945439, 6,9, 6
0.32914255304995677, 1.808893710753482, 0.6832649821690805, 0.1831031913524673, 5,8, 5
0.10077828776691279, 2.3037361388180155, 0.8944213325400786, 0.29326970296135924, 0,0, 0
0.09904875939599547, 2.359372756608524, 0.8938837418790088, 0.5092195881961945, 5,3, 5
0.09958092197166234, 2.38779448650082, 0.8933638062721464, 0.5170841316523278, 8,2, 8
0.09958092197166234, 2.434071086999828, 0.8933638062721464, 0.5170841316523278, 7,5, 7
0.12173218918379565, 2.647823365927456, 0.8669147992655337, 0.3785353782409557, 10,5, 10
0.1337723674582585, 2.333544728443991, 0.8566613746381669, 0.3590152593099419, 5,6, 5
0.10443690547462249, 2.32351603994412, 0.8952749972997947, 0.41225713423236543, 7,7, 7
0.10151001130845473, 2.389896274168065, 0.8976349693670967, 0.4873234317364183, 7,11, 7
0.09991352358145414, 2.5460148988778437, 0.9273376082964652, 0.5253487484055939, 8,8, 8
0.11135501895829175, 2.345846998797026, 0.929149919794917, 0.4298726898554523, 13,7, 13
0.1487394398988891, 2.390697965045925, 0.8548044041685068, 0.3239190625728823, 6,8, 6
0.17721013769706645, 2.251550370987277, 0.8152178097783365, 0.26209726782133974, 8,9, 8
0.11667664471496042, 2.5522825999197463, 0.9079416435913025, 0.4687842221298931, 9,4, 9
0.1481407570012639, 2.347927097296323, 0.8491893116648395, 0.31916849518344215, 8,9, 8
0.1895829175813211, 2.1793352703067077, 0.8041098954041469, 0.24115590041680446, 10,7, 10
0.1251247256036719, 2.3877967788035512, 0.865302738229814, 0.40613393101615647, 6,7, 6
0.13703186323421807, 2.421713487684691, 0.9079055200431121, 0.36408270300201423, 9,12, 9
0.14381693607397059, 2.2619251847100625, 0.9011115983151591, 0.3647665117476665, 7,9, 7
0.1125523847535422, 2.4317281882317094, 0.917839983357621, 0.4375241861839505, 9,14, 9
0.2227100379165835, 2.1706985142672997, 0.8206586017640266, 0.2016487279215162, 8,6, 8
0.1747488857846072, 2.142800300228995, 0.8188329007629718, 0.2544975541157051, 5,5, 5
0.18918379564957094, 2.3442634143238097, 0.8139991168545879, 0.2462430597272954, 7,7, 7
0.11388279119270937, 2.705307924806148, 0.9269745805622136, 0.43438739472852056, 11,11, 11
0.13077895297013237, 2.546958030875965, 0.8626876193289652, 0.33370499957557015, 9,6, 9
0.1996274861970332, 2.17935333049425, 0.84844560267763, 0.252583065853022, 10,8, 10
0.17002594292556375, 2.146633130133148, 0.8104431776090785, 0.2903322656129794, 9,5, 9
0.20368522583649304, 2.2219817244284155, 0.8287820612745397, 0.23827683906068564, 9,9, 9
0.2245060866094592, 2.117775584404351, 0.7986984581437249, 0.2004415354087779, 7,13, 7
0.19264285239140558, 2.1475343635630515, 0.7951567312518993, 0.24381065908381225, 5,8, 5
0.25058205281713564, 2.098287078321301, 0.7802159559372858, 0.192396975477813, 8,7, 8
0.18525909665402782, 2.31137911795872, 0.8174972878012271, 0.23539012170270174, 10,8, 10
0.21419543670591365, 2.1278180893663476, 0.7925816492664829, 0.22674082406185062, 7,8, 7
0.23674582584979711, 2.1518017954433986, 0.7656939293717224, 0.20437871745591632, 9,9, 9
0.23488325683496308, 2.1771150558903445, 0.7596834021388029, 0.19077761427655726, 8,7, 8
0.23062595622962814, 2.178675795056613, 0.7653303816056265, 0.2038644455754052, 8,9, 8
0.23554846005454666, 2.106112498901787, 0.7665182918547564, 0.21404572982573936, 10,9, 10
0.21685624958424798, 2.0888292234449706, 0.7912729974680159, 0.23865411747561877, 8,7, 8
0.21745493248187323, 2.0607771922321936, 0.7792675175174675, 0.25011217852334433, 6,7, 6
0.2144615179937471, 2.16154696899863, 0.796378484337131, 0.23822229330650427, 7,10, 7
0.27346504357081086, 2.035085871667988, 0.7369962498980037, 0.1767092736276118, 9,8, 9
0.18692210470298676, 2.215504932084785, 0.812687013953526, 0.2628669301657018, 10,7, 10
0.2045499900219517, 2.304145036137509, 0.7994328234405502, 0.23308163161755174, 7,5, 7
0.17867358478015033, 2.3110981374643984, 0.8206172422442503, 0.30134448147065546, 8,11, 8
0.2193840218186656, 2.252122634515659, 0.7610038840322746, 0.23241059063325156, 6,8, 6
0.16603472360806226, 2.3021176297737758, 0.8263240480504852, 0.3181490582984946, 5,9, 5
0.23494977715692145, 2.0717150384434713, 0.7539615317857878, 0.2145522115788977, 7,9, 7
0.21246590833499635, 2.181747954001027, 0.7810667547616065, 0.24432007568294448, 5,5, 5
0.2137963147741635, 2.1156782572405675, 0.7785318284975447, 0.26797792564840184, 7,4, 7
0.18525909665402782, 2.2585740600038746, 0.7986228712811919, 0.3173993966310452, 7,6, 7
0.2029535022949511, 2.1700453235901165, 0.7820490040696106, 0.2520349817528271, 6,8, 6
0.23461717554712966, 2.081516040748904, 0.7784580953289028, 0.23768812329839262, 8,8, 8
0.24279917514800772, 2.0045457266953575, 0.760090567402844, 0.21497334118350467, 11,6, 11
0.2652830439699328, 2.0370517905732397, 0.7087735346256884, 0.18905412422868273, 6,7, 6
0.18791990953236215, 2.328806655511071, 0.8114464193454128, 0.25641135752942, 4,6, 4
0.24838688219250982, 1.995882597708983, 0.7458505941688319, 0.21093139621666623, 7,5, 7
0.2646843610723076, 2.0465942312006957, 0.7176857582291685, 0.19281194067400198, 9,7, 9
0.2797844741568549, 2.065309196700674, 0.7055648304223969, 0.18282971383679023, 8,3, 8
0.25962881660347237, 2.088200864422419, 0.7238468626413885, 0.20403318717037316, 7,6, 7
0.20734384354420277, 2.2903111045695046, 0.7835900644253371, 0.2743490818917995, 6,9, 6
0.23115811880529502, 2.262827782094308, 0.7611142385380876, 0.2460259503861888, 10,8, 10
0.21871881859908202, 2.078979785234749, 0.7866475048679499, 0.23931759837109734, 12,8, 12
0.24718951639725936, 2.0412420450368343, 0.7731935253330212, 0.23462028275838617, 6,8, 6
0.2580988491984301, 1.9406284571352146, 0.761657053755588, 0.21570841086800382, 3,8, 3
0.22596953369254308, 2.1640121034937354, 0.81150494076179, 0.25307227714007036, 7,6, 7
0.29089336792390075, 1.955933917867664, 0.7481752210682986, 0.20548575383473447, 11,8, 11
0.30745692809153197, 1.8820686679729197, 0.7334596369896244, 0.17458198482847767, 7,9, 7
0.2847069779817734, 1.9371885415450356, 0.7168504448317229, 0.1875366739174022, 7,6, 7
0.29634803432448614, 1.9570283700168025, 0.7173775070089168, 0.1789128176128142, 12,13, 12
0.24685691478746757, 2.1219630770750535, 0.7316004931513413, 0.22273977050735266, 9,10, 9
0.22676777755604338, 2.408620478982722, 0.7536918341738915, 0.23101033217444894, 12,10, 12
0.24878600412425997, 2.075659439757715, 0.7317210609267524, 0.2272157995128798, 8,11, 8
0.2662808487993082, 2.012436101225364, 0.7256551297293307, 0.2212667033378292, 5,5, 5
0.23907403711833966, 2.0829906457160225, 0.7509469242426952, 0.23862802516685186, 7,7, 7
0.2533093860174283, 2.0537634855305402, 0.7686609996474745, 0.2313695244235079, 8,11, 8
0.21020421738841216, 2.2412030913819416, 0.7895710533224934, 0.25842697152042376, 11,11, 11
0.26654693008714164, 1.955097864945793, 0.7177763621760959, 0.21656851664065066, 6,6, 6
0.234683695869088, 2.218414688525875, 0.7479028572350512, 0.23503097141382745, 9,5, 9
0.2650169626820994, 1.9854499154818286, 0.7325146558176631, 0.2107674027557642, 7,6, 7
0.2958823920707776, 1.9605183252069929, 0.6855961711258712, 0.18076734311427559, 7,7, 7
0.29714627818798645, 1.8566762517012896, 0.6951407378423236, 0.19338918418993079, 5,4, 5
0.26761125523847534, 1.9909165919516953, 0.7331496024538917, 0.20838093494025617, 7,6, 7
0.26900818199960086, 1.9913857694729387, 0.7394666917665095, 0.21313793461993646, 7,9, 7
0.2741967671123528, 1.8948892416124103, 0.7133410158219281, 0.2345384243620484, 9,11, 9
0.27785538482006256, 1.9200578512014175, 0.7085339015163089, 0.21628627141154083, 7,5, 7
0.23914055744029802, 2.0498867885506433, 0.75612736479904, 0.2515724429398231, 7,8, 7
0.29794452205148675, 1.8749947455688554, 0.6853857601267985, 0.19561278452980782, 4,9, 4
0.3436439832368789, 1.7716110068262674, 0.6380596901766198, 0.16385174380734138, 6,9, 6
0.22936207011241935, 2.1162195334171714, 0.7644062255014008, 0.24698860459501212, 5,5, 5
0.31989622829774494, 1.8100750639411192, 0.6911332606890173, 0.17984865365826774, 6,7, 6
0.26495044236014104, 1.988187018989811, 0.7235362347144456, 0.22192716667675205, 13,7, 13
0.27492849065389474, 2.025766167829099, 0.7081776892389376, 0.21215894933423665, 8,9, 8
0.3141089602873678, 1.8944822887710442, 0.70429060537796, 0.18313585159717108, 10,9, 10
0.292423335328943, 1.9090729190316305, 0.7120887306377887, 0.2060793819168235, 10,8, 10
0.328078227898623, 1.761035603946581, 0.666344629403953, 0.18373638184977303, 4,5, 4
0.31883190314641124, 1.796703507512786, 0.6862183686600379, 0.1920868013066769, 7,7, 7
0.30399787134969736, 1.85327255183856, 0.7059068830850995, 0.1961684104042538, 8,12, 8
0.3481008448080889, 1.8247225763261228, 0.6623676720098319, 0.1597012743635843, 6,5, 6
0.32568349630812216, 1.8258237065625336, 0.6938384189181086, 0.18405181827097863, 5,4, 5
0.3422470564757533, 1.8689008635539839, 0.6637379232831884, 0.160734478679556, 8,7, 8
0.10051220647907935, 2.303164354065638, 0.8777699163158681, 0.5101320346776319, 14,7, 0
0.10051220647907935, 2.3674921951932775, 0.8777699163158681, 0.5101320346776319, 6,9, 0
