acuracia,loss,frr,fpr, removed, n_clf, tp_removed
0.09825051553249518, 2.3036959122288754, 0.8944041643372586, 0.40467750686587217, 0,10, 0
0.10570079159183131, 2.3070917609034045, 0.8842778554601874, 0.5261227679321319, 0,10, 0
0.1092263686556243, 2.3179264051871553, 0.8916058068041904, 0.5014946681355211, 0,10, 0
0.09958092197166234, 2.3051929014422003, 0.8933638062721464, 0.5770599431802894, 0,10, 0
0.09958092197166234, 2.313600198036102, 0.9424970931504327, 0.5923395424207478, 0,10, 0
0.10111088937670458, 2.381655477846263, 0.9116167084157132, 0.5799278470035188, 0,10, 0
0.10057872680103772, 2.3372434251665126, 0.8776844462303981, 0.5768408677987436, 0,10, 0
0.09878267810816205, 2.4132613078535874, 0.9000015148416551, 0.5800554038858234, 0,10, 0
0.10051220647907935, 2.4528858479741076, 0.8777699163158681, 0.5711309270827564, 0,10, 0
0.09878267810816205, 2.5386228479010327, 0.9000015148416551, 0.5829799719870377, 0,10, 0
0.0996474422936207, 2.4590897595883208, 0.9424463317291131, 0.5938547174740517, 0,10, 0
0.09904875939599547, 2.486284164685194, 0.8938837418790088, 0.5740488931542174, 0,10, 0
0.09904875939599547, 2.425264128126927, 0.8938837418790088, 0.5725605634779944, 0,10, 0
0.11800705115412759, 2.372109220991082, 0.8739118771092863, 0.4604354283987465, 0,10, 0
0.09958092197166234, 2.3716332983179242, 0.8933638062721464, 0.5837413074888893, 0,10, 0
0.10017960486928756, 2.3493710719110927, 0.8835487229879121, 0.5779731157554058, 0,10, 0
0.09958092197166234, 2.608620683661416, 0.8933638062721464, 0.580868430203504, 0,10, 0
0.10024612519124593, 2.3609612686052173, 0.88033626681359, 0.5645853910212356, 0,10, 0
0.10024612519124593, 2.4932841473152907, 0.88033626681359, 0.5582444054717282, 0,10, 0
0.09904875939599547, 2.3374000379110313, 0.8938837418790088, 0.5838079141837471, 0,10, 0
0.10024612519124593, 2.404587483498053, 0.88033626681359, 0.5651205175478514, 0,10, 0
0.10024612519124593, 2.3934784744390587, 0.88033626681359, 0.561278053869819, 0,10, 0
0.09904875939599547, 2.4816027078087406, 0.8938837418790088, 0.5755005038473097, 0,10, 0
0.09878267810816205, 2.6501076186812664, 0.9000015148416551, 0.5802981070764571, 0,10, 0
0.09878267810816205, 2.4482485758507315, 0.9000015148416551, 0.5826154588845277, 0,10, 0
0.09958092197166234, 2.381491173727581, 0.8933638062721464, 0.5775520465836174, 0,10, 0
0.09878267810816205, 2.418551443334128, 0.9000015148416551, 0.5809531318349934, 0,10, 0
0.09878267810816205, 2.385418967700152, 0.9000015148416551, 0.5800408449028899, 0,10, 0
0.09904875939599547, 2.458539921914017, 0.8938837418790088, 0.5756240282748429, 0,10, 0
0.10097784873278787, 2.378701102540917, 0.8896953824485279, 0.5765054768556565, 0,10, 0
0.09958092197166234, 2.530327578873356, 0.8933638062721464, 0.5792545959329832, 0,10, 0
0.09878267810816205, 2.589374559134818, 0.9000015148416551, 0.5810791148402816, 0,10, 0
0.09904875939599547, 2.5943029226835224, 0.8938837418790088, 0.5758622307358219, 0,10, 0
0.09878267810816205, 2.4137039592164107, 0.9000015148416551, 0.5798064959688172, 0,10, 0
0.10111088937670458, 2.439533618810782, 0.9116167084157132, 0.5809641930170258, 0,10, 0
0.10111088937670458, 2.4038244143048106, 0.9116167084157132, 0.5820216087014422, 0,10, 0
0.10097784873278787, 2.3989603977150082, 0.8896953824485279, 0.5708675864832549, 0,10, 0
0.10111088937670458, 2.3756794361014144, 0.9116167084157132, 0.5825497227316767, 0,10, 0
0.09904875939599547, 2.532966225738655, 0.8938837418790088, 0.5730695376696838, 0,10, 0
0.09904875939599547, 2.5122875383511944, 0.8938837418790088, 0.5716249450778773, 0,10, 0
0.09904875939599547, 2.345940122401049, 0.8938837418790088, 0.5730979460378538, 0,10, 0
0.10097784873278787, 2.381772584054932, 0.8896953824485279, 0.5718601050563407, 0,10, 0
0.10017960486928756, 2.420886770389374, 0.8835487229879121, 0.5734913636747524, 0,10, 0
0.10111088937670458, 2.409970349397344, 0.9116167084157132, 0.5801243631119046, 0,10, 0
0.10111088937670458, 2.3648770582982817, 0.9116167084157132, 0.5807775765028689, 0,10, 0
0.09878267810816205, 2.4866127643345406, 0.9000015148416551, 0.582294247830572, 0,10, 0
0.10111088937670458, 2.6491306393214553, 0.9116167084157132, 0.5803000407469913, 0,10, 0
0.09958092197166234, 2.3499901712214344, 0.8933638062721464, 0.5780697534849144, 0,10, 0
0.09878267810816205, 2.4055550547406748, 0.9000015148416551, 0.5781297412340641, 0,10, 0
0.09904875939599547, 2.3805222870751166, 0.8938837418790088, 0.5748670209282556, 0,10, 0
0.0996474422936207, 2.399438455299426, 0.9424463317291131, 0.5881362363676825, 0,10, 0
0.09904875939599547, 2.6073422607750363, 0.8938837418790088, 0.5688990620436464, 0,10, 0
0.10111088937670458, 2.340607284349746, 0.9116167084157132, 0.5825290929785156, 0,10, 0
0.09904875939599547, 2.4429971963704435, 0.8938837418790088, 0.5721311672746494, 0,10, 0
0.0996474422936207, 2.4374708773362963, 0.9424463317291131, 0.5948232220041759, 0,10, 0
0.09958092197166234, 2.3973693613567364, 0.8933638062721464, 0.5799509854297503, 0,10, 0
0.10111088937670458, 2.4970232165360144, 0.9116167084157132, 0.5790615083041969, 0,10, 0
0.10111088937670458, 2.4115330898729237, 0.9116167084157132, 0.5773447486466324, 0,10, 0
0.09904875939599547, 2.401274315803214, 0.8938837418790088, 0.5758062699924694, 0,10, 0
0.09958092197166234, 2.4203668725963983, 0.8933638062721464, 0.5797139508199378, 0,10, 0
0.09958092197166234, 2.386450184134597, 0.8933638062721464, 0.5760369859646999, 0,10, 0
0.09904875939599547, 2.5392227832217786, 0.8938837418790088, 0.576070576426636, 0,10, 0
0.09878267810816205, 2.5218831898645435, 0.9000015148416551, 0.5843993808290895, 0,10, 0
0.10111088937670458, 2.417904642649153, 0.9116167084157132, 0.5817111624787942, 0,10, 0
0.10051220647907935, 2.414796431439053, 0.8777699163158681, 0.5774517731908241, 0,10, 0
0.09904875939599547, 2.4810087017961298, 0.8938837418790088, 0.5742725442775553, 0,10, 0
0.10111088937670458, 2.491050312224559, 0.9116167084157132, 0.5818947522303966, 0,10, 0
0.09958092197166234, 2.386334864978883, 0.8933638062721464, 0.5817383577186009, 0,10, 0
0.09904875939599547, 2.4151605511904317, 0.8938837418790088, 0.5738343863769727, 0,10, 0
0.09878267810816205, 2.4477383646035333, 0.9000015148416551, 0.5807674714786476, 0,10, 0
0.09904875939599547, 2.5559044613901953, 0.8938837418790088, 0.5731135822128886, 0,10, 0
0.09958092197166234, 2.4293364596479488, 0.8933638062721464, 0.5779453368453062, 0,10, 0
0.09904875939599547, 2.390865219429979, 0.8938837418790088, 0.5786109018826866, 0,10, 0
0.09958092197166234, 2.692699932765796, 0.8933638062721464, 0.5798030873167623, 0,10, 0
0.10024612519124593, 2.4372117587892483, 0.88033626681359, 0.5582662899687432, 0,10, 0
0.0996474422936207, 2.4035174022659462, 0.9424463317291131, 0.5899042530144595, 0,10, 0
0.09904875939599547, 2.399487163756792, 0.8938837418790088, 0.5755641478152538, 0,10, 0
0.09904875939599547, 2.4614699047292006, 0.8938837418790088, 0.5728740197177622, 0,10, 0
0.09958092197166234, 2.3959887340810573, 0.8933638062721464, 0.5753208836694057, 0,10, 0
0.09958092197166234, 2.4170879102439957, 0.8933638062721464, 0.58166321558307, 0,10, 0
0.10051220647907935, 2.332210030525909, 0.8777699163158681, 0.5764577539152903, 0,10, 0
0.09958092197166234, 2.45404426037952, 0.8933638062721464, 0.5773783955116323, 0,10, 0
0.10097784873278787, 2.455925355769279, 0.8896953824485279, 0.5741679449810452, 0,10, 0
0.09904875939599547, 2.5278358549872837, 0.8938837418790088, 0.5765656200357523, 0,10, 0
0.09904875939599547, 2.37948758399297, 0.8938837418790088, 0.5752753766078661, 0,10, 0
0.09958092197166234, 2.405741326562946, 0.8933638062721464, 0.5808647553789665, 0,10, 0
0.10111088937670458, 2.5289406372561456, 0.9116167084157132, 0.5791540746012309, 0,10, 0
0.10111088937670458, 2.4067430234768983, 0.9116167084157132, 0.5825451975098204, 0,10, 0
0.10097784873278787, 2.3908334043872403, 0.8896953824485279, 0.570963060895512, 0,10, 0
0.09958092197166234, 2.413533792360603, 0.8933638062721464, 0.5759177981321227, 0,10, 0
0.10097784873278787, 2.5451986020112365, 0.8896953824485279, 0.5718711144240805, 0,10, 0
0.09904875939599547, 2.6569787556243454, 0.8938837418790088, 0.5755399561256653, 0,10, 0
0.09904875939599547, 2.6850010941566715, 0.8938837418790088, 0.5738488985666076, 0,10, 0
0.09904875939599547, 2.450637716602472, 0.8938837418790088, 0.5759476408284026, 0,10, 0
0.09878267810816205, 2.442593128938268, 0.9000015148416551, 0.5812999463546308, 0,10, 0
0.10024612519124593, 2.395421193077886, 0.88033626681359, 0.5654548579679922, 0,10, 0
0.10111088937670458, 2.4631840178315163, 0.9116167084157132, 0.5803965959431896, 0,10, 0
0.09878267810816205, 2.420783259820567, 0.9000015148416551, 0.5832558554293109, 0,10, 0
0.09904875939599547, 2.4879755889045927, 0.8938837418790088, 0.5734885725077103, 0,10, 0
0.10097784873278787, 2.402259552890349, 0.8896953824485279, 0.5697178327375415, 0,10, 0
0.10024612519124593, 2.496669545372208, 0.88033626681359, 0.5666727654729488, 0,10, 0
0.09731923102507817, 2.3045244308905093, 0.9177150956830847, 0.522276040219774, 0,10, 0
0.10111088937670458, 2.427390936113582, 0.9116167084157132, 0.585430044761847, 0,10, 0
0.1378966274196767, 2.327082125685263, 0.8730504002172864, 0.3878589032166763, 0,10, 0
0.1364997006585512, 2.327836735253482, 0.8706198082344693, 0.3822576327389495, 0,10, 0
0.10456994611853922, 2.295338374510708, 0.886905302431683, 0.5593622613142214, 0,10, 0
0.1589835694804763, 2.306718889708878, 0.8370296507729478, 0.3377602155225821, 0,10, 0
0.12904942459921506, 2.384346837793798, 0.8555343167071676, 0.38129901706789326, 0,10, 0
0.1684959755205215, 2.3121995172647787, 0.819972285018268, 0.32787444926838655, 0,10, 0
0.10210869420607996, 2.3065295583638954, 0.9102950658683625, 0.5722700264904775, 0,10, 0
0.09878267810816205, 2.3056896637753717, 0.9000015148416551, 0.5822037254903225, 0,10, 0
0.10111088937670458, 2.3786307378958096, 0.9116167084157132, 0.5784334461501698, 0,10, 0
0.10111088937670458, 2.490002391541828, 0.9116167084157132, 0.5806154173861153, 0,10, 0
0.10111088937670458, 2.4141812475508084, 0.9116167084157132, 0.581703270487255, 0,10, 0
0.09904875939599547, 2.583796841373607, 0.8938837418790088, 0.5762190412913533, 0,10, 0
0.10829508414820728, 2.364206439330812, 0.9037743623401631, 0.39857420191727, 0,10, 0
0.09904875939599547, 2.3585281761821966, 0.8938837418790088, 0.5739830840368445, 0,10, 0
0.10024612519124593, 2.4349269165469685, 0.88033626681359, 0.559151115999986, 0,10, 0
0.09878267810816205, 2.391692383817623, 0.9000015148416551, 0.58242441037118, 0,10, 0
0.10111088937670458, 2.3966812485667797, 0.9116167084157132, 0.5833769813997596, 0,10, 0
0.10111088937670458, 2.3832060809399658, 0.9116167084157132, 0.5779194672198841, 0,10, 0
0.09904875939599547, 2.4845776697408253, 0.8938837418790088, 0.5756079943920529, 0,10, 0
0.10024612519124593, 2.41999849980997, 0.88033626681359, 0.5602290452694605, 0,10, 0
0.10111088937670458, 2.4516777033768737, 0.9116167084157132, 0.5821777347796383, 0,10, 0
0.10151001130845473, 2.4349719160832084, 0.9111078744696722, 0.5789676195169825, 0,10, 0
0.09958092197166234, 2.4000417530231353, 0.8933638062721464, 0.5774841517065706, 0,10, 0
0.09904875939599547, 2.435565435045027, 0.8938837418790088, 0.5744623025510723, 0,10, 0
0.10111088937670458, 2.35834248168402, 0.9116167084157132, 0.5786283945733398, 0,10, 0
0.09958092197166234, 2.369864513875164, 0.8933638062721464, 0.5838443416105429, 0,10, 0
0.10051220647907935, 2.373881236407632, 0.8777699163158681, 0.5732960861419372, 0,10, 0
0.09904875939599547, 2.3942488497272425, 0.8938837418790088, 0.5733089535170115, 0,10, 0
0.09904875939599547, 2.456543186812679, 0.8938837418790088, 0.5755618354755895, 0,10, 0
0.10051220647907935, 2.3841677930138903, 0.8777699163158681, 0.576781320880514, 0,10, 0
0.10024612519124593, 2.36246608901958, 0.88033626681359, 0.5595608745027488, 0,10, 0
0.09878267810816205, 2.388149125913989, 0.9000015148416551, 0.5829076324707101, 0,10, 0
0.10051220647907935, 2.3624591199349223, 0.8777699163158681, 0.5753755825657658, 0,10, 0
0.09958092197166234, 2.4119575232761012, 0.8933638062721464, 0.58750190326877, 0,10, 0
0.10111088937670458, 2.600384717833565, 0.9116167084157132, 0.5778390040986927, 0,10, 0
0.10051220647907935, 2.44988528383093, 0.8777699163158681, 0.5763798766193655, 0,10, 0
0.10097784873278787, 2.4077204445644997, 0.8896953824485279, 0.5711512721387604, 0,10, 0
0.09904875939599547, 2.478873897382284, 0.8938837418790088, 0.5742215292775086, 0,10, 0
0.09904875939599547, 2.4547944744689683, 0.8938837418790088, 0.577024932940403, 0,10, 0
0.09878267810816205, 2.390642105973997, 0.9000015148416551, 0.5831108787269301, 0,10, 0
0.0996474422936207, 2.4658174741881136, 0.9424463317291131, 0.5898272736886724, 0,10, 0
0.09878267810816205, 2.378770464782839, 0.9000015148416551, 0.5811151468769384, 0,10, 0
0.09878267810816205, 2.4671207675754308, 0.9000015148416551, 0.581071419711183, 0,10, 0
0.10017960486928756, 2.333813795173968, 0.8835487229879121, 0.5777773070058655, 0,10, 0
0.10017960486928756, 2.441662852321486, 0.8835487229879121, 0.5733914809855605, 0,10, 0
0.10051220647907935, 2.4172692347261187, 0.8777699163158681, 0.5822371816204948, 0,10, 0
0.10111088937670458, 2.375452377470574, 0.9116167084157132, 0.5811086378240776, 0,10, 0
0.09958092197166234, 2.3748866258438004, 0.8933638062721464, 0.5762945422991295, 0,10, 0
0.09878267810816205, 2.363575369403136, 0.9000015148416551, 0.57999707756291, 0,10, 0
0.09904875939599547, 2.4503906230476735, 0.8938837418790088, 0.5759012014656327, 0,10, 0
0.10017960486928756, 2.475071269500155, 0.8835487229879121, 0.5716362825554705, 0,10, 0
0.09904875939599547, 2.468270912797185, 0.8938837418790088, 0.5769147371731634, 0,10, 0
0.10097784873278787, 2.4472539102865425, 0.8896953824485279, 0.5754078556030077, 0,10, 0
0.09958092197166234, 2.5228811083324953, 0.8933638062721464, 0.5780247030145514, 0,10, 0
0.09958092197166234, 2.366047527375656, 0.8933638062721464, 0.5747640601169747, 0,10, 0
0.09958092197166234, 2.688671692897561, 0.8933638062721464, 0.579178262401959, 0,10, 0
0.09958092197166234, 2.446750140860989, 0.8933638062721464, 0.5753657947950914, 0,10, 0
0.09904875939599547, 2.47910552607526, 0.8938837418790088, 0.5767108838422943, 0,10, 0
0.09904875939599547, 2.442655932306173, 0.8938837418790088, 0.5741291290159751, 0,10, 0
0.0996474422936207, 2.412866790629445, 0.9424463317291131, 0.5880814601059748, 0,10, 0
0.09904875939599547, 2.439785333733783, 0.8938837418790088, 0.5754163707071097, 0,10, 0
0.10111088937670458, 2.4286597799193808, 0.9116167084157132, 0.5803021371991424, 0,10, 0
0.10097784873278787, 2.4836194904821327, 0.8896953824485279, 0.5762783206217508, 0,10, 0
0.09904875939599547, 2.5474347084461315, 0.8938837418790088, 0.5743907427792664, 0,10, 0
0.09904875939599547, 2.553878940096208, 0.8938837418790088, 0.5740765312236855, 0,10, 0
0.10111088937670458, 2.5051876768209116, 0.9116167084157132, 0.5827824557362858, 0,10, 0
0.09878267810816205, 2.372632747835832, 0.9000015148416551, 0.5821573528023244, 0,10, 0
0.10017960486928756, 2.404802966901327, 0.8835487229879121, 0.5752940330646963, 0,10, 0
0.10111088937670458, 2.4475889213545265, 0.9116167084157132, 0.5791293634476652, 0,10, 0
0.10111088937670458, 2.4518508118862465, 0.9116167084157132, 0.5828735152305667, 0,10, 0
0.10111088937670458, 2.453295673659832, 0.9116167084157132, 0.5828606902453365, 0,10, 0
0.10111088937670458, 2.389885748320058, 0.9116167084157132, 0.5799450512985342, 0,10, 0
0.09958092197166234, 2.38995036345823, 0.8933638062721464, 0.5789352438741946, 0,10, 0
0.10024612519124593, 2.433742682892414, 0.88033626681359, 0.5647243969128839, 0,10, 0
0.10024612519124593, 2.5118281578721064, 0.88033626681359, 0.5637766164110399, 0,10, 0
0.09904875939599547, 2.642232929899776, 0.8938837418790088, 0.5720993450981622, 0,10, 0
0.09878267810816205, 2.4694530288830396, 0.9000015148416551, 0.5792747664486426, 0,10, 0
0.10097784873278787, 2.414291625749896, 0.8896953824485279, 0.5700380741331513, 0,10, 0
0.0996474422936207, 2.4058817783880477, 0.9424463317291131, 0.5886596159957275, 0,10, 0
0.09878267810816205, 2.349921358945658, 0.9000015148416551, 0.5800919954429122, 0,10, 0
0.09904875939599547, 2.4280712783816396, 0.8938837418790088, 0.5707652343806054, 0,10, 0
0.0996474422936207, 2.4868525133267423, 0.8806340313201744, 0.5604501528547211, 0,10, 0
0.09904875939599547, 2.526011657256499, 0.8938837418790088, 0.577026559592665, 0,10, 0
0.09958092197166234, 2.3491736583618366, 0.8933638062721464, 0.5779294654996793, 0,10, 0
0.09958092197166234, 2.3291650868489864, 0.8933638062721464, 0.5792092156775408, 0,10, 0
0.09958092197166234, 2.3868044032820888, 0.8933638062721464, 0.5785893444302591, 0,10, 0
0.09904875939599547, 2.4515324509136693, 0.8938837418790088, 0.5708852418168244, 0,10, 0
0.09958092197166234, 2.3653624198762335, 0.8933638062721464, 0.5794689815100039, 0,10, 0
0.09904875939599547, 2.4921187722959703, 0.8938837418790088, 0.5735736827393167, 0,10, 0
0.09878267810816205, 2.3298646248735797, 0.9000015148416551, 0.5769620905525429, 0,10, 0
0.09904875939599547, 2.44218988502001, 0.8938837418790088, 0.5732681992393356, 0,10, 0
0.10097784873278787, 2.3678356696688185, 0.8896953824485279, 0.5732921822652645, 0,10, 0
0.10111088937670458, 2.368033455999868, 0.9116167084157132, 0.5850873422018718, 0,10, 0
0.10024612519124593, 2.4384834187747493, 0.88033626681359, 0.5645827189986878, 0,10, 0
0.09878267810816205, 2.376349631797797, 0.9000015148416551, 0.5844131440494043, 0,10, 0
0.09904875939599547, 2.552032762116827, 0.8938837418790088, 0.5756068434678825, 0,10, 0
0.09878267810816205, 2.4237717359213344, 0.9000015148416551, 0.580324400629945, 0,10, 0
0.09958092197166234, 2.4407359954879913, 0.8933638062721464, 0.5754058158966342, 0,10, 0
0.0996474422936207, 2.396685184447865, 0.9424463317291131, 0.5927762577442482, 0,10, 0
0.10749684028470698, 2.304226052996594, 0.8860491403841432, 0.2898895845106502, 0,10, 0
0.10017960486928756, 2.328042681477451, 0.8835487229879121, 0.5721208181813259, 0,10, 0
0.1366327413024679, 2.360185063909027, 0.8619253788174861, 0.3832810925678471, 0,10, 0
0.10303997871349697, 2.42371464658226, 0.91078300955961, 0.5765664632160812, 0,10, 0
0.09958092197166234, 2.3835457268568807, 0.8933638062721464, 0.5774596029528203, 0,10, 0
0.09878267810816205, 2.4258065337566355, 0.9000015148416551, 0.5799929962778186, 0,10, 0
0.1323089203751746, 2.479725792150587, 0.8792575044364096, 0.405095260925946, 0,10, 0
0.09998004390341249, 2.4843144294055155, 0.927280790114647, 0.5910084662188134, 0,10, 0
0.09991352358145414, 2.393776745518025, 0.9273376082964652, 0.5896341109824764, 0,10, 0
0.10829508414820728, 2.581261454751881, 0.9038959047740299, 0.5026603300732314, 0,10, 0
0.13829574935142686, 2.350327971468014, 0.8721525940262478, 0.39264769608219313, 0,10, 0
0.15525843145080823, 2.2918412720364882, 0.8255841384144961, 0.3829731328525737, 0,10, 0
0.16490387813477017, 2.231838298210292, 0.8170576716213952, 0.3210626602941893, 0,10, 0
0.13776358677576, 2.253071653940463, 0.8557065637980376, 0.44522864420706765, 0,10, 0
0.12253043304729595, 2.2825715461034526, 0.8805170034773744, 0.5061415063019146, 0,10, 0
0.10743031996274861, 2.3627042049523608, 0.8897769386704113, 0.5144584638904511, 0,10, 0
0.14920508215259762, 2.300402857709659, 0.8537282620096746, 0.3571834069439527, 0,10, 0
0.1517993747089736, 2.2481280937964336, 0.8585253174121668, 0.38472512084829447, 0,10, 0
0.09998004390341249, 2.2839208578846137, 0.8929774824447587, 0.5778078932026283, 0,10, 0
0.16450475620302002, 2.3086837114691776, 0.8426963034772288, 0.3328254801593273, 0,10, 0
0.1559236346703918, 2.3225765863293097, 0.824854368027557, 0.3877520848817672, 0,10, 0
0.15998137430985165, 2.3091763252032966, 0.8254849923996302, 0.33774335560635727, 0,10, 0
0.1326415219849664, 2.443103191167907, 0.852019317278122, 0.39153291660038514, 0,10, 0
0.1020421738841216, 2.379483708370741, 0.8913587131012513, 0.5568019603813912, 0,10, 0
0.1629082684760194, 2.2704195401106007, 0.8111112527740244, 0.33318298392134565, 0,10, 0
0.10037916583516264, 2.2851579164242244, 0.9266566615803156, 0.5731459059458625, 0,10, 0
0.10310649903545534, 2.258170870260303, 0.9236833116790452, 0.562208759722872, 0,10, 0
0.1221313111155458, 2.3294469058961678, 0.8693907367236943, 0.4361385520525194, 0,10, 0
0.09991352358145414, 2.4300759287641123, 0.9272090778011725, 0.5846181153855101, 0,10, 0
0.1538615046896827, 2.282617847291262, 0.8541205587214532, 0.3816661254650559, 0,10, 0
0.14913856183063925, 2.2784482988778016, 0.8584499168852, 0.3829279560834012, 0,10, 0
0.15040244794784807, 2.27265340611185, 0.837621215502599, 0.41883753093586107, 0,10, 0
0.09878267810816205, 2.4447317191490767, 0.9000015148416551, 0.5824451338243979, 0,10, 0
0.09991352358145414, 2.450866920651611, 0.9273376082964652, 0.589314990944914, 0,10, 0
0.14388345639592895, 2.273071310457209, 0.840360704401697, 0.3708083648006644, 0,10, 0
0.09991352358145414, 2.321728171270098, 0.9273376082964652, 0.5940972833729493, 0,10, 0
0.09991352358145414, 2.3830124983044985, 0.9273376082964652, 0.5892101735937415, 0,10, 0
0.10909332801170758, 2.364876911334551, 0.8760778983626585, 0.5503004336908451, 0,10, 0
0.10011308454732921, 2.3114186837939155, 0.8836002693796646, 0.5789660830934377, 0,10, 0
0.10064524712299608, 2.5521012084344377, 0.8774499402393132, 0.5850916291668973, 0,10, 0
0.11355018958291759, 2.3564796840122404, 0.8783382562175482, 0.5363002470851973, 0,10, 0
0.14408301736180404, 2.342366345571217, 0.8815937153764056, 0.3914093768229537, 0,10, 0
0.09958092197166234, 2.472816028154389, 0.8933638062721464, 0.5835202793313111, 0,10, 0
0.09878267810816205, 2.434947879880772, 0.9000015148416551, 0.582215501621265, 0,10, 0
0.11268542539745892, 2.3554357290109347, 0.87543652866058, 0.38047234451001843, 0,10, 0
0.10676511674316504, 2.541595389859957, 0.9135127529923349, 0.4291820571811566, 0,10, 0
0.10004656422537085, 2.401845506499534, 0.8924126858138769, 0.5739776522916332, 0,10, 0
0.15366194372380762, 2.325593276976397, 0.8271560872555852, 0.3785244143521925, 0,10, 0
0.09878267810816205, 2.415650956598829, 0.9000015148416551, 0.5791374966985656, 0,10, 0
0.09878267810816205, 2.572014387945037, 0.9000015148416551, 0.5853328314253572, 0,10, 0
0.0996474422936207, 2.4777459020997794, 0.9424463317291131, 0.5862114525694058, 0,10, 0
0.09958092197166234, 2.3713877809774866, 0.9002187517808534, 0.5276318856464635, 0,10, 0
0.0996474422936207, 2.3839221811735456, 0.9424463317291131, 0.5873855941801923, 0,10, 0
0.09878267810816205, 2.446384635607909, 0.9000015148416551, 0.5862604421326265, 0,10, 0
0.10111088937670458, 2.370014600543485, 0.9116167084157132, 0.583493031739043, 0,10, 0
0.09958092197166234, 2.437511667253363, 0.8933638062721464, 0.5804618749038394, 0,10, 0
0.09878267810816205, 2.4098559762715803, 0.9000015148416551, 0.5804204789234336, 0,10, 0
0.1205348233885452, 2.415704781674644, 0.873361063309943, 0.4160784304201745, 0,10, 0
0.0996474422936207, 2.4238619835150104, 0.9424463317291131, 0.5907292944290475, 0,10, 0
0.10131045034257966, 2.4202128849462192, 0.9113157888026574, 0.5655396055431294, 0,10, 0
0.10111088937670458, 2.4252642580335713, 0.9116167084157132, 0.5776349288126716, 0,10, 0
0.0996474422936207, 2.4442726767389056, 0.9424463317291131, 0.5918803655844865, 0,10, 0
0.09878267810816205, 2.3894404107872647, 0.9000015148416551, 0.5815821838177185, 0,10, 0
0.10017960486928756, 2.406634853809709, 0.8835487229879121, 0.5710176262111291, 0,10, 0
0.09958092197166234, 2.615183085720593, 0.8933638062721464, 0.5790225258306024, 0,10, 0
0.09958092197166234, 2.5768544306292283, 0.8933638062721464, 0.5785264947791842, 0,10, 0
0.09958092197166234, 2.4466130976698195, 0.8933638062721464, 0.5785807596372657, 0,10, 0
0.09958092197166234, 2.409999709575625, 0.8933638062721464, 0.5773723254894025, 0,10, 0
0.09878267810816205, 2.3841458285377466, 0.9000015148416551, 0.5808929882090371, 0,10, 0
0.10064524712299608, 2.3609782993091697, 0.8774735358297693, 0.5768928207539108, 0,10, 0
0.10111088937670458, 2.414435697221981, 0.9116167084157132, 0.5790537258839777, 0,10, 0
0.09878267810816205, 2.539533850985405, 0.9000015148416551, 0.5825866070603651, 0,10, 0
0.10051220647907935, 2.3989037823345596, 0.8777699163158681, 0.574012033654062, 0,10, 0
0.0996474422936207, 2.5427441758436413, 0.9424463317291131, 0.5860700509365838, 0,10, 0
0.0996474422936207, 2.4336206798725386, 0.9424463317291131, 0.5949754527507776, 0,10, 0
0.09878267810816205, 2.3571578164082565, 0.9000015148416551, 0.5873790349683884, 0,10, 0
0.09991352358145414, 2.3787475138107697, 0.9273376082964652, 0.5863520248418032, 0,10, 0
0.09991352358145414, 2.4840426348025377, 0.9273376082964652, 0.5881430056069196, 0,10, 0
0.09878267810816205, 2.4535632254810444, 0.9000015148416551, 0.5837912223268953, 0,10, 0
0.10017960486928756, 2.3827028525594875, 0.8835487229879121, 0.5736922057635134, 0,10, 0
0.09958092197166234, 2.469998871376912, 0.8933638062721464, 0.5810679608217462, 0,10, 0
0.10051220647907935, 2.3623247841815544, 0.8777699163158681, 0.5791615019213254, 0,10, 0
0.09991352358145414, 2.4041322949387345, 0.9273376082964652, 0.5901580500771456, 0,10, 0
0.10111088937670458, 2.3862509750395264, 0.9116167084157132, 0.5781770415635173, 0,10, 0
0.0996474422936207, 2.403876697629351, 0.9424463317291131, 0.5912805198475909, 0,10, 0
0.09991352358145414, 2.423411754872567, 0.9273376082964652, 0.5883365834185041, 0,10, 0
0.10017960486928756, 2.397150623174292, 0.8835487229879121, 0.57625013713529, 0,10, 0
0.09878267810816205, 2.4399355127133746, 0.9000015148416551, 0.581552307563223, 0,10, 0
0.10111088937670458, 2.3466627458957334, 0.9116167084157132, 0.5786883014872263, 0,10, 0
0.10111088937670458, 2.37045577338758, 0.9116167084157132, 0.5802808231166307, 0,10, 0
0.09991352358145414, 2.451276478213575, 0.9273376082964652, 0.5914238115735614, 0,10, 0
0.09958092197166234, 2.474105625367328, 0.8933638062721464, 0.5775353908154082, 0,10, 0
0.09958092197166234, 2.4081242170066153, 0.8933638062721464, 0.5773957605360196, 0,10, 0
0.09958092197166234, 2.501482464307195, 0.8933638062721464, 0.5857031547457252, 0,10, 0
0.10111088937670458, 2.393177214983908, 0.9116167084157132, 0.5813781600418899, 0,10, 0
0.10051220647907935, 2.3942723431558988, 0.8777699163158681, 0.5740918401692461, 0,10, 0
0.10111088937670458, 2.5815177489633863, 0.9116167084157132, 0.5840837713160953, 0,10, 0
0.10051220647907935, 2.378034123346365, 0.8777699163158681, 0.5718903838135817, 0,10, 0
0.09878267810816205, 2.4073616534675706, 0.9000015148416551, 0.5764209279434487, 0,10, 0
0.09991352358145414, 2.446534832112448, 0.9273376082964652, 0.5892045497286197, 0,10, 0
0.09878267810816205, 2.479575406091145, 0.9000015148416551, 0.5802374197180671, 0,10, 0
0.10004656422537085, 2.3032175507491863, 0.9101530641946712, 0.3608499160002207, 0,10, 0
0.09991352358145414, 2.3010345303527786, 0.9273376082964652, 0.5900141241490636, 0,10, 0
0.10077828776691279, 2.315988598021809, 0.8946407519710193, 0.5575646064873139, 0,10, 0
0.09904875939599547, 2.3487517004486316, 0.8938837418790088, 0.5813172847261332, 0,10, 0
0.09878267810816205, 2.370486655960395, 0.9000015148416551, 0.5835293338664339, 0,10, 0
0.1323089203751746, 2.427019411635908, 0.8597750652368847, 0.34236434474961863, 0,10, 0
0.10111088937670458, 2.3360914603398086, 0.9116167084157132, 0.5794238347017285, 0,10, 0
0.09904875939599547, 2.413070103210706, 0.8938837418790088, 0.5698856278106725, 0,10, 0
0.10137697066453802, 2.3540083678794987, 0.8975396766932068, 0.5579296341885074, 0,10, 0
0.1092263686556243, 2.3145498325667253, 0.8698642086664896, 0.5034127899042938, 0,10, 0
0.0996474422936207, 2.3818553428977247, 0.9424463317291131, 0.5893925713591183, 0,10, 0
0.1345706113217588, 2.348429511750061, 0.8455182685156428, 0.430586859555048, 0,10, 0
0.10111088937670458, 2.3281047813337117, 0.9116167084157132, 0.5809365529997708, 0,10, 0
0.09991352358145414, 2.413064199032235, 0.9273376082964652, 0.5920660809476348, 0,10, 0
0.10111088937670458, 2.42004926949452, 0.9116167084157132, 0.5811935407508672, 0,10, 0
0.09904875939599547, 2.519185323237199, 0.8938837418790088, 0.5714067470821614, 0,10, 0
0.09878267810816205, 2.3870453417265494, 0.9000015148416551, 0.5894321470739003, 0,10, 0
0.09878267810816205, 2.402781357762343, 0.9000015148416551, 0.5777258681284639, 0,10, 0
0.09878267810816205, 2.4125695933063676, 0.9000015148416551, 0.5801535011394608, 0,10, 0
0.09958092197166234, 2.4470639249359087, 0.8933638062721464, 0.5788548504255148, 0,10, 0
0.0996474422936207, 2.375268691886425, 0.9424463317291131, 0.5886319687483758, 0,10, 0
0.09904875939599547, 2.456823148873643, 0.8938837418790088, 0.5729852483748887, 0,10, 0
0.09958092197166234, 2.431020208154619, 0.8933638062721464, 0.5791105142987008, 0,10, 0
0.09958092197166234, 2.4832252727125503, 0.8933638062721464, 0.5805805409792799, 0,10, 0
0.10024612519124593, 2.4999297374436567, 0.88033626681359, 0.5648905284781001, 0,10, 0
0.09878267810816205, 2.4467212463467214, 0.9000015148416551, 0.5904261122509562, 0,10, 0
0.09878267810816205, 2.4233301251042287, 0.9000015148416551, 0.5765979916864796, 0,10, 0
0.10111088937670458, 2.3474517534222104, 0.9116167084157132, 0.5849311434595301, 0,10, 0
0.09904875939599547, 2.465632607271863, 0.8938837418790088, 0.5749491312292214, 0,10, 0
0.10024612519124593, 2.4468560203585743, 0.88033626681359, 0.5594195251076237, 0,10, 0
0.10111088937670458, 2.410167194622874, 0.9116167084157132, 0.5810754902407287, 0,10, 0
0.09878267810816205, 2.422878470240354, 0.9000015148416551, 0.5790039062263053, 0,10, 0
0.09878267810816205, 2.456397325980055, 0.9000015148416551, 0.5813433610413055, 0,10, 0
0.09904875939599547, 2.676019213061319, 0.8938837418790088, 0.5710980811370975, 0,10, 0
0.0996474422936207, 2.3759947054988646, 0.9424463317291131, 0.5902849039380531, 0,10, 0
0.09958092197166234, 2.446252008679622, 0.8933638062721464, 0.5825944515037811, 0,10, 0
0.09958092197166234, 2.4147971449185057, 0.8933638062721464, 0.5753906294258055, 0,10, 0
0.09878267810816205, 2.5712724814655727, 0.9000015148416551, 0.5788776685569197, 0,10, 0
0.09958092197166234, 2.4316642789286242, 0.8933638062721464, 0.5811212406945216, 0,10, 0
0.0996474422936207, 2.425332055503892, 0.9424463317291131, 0.5874248955333067, 0,10, 0
0.09991352358145414, 2.5147482264678667, 0.9273376082964652, 0.5900992458038111, 0,10, 0
0.0996474422936207, 2.435087375850851, 0.9424463317291131, 0.5869634856449307, 0,10, 0
0.0996474422936207, 2.4272174297561904, 0.9424463317291131, 0.5972697842138632, 0,10, 0
0.10024612519124593, 2.424281410865502, 0.88033626681359, 0.5625856409940809, 0,10, 0
0.09991352358145414, 2.3709250899328014, 0.9273376082964652, 0.5906594769479241, 0,10, 0
0.09878267810816205, 2.466298863677329, 0.9000015148416551, 0.5828994160850597, 0,10, 0
0.10051220647907935, 2.4213983797229295, 0.8777699163158681, 0.5758652716818543, 0,10, 0
0.09878267810816205, 2.3865765887709394, 0.9000015148416551, 0.579524708903188, 0,10, 0
0.09991352358145414, 2.461013788219968, 0.9273376082964652, 0.5898960995020875, 0,10, 0
0.09904875939599547, 2.437367777580797, 0.8938837418790088, 0.5724822435534351, 0,10, 0
0.09904875939599547, 2.4933471690551383, 0.8938837418790088, 0.5748444680482824, 0,10, 0
0.09904875939599547, 2.4340486204775638, 0.8938837418790088, 0.5710096563878684, 0,10, 0
0.09958092197166234, 2.506397459477331, 0.8933638062721464, 0.575799592210777, 0,10, 0
0.09904875939599547, 2.458696451934442, 0.8938837418790088, 0.5741300034135985, 0,10, 0
0.10017960486928756, 2.400159700968495, 0.8835487229879121, 0.5735299992531054, 0,10, 0
0.09958092197166234, 2.369742572145025, 0.8933638062721464, 0.5797438258526343, 0,10, 0
0.10111088937670458, 2.374614097167574, 0.9116167084157132, 0.5872904509345332, 0,10, 0
0.09904875939599547, 2.577379708763353, 0.8938837418790088, 0.5741932935926546, 0,10, 0
0.09991352358145414, 2.3998378210658364, 0.9273376082964652, 0.5941544101240219, 0,10, 0
0.09904875939599547, 2.4165805168972754, 0.8938837418790088, 0.5757533199800018, 0,10, 0
0.09904875939599547, 2.51507894683406, 0.8938837418790088, 0.5760103667285861, 0,10, 0
0.09904875939599547, 2.5676191083718654, 0.8938837418790088, 0.5794176983400229, 0,10, 0
0.10017960486928756, 2.4627083664302667, 0.8835487229879121, 0.5775822086101329, 0,10, 0
0.10024612519124593, 2.583194849813547, 0.88033626681359, 0.5593962633350148, 0,10, 0
0.09878267810816205, 2.520780340280154, 0.9000015148416551, 0.58626173418873, 0,10, 0
0.0996474422936207, 2.4132843896363028, 0.9424463317291131, 0.5930299693789727, 0,10, 0
0.09878267810816205, 2.3995861148260107, 0.9000015148416551, 0.581077101925277, 0,10, 0
0.09904875939599547, 2.3647630956924215, 0.8938837418790088, 0.5766833342011397, 0,10, 0
0.09878267810816205, 2.44144856186753, 0.9000015148416551, 0.5802598413753177, 0,10, 0
0.09878267810816205, 2.4422239486403408, 0.9000015148416551, 0.5788162686797055, 0,10, 0
0.09958092197166234, 2.3316164229719143, 0.8933638062721464, 0.5753244194364817, 0,10, 0
0.10024612519124593, 2.5476470409749328, 0.88033626681359, 0.5652883480195571, 0,10, 0
0.10024612519124593, 2.460568911244371, 0.88033626681359, 0.5604437923334389, 0,10, 0
0.09958092197166234, 2.5413483960625496, 0.8933638062721464, 0.5777205310838461, 0,10, 0
0.10017960486928756, 2.4825507347704145, 0.8835487229879121, 0.5772392989918884, 0,10, 0
0.10111088937670458, 2.448138202877409, 0.9116167084157132, 0.5800056406792273, 0,10, 0
0.09958092197166234, 2.435170751222869, 0.8933638062721464, 0.5788897240901022, 0,10, 0
0.09878267810816205, 2.5057990224681945, 0.9000015148416551, 0.5772702777670995, 0,10, 0
0.09958092197166234, 2.415155467512539, 0.8933638062721464, 0.579274919022321, 0,10, 0
0.09991352358145414, 2.429336445374236, 0.9273376082964652, 0.5884951715582865, 0,10, 0
0.09958092197166234, 2.364618102931488, 0.8933638062721464, 0.582585897111163, 0,10, 0
0.09958092197166234, 2.4312009660020717, 0.8933638062721464, 0.5802582330896, 0,10, 0
0.09904875939599547, 2.4655796905989056, 0.8938837418790088, 0.5760182575298267, 0,10, 0
0.09958092197166234, 2.416686567409797, 0.8933638062721464, 0.5765061323322073, 0,10, 0
0.09904875939599547, 2.346796904885031, 0.8938837418790088, 0.5730051024383567, 0,10, 0
0.09878267810816205, 2.3947001593734485, 0.9000015148416551, 0.5835839275944944, 0,10, 0
0.10111088937670458, 2.4172433320454463, 0.9116167084157132, 0.5842668995030544, 0,10, 0
0.09991352358145414, 2.4850980193919625, 0.9273376082964652, 0.5940910952858259, 0,10, 0
0.09878267810816205, 2.4007559016278535, 0.9000015148416551, 0.5779302059674187, 0,10, 0
0.09958092197166234, 2.419327388914856, 0.8933638062721464, 0.5839647392152245, 0,10, 0
0.10017960486928756, 2.3835912453218713, 0.8835487229879121, 0.5740146820221327, 0,10, 0
0.09878267810816205, 2.4550950964759752, 0.9000015148416551, 0.5778132913623347, 0,10, 0
0.09958092197166234, 2.3853818121161328, 0.8933638062721464, 0.5812708503389171, 0,10, 0
0.10051220647907935, 2.4150108350676898, 0.8777699163158681, 0.5792170634306375, 0,10, 0
0.09958092197166234, 2.519480012772065, 0.8933638062721464, 0.5787819720879825, 0,10, 0
0.09904875939599547, 2.502211265988053, 0.8938837418790088, 0.5743537781569424, 0,10, 0
0.09958092197166234, 2.4487474397660445, 0.8933638062721464, 0.5821667967564107, 0,10, 0
0.09958092197166234, 2.4846195298294926, 0.8933638062721464, 0.5782271392620043, 0,10, 0
0.09878267810816205, 2.4012370773047844, 0.9000015148416551, 0.5809392168251355, 0,10, 0
0.09878267810816205, 2.4277964158820384, 0.9000015148416551, 0.5781894934988482, 0,10, 0
0.09991352358145414, 2.5251351304137684, 0.9273376082964652, 0.5910383194965244, 0,10, 0
0.09805095456662011, 2.3043190285029196, 0.8883993872117013, 0.3473523464056755, 0,10, 0
0.10111088937670458, 2.3013801496835997, 0.9116167084157132, 0.5790159504532736, 0,10, 0
0.09878267810816205, 2.3327437636936796, 0.9000015148416551, 0.5825473172185487, 0,10, 0
0.15073504955763986, 2.3106543073347767, 0.8429947646089979, 0.39829866781237144, 0,10, 0
0.10111088937670458, 2.398215674508683, 0.9116167084157132, 0.5793529701164016, 0,10, 0
0.10111088937670458, 2.3724503129064494, 0.9116167084157132, 0.580294840478927, 0,10, 0
0.09991352358145414, 2.3804590461544826, 0.9273376082964652, 0.5895588113489033, 0,10, 0
0.10011308454732921, 2.332299521121168, 0.8983162152663238, 0.5767492616907025, 0,10, 0
0.10051220647907935, 2.331367580887325, 0.8777699163158681, 0.5803833471587472, 0,10, 0
0.09878267810816205, 2.4017739012467683, 0.9000015148416551, 0.5797146801288698, 0,10, 0
0.10111088937670458, 2.348230577043325, 0.9116167084157132, 0.5821881530815617, 0,10, 0
0.10051220647907935, 2.355150331099939, 0.8777699163158681, 0.5733149998379201, 0,10, 0
0.09958092197166234, 2.327009545633086, 0.8933638062721464, 0.5797228602397287, 0,10, 0
0.09878267810816205, 2.4919338158994013, 0.9000015148416551, 0.5873798313180665, 0,10, 0
0.10111088937670458, 2.504548831399326, 0.9116167084157132, 0.5800813261407707, 0,10, 0
0.09878267810816205, 2.4228414753386893, 0.9000015148416551, 0.5804067272153196, 0,10, 0
0.09878267810816205, 2.3850439850825524, 0.9000015148416551, 0.5800024684462679, 0,10, 0
0.09878267810816205, 2.3906120811957985, 0.9000015148416551, 0.578917043286603, 0,10, 0
0.09958092197166234, 2.4661073947487293, 0.8933638062721464, 0.5774551636956494, 0,10, 0
0.0996474422936207, 2.51256850747809, 0.9424463317291131, 0.5915677305596485, 0,10, 0
0.09958092197166234, 2.353425478630736, 0.8933638062721464, 0.5739372693736575, 0,10, 0
0.10111088937670458, 2.5481379615057573, 0.9116167084157132, 0.5800326186169289, 0,10, 0
0.10111088937670458, 2.4137310345618697, 0.9116167084157132, 0.5815278458689543, 0,10, 0
0.09958092197166234, 2.358790021214523, 0.8933638062721464, 0.5791406892033066, 0,10, 0
0.09991352358145414, 2.5137528870496366, 0.9273376082964652, 0.5893077966744761, 0,10, 0
0.10111088937670458, 2.39895472132913, 0.9116167084157132, 0.5791260079402621, 0,10, 0
0.09991352358145414, 2.478433180844991, 0.9273376082964652, 0.597315060707611, 0,10, 0
0.09991352358145414, 2.716070509064755, 0.9273376082964652, 0.5938345469486964, 0,10, 0
0.10111088937670458, 2.38693885906152, 0.9116167084157132, 0.5808979789558569, 0,10, 0
0.09958092197166234, 2.3917639874764913, 0.8933638062721464, 0.5773439173743076, 0,10, 0
0.10111088937670458, 2.4015790330573075, 0.9116167084157132, 0.5864481879812472, 0,10, 0
0.09991352358145414, 2.556339639782517, 0.9273376082964652, 0.5868333756907608, 0,10, 0
0.09991352358145414, 2.444129068274337, 0.9273376082964652, 0.5889994378186618, 0,10, 0
0.09878267810816205, 2.4525922293403877, 0.9000015148416551, 0.5841087916791726, 0,10, 0
0.09991352358145414, 2.4370851014447545, 0.9273376082964652, 0.5910698653759949, 0,10, 0
0.09878267810816205, 2.4794375529619446, 0.9000015148416551, 0.5785516716848903, 0,10, 0
0.10111088937670458, 2.602760045826415, 0.9116167084157132, 0.5783572636449426, 0,10, 0
0.09991352358145414, 2.4513275729660693, 0.9273376082964652, 0.58831886619542, 0,10, 0
0.09958092197166234, 2.3923123530393777, 0.8933638062721464, 0.5784225362151557, 0,10, 0
0.09878267810816205, 2.445566166884915, 0.9000015148416551, 0.5828027142195701, 0,10, 0
0.09878267810816205, 2.3453409839182378, 0.9000015148416551, 0.5793195887119285, 0,10, 0
0.09958092197166234, 2.417516546597351, 0.8933638062721464, 0.5779413254015816, 0,10, 0
0.09878267810816205, 2.460747062696047, 0.9000015148416551, 0.5828565379389761, 0,10, 0
0.10017960486928756, 2.43859466686939, 0.8835487229879121, 0.5739173323948615, 0,10, 0
0.10097784873278787, 2.4430449192358856, 0.8896953824485279, 0.5796971832447698, 0,10, 0
0.09991352358145414, 2.4837448722563016, 0.9273376082964652, 0.5877912856376276, 0,10, 0
0.10051220647907935, 2.4839420765529314, 0.8777699163158681, 0.5724551543985518, 0,10, 0
0.10470298676245593, 2.401653863384062, 0.8723425300658145, 0.5399521514507967, 0,10, 0
0.09958092197166234, 2.406392210893651, 0.8933638062721464, 0.5755067579038249, 0,10, 0
0.09958092197166234, 2.3841980572256873, 0.8933638062721464, 0.5819996670242813, 0,10, 0
0.09991352358145414, 2.4578392025097426, 0.9273376082964652, 0.5903372040339263, 0,10, 0
0.0996474422936207, 2.3734713170546335, 0.9424463317291131, 0.5899116235865746, 0,10, 0
0.09958092197166234, 2.423040333911028, 0.8933638062721464, 0.5772783754324935, 0,10, 0
0.10111088937670458, 2.433830590850141, 0.9116167084157132, 0.5814009336175691, 0,10, 0
0.09958092197166234, 2.3480275871351965, 0.8933638062721464, 0.5780634600306456, 0,10, 0
0.09991352358145414, 2.4081450172949714, 0.9273376082964652, 0.5877658094719436, 0,10, 0
0.10051220647907935, 2.3537552677799205, 0.8777699163158681, 0.5744594837258965, 0,10, 0
0.09991352358145414, 2.378037874073609, 0.9273376082964652, 0.5982727160478302, 0,10, 0
0.09878267810816205, 2.346692597732044, 0.9000015148416551, 0.5820455602511273, 0,10, 0
0.10111088937670458, 2.4022375289086835, 0.9116167084157132, 0.5794706912724841, 0,10, 0
0.10111088937670458, 2.459461952123323, 0.9116167084157132, 0.5813988741009988, 0,10, 0
0.10111088937670458, 2.3899485683564867, 0.9116167084157132, 0.5892076001259567, 0,10, 0
0.09958092197166234, 2.401031703020549, 0.8933638062721464, 0.580778931837171, 0,10, 0
0.09958092197166234, 2.374106340602448, 0.8933638062721464, 0.580140699181622, 0,10, 0
0.09878267810816205, 2.332252201844949, 0.9000015148416551, 0.5811123583577572, 0,10, 0
0.09958092197166234, 2.3684818372829213, 0.8933638062721464, 0.5767728920787293, 0,10, 0
0.09878267810816205, 2.396548517162846, 0.9000015148416551, 0.5782932602373693, 0,10, 0
0.10111088937670458, 2.439191147119059, 0.9116167084157132, 0.5835827792638607, 0,10, 0
0.0996474422936207, 2.354267548057266, 0.9424463317291131, 0.5934548886638907, 0,10, 0
0.09878267810816205, 2.3759275282372148, 0.9000015148416551, 0.5762001820353919, 0,10, 0
0.10111088937670458, 2.480536966974734, 0.9116167084157132, 0.5796759297561095, 0,10, 0
0.10111088937670458, 2.3818573137960977, 0.9116167084157132, 0.5798506546416646, 0,10, 0
0.10111088937670458, 2.380864375184604, 0.9116167084157132, 0.580411529228487, 0,10, 0
0.10111088937670458, 2.4293607669002575, 0.9116167084157132, 0.5849931892548276, 0,10, 0
0.09991352358145414, 2.4122008105868438, 0.9273376082964652, 0.5891228435239266, 0,10, 0
0.10051220647907935, 2.470882654808591, 0.8777699163158681, 0.5747576486563449, 0,10, 0
0.10051220647907935, 2.3928946276462173, 0.8777699163158681, 0.5730354318493959, 0,10, 0
0.09878267810816205, 2.5811309199652603, 0.9000015148416551, 0.5820667095979729, 0,10, 0
0.09878267810816205, 2.4859613694410667, 0.9000015148416551, 0.5792841603239247, 0,10, 0
0.09878267810816205, 2.3868750550746443, 0.9000015148416551, 0.580234569661208, 0,10, 0
0.09878267810816205, 2.400099455370586, 0.9000015148416551, 0.5815568172125366, 0,10, 0
0.10111088937670458, 2.458296271614834, 0.9116167084157132, 0.57871628704451, 0,10, 0
0.09958092197166234, 2.382641189121989, 0.8933638062721464, 0.5759785053093636, 0,10, 0
0.10111088937670458, 2.4069080744675913, 0.9116167084157132, 0.5803400292138367, 0,10, 0
0.10111088937670458, 2.373785812666195, 0.9116167084157132, 0.5807560864533341, 0,10, 0
0.09878267810816205, 2.470715037396447, 0.9000015148416551, 0.5797536341731844, 0,10, 0
0.10051220647907935, 2.484785634759403, 0.8777699163158681, 0.5703876215741809, 0,10, 0
0.09991352358145414, 2.5584124425828936, 0.9273376082964652, 0.5884557077070844, 0,10, 0
0.09878267810816205, 2.405513712835353, 0.9000015148416551, 0.5801027994357537, 0,10, 0
0.10111088937670458, 2.4854254331257595, 0.9116167084157132, 0.580209284426933, 0,10, 0
0.10097784873278787, 2.424336137294547, 0.8896953824485279, 0.5731474396794191, 0,10, 0
0.10097784873278787, 2.3812140393128676, 0.8896953824485279, 0.5746419626941444, 0,10, 0
0.09878267810816205, 2.431768267706452, 0.9000015148416551, 0.5778919162366029, 0,10, 0
0.10097784873278787, 2.3944752993701357, 0.8896953824485279, 0.5731587003054334, 0,10, 0
0.10111088937670458, 2.3920365383800597, 0.9116167084157132, 0.5823476440812358, 0,10, 0
0.09991352358145414, 2.423611574930115, 0.9273376082964652, 0.5927252632337416, 0,10, 0
0.10111088937670458, 2.370673001292286, 0.9116167084157132, 0.5824019778161361, 0,10, 0
0.10097784873278787, 2.3540001221539884, 0.8896953824485279, 0.5748694587125448, 0,10, 0
0.09878267810816205, 2.4515947680079058, 0.9000015148416551, 0.5795269456229892, 0,10, 0
0.09958092197166234, 2.4428711647696497, 0.8933638062721464, 0.5805378780060175, 0,10, 0
0.10111088937670458, 2.345609815266765, 0.9116167084157132, 0.5832588249184997, 0,10, 0
0.09346105235149338, 2.3033921828663595, 0.9187532211128969, 0.32479339609830377, 0,10, 0
0.1337723674582585, 2.319953235729499, 0.8896380037121241, 0.37527561537300586, 0,10, 0
0.10862768575799907, 2.3182893838741614, 0.8819676050486103, 0.5013381836149992, 0,10, 0
0.10370518193308055, 2.404213711394368, 0.9097464807459832, 0.5586123673430405, 0,10, 0
0.10111088937670458, 2.330269762160162, 0.9116167084157132, 0.5792898155267632, 0,10, 0
0.11700924632475221, 2.408237788607909, 0.8677668099012915, 0.499313482913718, 0,10, 0
0.10111088937670458, 2.3463914572165683, 0.9116167084157132, 0.5771907656892077, 0,10, 0
0.09904875939599547, 2.463096878322895, 0.8938837418790088, 0.5758167572995846, 0,10, 0
0.09878267810816205, 2.4067764334722104, 0.9000015148416551, 0.5801521283132444, 0,10, 0
0.09904875939599547, 2.4389465721211954, 0.8938837418790088, 0.5775627810602368, 0,10, 0
0.10031264551320429, 2.316638407311991, 0.898132059848003, 0.5727501147780962, 0,10, 0
0.09904875939599547, 2.4269502415419466, 0.8938837418790088, 0.580025044768871, 0,10, 0
0.09958092197166234, 2.4282236108124584, 0.8933638062721464, 0.5814547047974339, 0,10, 0
0.09904875939599547, 2.6237119337577175, 0.8938837418790088, 0.5742918327254213, 0,10, 0
0.09991352358145414, 2.4327969216447163, 0.9273376082964652, 0.5912382870822008, 0,10, 0
0.12718685558438103, 2.3359631782741213, 0.888327648233327, 0.3553354372520993, 0,10, 0
0.10111088937670458, 2.410174241975056, 0.9116167084157132, 0.5861477218521628, 0,10, 0
0.10230825517195503, 2.3432242276623665, 0.8882418025825026, 0.5652980842335837, 0,10, 0
0.13896095257101043, 2.375713587806411, 0.871496149986912, 0.3835791959409462, 0,10, 0
0.10111088937670458, 2.4725231059906148, 0.9116167084157132, 0.5803878754777089, 0,10, 0
0.10111088937670458, 2.5150746429806294, 0.9116167084157132, 0.5804441854904625, 0,10, 0
0.10111088937670458, 2.3631738859490783, 0.9116167084157132, 0.581270427492665, 0,10, 0
0.09991352358145414, 2.47290068411632, 0.9273376082964652, 0.5930636842100618, 0,10, 0
0.09904875939599547, 2.4575890390282815, 0.8938837418790088, 0.5810992573147786, 0,10, 0
0.09991352358145414, 2.3724000033826034, 0.9273376082964652, 0.5944144653979067, 0,10, 0
0.1336393268143418, 2.427927713721509, 0.8677344397947632, 0.44006375157878447, 0,10, 0
0.11667664471496042, 2.5471102049875216, 0.8990142309788369, 0.4285910963179969, 0,10, 0
0.10017960486928756, 2.788571878297278, 0.8835487229879121, 0.5742500529731758, 0,10, 0
0.10024612519124593, 2.4973120531033177, 0.88033626681359, 0.5614239553991283, 0,10, 0
0.09958092197166234, 2.3853049367628576, 0.8933638062721464, 0.577405730682879, 0,10, 0
0.0996474422936207, 2.3704827982120262, 0.9424463317291131, 0.589712693118551, 0,10, 0
0.09904875939599547, 2.4191489696090334, 0.8938837418790088, 0.5824922784728598, 0,10, 0
0.10111088937670458, 2.5276859265589264, 0.9116167084157132, 0.5786578066928301, 0,10, 0
0.09958092197166234, 2.5296609167772592, 0.8933638062721464, 0.5806935199632601, 0,10, 0
0.09904875939599547, 2.5434608029437418, 0.8938837418790088, 0.5748151566147282, 0,10, 0
0.09904875939599547, 2.5338366164312958, 0.8938837418790088, 0.5728784341408584, 0,10, 0
0.09958092197166234, 2.4975075379964604, 0.8933638062721464, 0.5789119528988407, 0,10, 0
0.09904875939599547, 2.4210769700835915, 0.8938837418790088, 0.5776730697881102, 0,10, 0
0.10111088937670458, 2.5203191607978415, 0.9116167084157132, 0.5790305366814181, 0,10, 0
0.10024612519124593, 2.469923420762188, 0.88033626681359, 0.5616498854584155, 0,10, 0
0.09991352358145414, 2.403448047628741, 0.9273376082964652, 0.5894728959217569, 0,10, 0
0.09991352358145414, 2.4932280442263166, 0.9273376082964652, 0.5907508150179882, 0,10, 0
0.10111088937670458, 2.3454344840231496, 0.9116167084157132, 0.5804189000764988, 0,10, 0
0.09904875939599547, 2.3849554433323368, 0.8938837418790088, 0.5769404477657413, 0,10, 0
0.10017960486928756, 2.3910007175076218, 0.8835487229879121, 0.5701302591631087, 0,10, 0
0.10024612519124593, 2.3895259737484724, 0.88033626681359, 0.5583113318700813, 0,10, 0
0.09904875939599547, 2.570893921720794, 0.8938837418790088, 0.5741382520458539, 0,10, 0
0.09904875939599547, 2.4735270778171587, 0.8938837418790088, 0.5776389465836298, 0,10, 0
0.09878267810816205, 2.383668351718974, 0.9000015148416551, 0.5821957904328982, 0,10, 0
0.09878267810816205, 2.444085589562523, 0.9000015148416551, 0.5831941856771554, 0,10, 0
0.09904875939599547, 2.4271886338256974, 0.8938837418790088, 0.5746319747524864, 0,10, 0
0.09878267810816205, 2.4336373800607465, 0.9000015148416551, 0.5796954776130799, 0,10, 0
0.10024612519124593, 2.5142414572471585, 0.88033626681359, 0.56187140921994, 0,10, 0
0.09904875939599547, 2.5096446288874596, 0.8938837418790088, 0.5743112944426987, 0,10, 0
0.10111088937670458, 2.585918007849822, 0.9116167084157132, 0.5781842014694543, 0,10, 0
0.10024612519124593, 2.4923908355540085, 0.88033626681359, 0.5603633627090369, 0,10, 0
0.10111088937670458, 2.397158181509524, 0.9116167084157132, 0.5840035738968824, 0,10, 0
0.10111088937670458, 2.4424705963874462, 0.9116167084157132, 0.5785986873218648, 0,10, 0
0.09878267810816205, 2.4289902311547236, 0.9000015148416551, 0.585557310929996, 0,10, 0
0.10024612519124593, 2.5315545725820865, 0.88033626681359, 0.5619016279254513, 0,10, 0
0.10111088937670458, 2.3919457386157426, 0.9116167084157132, 0.5815434612935667, 0,10, 0
0.09878267810816205, 2.4993018237272357, 0.9000015148416551, 0.5817678996126946, 0,10, 0
0.09958092197166234, 2.47488488415429, 0.8933638062721464, 0.577594695307453, 0,10, 0
0.09878267810816205, 2.4403928534868653, 0.9000015148416551, 0.5767173526401514, 0,10, 0
0.09904875939599547, 2.4064245856562385, 0.8938837418790088, 0.5734290940162444, 0,10, 0
0.10024612519124593, 2.474057911954256, 0.88033626681359, 0.5652083787204953, 0,10, 0
0.10111088937670458, 2.4734739619148933, 0.9116167084157132, 0.5786041497290347, 0,10, 0
0.10111088937670458, 2.497850180171821, 0.9116167084157132, 0.5785556229392885, 0,10, 0
0.10111088937670458, 2.3831056533106896, 0.9116167084157132, 0.5832993406765056, 0,10, 0
0.10024612519124593, 2.7241942036503177, 0.88033626681359, 0.5635930775511891, 0,10, 0
0.09991352358145414, 2.447629745853627, 0.9273376082964652, 0.5902761769939104, 0,10, 0
0.09904875939599547, 2.467868254021844, 0.8938837418790088, 0.5757789453722021, 0,10, 0
0.09878267810816205, 2.3931425799789334, 0.9000015148416551, 0.582012937247081, 0,10, 0
0.09878267810816205, 2.3988918867176547, 0.9000015148416551, 0.5806872442775406, 0,10, 0
0.09958092197166234, 2.5113640925781633, 0.8933638062721464, 0.5826894968917633, 0,10, 0
0.09878267810816205, 2.4808206880099757, 0.9000015148416551, 0.5786348887475206, 0,10, 0
0.09991352358145414, 2.412837797301437, 0.9273376082964652, 0.5870290067491575, 0,10, 0
0.09958092197166234, 2.403067091573445, 0.8933638062721464, 0.5782618657401553, 0,10, 0
0.09958092197166234, 2.3579936687368868, 0.8933638062721464, 0.5773105447914192, 0,10, 0
0.09878267810816205, 2.4437970047993693, 0.9000015148416551, 0.5822265583520099, 0,10, 0
0.10017960486928756, 2.4907632011429306, 0.8835487229879121, 0.5778128109862358, 0,10, 0
0.10111088937670458, 2.4383880225815777, 0.9116167084157132, 0.5792389036738977, 0,10, 0
0.09991352358145414, 2.449029943483569, 0.9273376082964652, 0.5892397406946113, 0,10, 0
0.10111088937670458, 2.3927801997966256, 0.9116167084157132, 0.5812589838641163, 0,10, 0
0.09878267810816205, 2.408649850437236, 0.9000015148416551, 0.5808459144576547, 0,10, 0
0.09878267810816205, 2.4697262905857755, 0.9000015148416551, 0.5796724597045934, 0,10, 0
0.09878267810816205, 2.4845784311403034, 0.9000015148416551, 0.5783025913458325, 0,10, 0
0.09904875939599547, 2.4697189451271067, 0.8938837418790088, 0.5743812504023339, 0,10, 0
0.10024612519124593, 2.34977614143719, 0.88033626681359, 0.5629319575630163, 0,10, 0
0.09991352358145414, 2.3884130742968117, 0.9273376082964652, 0.5941501400216255, 0,10, 0
0.09958092197166234, 2.5432476138811677, 0.8933638062721464, 0.578270082436751, 0,10, 0
0.09904875939599547, 2.542113977127872, 0.8938837418790088, 0.5719339590338954, 0,10, 0
0.0996474422936207, 2.4732915015386534, 0.9424463317291131, 0.5863386600400796, 0,10, 0
0.09878267810816205, 2.4609713248766276, 0.9000015148416551, 0.5788244637313287, 0,10, 0
0.10111088937670458, 2.4081595974403696, 0.9116167084157132, 0.5816557884955885, 0,10, 0
0.09904875939599547, 2.413258032956412, 0.8938837418790088, 0.57338594785778, 0,10, 0
0.09904875939599547, 2.4661634376819346, 0.8938837418790088, 0.5820851989309496, 0,10, 0
0.10111088937670458, 2.4048258344276867, 0.9116167084157132, 0.57885698280367, 0,10, 0
0.10111088937670458, 2.4710714833858383, 0.9116167084157132, 0.5804873245669843, 0,10, 0
0.0996474422936207, 2.486242606794811, 0.9424463317291131, 0.5872476246139636, 0,10, 0
0.09991352358145414, 2.4397286467865253, 0.9273376082964652, 0.5890877016484951, 0,10, 0
0.09938136100578727, 2.302850499169314, 0.9276233294984175, 0.5832952881533017, 0,10, 0
0.10496906805028937, 2.304235993352771, 0.9361744270075772, 0.5025424715906687, 0,10, 0
0.09904875939599547, 2.34094453214021, 0.8938837418790088, 0.5762138080629885, 0,10, 0
0.14228696866892837, 2.360726454392297, 0.8465088918292798, 0.4101436753442372, 0,10, 0
0.09904875939599547, 2.3992026185098068, 0.8938837418790088, 0.5762850517574092, 0,10, 0
0.11009113284108295, 2.3775050352728786, 0.8846228327356046, 0.5195773005853266, 0,10, 0
0.09991352358145414, 2.3873897646427125, 0.9273376082964652, 0.5915369680161011, 0,10, 0
0.10024612519124593, 2.3434170892691726, 0.88033626681359, 0.5645773974944148, 0,10, 0
0.13576797711700925, 2.3517607455243135, 0.845520980715523, 0.38795065359211434, 0,10, 0
0.09958092197166234, 2.3353011942525144, 0.8933638062721464, 0.5784266149330155, 0,10, 0
0.1104902547728331, 2.427702073929418, 0.8817762170986397, 0.4755390062209956, 0,10, 0
0.10164305195237144, 2.3792311093419136, 0.911279723659203, 0.5761272558105162, 0,10, 0
0.09878267810816205, 2.325385095068757, 0.9000015148416551, 0.5814938598761636, 0,10, 0
0.09958092197166234, 2.39132140009955, 0.8933638062721464, 0.5834041311549847, 0,10, 0
0.1041043038648307, 2.318837587343182, 0.9389158673322525, 0.5429716919209594, 0,10, 0
0.0996474422936207, 2.485975665940041, 0.9424463317291131, 0.5894446608755449, 0,10, 0
0.09878267810816205, 2.4417078141513353, 0.9000015148416551, 0.5832977351612291, 0,10, 0
0.09904875939599547, 2.333663656882387, 0.8938837418790088, 0.5746768404944763, 0,10, 0
0.09958092197166234, 2.525134379212065, 0.8933638062721464, 0.5778791794446683, 0,10, 0
0.09878267810816205, 2.399375065614988, 0.9000015148416551, 0.5837960719522455, 0,10, 0
0.10097784873278787, 2.356007239850768, 0.8896953824485279, 0.5737405605152608, 0,10, 0
0.10051220647907935, 2.338519354102252, 0.8777699163158681, 0.5750299055825482, 0,10, 0
0.09904875939599547, 2.7006834442011414, 0.8938837418790088, 0.5716590204760817, 0,10, 0
0.09878267810816205, 2.463517903401404, 0.9000015148416551, 0.579664378446405, 0,10, 0
0.09878267810816205, 2.6012031862314355, 0.9000015148416551, 0.5781018874662888, 0,10, 0
0.09878267810816205, 2.4770924463676836, 0.9000015148416551, 0.5803777254173718, 0,10, 0
0.09878267810816205, 2.4501681445498655, 0.9000015148416551, 0.5788520958022797, 0,10, 0
0.0996474422936207, 2.393324441453983, 0.9424463317291131, 0.5901506477322775, 0,10, 0
0.09878267810816205, 2.4954818404538424, 0.9000015148416551, 0.5836048943728087, 0,10, 0
0.09904875939599547, 2.4534580862974917, 0.8938837418790088, 0.5738503804669185, 0,10, 0
0.09958092197166234, 2.457556190529103, 0.8933638062721464, 0.5766762256297091, 0,10, 0
0.10111088937670458, 2.4856449084106513, 0.9116167084157132, 0.5853661316711445, 0,10, 0
0.09904875939599547, 2.4031081110276697, 0.8938837418790088, 0.575198734324871, 0,10, 0
0.09904875939599547, 2.4532424840655604, 0.8938837418790088, 0.571409729475095, 0,10, 0
0.09904875939599547, 2.5245773330512242, 0.8938837418790088, 0.5723936299339534, 0,10, 0
0.09878267810816205, 2.381760480906176, 0.9000015148416551, 0.5789862866198918, 0,10, 0
0.09904875939599547, 2.4326984624793524, 0.8938837418790088, 0.580406434665403, 0,10, 0
0.09878267810816205, 2.364484880622859, 0.9000015148416551, 0.5848355307250648, 0,10, 0
0.10051220647907935, 2.399366987177389, 0.8777699163158681, 0.5717767555920237, 0,10, 0
0.09878267810816205, 2.5435605811111657, 0.9000015148416551, 0.5819190387579982, 0,10, 0
0.09958092197166234, 2.3760054143120777, 0.8933638062721464, 0.5779628760443893, 0,10, 0
0.09904875939599547, 2.503968144750941, 0.8938837418790088, 0.577313408103039, 0,10, 0
0.0996474422936207, 2.4304588246803864, 0.9424463317291131, 0.5917442566657789, 0,10, 0
0.10017960486928756, 2.4758881254442944, 0.8835487229879121, 0.5738076274668514, 0,10, 0
0.0996474422936207, 2.3252445382525693, 0.9424463317291131, 0.5902817791127641, 0,10, 0
0.09878267810816205, 2.458890938563776, 0.9000015148416551, 0.5804255505235951, 0,10, 0
0.10051220647907935, 2.4221124839681214, 0.8777699163158681, 0.5755889000153377, 0,10, 0
0.09878267810816205, 2.380818111211535, 0.9000015148416551, 0.5832878317665627, 0,10, 0
0.09904875939599547, 2.456812289805816, 0.8938837418790088, 0.5736387477762088, 0,10, 0
0.10024612519124593, 2.409954627910029, 0.88033626681359, 0.559552137729162, 0,10, 0
0.09878267810816205, 2.440188333825311, 0.9000015148416551, 0.5806796362999205, 0,10, 0
0.10051220647907935, 2.381714463368755, 0.8777699163158681, 0.5733728319199581, 0,10, 0
0.09904875939599547, 2.3613435542806296, 0.8938837418790088, 0.5816815631789098, 0,10, 0
0.10024612519124593, 2.4955959760650286, 0.88033626681359, 0.5645040624732104, 0,10, 0
0.09878267810816205, 2.4551240705186115, 0.9000015148416551, 0.5834749152058939, 0,10, 0
0.10111088937670458, 2.378183845686102, 0.9116167084157132, 0.5820151569332114, 0,10, 0
0.0996474422936207, 2.3802840868838175, 0.9424463317291131, 0.5902817349305742, 0,10, 0
0.09878267810816205, 2.42487936658884, 0.9000015148416551, 0.582836881104144, 0,10, 0
0.09991352358145414, 2.521200516857819, 0.9273376082964652, 0.5929176375393932, 0,10, 0
0.09904875939599547, 2.589075836633832, 0.8938837418790088, 0.572448405879389, 0,10, 0
0.10024612519124593, 2.4921452712213368, 0.88033626681359, 0.5601199777316185, 0,10, 0
0.09958092197166234, 2.399414547108402, 0.8933638062721464, 0.5756396247650112, 0,10, 0
0.09878267810816205, 2.356224185492808, 0.9000015148416551, 0.5785812296928919, 0,10, 0
0.09958092197166234, 2.3512961910147316, 0.8933638062721464, 0.5792252083597461, 0,10, 0
0.09958092197166234, 2.360063728518268, 0.8933638062721464, 0.5774793555850539, 0,10, 0
0.09958092197166234, 2.5123221198614667, 0.8933638062721464, 0.5798635863656135, 0,10, 0
0.09958092197166234, 2.394052542699975, 0.8933638062721464, 0.5806463851262729, 0,10, 0
0.10097784873278787, 2.492808420572628, 0.8896953824485279, 0.57555955888779, 0,10, 0
0.14834031796713895, 2.458274971952713, 0.8309324451797595, 0.3876146154459341, 0,10, 0
0.09878267810816205, 2.3682015725478816, 0.9000015148416551, 0.5774105366521896, 0,10, 0
0.10017960486928756, 2.5292117641031293, 0.8835487229879121, 0.5694574494666255, 0,10, 0
0.09904875939599547, 2.360339594348846, 0.8938837418790088, 0.5772228278790938, 0,10, 0
0.10024612519124593, 2.3612849564638902, 0.88033626681359, 0.5653180406242297, 0,10, 0
0.10024612519124593, 2.3948692706644215, 0.88033626681359, 0.5605147299103345, 0,10, 0
0.09904875939599547, 2.417357953906511, 0.8938837418790088, 0.5761179481449519, 0,10, 0
0.09904875939599547, 2.452748345946517, 0.8938837418790088, 0.5774616964430791, 0,10, 0
0.10111088937670458, 2.495252913378166, 0.9116167084157132, 0.5805535065719161, 0,10, 0
0.10051220647907935, 2.5266277884276085, 0.8777699163158681, 0.5755006806798706, 0,10, 0
0.09991352358145414, 2.415745196732299, 0.9273376082964652, 0.596156615946519, 0,10, 0
0.09904875939599547, 2.4147283150067644, 0.8938837418790088, 0.5778562797754337, 0,10, 0
0.10024612519124593, 2.4843726650664473, 0.88033626681359, 0.5625319212710197, 0,10, 0
0.09958092197166234, 2.4297916174949954, 0.8933638062721464, 0.5828110981234746, 0,10, 0
0.09878267810816205, 2.5241920404596607, 0.9000015148416551, 0.5785967229936194, 0,10, 0
0.10017960486928756, 2.54465189710758, 0.8835487229879121, 0.5763958762153777, 0,10, 0
0.09958092197166234, 2.37358739340701, 0.8933638062721464, 0.5799870499866853, 0,10, 0
0.10017960486928756, 2.357048546459863, 0.8835487229879121, 0.5733599937354814, 0,10, 0
0.10051220647907935, 2.427518493146039, 0.8777699163158681, 0.5751000378257161, 0,10, 0
0.10024612519124593, 2.4002303401288145, 0.88033626681359, 0.564804921500453, 0,10, 0
0.10017960486928756, 2.45867755243674, 0.8835487229879121, 0.5769339935481222, 0,10, 0
0.09904875939599547, 2.616941675172074, 0.8938837418790088, 0.5749535750939551, 0,10, 0
0.09958092197166234, 2.4397536654406693, 0.8933638062721464, 0.5844541141007417, 0,10, 0
0.09904875939599547, 2.4230652654875953, 0.8938837418790088, 0.5750512476420419, 0,10, 0
0.10024612519124593, 2.424349961004547, 0.88033626681359, 0.5599230781864031, 0,10, 0
0.0996474422936207, 2.4063933260750248, 0.9424463317291131, 0.5897302409830337, 0,10, 0
0.10097784873278787, 2.338184937320291, 0.8896953824485279, 0.5757643465821274, 0,10, 0
0.09904875939599547, 2.523109709582928, 0.8938837418790088, 0.5748008059734899, 0,10, 0
0.09878267810816205, 2.4271067330550666, 0.9000015148416551, 0.5802469499360496, 0,10, 0
0.09904875939599547, 2.4637409751622856, 0.8938837418790088, 0.5746474606775945, 0,10, 0
0.10097784873278787, 2.4121105761646326, 0.8896953824485279, 0.5749253242904121, 0,10, 0
0.10024612519124593, 2.365478794469905, 0.88033626681359, 0.5644708656322684, 0,10, 0
0.10024612519124593, 2.4687746104021744, 0.88033626681359, 0.5601345284520884, 0,10, 0
0.09938136100578727, 2.302582246833938, 0.9283274721048904, 0.5476765976000345, 0,10, 0
0.09904875939599547, 2.33367626919033, 0.8938837418790088, 0.5725136675153034, 0,10, 0
0.1041043038648307, 2.318701402255893, 0.876028489422983, 0.5316027501012509, 0,10, 0
0.1012439300206213, 2.3135125261338607, 0.8797461575234368, 0.5273061124616253, 0,10, 0
0.09991352358145414, 2.4773594698276, 0.9273376082964652, 0.5894911268602268, 0,10, 0
0.09911527971795384, 2.3941368625952735, 0.8996429389816784, 0.5729543916031822, 0,10, 0
0.09864963746424532, 2.340237787262627, 0.9003961974863364, 0.5734538088250012, 0,10, 0
0.09991352358145414, 2.4055109662955085, 0.9273376082964652, 0.5926631118871192, 0,10, 0
0.11581188052950177, 2.292503788586522, 0.8841326046701166, 0.4428548299997682, 0,10, 0
0.10170957227432981, 2.3159016975106446, 0.8888773005034691, 0.5700683895623144, 0,10, 0
0.15665535821193374, 2.383394541929465, 0.824298119004877, 0.3841916149223678, 0,10, 0
0.09878267810816205, 2.5830003681522578, 0.9000015148416551, 0.5830271708427861, 0,10, 0
0.09924832036187055, 2.371726352115563, 0.8995113064966381, 0.5756713354289955, 0,10, 0
0.15778620368522583, 2.2843678660920252, 0.8228930937297396, 0.382387461751488, 0,10, 0
0.09904875939599547, 2.343275141130781, 0.8938837418790088, 0.575473747668086, 0,10, 0
0.09904875939599547, 2.48094237918888, 0.8938837418790088, 0.5737666030309205, 0,10, 0
0.12219783143750415, 2.3300418636085647, 0.8808162788442578, 0.4955990878124168, 0,10, 0
0.10011308454732921, 2.436190144154377, 0.8925167738271598, 0.5578774507733364, 0,10, 0
0.09904875939599547, 2.3932597324185716, 0.8938837418790088, 0.5812292719635658, 0,10, 0
0.10024612519124593, 2.4882908214124257, 0.88033626681359, 0.5593304823169868, 0,10, 0
0.1052351493381228, 2.309851321680519, 0.9223054967912131, 0.5789158277599779, 0,10, 0
0.1289829042772567, 2.40902731835402, 0.8620948696472575, 0.49294331671123237, 0,10, 0
0.14188784673717822, 2.300862364392156, 0.8544113511750194, 0.46714999718897743, 0,10, 0
0.10084480808887115, 2.418557391507353, 0.9263499932521807, 0.5881933161059143, 0,10, 0
0.10024612519124593, 2.374366357172193, 0.88033626681359, 0.5606464031046624, 0,10, 0
0.09878267810816205, 2.418167621720014, 0.9000015148416551, 0.5786691670492917, 0,10, 0
0.09904875939599547, 2.5132883429360757, 0.8938837418790088, 0.5707094873584612, 0,10, 0
0.09991352358145414, 2.426691864260512, 0.9273376082964652, 0.5887286450929389, 0,10, 0
0.09878267810816205, 2.334895229177831, 0.9000015148416551, 0.5839501622745401, 0,10, 0
0.09904875939599547, 2.556303473370744, 0.8938837418790088, 0.5734919913088277, 0,10, 0
0.09878267810816205, 2.4598047306602178, 0.9000015148416551, 0.5801222697015459, 0,10, 0
0.10111088937670458, 2.331719105958796, 0.9116167084157132, 0.578715789614524, 0,10, 0
0.10111088937670458, 2.386262830047719, 0.9116167084157132, 0.5796797101245406, 0,10, 0
0.10024612519124593, 2.4860369039059225, 0.88033626681359, 0.5638615953120798, 0,10, 0
0.09878267810816205, 2.4205423041921423, 0.9000015148416551, 0.5806428868001432, 0,10, 0
0.09904875939599547, 2.4695495280852806, 0.8938837418790088, 0.5741383837133553, 0,10, 0
0.10051220647907935, 2.409569588787881, 0.8777699163158681, 0.5748312736282134, 0,10, 0
0.09958092197166234, 2.377884957181839, 0.8933638062721464, 0.5770711588366686, 0,10, 0
0.09878267810816205, 2.3342582311790747, 0.9000015148416551, 0.5800285269872614, 0,10, 0
0.09958092197166234, 2.476739509499161, 0.8933638062721464, 0.5855612473222416, 0,10, 0
0.09878267810816205, 2.4698035614319065, 0.9000015148416551, 0.5768262784579662, 0,10, 0
0.09878267810816205, 2.4724039926045527, 0.9000015148416551, 0.5863695339012475, 0,10, 0
0.09904875939599547, 2.4497254241181334, 0.8938837418790088, 0.5755267035561755, 0,10, 0
0.10024612519124593, 2.650966549073517, 0.88033626681359, 0.5640605562982101, 0,10, 0
0.0996474422936207, 2.4627688740380296, 0.9424463317291131, 0.590577451304681, 0,10, 0
0.10111088937670458, 2.5204693015635327, 0.9116167084157132, 0.5818730184508345, 0,10, 0
0.09904875939599547, 2.4192581708374306, 0.8938837418790088, 0.5728269606565545, 0,10, 0
0.09878267810816205, 2.487965179101869, 0.9000015148416551, 0.5774314494997007, 0,10, 0
0.09958092197166234, 2.3832469721766025, 0.8933638062721464, 0.5817601642281943, 0,10, 0
0.09991352358145414, 2.475452278027204, 0.9273376082964652, 0.5906679125263021, 0,10, 0
0.10111088937670458, 2.35617827506374, 0.9116167084157132, 0.5772668468460974, 0,10, 0
0.10097784873278787, 2.3897963155412647, 0.8896953824485279, 0.5706622396207623, 0,10, 0
0.09904875939599547, 2.5275280255642683, 0.8938837418790088, 0.572572722965511, 0,10, 0
0.09878267810816205, 2.459380402105389, 0.9000015148416551, 0.5807643102647285, 0,10, 0
0.09991352358145414, 2.4800602613805114, 0.9273376082964652, 0.5896338880784203, 0,10, 0
0.09878267810816205, 2.419257443575915, 0.9000015148416551, 0.5841593771158498, 0,10, 0
0.09878267810816205, 2.4877560589989605, 0.9000015148416551, 0.5818639739565206, 0,10, 0
0.09991352358145414, 2.4341356407768955, 0.9273376082964652, 0.592404537460298, 0,10, 0
0.10051220647907935, 2.4323530046476587, 0.8777699163158681, 0.5755843551973772, 0,10, 0
0.10111088937670458, 2.4978180168980746, 0.9116167084157132, 0.5803680708441754, 0,10, 0
0.09904875939599547, 2.4521942665530467, 0.8938837418790088, 0.5734712298589679, 0,10, 0
0.09991352358145414, 2.404003639076234, 0.9273376082964652, 0.5884816076224854, 0,10, 0
0.10024612519124593, 2.4377603621918356, 0.88033626681359, 0.561184595727804, 0,10, 0
0.09878267810816205, 2.3818921641596758, 0.9000015148416551, 0.5783428640538695, 0,10, 0
0.09991352358145414, 2.458409966652022, 0.9273376082964652, 0.5897211847346072, 0,10, 0
0.09904875939599547, 2.5505639154072224, 0.8938837418790088, 0.5705914024618399, 0,10, 0
0.09878267810816205, 2.3559425979255955, 0.9000015148416551, 0.5798669303674892, 0,10, 0
0.09904875939599547, 2.476417201432704, 0.8938837418790088, 0.573850977012891, 0,10, 0
0.0996474422936207, 2.4041260050449003, 0.9424463317291131, 0.5863452021884042, 0,10, 0
0.09904875939599547, 2.4247156679531154, 0.8938837418790088, 0.5799976443538601, 0,10, 0
0.09878267810816205, 2.4313873744951406, 0.9000015148416551, 0.5812912567495345, 0,10, 0
0.10024612519124593, 2.603568237270177, 0.88033626681359, 0.5592306610633606, 0,10, 0
0.09904875939599547, 2.635303609815098, 0.8938837418790088, 0.5730942489960998, 0,10, 0
0.10111088937670458, 2.4010182065671293, 0.9116167084157132, 0.5842746485864906, 0,10, 0
0.09878267810816205, 2.374986817092467, 0.9000015148416551, 0.5804803491644236, 0,10, 0
0.10024612519124593, 2.6064108760582267, 0.88033626681359, 0.559964505721696, 0,10, 0
0.09878267810816205, 2.4206858317961295, 0.9000015148416551, 0.5821803969676297, 0,10, 0
0.10111088937670458, 2.4159016461855463, 0.9116167084157132, 0.5805839749959698, 0,10, 0
0.10024612519124593, 2.4338782779123544, 0.88033626681359, 0.5616635415731035, 0,10, 0
0.09878267810816205, 2.406257144556164, 0.9000015148416551, 0.5788563731296389, 0,10, 0
0.10024612519124593, 2.61276466134525, 0.88033626681359, 0.5625148235239287, 0,10, 0
0.09958092197166234, 2.346439151185672, 0.8933638062721464, 0.5794776025266252, 0,10, 0
0.10097784873278787, 2.3966644059031306, 0.8896953824485279, 0.5705548325287227, 0,10, 0
0.09878267810816205, 2.3688348743529057, 0.9000015148416551, 0.5792623864542127, 0,10, 0
0.0996474422936207, 2.4179174630361064, 0.9424463317291131, 0.5862621495325566, 0,10, 0
0.09878267810816205, 2.3772654180508335, 0.9000015148416551, 0.5763233610362972, 0,10, 0
0.11634404310516863, 2.465281313156991, 0.8599701950946776, 0.404550244776775, 0,10, 0
0.09904875939599547, 2.4780803144965384, 0.8938837418790088, 0.5739229740971479, 0,10, 0
0.10111088937670458, 2.4079932831785347, 0.9116167084157132, 0.5824583408507437, 0,10, 0
0.09904875939599547, 2.506872362745726, 0.8938837418790088, 0.5734159281149346, 0,10, 0
0.0996474422936207, 2.3346695707981944, 0.9424463317291131, 0.5868654280920219, 0,10, 0
0.10024612519124593, 2.4852308881883096, 0.88033626681359, 0.5675015022463917, 0,10, 0
0.10024612519124593, 2.515563745432998, 0.88033626681359, 0.557547924302305, 0,10, 0
0.09904875939599547, 2.443872333873431, 0.8938837418790088, 0.574684710696382, 0,10, 0
0.10024612519124593, 2.5327868489997716, 0.88033626681359, 0.5589903591904971, 0,10, 0
0.09904875939599547, 2.389566937027708, 0.8938837418790088, 0.5766305532363314, 0,10, 0
0.10097784873278787, 2.385288506482625, 0.9117009018676118, 0.5794659656054706, 0,10, 0
0.10111088937670458, 2.354698077953402, 0.9116167084157132, 0.5789812872820665, 0,10, 0
0.10051220647907935, 2.419804325513257, 0.8777699163158681, 0.575755900247306, 0,10, 0
0.09958092197166234, 2.3329053148572765, 0.8933638062721464, 0.5799195196741506, 0,10, 0
0.09904875939599547, 2.567076735825451, 0.8938837418790088, 0.5815820375392358, 0,10, 0
0.10057872680103772, 2.304672071306179, 0.8779390404364956, 0.5738701521158627, 0,10, 0
0.09904875939599547, 2.3061042855633302, 0.8938837418790088, 0.5776281521401962, 0,10, 0
0.16397259362735317, 2.297964895857171, 0.8210563870437235, 0.2959728530803672, 0,10, 0
0.10696467770904011, 2.4249374259535617, 0.8855466546159546, 0.3989370673281789, 0,10, 0
0.10004656422537085, 2.3715823539786416, 0.8930433168934196, 0.5750436670331118, 0,10, 0
0.1028404177476219, 2.3568983218361104, 0.8919919649456305, 0.5327665842702597, 0,10, 0
0.10397126322091399, 2.372882021176857, 0.8954639363539441, 0.5392674926517114, 0,10, 0
0.09878267810816205, 2.3918762802245066, 0.9000015148416551, 0.5847695143144563, 0,10, 0
0.09991352358145414, 2.37861886239691, 0.9273376082964652, 0.5901317760278141, 0,10, 0
0.09878267810816205, 2.3767388189401184, 0.9000015148416551, 0.5812789388635534, 0,10, 0
0.13576797711700925, 2.335474390204237, 0.8580554758992188, 0.39827368171158645, 0,10, 0
0.09878267810816205, 2.3703259618777297, 0.9000015148416551, 0.5825280201220975, 0,10, 0
0.09958092197166234, 2.594955691568534, 0.8933638062721464, 0.580246384844171, 0,10, 0
0.10004656422537085, 2.423565657800332, 0.8924925380598068, 0.5619094403035262, 0,10, 0
0.09878267810816205, 2.3620598693653028, 0.9000015148416551, 0.5793858322477746, 0,10, 0
0.1358344974389676, 2.4241775204335543, 0.8874005061889093, 0.4270494337526168, 0,10, 0
0.09878267810816205, 2.4117390031246164, 0.9000015148416551, 0.5773769513121372, 0,10, 0
0.10024612519124593, 2.4855909412320973, 0.88033626681359, 0.5596956039816886, 0,10, 0
0.09878267810816205, 2.395444557186706, 0.9000015148416551, 0.5802663442146283, 0,10, 0
0.10024612519124593, 2.4276269109696518, 0.88033626681359, 0.5594650058605496, 0,10, 0
0.09878267810816205, 2.407529072776444, 0.9000015148416551, 0.5792958883250244, 0,10, 0
0.10051220647907935, 2.3803072056195886, 0.8777699163158681, 0.5720457444261264, 0,10, 0
0.10024612519124593, 2.3799931727142094, 0.88033626681359, 0.5639792846150293, 0,10, 0
0.10024612519124593, 2.427072103450313, 0.88033626681359, 0.5629211820144243, 0,10, 0
0.10097784873278787, 2.3631867970692646, 0.8896953824485279, 0.5723151952450074, 0,10, 0
0.09878267810816205, 2.503604463353205, 0.9000015148416551, 0.5772414173372402, 0,10, 0
0.09958092197166234, 2.451547384650647, 0.8933638062721464, 0.5795498372629708, 0,10, 0
0.09878267810816205, 2.4394448781008733, 0.9000015148416551, 0.5766052720334058, 0,10, 0
0.10097784873278787, 2.532436173507603, 0.8896953824485279, 0.5731865347248051, 0,10, 0
0.10097784873278787, 2.377037918045081, 0.8896953824485279, 0.5724172111123718, 0,10, 0
0.09878267810816205, 2.526748269726985, 0.9000015148416551, 0.579620043436655, 0,10, 0
0.09958092197166234, 2.3993524508522883, 0.8933638062721464, 0.5787715779542645, 0,10, 0
0.09904875939599547, 2.4972155685237025, 0.8938837418790088, 0.5730886578974573, 0,10, 0
0.09904875939599547, 2.441629255737031, 0.8938837418790088, 0.5730051509850417, 0,10, 0
0.09904875939599547, 2.510459507906547, 0.8938837418790088, 0.5749280429847252, 0,10, 0
0.09878267810816205, 2.3620916550359126, 0.9000015148416551, 0.5755903253592667, 0,10, 0
0.10111088937670458, 2.5454465034343774, 0.9116167084157132, 0.5779264630034678, 0,10, 0
0.09904875939599547, 2.560955099397209, 0.8938837418790088, 0.5752512816445678, 0,10, 0
0.09958092197166234, 2.4022208373005625, 0.8933638062721464, 0.5817707572792982, 0,10, 0
0.10051220647907935, 2.3980609921251936, 0.8777699163158681, 0.5781053165771749, 0,10, 0
0.09991352358145414, 2.4994954346484435, 0.9273376082964652, 0.591395005773953, 0,10, 0
0.0996474422936207, 2.424014209448074, 0.9424463317291131, 0.5907468033719658, 0,10, 0
0.09991352358145414, 2.398652493299493, 0.9273376082964652, 0.5891003691368977, 0,10, 0
0.09904875939599547, 2.4850878810118133, 0.8938837418790088, 0.5732799118316367, 0,10, 0
0.09991352358145414, 2.4688804264293176, 0.9273376082964652, 0.5921734084018647, 0,10, 0
0.10024612519124593, 2.5966759408883435, 0.88033626681359, 0.5602304482122706, 0,10, 0
0.09904875939599547, 2.474826205009108, 0.8938837418790088, 0.5762657217575917, 0,10, 0
0.09878267810816205, 2.4207626063294145, 0.9000015148416551, 0.580720811046558, 0,10, 0
0.09958092197166234, 2.407559442161713, 0.8933638062721464, 0.5817903579413948, 0,10, 0
0.09904875939599547, 2.4464603365439026, 0.8938837418790088, 0.5707495708414062, 0,10, 0
0.09991352358145414, 2.511252460052794, 0.9273376082964652, 0.5918025376042734, 0,10, 0
0.09991352358145414, 2.527426758719991, 0.9273376082964652, 0.5893619313727736, 0,10, 0
0.09878267810816205, 2.4913784775327623, 0.9000015148416551, 0.5777344935950768, 0,10, 0
0.10111088937670458, 2.407443828912011, 0.9116167084157132, 0.5791544492462928, 0,10, 0
0.09878267810816205, 2.438984797385165, 0.9000015148416551, 0.5806633750033942, 0,10, 0
0.09904875939599547, 2.444381654702649, 0.8938837418790088, 0.5740513699772759, 0,10, 0
0.10024612519124593, 2.5020228424987687, 0.88033626681359, 0.5629899956499584, 0,10, 0
0.0996474422936207, 2.347020593389243, 0.9424463317291131, 0.5892095130453412, 0,10, 0
0.09991352358145414, 2.6239647282571092, 0.9273376082964652, 0.5865079837800797, 0,10, 0
0.09878267810816205, 2.433267071798542, 0.9000015148416551, 0.583255324805187, 0,10, 0
0.09878267810816205, 2.5090073023316295, 0.9000015148416551, 0.5795586496888563, 0,10, 0
0.09958092197166234, 2.438731878109736, 0.8933638062721464, 0.5785088768992074, 0,10, 0
0.09991352358145414, 2.3702624379966037, 0.9273376082964652, 0.5863223484557896, 0,10, 0
0.10024612519124593, 2.376974042864099, 0.88033626681359, 0.5575385794239263, 0,10, 0
0.09878267810816205, 2.3526276417980094, 0.9000015148416551, 0.5810813360767161, 0,10, 0
0.09958092197166234, 2.405047355500364, 0.8933638062721464, 0.5805493336226164, 0,10, 0
0.10024612519124593, 2.4592125499699713, 0.88033626681359, 0.5632849659098218, 0,10, 0
0.10111088937670458, 2.392162976052117, 0.9116167084157132, 0.5822526529943821, 0,10, 0
0.09958092197166234, 2.545442344391726, 0.8933638062721464, 0.5759089029157005, 0,10, 0
0.09878267810816205, 2.559420484447562, 0.9000015148416551, 0.5800607703617016, 0,10, 0
0.09958092197166234, 2.478233659583826, 0.8933638062721464, 0.5770515938909415, 0,10, 0
0.09958092197166234, 2.435194528452581, 0.8933638062721464, 0.5751807625804388, 0,10, 0
0.09878267810816205, 2.3682590316554104, 0.9000015148416551, 0.5834555579662442, 0,10, 0
0.09904875939599547, 2.3989888661827448, 0.8938837418790088, 0.5749325686950646, 0,10, 0
0.09958092197166234, 2.433271868273478, 0.8933638062721464, 0.5787933949777435, 0,10, 0
0.09958092197166234, 2.3934596406638735, 0.8933638062721464, 0.580147117334303, 0,10, 0
0.09958092197166234, 2.4539883544739554, 0.8933638062721464, 0.5795579442757126, 0,10, 0
