acuracia,loss,frr,fpr, removed, n_clf, tp_removed
0.09825051553249518, 2.3036959164792696, 0.8944041643372586, 0.3510638335706202, 0,0, 0
0.10097784873278787, 2.3144159628659327, 0.8896953824485279, 0.5073522731943866, 0,5, 0
0.09991352358145414, 2.3871275974289032, 0.9273376082964652, 0.5224151050997415, 0,4, 0
0.13689882259030134, 2.3499913838684763, 0.8827359698131816, 0.41329141511118345, 0,4, 0
0.09878267810816205, 2.4578751371679672, 0.9000015148416551, 0.509055109762924, 0,5, 0
0.12332867691079624, 2.39085591583205, 0.8866513900517116, 0.38025550111481005, 0,3, 0
0.13683230226834298, 2.4045261033144505, 0.8480763410395492, 0.34076529570475034, 0,9, 0
0.14947116344043104, 2.36798269568046, 0.8616815534345537, 0.3275581883856142, 0,8, 0
0.1452803831570545, 2.508944488916617, 0.8562679789653316, 0.3482849635074887, 0,7, 0
0.18579125922969467, 2.293765652316904, 0.8002339472349655, 0.2338720219475843, 0,7, 0
0.16716556908135435, 2.2690764278706728, 0.824320183336591, 0.335913039892369, 0,7, 0
0.17454932481873212, 2.2599461656293016, 0.8255627907172729, 0.29906894385752764, 0,6, 0
0.16477083749085344, 2.214268744475572, 0.8353470930629895, 0.2562781643911674, 0,10, 0
0.13603405840484267, 2.1992343824034895, 0.8526297890934151, 0.34890934929483086, 0,13, 0
0.16457127652497838, 2.256252388809681, 0.875365705364585, 0.33735577017962887, 0,5, 0
0.19430586044036452, 2.179583457378557, 0.7937031021590373, 0.24422690762944424, 0,10, 0
0.22404044435575068, 2.123689174691749, 0.7938132625165042, 0.2196669477037203, 0,5, 0
0.1923102507816138, 2.1598283546314914, 0.8317534523884089, 0.2970239585079438, 0,5, 0
0.21439499767178874, 2.2472268433253033, 0.8245196707124448, 0.24792421703007225, 0,11, 0
0.21785405441362335, 2.1520203816940673, 0.7895305651902578, 0.2198682107180909, 0,5, 0
0.22304263952637532, 2.085055401524582, 0.8133796263750468, 0.24412999286799675, 0,8, 0
0.18798642985432049, 2.07825160687106, 0.7970402351097383, 0.29013137835174885, 0,10, 0
0.22071442825783277, 2.0463040465010636, 0.7609350431390278, 0.2353469811884398, 0,8, 0
0.2527107031198031, 2.061992608905354, 0.749706515566051, 0.18755645721135486, 0,6, 0
0.24386350029934145, 2.0753525950384817, 0.7537593706842892, 0.19729772673992244, 0,4, 0
0.22364132242400053, 2.0785039506581526, 0.7647163998220019, 0.23714613210750707, 0,9, 0
0.24486130512871682, 1.9874138607122716, 0.7403399070610928, 0.20444852688110135, 0,8, 0
0.2565023614714295, 2.0591510304003937, 0.7472484583149758, 0.19300451210175673, 0,7, 0
0.23255504556642054, 2.1412747739310243, 0.7714767487146146, 0.21747367157929315, 0,7, 0
0.230226834297878, 2.091106196478488, 0.7586106613697245, 0.22830708056098117, 0,8, 0
0.2598948978913058, 1.995680580108313, 0.7158385816417426, 0.1886775445659854, 0,4, 0
0.23827579325483936, 1.9864038194176648, 0.746423274882259, 0.22790781075667077, 0,6, 0
0.25643584114947116, 2.1488885982644175, 0.7279065400370004, 0.18999910861700411, 0,9, 0
0.22424000532162575, 2.233675277253741, 0.7622621776902018, 0.22770691550154853, 0,10, 0
0.238209272932881, 2.097162427341899, 0.7700047292338686, 0.22008861826773538, 0,7, 0
0.31111554579924167, 1.9204782035816599, 0.710181145876642, 0.1682111797425927, 0,6, 0
0.2860373844209406, 1.9503949361750523, 0.7029380977572641, 0.18400882221456896, 0,12, 0
0.280915319630147, 1.963716912133199, 0.7113045348623528, 0.17898259758041746, 0,10, 0
0.22723341980975187, 2.232954167438697, 0.7583905282535994, 0.24084880505585748, 0,6, 0
0.2664804097651833, 1.994679471927513, 0.7285712716386297, 0.192123574073859, 0,6, 0
0.22078094857979114, 2.059713325082665, 0.7762353851597804, 0.2592455024139156, 0,10, 0
0.28597086409898226, 1.9294355643181746, 0.7041752727895997, 0.18861806319465965, 0,8, 0
0.2896960021286503, 1.932879860213375, 0.6992512901203064, 0.18908127247836912, 0,7, 0
0.29388678241202687, 1.9246046979143607, 0.7147004254393824, 0.185785921303722, 0,7, 0
0.2725337590633939, 1.980161417278393, 0.749337982947922, 0.20838105927838682, 0,7, 0
0.2630213530233486, 2.026490590219955, 0.761924830745876, 0.21678910962166678, 0,8, 0
0.25543803632009576, 1.9702990898383097, 0.741623961983738, 0.2176549475623956, 0,8, 0
0.2847734983037318, 1.8631489062066613, 0.7471536451191827, 0.19934136774288067, 0,8, 0
0.2751945719417282, 1.885963546643355, 0.7172384768076355, 0.2002941378893411, 0,8, 0
0.2804496773764385, 1.9292992961697732, 0.7020070279741776, 0.1890062519696614, 0,7, 0
0.305793920042573, 1.8559859226478406, 0.681793117102949, 0.17096542872734397, 0,8, 0
0.2880995144016497, 1.8738776023679886, 0.7034940527110477, 0.19800186324563554, 0,11, 0
0.30200226169094657, 1.8619294269613216, 0.6873765519952528, 0.1877791056561467, 0,9, 0
0.26069314175480607, 1.991828638426615, 0.7250645441242645, 0.24415336355675482, 0,4, 0
0.19144548659615512, 2.3336432198823185, 0.8132450431923611, 0.2928130508250247, 0,11, 0
0.20149005521186722, 2.386421186005071, 0.7853197683672455, 0.3065825350812677, 0,9, 0
0.3029335461983636, 1.8508593982377626, 0.7011421377309704, 0.1862162934035242, 0,11, 0
0.26588172686755807, 1.9502919656481958, 0.7113367199952373, 0.21949255343295795, 0,8, 0
0.30140357879332136, 1.8099702693804973, 0.6879726019262823, 0.20447224262763883, 0,11, 0
0.2970797578660281, 1.856754882279123, 0.7316478006687782, 0.20086963368160268, 0,6, 0
0.2978780017295284, 1.8345441886632177, 0.7031096071526095, 0.20020740840097062, 0,4, 0
0.32994079691345707, 1.8203261589517075, 0.6792535390109574, 0.1697453809846304, 0,8, 0
0.35774629149205084, 1.7599938680912646, 0.6576664842795981, 0.1573704577653162, 0,8, 0
0.31557240737045167, 1.8355060777272134, 0.6836438252486804, 0.17825607867603085, 0,6, 0
0.31683629348766046, 1.7757379212283821, 0.7043108030874892, 0.18705923529999885, 0,10, 0
0.3053282777888645, 1.7924381595151768, 0.7015593152000977, 0.20640434589231924, 0,8, 0
0.34823388545200556, 1.731592389437076, 0.6464353292132594, 0.17115634209838684, 0,11, 0
0.3558837224772168, 1.7339913590236837, 0.6361856442905269, 0.16389340719279674, 0,7, 0
0.33080556109891573, 1.742961019985311, 0.6681372508149604, 0.18839070096765465, 0,9, 0
0.2899620834164837, 1.9015103261582051, 0.6943295068758097, 0.20135255382885386, 0,4, 0
0.3298742765914987, 1.8251773282961876, 0.6658663719603756, 0.18179789007831826, 0,4, 0
0.37437637198164037, 1.7079191089532875, 0.6380255582861564, 0.16080794577864832, 0,6, 0
0.3404510077828777, 1.7818007276204582, 0.6683907883396998, 0.17044919886706328, 0,5, 0
0.33586110556775095, 1.7629651388710132, 0.6579684036548298, 0.1749023456972678, 0,5, 0
0.3685891039712632, 1.7052027235398755, 0.6297266657439545, 0.15556948369546542, 0,7, 0
0.3371915120069181, 1.7770830321667208, 0.6819886592843964, 0.17929971311755694, 0,9, 0
0.37111687620568085, 1.7072310671790158, 0.6346251981457477, 0.16084867690872479, 0,6, 0
0.3582784540677177, 1.737050871250595, 0.6358092159371611, 0.16370602314128077, 0,6, 0
0.351094259296215, 1.720267704785215, 0.6298829798802311, 0.16989764677263858, 0,7, 0
0.3142420009312845, 1.7725077159928282, 0.6798431954550342, 0.20495152674349296, 0,5, 0
0.3193640657220781, 1.8422013578606502, 0.6860860521532878, 0.18875573078252672, 0,11, 0
0.40677176877536086, 1.6208953499072392, 0.5992634885453026, 0.1450278125571816, 0,8, 0
0.3781680303332668, 1.6766813332541437, 0.6221106936732387, 0.1553137806182468, 0,7, 0
0.36280183596088605, 1.7188442486183995, 0.6266300798136673, 0.15996793421392413, 0,9, 0
0.33606066653362604, 1.774887888459938, 0.6586378558523598, 0.17821161299745372, 0,9, 0
0.36153794984367726, 1.7000159436750975, 0.6264312713062093, 0.15799484416553997, 0,8, 0
0.3550854786137165, 1.7181302184775658, 0.6383678464889946, 0.16948218074604185, 0,8, 0
0.3787001929089337, 1.6997208396236887, 0.6386661906809974, 0.15597212840271596, 0,8, 0
0.33093860174283246, 1.800950728064921, 0.6725080448540193, 0.1907287641765269, 0,5, 0
0.3745094126255571, 1.751852874124882, 0.6324174511427152, 0.1541681797189649, 0,9, 0
0.387480875407437, 1.6669770806526254, 0.634926027572862, 0.1617705141963306, 0,8, 0
0.363533559502428, 1.694881875776431, 0.6497383545022076, 0.17472102141547155, 0,6, 0
0.3862169892902282, 1.661776924814474, 0.5944145544447089, 0.15574068085236845, 0,8, 0
0.3570145679505089, 1.7321579597797696, 0.6286388486210418, 0.16543039875268917, 0,6, 0
0.34537351160779617, 1.8034405505586621, 0.6347837778116093, 0.16881841801004227, 0,10, 0
0.3675912991418879, 1.6891472902054052, 0.6292446255541208, 0.16682965143799555, 0,6, 0
0.35388811281846605, 1.694760582138264, 0.6300449369907755, 0.18246960392000125, 0,4, 0
0.3345306991285838, 1.849663408049755, 0.6381125656378773, 0.17962100111416024, 0,5, 0
0.38994212731989625, 1.710632395333558, 0.5978559555506492, 0.148217099723106, 0,9, 0
0.3633339985365529, 1.745937632830852, 0.6388550586417984, 0.16332406053702717, 0,7, 0
0.3619370717754274, 1.7653995526968533, 0.6321082703869041, 0.1619908063932334, 0,7, 0
0.10643251513337325, 2.3026615598280573, 0.8844505321984168, 0.2991975138459229, 0,0, 0
0.10084480808887115, 2.3224082638195536, 0.8978811139839451, 0.502257175514966, 0,3, 0
0.09878267810816205, 2.3809562218067915, 0.9000015148416551, 0.5116505874836621, 0,1, 0
0.09991352358145414, 2.444912139696806, 0.9273376082964652, 0.5214210988327074, 0,3, 0
0.09958092197166234, 2.4624703781044763, 0.8933638062721464, 0.5145997765642981, 0,7, 0
0.1470099115279718, 2.2972353323089747, 0.8870097287019985, 0.3679837599272055, 0,3, 0
0.14035787933213598, 2.3048105339704854, 0.855490482951916, 0.2832420452702915, 0,7, 0
0.15100113084547329, 2.3908312014855286, 0.8265719044553737, 0.31172911345012877, 0,5, 0
0.13816270870751016, 2.3240365718943563, 0.8736904442296121, 0.3501813717575997, 0,4, 0
0.12093394532029535, 2.282177463371121, 0.9081910001048048, 0.4291080196479682, 0,7, 0
0.1611787401051021, 2.2012420324383797, 0.8230821939993257, 0.2998899075391657, 0,3, 0
0.14474822058138762, 2.2981438917456485, 0.8476678606080023, 0.3453832777039335, 0,6, 0
0.15638927692410032, 2.348736635924797, 0.8444869161337395, 0.2979306418433829, 0,9, 0
0.13929355418080225, 2.437041940949503, 0.8434057075468576, 0.3260984613799782, 0,9, 0
0.13603405840484267, 2.3179622704275573, 0.8593306509588134, 0.35136304125609014, 0,6, 0
0.17927226767777557, 2.1606242830847058, 0.8103429764003494, 0.2702531934684964, 0,7, 0
0.19523714494778155, 2.192287958969591, 0.8082740715115004, 0.23699194336038878, 0,11, 0
0.22124659083349962, 2.1633533612225717, 0.7642303919789881, 0.21122377546921497, 0,7, 0
0.2437969799773831, 2.0839092845982723, 0.7685731087804123, 0.18859321364796514, 0,6, 0
0.2161910463646644, 2.2303091632164476, 0.8275940330938992, 0.22730601846056495, 0,11, 0
0.19663407170890707, 2.385098832035258, 0.7864587911223433, 0.24384296863570973, 0,11, 0
0.22996075301004457, 2.09589758699925, 0.7548417779767564, 0.19440498610702472, 0,5, 0
0.21506020089137232, 2.1155144262399483, 0.7810305062053715, 0.24603440788949005, 0,9, 0
0.20827512805161977, 2.1212855454159856, 0.8134437501470616, 0.27417266258647693, 0,8, 0
0.2361471429521719, 2.1001668777888005, 0.8090464748951592, 0.21158856549130092, 0,11, 0
0.2329541674981707, 2.143200247070314, 0.74939364905555, 0.20974830639205702, 0,9, 0
0.2843078560500233, 2.0142907348370938, 0.7336276472583547, 0.1673113105683408, 0,8, 0
0.2243065256435841, 2.032571779244723, 0.7558432165374036, 0.23227354321408533, 0,10, 0
0.19982704716290828, 2.1660553069954616, 0.8038231998095275, 0.26553220275379724, 0,9, 0
0.2467903944655092, 2.080447039644312, 0.7434241953034675, 0.21191217765724155, 0,6, 0
0.25537151599813745, 1.93827517350372, 0.7346328424376668, 0.21035201721510954, 0,8, 0
0.2569014834031797, 1.9695738813148036, 0.751416201366441, 0.2113230062874374, 0,4, 0
0.23521585844475487, 1.9905748452158862, 0.766185092452836, 0.24574243247062116, 0,11, 0
0.2473225570411761, 2.041852909774986, 0.7434735084567444, 0.21073504757666192, 0,8, 0
0.2390075167963813, 2.1607925998492923, 0.7480614683848033, 0.22134141982960423, 0,9, 0
0.247122996075301, 2.2123751345171168, 0.7310432001203354, 0.21171223318792454, 0,2, 0
0.27319896228297746, 1.9830794853498968, 0.7686178058331917, 0.20349930453130924, 0,10, 0
0.23302068782012905, 2.024267186045147, 0.7697598773259148, 0.21957940859782787, 0,10, 0
0.2253043304729595, 2.0224797440203237, 0.7645140883365458, 0.2167093429694601, 0,5, 0
0.2459921506020089, 1.9835278065525144, 0.7890961138402123, 0.23802090998767117, 0,8, 0
0.27812146610789595, 1.9713801834617064, 0.7092242176300316, 0.18518517936354265, 0,7, 0
0.28324353089868953, 1.9545816144967503, 0.7306009491493907, 0.19078745765744443, 0,8, 0
0.2917581321093594, 1.9560258829002093, 0.7102681935002831, 0.1771477848210262, 0,7, 0
0.28051619769839686, 1.9411642564407232, 0.7468827005641845, 0.21157390037150647, 0,4, 0
0.26155790594026473, 1.9386656061305516, 0.7316476897266239, 0.21449439166022632, 0,3, 0
0.2557706379298876, 1.9369577026482963, 0.7696515206993959, 0.2312942024232122, 0,7, 0
0.329741235947582, 1.8530233310446216, 0.6801696344832017, 0.16600438264717213, 0,6, 0
0.24366393933346636, 1.9446651001759396, 0.7628212454741236, 0.2259095796637955, 0,8, 0
0.2561032395396794, 1.993150836069538, 0.7408764027148504, 0.2495302451142956, 0,6, 0
0.3312712033526242, 1.8336754809562725, 0.706596488047791, 0.17169663529296847, 0,9, 0
0.2423335328942992, 2.019779731554399, 0.7730554724285398, 0.2293985159216506, 0,7, 0
0.3244861305128717, 1.8068501773109251, 0.6853796974476509, 0.17440159506858932, 0,10, 0
0.3219583582784541, 1.8229931208879293, 0.701335583626827, 0.1760183053010067, 0,7, 0
0.3035322290959888, 1.8632422132834001, 0.7129928481152805, 0.19617600490957593, 0,4, 0
0.27020554779485134, 1.9494213431385679, 0.7494434353974938, 0.20938579608284333, 0,8, 0
0.3129781148140757, 1.8730981079339268, 0.6719861060747019, 0.19041218350281944, 0,4, 0
0.2711368323022683, 1.9828097408842218, 0.7212333617951819, 0.20197869657140352, 0,10, 0
0.3276791059668729, 1.8102599103230483, 0.6936923675716722, 0.18127917747892414, 0,10, 0
0.234683695869088, 2.0015651311023834, 0.7806854892236507, 0.2509342309233362, 0,7, 0
0.31683629348766046, 1.7943734218797815, 0.6751636119094813, 0.17782933177299814, 0,3, 0
0.2037517461584514, 2.1976400117297485, 0.8005936435660419, 0.28168998252653404, 0,8, 0
0.3116477083749085, 1.8140584660775407, 0.6869328906479107, 0.17839498702989076, 0,10, 0
0.33366593494312513, 1.7807643167361809, 0.6970880677669732, 0.17871758536429055, 0,4, 0
0.35069513736446484, 1.7488456850065202, 0.6787135847217446, 0.1645078224989496, 0,11, 0
0.3025344242666135, 1.8808030991178226, 0.694718322389485, 0.1838334271106749, 0,10, 0
0.30632608261823985, 1.810361566351994, 0.7220095134387549, 0.19241395480236406, 0,13, 0
0.3206279518392869, 1.8386792787326862, 0.6578236920005955, 0.18223224706137273, 0,10, 0
0.3070578061597818, 1.844787939945825, 0.6702755120796867, 0.19629919177310215, 0,9, 0
0.3563493647309253, 1.76216843825951, 0.6506855468338196, 0.16214887248749169, 0,2, 0
0.33486330073837556, 1.7623780528236466, 0.6886454013666307, 0.1739007774167211, 0,6, 0
0.3240204882591632, 1.7551254931977827, 0.6898559378421341, 0.1892243696839106, 0,7, 0
0.29475154659748554, 1.898457939063314, 0.6936229207651486, 0.1880883299852123, 0,10, 0
0.3351959023481674, 1.770086139123343, 0.6891991072159036, 0.18127395202089974, 0,9, 0
0.3408501297146278, 1.7995325834468985, 0.6667545893686763, 0.17598821927233477, 0,4, 0
0.3383223574802102, 1.7627312529073587, 0.6733509739856784, 0.17573269756340792, 0,9, 0
0.3419809751879199, 1.7888509941748942, 0.6366580377775111, 0.1664465048152638, 0,7, 0
0.31563892769241003, 1.8126706012603901, 0.680436370368911, 0.19194034565464022, 0,7, 0
0.36300139692676114, 1.7325193849971796, 0.6228764822661571, 0.16080294522372351, 0,10, 0
0.34903212931550587, 1.7100399026239195, 0.6435753797393652, 0.1681922746913747, 0,6, 0
0.3608727466240937, 1.7175005504346406, 0.6642061475137201, 0.16748069333811116, 0,7, 0
0.3188984234683696, 1.8426047476324612, 0.6694094807160014, 0.18326043380191795, 0,5, 0
0.3045300339253642, 1.8708711975960803, 0.7067673400924223, 0.1986748351820756, 0,7, 0
0.35814541342380096, 1.7215533424346008, 0.6137022828966, 0.16181516266813897, 0,5, 0
0.36040710437038515, 1.7293110591545477, 0.6454787224667268, 0.1629748595530478, 0,10, 0
0.38608394864631146, 1.6507558231283819, 0.6209528475373047, 0.1544824668528725, 0,9, 0
0.3790993148406838, 1.6822316990929245, 0.6258779583436058, 0.15521473447616646, 0,7, 0
0.3761059003525577, 1.6901858844403725, 0.6374249185527723, 0.1625064540135444, 0,8, 0
0.37337856715226503, 1.73483282301087, 0.6410507461523232, 0.15327958587922935, 0,5, 0
0.3781680303332668, 1.673739108866912, 0.6176325880132595, 0.16198512458063058, 0,7, 0
0.3475021619104636, 1.8071568338074688, 0.6415189393101645, 0.16936652396791424, 0,7, 0
0.3683230226834298, 1.7253638435280791, 0.6284119945442066, 0.15551831718758166, 0,10, 0
0.3142420009312845, 1.8827786052139, 0.6790157763345401, 0.19946826602117773, 0,5, 0
0.33486330073837556, 1.8211594185575883, 0.655485150826006, 0.17486225613481599, 0,4, 0
0.3657952504490122, 1.7092987337702723, 0.6406989139315111, 0.16783603862222388, 0,9, 0
0.39659415951573207, 1.63607806659606, 0.6123089912765387, 0.1519360920340258, 0,8, 0
0.38368921705581055, 1.689370212825815, 0.6179520732464507, 0.1584344467205409, 0,6, 0
0.3755072174549325, 1.7018914707864916, 0.6213873136810415, 0.15931355311210038, 0,15, 0
0.3934677043836892, 1.6374373880600268, 0.6245186948428303, 0.1558008742569198, 0,10, 0
0.3579458524579259, 1.7414275979572273, 0.6492096648988978, 0.1718558099175745, 0,8, 0
0.3728464045765982, 1.6822499854533899, 0.6030937491992309, 0.16277662689587813, 0,8, 0
0.4032461917115679, 1.6177422686988052, 0.6182161661026753, 0.15318601923909525, 0,8, 0
0.09419277589303532, 2.3048223323437584, 0.9109585459531752, 0.3281410780315786, 0,0, 0
0.0996474422936207, 2.3532346749760897, 0.9424463317291131, 0.5196431775107953, 0,1, 0
0.09991352358145414, 2.434962374233227, 0.9273376082964652, 0.5209698074143171, 0,8, 0
0.09991352358145414, 2.5995173481166827, 0.9273376082964652, 0.5197721341239488, 0,4, 0
0.10031264551320429, 2.517112361356296, 0.8802847204218374, 0.49264116136716984, 0,4, 0
0.14667730991818, 2.3827344047438794, 0.8520529755449405, 0.3484535550785319, 0,5, 0
0.10104436905474623, 2.5599685811492123, 0.891429649435025, 0.5002943509908735, 0,6, 0
0.1481407570012639, 2.2932395993105024, 0.8766683361042243, 0.33248425701160156, 0,7, 0
0.16749817069114614, 2.378839809579113, 0.8182166911256143, 0.2627615701404741, 0,7, 0
0.11860573405175281, 2.252067419045431, 0.8772289643112979, 0.3897303841053717, 0,10, 0
0.1539945453335994, 2.3299978091982734, 0.8353699553315626, 0.2808662273897286, 0,12, 0
0.15718752078760062, 2.3208045092899705, 0.8393766810709389, 0.31533212230068164, 0,7, 0
0.1812678773365263, 2.333211534982637, 0.8599667318063363, 0.26498797159792714, 0,8, 0
0.19184460852790527, 2.176507370689073, 0.8072849462096585, 0.24802566545748564, 0,8, 0
0.20887381094924498, 2.178003650379936, 0.788790107985033, 0.23437463471573244, 0,6, 0
0.21958358278454068, 2.1882908165292303, 0.7838287994931298, 0.18492384545427218, 0,7, 0
0.18306392602940197, 2.2721133205948227, 0.8295325858197486, 0.24057856885502152, 0,7, 0
0.2179205747355817, 2.108691573674305, 0.7808421005413608, 0.21016779792236462, 0,10, 0
0.19936140490919976, 2.284715993849411, 0.7960554084407504, 0.2472877947782526, 0,10, 0
0.17900618638994212, 2.4251885323564757, 0.8251455278951708, 0.24761379229599903, 0,8, 0
0.23734450874742233, 2.1351049398222917, 0.753665538334262, 0.19673594734892944, 0,12, 0
0.24492782545067518, 2.0617511877556534, 0.7464627953022651, 0.2028904167247546, 0,7, 0
0.21293155058870486, 2.2363825226935496, 0.8003311398526947, 0.24596929245643165, 0,11, 0
0.24639127253375906, 2.0735905658601643, 0.7833234411290961, 0.19631707944486873, 0,5, 0
0.22956163107829441, 2.1092570595523044, 0.7901373885425671, 0.2234198522835899, 0,7, 0
0.22324220049225038, 2.171585945203491, 0.7651787906731439, 0.21896399702228797, 0,9, 0
0.23428457393733787, 2.0049738420631598, 0.7607300162249949, 0.22716596656472177, 0,4, 0
0.21133506286170425, 2.2430865312379127, 0.8370535554710703, 0.2551750551765478, 0,9, 0
0.20601343710503559, 2.2506064390268645, 0.7937440290709148, 0.2543066210326103, 0,4, 0
0.22683429787800172, 2.1222410622862995, 0.7988016973070322, 0.23430845270129036, 0,7, 0
0.24672387414355085, 2.230445929077312, 0.7377364773392785, 0.19097414876021065, 0,10, 0
0.28803299407969135, 2.0197973891954923, 0.7354418566237203, 0.17011062846922734, 0,5, 0
0.24067052484534024, 2.0075982221981046, 0.7495491420701105, 0.2370956326392566, 0,8, 0
0.2571675646910131, 2.060320057202375, 0.7612188887095759, 0.20302548451468627, 0,10, 0
0.2037517461584514, 2.076525112139856, 0.7748133404872383, 0.26308015090292414, 0,6, 0
0.2626222310915985, 1.9782410428876578, 0.7689511580708696, 0.20818810753964406, 0,11, 0
0.23681234617175548, 1.9924083233498167, 0.7518288738359987, 0.22827638012831056, 0,3, 0
0.23242200492250384, 2.041708327426903, 0.7595871484298943, 0.21840522703891593, 0,6, 0
0.26109226368655625, 2.0097023455244827, 0.7440975948974895, 0.18857137991805747, 0,8, 0
0.29202421339719287, 1.940828245826279, 0.733157841257364, 0.18008175920836822, 0,12, 0
0.2747289296880197, 1.9525329975170551, 0.7050464827546127, 0.18915339260434244, 0,6, 0
0.290760327279984, 1.9443176388145802, 0.7384755108143498, 0.17864192788506728, 0,7, 0
0.31071642386749154, 1.912947583514155, 0.6928073117520833, 0.16471856908629032, 0,6, 0
0.20481607130978513, 2.2272754883184125, 0.792137325447353, 0.2618350136722539, 0,8, 0
0.2445952238408834, 2.089261434391921, 0.7957517239432472, 0.2559545718663185, 0,6, 0
0.27486197033193643, 1.9424403580705427, 0.7609903925752594, 0.19164564543380563, 0,8, 0
0.24659083349963415, 2.01507506221741, 0.7690550140666708, 0.22101651576628611, 0,8, 0
0.24592563028005054, 2.1001714105687914, 0.760794388158324, 0.20719290931067139, 0,4, 0
0.24818732122663473, 2.0707278429276372, 0.7641952483883159, 0.21876101726841, 0,8, 0
0.2845074170158984, 1.9331931708887222, 0.72454954981486, 0.19230560551250872, 0,9, 0
0.29348766048027675, 1.905522223984514, 0.6942834798353428, 0.18770526375142993, 0,4, 0
0.2453934677043837, 2.0332992927705997, 0.7714177330326797, 0.22400818673916978, 0,7, 0
0.30200226169094657, 1.8601509724390972, 0.7149279496260006, 0.17995716646060927, 0,7, 0
0.2984766846271536, 1.8701541871437093, 0.7160458089433771, 0.19422074337525402, 0,6, 0
0.33180336592829107, 1.8314336956177755, 0.6705403704341097, 0.16529515703033015, 0,8, 0
0.3116477083749085, 1.8508603910061918, 0.707992790512612, 0.17669020206041708, 0,12, 0
0.31849930153661943, 1.8513782327699937, 0.7076399488269521, 0.17340935675020383, 0,9, 0
0.2789862302933546, 1.9134267427199203, 0.7334041279414741, 0.2087514316437884, 0,3, 0
0.32328876471762125, 1.8179369871427475, 0.7050358117694081, 0.17634746962408968, 0,9, 0
0.28138096188385553, 1.9272806295011284, 0.7066730667933723, 0.202914838219711, 0,6, 0
0.30186922104702985, 1.8895386010477788, 0.6882640754570353, 0.182515070614167, 0,5, 0
0.3198297079757866, 1.829440892500006, 0.6641824131780409, 0.1713698922062259, 0,6, 0
0.3105833832235748, 1.9123880574662457, 0.6716359443912567, 0.17913517001013154, 0,10, 0
0.323621366327413, 1.825382571932339, 0.6533323703994267, 0.18114363617951185, 0,7, 0
0.3131111554579924, 1.8267955331834722, 0.7134871021156489, 0.18867828043520155, 0,6, 0
0.34497438967604604, 1.7790168372724995, 0.6504857476215126, 0.16508843482163102, 0,9, 0
0.25763320694472164, 2.015590890862386, 0.7423858295042969, 0.23603659851221245, 0,10, 0
0.3153063260826182, 1.8256631137597887, 0.6727083165522898, 0.17934482030088328, 0,7, 0
0.3491651699594226, 1.8088651567465577, 0.6528638596937815, 0.15925028344932518, 0,6, 0
0.3639326814341781, 1.7560692211432283, 0.6629760015428308, 0.15824554440094526, 0,8, 0
0.3522251047695071, 1.7442716923110826, 0.654650194991211, 0.16381905397785715, 0,10, 0
0.3247522118007051, 1.8190110305830096, 0.6864761983577635, 0.17805871784162577, 0,6, 0
0.3122463912725338, 1.8695494794706016, 0.6822241868239522, 0.17555143213008137, 0,6, 0
0.31357679771170094, 1.8329454098209794, 0.6832486548904306, 0.1935004602128158, 0,6, 0
0.33220248786004125, 1.7707046144365322, 0.6410491579298311, 0.1712011233644456, 0,6, 0
0.3353289429920841, 1.7651904246403152, 0.6776964417170349, 0.18120078456973102, 0,11, 0
0.3513603405840484, 1.7657736256428205, 0.6406109909315729, 0.16079539164292528, 0,8, 0
0.3047961152131976, 1.8652482129321686, 0.676700654381626, 0.18699463689379467, 0,5, 0
0.32122663473691215, 1.854246771634755, 0.6664985726182748, 0.18317467453069675, 0,5, 0
0.36060666533626023, 1.7672592111629204, 0.6202312931987735, 0.15957095842445138, 0,8, 0
0.3732455265083483, 1.7393384951242452, 0.6207693148517496, 0.15291588977021742, 0,8, 0
0.3002727333200293, 1.838720070368546, 0.69791208858031, 0.2023542258442783, 0,4, 0
0.3486995277057141, 1.7561423822494988, 0.6857149747225096, 0.18251518797170174, 0,6, 0
0.3801636399920176, 1.7079680059108875, 0.6370619836732541, 0.1554442865975313, 0,7, 0
0.2830439699328145, 1.9546888014446007, 0.711429076656191, 0.21163948350259004, 0,8, 0
0.3548193973258831, 1.7556778620612572, 0.6668388184823538, 0.17664631986199208, 0,10, 0
0.34111621100246126, 1.732949728012751, 0.6525081540983675, 0.1810839380420429, 0,7, 0
0.33892104037783544, 1.7943994803867724, 0.663595379061439, 0.178922505226879, 0,8, 0
0.30266746491053015, 1.9223334385330058, 0.6718289483991764, 0.1902574002132901, 0,6, 0
0.33014035787933216, 1.8037396574606401, 0.655654842862769, 0.18354283949604722, 0,5, 0
0.35162642187188187, 1.774724246776327, 0.6684036474550605, 0.17622423292742048, 0,7, 0
0.3396527639193774, 1.789922281083713, 0.6674594982122289, 0.17352754424010758, 0,5, 0
0.38348965608993546, 1.7144654088809186, 0.635991596786222, 0.15382982416228252, 0,7, 0
0.3667265349564292, 1.7658630053194382, 0.6270987799288015, 0.1607332195584539, 0,7, 0
0.37191512006918115, 1.7160040558034737, 0.6117321162837837, 0.15705380663044483, 0,7, 0
0.3534224705647575, 1.7707570036244409, 0.6380899124361854, 0.1618474526547122, 0,12, 0
0.3731124858644316, 1.6966658909187768, 0.6177184096177952, 0.15774025979081213, 0,12, 0
0.3214261957027872, 1.8132817659645764, 0.6832161491990085, 0.18898888878123798, 0,9, 0
0.40298011042373444, 1.644861190993732, 0.5953473408605637, 0.1439110875397262, 0,10, 0
0.3803632009578926, 1.6762486397050411, 0.6179339955559098, 0.15144791884033396, 0,5, 0
0.3422470564757533, 1.7360363561343601, 0.6696297008018897, 0.17898749649969348, 0,6, 0
0.0996474422936207, 2.3017965577949684, 0.912700901976894, 0.45606519884424884, 0,0, 0
0.09911527971795384, 2.3061797896093186, 0.8938603773930275, 0.5082777642508511, 0,1, 0
0.09878267810816205, 2.364121719042016, 0.9000015148416551, 0.5130620899884946, 0,4, 0
0.1020421738841216, 2.4534836807294114, 0.9209975769477332, 0.49226453188646035, 0,5, 0
0.10170957227432981, 2.368231189668849, 0.8970938035757756, 0.48778892220540465, 0,7, 0
0.1468103505620967, 2.3661628680529567, 0.8645301639113896, 0.3343749679794534, 0,6, 0
0.17128982904277257, 2.3057788305080225, 0.8121462621615815, 0.25791739398439495, 0,4, 0
0.17222111355018957, 2.2169830554387913, 0.8176676576338874, 0.26167897914389243, 0,8, 0
0.16942726002793854, 2.2545345203451297, 0.875730144263717, 0.31156509506871455, 0,7, 0
0.17973790993148406, 2.182810113830163, 0.8183011411679673, 0.25850551084360157, 0,8, 0
0.16669992682764584, 2.2452495516650988, 0.8591738917376216, 0.3035353820568948, 0,3, 0
0.18632342180536154, 2.14653602963094, 0.7991361257351193, 0.263345051023028, 0,5, 0
0.1498702853721812, 2.2534690692199093, 0.8451312891672326, 0.33181194436881006, 0,3, 0
0.197365795250449, 2.2145316680772, 0.794414868359715, 0.23215642017876714, 0,10, 0
0.2112685425397459, 2.215397416336018, 0.8203341560269033, 0.23550990830487908, 0,5, 0
0.20574735581720216, 2.1609338540830416, 0.7855975661743518, 0.2513008855585293, 0,6, 0
0.1819330805561099, 2.151046858793056, 0.8211147418328462, 0.26244945374839346, 0,9, 0
0.20800904676378634, 2.1753729930825156, 0.7804882770431146, 0.24036713640151552, 0,8, 0
0.21785405441362335, 2.1610061187496097, 0.7642006947639506, 0.23470970118200984, 0,10, 0
0.1989622829774496, 2.20904809680994, 0.7896679137238167, 0.2313874819147268, 0,9, 0
0.2270338588438768, 2.123274959561862, 0.7990754712778718, 0.21378094762044572, 0,9, 0
0.24526042706046697, 2.1197659582908717, 0.7721216258336584, 0.2007089282906444, 0,5, 0
0.18532561697598615, 2.1839295786503805, 0.8374553876905685, 0.3232373875450076, 0,5, 0
0.23781015100113084, 2.033264106048967, 0.7477789863150969, 0.1936016064556097, 0,8, 0
0.22264351759462517, 2.1636153331799224, 0.7722283483951425, 0.24363193565880503, 0,6, 0
0.2522450608660946, 2.0586343935877234, 0.7516837136645917, 0.1964217198299179, 0,7, 0
0.2415352890307989, 2.044608829791917, 0.748005357467875, 0.2091835308992512, 0,8, 0
0.2527107031198031, 2.0403832337943997, 0.7913015794427216, 0.2155879604134221, 0,7, 0
0.24080356548925697, 2.006100059293078, 0.751334639529826, 0.20263241694320108, 0,4, 0
0.2431317767577995, 2.0292285351841097, 0.7497125460381985, 0.22082174395475743, 0,6, 0
0.24592563028005054, 1.9982331181519333, 0.7609151702755962, 0.19929756222921655, 0,3, 0
0.22204483469699993, 2.1050312365789674, 0.7669932215012999, 0.23745196981864258, 0,6, 0
0.2608261823987228, 2.0184483030797447, 0.7762810571404121, 0.2107226097400428, 0,3, 0
0.24672387414355085, 2.009523974332966, 0.7418082859933679, 0.1897217598069015, 0,10, 0
0.19024812080090467, 2.199357006569739, 0.7967763869967, 0.2883683074225544, 0,11, 0
0.25537151599813745, 1.982655485054773, 0.7600162185675413, 0.2162509671776656, 0,5, 0
0.20601343710503559, 2.0891090746864163, 0.8146269895036246, 0.2700625489651338, 0,9, 0
0.2106033393201623, 2.0966890741907607, 0.8146910487197213, 0.25324980215436405, 0,11, 0
0.27067119004855983, 2.01829132153223, 0.7352587504731096, 0.20006076854804836, 0,10, 0
0.21472759928158053, 2.2525743493588632, 0.7803306141005021, 0.26141470499581115, 0,7, 0
0.26408567817468237, 2.014756913984606, 0.7609920574583616, 0.2011276973220401, 0,13, 0
0.2227100379165835, 2.2234453177377547, 0.8160482933812508, 0.2681258922447805, 0,11, 0
0.29821060333932015, 1.920915708886501, 0.7188597962384047, 0.18410429196339123, 0,7, 0
0.3100512206479079, 1.8571768806404612, 0.6912657690734985, 0.17227511987314548, 0,9, 0
0.2767910596687288, 1.975211843242587, 0.722069413255233, 0.21243524102988964, 0,6, 0
0.2852391405574403, 1.9402099556094403, 0.7229906486081614, 0.20304000761467897, 0,5, 0
0.2555045566420541, 1.9757563399077493, 0.730395905259935, 0.20375604380170514, 0,10, 0
0.28563826248919044, 1.9184717247128162, 0.7168570123933065, 0.19476614514584953, 0,6, 0
0.2841082950841482, 1.92951934802939, 0.708738727569162, 0.1912138045590913, 0,6, 0
0.2984766846271536, 1.86887860831835, 0.6932247428134236, 0.1837624459553963, 0,13, 0
0.2409366061331737, 2.1072846414768027, 0.7427799793783771, 0.23506901920761566, 0,7, 0
0.26455132042839086, 1.9848315930946188, 0.721688760928327, 0.20419789509627514, 0,6, 0
0.28231224639127256, 1.968085916410431, 0.6956437800356704, 0.19612576826825837, 0,6, 0
0.2802501164105634, 1.9363886271536188, 0.7067955551503098, 0.22654601914009256, 0,8, 0
0.2781879864298543, 1.862583447278224, 0.7404835926638031, 0.22573017250964067, 0,5, 0
0.3221579192443291, 1.8003285334335943, 0.6796389735544821, 0.1803030522821178, 0,3, 0
0.31098250515532494, 1.8762262607892735, 0.669717286732475, 0.18000896346100922, 0,14, 0
0.2891638395529834, 1.9873910768853764, 0.7038633592455317, 0.1844272320979515, 0,8, 0
0.305793920042573, 1.9211316668589988, 0.6763864792117318, 0.17491122989678284, 0,9, 0
0.32269008181999603, 1.87848998997047, 0.6648820703737006, 0.17934619094912457, 0,8, 0
0.2747289296880197, 2.0367415107324245, 0.7029354713804377, 0.19959781807707241, 0,6, 0
0.29408634337790196, 1.8537380748155754, 0.6919354844924267, 0.2045654251965053, 0,9, 0
0.33985232488525247, 1.789836518970513, 0.6419899126995321, 0.16856739458493375, 0,7, 0
0.3427792190514202, 1.8302144297763336, 0.6440662696501387, 0.1528502515609238, 0,6, 0
0.36606133173684563, 1.7133629163613793, 0.6395099102799513, 0.1603071121970202, 0,6, 0
0.3362602274995011, 1.792414741503267, 0.6753033621138076, 0.17310013716915926, 0,7, 0
0.36180403113151066, 1.7567196596930035, 0.6501164794148919, 0.1641219102782615, 0,5, 0
0.33014035787933216, 1.7787636439021393, 0.6663215659280516, 0.17895851891635625, 0,6, 0
0.3240204882591632, 1.8065833086058074, 0.654538042501263, 0.17877534677272616, 0,9, 0
0.2833100512206479, 1.9354262034141922, 0.7474126503740947, 0.21559027197897332, 0,6, 0
0.36140490919976054, 1.7521868439275157, 0.6489806749774055, 0.16209700826362777, 0,10, 0
0.3410496906805029, 1.7928310423357905, 0.6565469942020072, 0.176520432723685, 0,9, 0
0.3467039180469633, 1.7387491963005333, 0.653103543861847, 0.16897046948842193, 0,7, 0
0.34098317035854453, 1.8038969795055861, 0.6517537842723814, 0.17074015840097131, 0,7, 0
0.3521585844475487, 1.7316098935207762, 0.641681673719065, 0.16615348713884281, 0,8, 0
0.3221579192443291, 1.9174089441199205, 0.6594363984277922, 0.1795381056514839, 0,7, 0
0.3316703252843744, 1.821743471611524, 0.6817820758271764, 0.18071236463543563, 0,5, 0
0.34716956030067186, 1.775406759610189, 0.6794916362842802, 0.16993145546276017, 0,5, 0
0.3941329076032728, 1.6921632518265877, 0.6224911742370962, 0.15225368656190122, 0,4, 0
0.3511607796181733, 1.732762118466067, 0.6680230148667892, 0.17543202121411494, 0,7, 0
0.37796846936739176, 1.6987721755310645, 0.6334406468922189, 0.15457670173677396, 0,5, 0
0.3411827313244196, 1.8008791023858775, 0.6594773777711274, 0.1741810346638947, 0,4, 0
0.3637331204683031, 1.7687074340617737, 0.6214445128248799, 0.16724357076869897, 0,6, 0
0.35774629149205084, 1.720819449104378, 0.6276522615637269, 0.16405792288402032, 0,4, 0
0.3091864564624493, 1.8411169729748704, 0.6804677722364434, 0.21117038816457195, 0,7, 0
0.3758398190647243, 1.6915003743439245, 0.6241188316513512, 0.16189168448520938, 0,1, 0
0.3651300472294286, 1.7140956679071002, 0.620887432504172, 0.16535028803192633, 0,11, 0
0.3751080955231823, 1.724354185663059, 0.6254044785275125, 0.15800701582373342, 0,12, 0
0.37823455065522515, 1.6827936708502909, 0.6264674672878396, 0.1621156194482698, 0,9, 0
0.36040710437038515, 1.6984863308132159, 0.615436891971907, 0.1724933850704516, 0,7, 0
0.29308853854852657, 1.9141348790277513, 0.6922687987665982, 0.2383339572952055, 0,8, 0
0.3568815273065922, 1.7424108253631225, 0.6146215013204999, 0.1646449646786284, 0,4, 0
0.3691877868688884, 1.7254299551777867, 0.6121554644180202, 0.1599617016166248, 0,6, 0
0.32009578926362003, 1.794913474111304, 0.6707813433048728, 0.19269452866583933, 0,7, 0
0.2972127985099448, 1.8961211369913558, 0.6887662903127116, 0.21103665762015594, 0,13, 0
0.3449078693540877, 1.7725243528791033, 0.6616427515963664, 0.1758889960610703, 0,6, 0
0.3808953635335595, 1.6739349207390903, 0.6453194889504213, 0.16356944128489373, 0,4, 0
0.31178074901882524, 1.862308228593985, 0.6715698122131623, 0.18808821333613732, 0,8, 0
0.3773032661478082, 1.696523186874304, 0.6212402146329802, 0.15672449159175547, 0,8, 0
0.3638661611122198, 1.6852405313435868, 0.6339826612089451, 0.17181312633698412, 0,5, 0
0.3669926162442626, 1.6758043350141252, 0.6552567516386764, 0.17339727586482068, 0,7, 0
0.08747422337524113, 2.3037845546008344, 0.9033420927280333, 0.23104817057281404, 0,0, 0
0.11561231956362669, 2.325017482167208, 0.8589980120063307, 0.40324336666192573, 0,3, 0
0.1020421738841216, 2.3816364613913463, 0.9258704967045729, 0.5013917769418356, 0,0, 0
0.10004656422537085, 2.421264799350291, 0.9272677556656901, 0.522674975707226, 0,3, 0
0.09911527971795384, 2.398882539965535, 0.8997682298295022, 0.5027514287882033, 0,7, 0
0.17627885318964945, 2.3354833260558205, 0.8082888167903246, 0.25815252577664105, 0,5, 0
0.11933745759329475, 2.2894362859491864, 0.8702730659536332, 0.4034099536119639, 0,10, 0
0.15718752078760062, 2.2692769304773317, 0.8356054909814287, 0.3404051992132922, 0,4, 0
0.19217721013769706, 2.1961536869225307, 0.79691063737471, 0.2569830153011091, 0,6, 0
0.17415020288698196, 2.2075568273587196, 0.8324248247841863, 0.2605734960700345, 0,6, 0
0.14687687088405507, 2.318532111996354, 0.8707732423486785, 0.3845072070494055, 0,10, 0
0.206279518392869, 2.2876721847353125, 0.7861913961146323, 0.20534929671437024, 0,5, 0
0.1584514069048094, 2.2646010705337214, 0.8713118334800616, 0.3335684670628012, 0,5, 0
0.15120069181134838, 2.3116844897814826, 0.8396781580325287, 0.3526579101973123, 0,5, 0
0.19556974655757334, 2.169674631341254, 0.7993739212012685, 0.2526293318268623, 0,4, 0
0.22224439566287502, 2.2757443359716047, 0.7994639259853927, 0.21215396126190342, 0,7, 0
0.19683363267478216, 2.186651339980091, 0.8066165449798419, 0.25722304975667265, 0,7, 0
0.20228829907536752, 2.2066229449245958, 0.8085247302805003, 0.2309812047872335, 0,12, 0
0.1984966407237411, 2.1708553238304553, 0.7952178266052976, 0.2587219379621739, 0,11, 0
0.19364065722078094, 2.1981835840768635, 0.8099223735525196, 0.24245024530530962, 0,8, 0
0.20661212000266083, 2.2336765831517402, 0.7849932530296758, 0.24146377824631016, 0,9, 0
0.22936207011241935, 2.120753691822582, 0.7644888279469023, 0.2052596488595069, 0,8, 0
0.21040377835428722, 2.0537557002274185, 0.7952057226932762, 0.25923120329119187, 0,6, 0
0.17767577995077496, 2.2587287506958544, 0.8429483127316277, 0.32945611007501335, 0,9, 0
0.2737311248586443, 1.9787978631035579, 0.7590730607738948, 0.17815600580581836, 0,7, 0
0.27126987294618504, 1.993125218423011, 0.7635075382552017, 0.1807081783421316, 0,6, 0
0.21605800572074768, 2.091695845773388, 0.8062815547005857, 0.23486389528518933, 0,6, 0
0.20448346969999334, 2.129988166867699, 0.8193481110361965, 0.26427092571490146, 0,7, 0
0.2666799707310583, 2.0239863127781264, 0.7500782561735098, 0.19408961673565994, 0,12, 0
0.2717355151998936, 2.0011903425894326, 0.7409727509883701, 0.18244417557135917, 0,12, 0
0.26328743431118207, 2.0789009320048413, 0.7322431758995507, 0.19278817763586475, 0,14, 0
0.1937071775427393, 2.3058307686664383, 0.7998944948537321, 0.2612400865762783, 0,9, 0
0.2666134504091, 2.1366604161835046, 0.7183005473752498, 0.18203227201297584, 0,6, 0
0.24246657353821593, 2.111008262559737, 0.740813565155696, 0.2183035540531552, 0,7, 0
0.2362801835960886, 2.0379016633829274, 0.7510418290185226, 0.21382466846911974, 0,5, 0
0.23122463912725338, 2.081697390289322, 0.759583430084992, 0.22692274999151751, 0,4, 0
0.25377502827113685, 2.089838234885267, 0.7376273406574111, 0.20344396741945603, 0,12, 0
0.2149271602474556, 2.09504247603838, 0.7901743042287223, 0.22140151319221452, 0,6, 0
0.26960686489722613, 1.935044260230566, 0.7295187448861534, 0.19273131924704867, 0,8, 0
0.2265682165901683, 2.124868173934041, 0.758720332487753, 0.243678144785754, 0,9, 0
0.24226701257234085, 2.018469245851472, 0.7845075793684182, 0.23213141156150818, 0,6, 0
0.28949644116277523, 1.928721713490855, 0.7354292764185906, 0.18775636324848416, 0,7, 0
0.3027339852324885, 1.908212431868988, 0.7084819400600587, 0.1785915907765215, 0,6, 0
0.27572673451739504, 2.0150696246406556, 0.7225320649209098, 0.18598712858913646, 0,7, 0
0.29408634337790196, 1.9258042502480972, 0.7119489355253313, 0.1918290623680585, 0,7, 0
0.23302068782012905, 1.9978778464807005, 0.7553035914982336, 0.24896426938177987, 0,6, 0
0.2666799707310583, 1.9759417274061224, 0.7479268595023199, 0.21387765147715426, 0,4, 0
0.23348633007383757, 2.0334198882735546, 0.7937319051379561, 0.24657872725057872, 0,9, 0
0.33107164238674913, 1.8322806546353916, 0.6753521603048455, 0.16434345857008195, 0,6, 0
0.2619570278720149, 1.9826958293584278, 0.7234686891810713, 0.2126551158689724, 0,7, 0
0.3196966673318699, 1.9029240050192469, 0.6942117805917425, 0.16387197664115127, 0,8, 0
0.23381893168362936, 2.0618448383927244, 0.7657598611928801, 0.2562212468856131, 0,9, 0
0.2501829308853855, 1.9453351955439828, 0.7416431499580485, 0.24910222292115486, 0,8, 0
0.29202421339719287, 1.9112985636063824, 0.6907885753438346, 0.1940415294702111, 0,11, 0
0.26508348300405776, 1.9853127139099405, 0.7147747046100765, 0.20740102996589235, 0,9, 0
0.30971861903811615, 1.8710093155185088, 0.6848110365543134, 0.18248645714730366, 0,9, 0
0.2529102640856782, 1.947353496940393, 0.744298270621419, 0.2600768018661743, 0,10, 0
0.3437105035588372, 1.7848499433125025, 0.6890216398806214, 0.16449662897202885, 0,6, 0
0.2712033526242267, 1.9176154308933495, 0.7638227631896651, 0.23592577206726273, 0,9, 0
0.3312712033526242, 1.7973838367402208, 0.6598363090885502, 0.17205825827948723, 0,10, 0
0.2904942459921506, 1.8700994702463323, 0.7072965168291924, 0.21033185273026234, 0,9, 0
0.31803365928291094, 1.8161859280301973, 0.6682914739027268, 0.17509890520930174, 0,6, 0
0.3453069912858378, 1.7913809924839992, 0.6804831372905595, 0.16888029255249282, 0,6, 0
0.27492849065389474, 1.9460907174205062, 0.7377613341795385, 0.20970358023384741, 0,5, 0
0.26375307656489055, 1.9789693272197857, 0.7474776575317833, 0.22644279913601675, 0,7, 0
0.3416483735781281, 1.8246557568965347, 0.6948089776925207, 0.17120703179076555, 0,12, 0
0.346637397725005, 1.7530644730577003, 0.6822566452543299, 0.1772836971418351, 0,7, 0
0.36140490919976054, 1.7617722711964043, 0.6593985511096223, 0.16219076386015485, 0,7, 0
0.34417614581254574, 1.8354015773953867, 0.661847080807039, 0.16463858194527092, 0,9, 0
0.30047229428590433, 1.9628085416011813, 0.7351560935801076, 0.19955893763671909, 0,10, 0
0.3533559502427992, 1.722877675569645, 0.6397261810881697, 0.16533648972035003, 0,6, 0
0.24020488259163175, 2.045153816287281, 0.7517251738954652, 0.2874667242194333, 0,8, 0
0.27951839286902147, 1.9319424621182462, 0.7185162815998554, 0.220134003021488, 0,7, 0
0.3292755936938735, 1.8357361505577634, 0.676003157987817, 0.17629055193998155, 0,4, 0
0.33379897558704186, 1.7887516635101663, 0.6548901267900944, 0.18165519285189827, 0,8, 0
0.33406505687487525, 1.7816669938946201, 0.6644502381113904, 0.1832003511396211, 0,7, 0
0.35774629149205084, 1.7966265213320627, 0.6435088474370713, 0.15860274604559735, 0,5, 0
0.35355551120867423, 1.7564334644098003, 0.6437520568063633, 0.15779769091960605, 0,5, 0
0.32880995144016495, 1.819300882919244, 0.6523850102543605, 0.1725500578369964, 0,8, 0
0.2873012705381494, 1.9952820174067445, 0.6919077640976762, 0.20021466914768182, 0,10, 0
0.33725803232887647, 1.851749467221688, 0.6648812953666764, 0.1716892494968955, 0,3, 0
0.30366526973990554, 1.8820851665270952, 0.7365813088292823, 0.20437638311601655, 0,4, 0
0.36360007982438636, 1.7325584702146655, 0.6503267006918947, 0.16167862119968213, 0,4, 0
0.3576797711700925, 1.737534509002191, 0.669142045029084, 0.17093952432482876, 0,2, 0
0.344043105168629, 1.7478198488507768, 0.6512781408018543, 0.1720639806721656, 0,5, 0
0.40131710237477547, 1.6334244838239809, 0.6129930082187935, 0.14664150775172005, 0,6, 0
0.3608062263021353, 1.747175901444271, 0.6228202525793664, 0.16303899201602326, 0,11, 0
0.3906738508614382, 1.659354172074564, 0.6182416555543305, 0.15218112984078527, 0,11, 0
0.3242865695469966, 1.8077968335402255, 0.6611242190856482, 0.18921588972967357, 0,2, 0
0.3809618838555179, 1.6736017422651346, 0.6086690246115637, 0.15276568347129751, 0,7, 0
0.36439832368788666, 1.7251886350711028, 0.6294721477783116, 0.16461660034278655, 0,5, 0
0.28464045765981505, 1.8754751308230926, 0.7024102535613963, 0.23781977773713403, 0,5, 0
0.31989622829774494, 1.8187815488050902, 0.6658199422512263, 0.19100370815781406, 0,8, 0
0.33665934943125125, 1.7612995546508643, 0.6949543402916746, 0.18801279438909885, 0,6, 0
0.3888778021685625, 1.669980428541467, 0.611241971496169, 0.15328360053747267, 0,7, 0
0.3878799973391871, 1.6696557822020033, 0.5946958340693935, 0.151171301719229, 0,10, 0
0.3722477216789729, 1.7003040816651, 0.6083467648972685, 0.16363242019093427, 0,8, 0
0.3775693474356416, 1.7209576670240754, 0.6091570810769823, 0.15577493887166885, 0,8, 0
0.32821126854253974, 1.9086113793422685, 0.6496747347943281, 0.1797672449249278, 0,9, 0
0.3220248786004124, 1.8658108584345405, 0.6532688234972857, 0.18017367437286252, 0,10, 0
0.39439898889110625, 1.6377948909266413, 0.6098776786552789, 0.15443647293371007, 0,8, 0
0.09126588172686756, 2.3038258394906044, 0.9186920654305581, 0.2954640110326795, 0,0, 0
0.10111088937670458, 2.3371339873830483, 0.9116167084157132, 0.515007149123525, 0,3, 0
0.13783010709771834, 2.4897676025061504, 0.8694818109660554, 0.3388431005923029, 0,3, 0
0.10836160447016563, 2.4971144206349596, 0.875709468428543, 0.44291402919405903, 0,5, 0
0.10403778354287235, 2.391187891951897, 0.8862891102471593, 0.47343422040885325, 0,7, 0
0.12825118073571476, 2.378155109855869, 0.8633464881895905, 0.4241279279979806, 0,8, 0
0.1597818133439766, 2.2551551567995087, 0.848369784994256, 0.2611951825905694, 0,7, 0
0.1562562362801836, 2.2799859307114096, 0.8489945736014164, 0.2803304515735812, 0,1, 0
0.14627818798642986, 2.3109356019261083, 0.8463387102025242, 0.2705685305977454, 0,11, 0
0.10111088937670458, 2.5560359833269533, 0.9116167084157132, 0.5148660203463907, 0,7, 0
0.15732056143151732, 2.4825687668228835, 0.8206599687585089, 0.2833591471921503, 0,9, 0
0.18120135701456794, 2.2432691572288674, 0.8391060237585884, 0.2971549579520586, 0,6, 0
0.16104569946118538, 2.3381520129959794, 0.866079360290164, 0.288275672212185, 0,8, 0
0.17308587773564824, 2.238955749593428, 0.8145000810268912, 0.25293543704869625, 0,7, 0
0.17461584514069048, 2.2181804304167967, 0.8198678608139299, 0.29360699470295687, 0,9, 0
0.1619769839686024, 2.3252273716351186, 0.82495432254806, 0.34491564144596537, 0,5, 0
0.21885185924299874, 2.1751104562628143, 0.7663827875905348, 0.2147281138284853, 0,9, 0
0.1144814740903346, 2.4999165272594555, 0.8979750325169821, 0.41519838165934353, 0,8, 0
0.22477216789729262, 2.1420382629300136, 0.7606748544153512, 0.22284997773590326, 0,8, 0
0.22956163107829441, 2.1115249815374475, 0.8016207240578258, 0.22008036322412167, 0,5, 0
0.1819330805561099, 2.230502140523589, 0.8160331784955064, 0.27765704931788127, 0,6, 0
0.1909798443424466, 2.1484415442542484, 0.8089647205965165, 0.27501601427650985, 0,8, 0
0.20035920973857513, 2.3474663851750095, 0.7963344815116151, 0.2647349097283017, 0,5, 0
0.19823055943590767, 2.1646752408788976, 0.7969492359757901, 0.2775579273377384, 0,8, 0
0.2459921506020089, 2.138637336739077, 0.7473019204178327, 0.19512744717146757, 0,8, 0
0.20767644515399455, 2.082948412108087, 0.7949151034595736, 0.24292485641598496, 0,6, 0
0.1756801702920242, 2.2629773077204787, 0.8116366349002654, 0.2792726296779161, 0,3, 0
0.2505155324951773, 2.0620729404081644, 0.7248498210499019, 0.18426209845621813, 0,7, 0
0.224838688219251, 2.115224290237466, 0.7726444285435768, 0.23941473411047728, 0,10, 0
0.26009445885718085, 1.9852752643716967, 0.7697261044185608, 0.1925671252378591, 0,6, 0
0.2290959888245859, 2.090488657990687, 0.7672945231860477, 0.2382580392179752, 0,7, 0
0.2155923634670392, 2.098312502555058, 0.7798669018969998, 0.2394455745533622, 0,10, 0
0.2490520854120934, 2.055880851900396, 0.7287293837760042, 0.20324718189248184, 0,9, 0
0.21685624958424798, 2.0691720688484994, 0.7851033385543963, 0.2661340316546339, 0,5, 0
0.2816470431716889, 1.9671299289833926, 0.7114639105981121, 0.1829450492739252, 0,4, 0
0.20521519324153528, 2.0909389171511212, 0.803675248868361, 0.2554009110972404, 0,9, 0
0.22956163107829441, 2.1198496924405847, 0.7612254177372677, 0.24270875257659877, 0,10, 0
0.2445952238408834, 1.9617022321045474, 0.746776358823833, 0.2388968909291204, 0,10, 0
0.21798709505754008, 2.081362831979536, 0.765409507530159, 0.25692244792458674, 0,6, 0
0.28417481540610656, 1.9137069543845036, 0.7035514179466259, 0.1831201963104819, 0,6, 0
0.2618239872280982, 1.9726055047274635, 0.7349287203483366, 0.20645642136810172, 0,9, 0
0.2815805228497306, 1.9463361036568942, 0.6961178558363882, 0.1912110691732759, 0,3, 0
0.259562296281514, 1.9991616696180765, 0.74623358214231, 0.22162467914564626, 0,8, 0
0.29009512406040044, 1.923473798494365, 0.693941503125155, 0.18922615106613075, 0,10, 0
0.2817135634936473, 1.9093070743580838, 0.7002630558797768, 0.18874624484073788, 0,7, 0
0.3185658218585778, 1.907194279668051, 0.6962947998743547, 0.1679285342030968, 0,8, 0
0.30606000133040645, 1.8682132413991077, 0.6842792448567068, 0.18131770458521476, 0,3, 0
0.3087873345306991, 1.8732807852269837, 0.6892738449408178, 0.17356921695193478, 0,8, 0
0.2737311248586443, 1.9208006861283935, 0.7581835678051589, 0.21398358540335688, 0,7, 0
0.2602274995010976, 2.023782835819205, 0.7182005669699492, 0.22065322457122388, 0,7, 0
0.3353289429920841, 1.784627737977869, 0.6764567866081806, 0.16805400600306142, 0,11, 0
0.2918246524313178, 1.8791176716359737, 0.687076660949561, 0.19644876839727007, 0,9, 0
0.33060600013304065, 1.816201610867471, 0.6717175836769894, 0.16785276719784245, 0,9, 0
0.33027339852324883, 1.8863125613513982, 0.6631211535092391, 0.16909737176040932, 0,5, 0
0.3539546331404244, 1.7856587594254705, 0.6455136243233993, 0.15558342938453096, 0,3, 0
0.31703585445353555, 1.8295571504556387, 0.6731191153195862, 0.1829199629418283, 0,10, 0
0.3167032528437438, 1.804241643007157, 0.6866658074479481, 0.19256009969977106, 0,3, 0
0.31191378966274197, 1.880242824820093, 0.6911490612791272, 0.18070693981262334, 0,8, 0
0.30100445686157123, 1.845987787035691, 0.7082267353273736, 0.19170789525975496, 0,9, 0
0.3142420009312845, 1.8289726684568155, 0.687342799852284, 0.17945588202519983, 0,4, 0
0.28962948180669196, 1.8841390395397628, 0.7424975220570676, 0.20184860386926476, 0,8, 0
0.3195636266879532, 1.8234487453247983, 0.7027422054391951, 0.18910051841706235, 0,8, 0
0.28131444156189717, 1.927766869590405, 0.6927071436910127, 0.20881541651515595, 0,6, 0
0.34683695869088005, 1.7589278918599476, 0.6371062576903267, 0.16701239402683726, 0,5, 0
0.34657087740304665, 1.7836770767391001, 0.646824472679025, 0.1613369227787125, 0,12, 0
0.3492982106033393, 1.7825579002082272, 0.6464977478302714, 0.16296833184126927, 0,5, 0
0.34577263353954635, 1.7440876102626723, 0.6535783495948353, 0.1672381131937624, 0,3, 0
0.329741235947582, 1.807402445011444, 0.7004543921725095, 0.18524590700891977, 0,4, 0
0.27765582385418747, 1.926150596158468, 0.7605803533611938, 0.23148032664194013, 0,3, 0
0.31637065123395197, 1.8621087997947585, 0.6789698525066634, 0.18810209962148813, 0,11, 0
0.35149338122796514, 1.8026016985696842, 0.654541228591009, 0.16069772547560712, 0,8, 0
0.3703851526641389, 1.723189418067525, 0.6280850035256695, 0.16352662329843562, 0,9, 0
0.32408700858112155, 1.8143039778988097, 0.7023355020314022, 0.19612042819621375, 0,11, 0
0.39260294019823055, 1.6497944223383567, 0.6259020202809181, 0.1533599239639458, 0,9, 0
0.3765050222843079, 1.684534794022594, 0.6423301508835256, 0.15956423567264677, 0,11, 0
0.303931351027739, 1.8246060400330948, 0.6954800257706573, 0.20874253843660326, 0,10, 0
0.3843544202753941, 1.6648780859128083, 0.618618025467594, 0.15608687006387312, 0,4, 0
0.3338654959090002, 1.768230814213906, 0.6763158452301187, 0.18010525706864375, 0,7, 0
0.35535155990154993, 1.7249050175272156, 0.6649141551819896, 0.16584783855782315, 0,6, 0
0.39686024080356547, 1.640018514968167, 0.6069064697838507, 0.15004103595093826, 0,9, 0
0.39692676112552383, 1.6253202837526795, 0.6007777025192447, 0.15363516920387735, 0,9, 0
0.37796846936739176, 1.6904768227642741, 0.6060564829276902, 0.1564965700220857, 0,7, 0
0.3761059003525577, 1.6921131517218948, 0.6224688570142758, 0.161213345385074, 0,12, 0
0.3497638528570478, 1.7569138852670378, 0.6529440915470733, 0.17560044318895016, 0,8, 0
0.3675912991418879, 1.6813732207372565, 0.6338526442998268, 0.16589282978497608, 0,11, 0
0.3791658351626422, 1.7105827996261833, 0.638186213418041, 0.1680514453002268, 0,9, 0
0.3922703385884388, 1.6501857406252645, 0.612106875673466, 0.15598721317550573, 0,11, 0
0.3967272001596488, 1.6155007676490487, 0.5897906729015131, 0.15258537647774337, 0,7, 0
0.32468569147874676, 1.85263176638154, 0.6531671873110075, 0.18215993510821232, 0,4, 0
0.3629348766048028, 1.7271953732883478, 0.6505987172470895, 0.1713005271979778, 0,6, 0
0.37956495709439236, 1.6640825353997486, 0.6214492056789455, 0.16697870662879333, 0,11, 0
0.3373910729727932, 1.736241454173687, 0.6458771313927065, 0.18152397811138699, 0,7, 0
0.3700525510543471, 1.7024018015918922, 0.6359542631987112, 0.16274246005990375, 0,11, 0
0.3448413490321293, 1.7797837219302195, 0.6828161096868972, 0.17841942739922828, 0,7, 0
0.3800971196700592, 1.6777280450307355, 0.6058037089376476, 0.16248681645068463, 0,7, 0
0.4001862569014834, 1.6397521848726724, 0.5876186682099737, 0.15231674563130557, 0,6, 0
0.4148207277323222, 1.5897481196981176, 0.5994406005613928, 0.15436362197311013, 0,12, 0
0.3726468436107231, 1.6744819940551983, 0.6127100478173438, 0.17242909935707268, 0,6, 0
0.39992017561364995, 1.6364187995116963, 0.6272085816329888, 0.15569893503151364, 0,4, 0
0.3673252178540544, 1.701116797505029, 0.625171216617801, 0.1697506562987539, 0,5, 0
0.36346703918046963, 1.745902351284189, 0.6520449846773994, 0.18282871548343269, 0,4, 0
0.10071176744495443, 2.3023125457008753, 0.8811933704014282, 0.30405201084424704, 0,0, 0
0.10350562096720548, 2.3354778729583865, 0.9349493507145293, 0.3941740337384285, 0,1, 0
0.0996474422936207, 2.5749869237900542, 0.9424463317291131, 0.5172404319449253, 0,3, 0
0.0996474422936207, 2.4537669789098833, 0.9424463317291131, 0.5205092532906976, 0,9, 0
0.0996474422936207, 2.3790764835061156, 0.9424463317291131, 0.5179816649579737, 0,3, 0
0.11228630346570877, 2.304685207284917, 0.8675580862724476, 0.40549983220674557, 0,6, 0
0.12698729461850594, 2.3013369808223665, 0.8531369440673747, 0.37171411668024684, 0,7, 0
0.15618971595822523, 2.243305807808936, 0.8276596958962379, 0.32321088305245477, 0,6, 0
0.13689882259030134, 2.351446845213794, 0.8452816025845326, 0.2995185332049156, 0,4, 0
0.1446151799374709, 2.33037431061819, 0.8410119156369954, 0.3167721775333926, 0,6, 0
0.1720215525843145, 2.2981537541951087, 0.8089727318597174, 0.2651977628524304, 0,12, 0
0.17501496707244063, 2.3324378865299478, 0.8042999904872837, 0.2726446241872607, 0,6, 0
0.2064790793587441, 2.1723799062712517, 0.8447163711218318, 0.2430259073860368, 0,7, 0
0.21007117674449544, 2.1750851061215206, 0.8204900337325491, 0.22687717096214371, 0,3, 0
0.21738841215991486, 2.233308608601893, 0.7717314526992878, 0.21509927638006432, 0,7, 0
0.18545865761990288, 2.2775336765270784, 0.8127143848396186, 0.2529250254498672, 0,7, 0
0.1696268209938136, 2.2049567133876162, 0.833740990202198, 0.303597006335568, 0,6, 0
0.22557041176079293, 2.095340007818333, 0.8070626173834404, 0.23165599771783685, 0,9, 0
0.23208940331271202, 2.0632491661293306, 0.7642484352067852, 0.19835356456119843, 0,8, 0
0.22776558238541875, 2.077890003844823, 0.7896495383648839, 0.21511501358499197, 0,7, 0
0.21359675380828844, 2.1747115069597234, 0.7797943327530169, 0.23195368038249678, 0,4, 0
0.2101376970664538, 2.2154417620608884, 0.7824998520849006, 0.21933875908586195, 0,7, 0
0.20687820129049425, 2.2251401887891267, 0.7805136200729222, 0.2646374693702473, 0,5, 0
0.23687886649371384, 2.088673060013134, 0.7518426594488762, 0.20849321073088178, 0,6, 0
0.18678906405907006, 2.1960861076437483, 0.795663784124209, 0.2589078435780088, 0,4, 0
0.25703452404709637, 2.090572389765413, 0.7594965076875805, 0.19400353288357672, 0,7, 0
0.20428390873411828, 2.150603401124069, 0.8021377580172004, 0.2521996926359637, 0,9, 0
0.24805428058271803, 1.9981358960852733, 0.7496944352791804, 0.20014433364431752, 0,7, 0
0.22942859043437772, 2.1538890549294893, 0.7455410254109998, 0.21371517821121316, 0,9, 0
0.26062662143284776, 1.9954333742372388, 0.7475778335639808, 0.19729956463796508, 0,3, 0
0.20355218519257634, 2.185692426144605, 0.7803035026865461, 0.2778799505438057, 0,7, 0
0.2378766713230892, 2.0487178682186626, 0.7730208926238963, 0.222247519016449, 0,8, 0
0.21639060733053947, 2.217789243939695, 0.775345409993644, 0.2335284235164212, 0,9, 0
0.2547728331005122, 1.9804233690820545, 0.778580623254658, 0.20550806605738017, 0,7, 0
0.2423335328942992, 2.0169746061844127, 0.7726103334118829, 0.22021972410565913, 0,4, 0
0.2386749151865895, 2.067462824763299, 0.7404030255074985, 0.21620274295431513, 0,6, 0
0.25237810151001133, 1.979828122069258, 0.767971239131721, 0.22427908853415354, 0,11, 0
0.2544402314907204, 2.1452617105241547, 0.7350569843890112, 0.19766682238933997, 0,7, 0
0.2756602141954367, 1.9663641847378162, 0.730253508432515, 0.18459454363610678, 0,11, 0
0.25011641056342715, 2.0045246601239546, 0.7365827564139258, 0.2151487841217836, 0,5, 0
0.24113616709904875, 2.1025747453441626, 0.7388795052786018, 0.21862621086843498, 0,5, 0
0.28464045765981505, 1.9624203622979508, 0.7105476196207197, 0.18664322672897168, 0,5, 0
0.3241535289030799, 1.8738925010392125, 0.6702677837636373, 0.16015454250860234, 0,6, 0
0.24718951639725936, 1.9809140905263078, 0.7881499574588215, 0.22130284587314702, 0,6, 0
0.24366393933346636, 2.074677330859762, 0.7581644569889312, 0.20853319112041227, 0,7, 0
0.2704051087607264, 1.890837255978088, 0.727884271662408, 0.21919368391967617, 0,9, 0
0.26295483270139025, 2.018837652966179, 0.7325438822963818, 0.20206397612591334, 0,14, 0
0.26940730393135104, 2.0228046391575365, 0.7063107001249991, 0.20204933540941317, 0,6, 0
0.3045300339253642, 1.8910461708646584, 0.7189942173531881, 0.18539550481649364, 0,11, 0
0.24692343510942594, 2.012845807650255, 0.7406943742347029, 0.2429533777189668, 0,12, 0
0.2774562628883124, 1.8956053597495868, 0.7101124859403305, 0.20256488589275876, 0,6, 0
0.3448413490321293, 1.7870825718502747, 0.661354763671745, 0.16059669281915329, 0,12, 0
0.3202953502294951, 1.8292079685231228, 0.6989518939302469, 0.19171444088114106, 0,8, 0
0.30140357879332136, 1.8412598568007181, 0.7074370384941363, 0.19171640098411363, 0,6, 0
0.2545067518126788, 1.9408514048733936, 0.7388336049028631, 0.22243050267007572, 0,7, 0
0.27399720614647777, 2.002457816864229, 0.7010939645592045, 0.2034642442072057, 0,10, 0
0.28317701057673117, 1.9452257879489252, 0.7118817917051636, 0.19472125672074228, 0,8, 0
0.30080489589569614, 1.8738788689498391, 0.6758779267004535, 0.19143827001072086, 0,8, 0
0.2705381494046431, 1.9677974755203527, 0.7312980129412062, 0.21265714164569316, 0,13, 0
0.3500964544668396, 1.8305351674687576, 0.6487250881187855, 0.16279358795307938, 0,8, 0
0.3282777888644981, 1.8158730647643708, 0.68512659083588, 0.17552201359391917, 0,10, 0
0.28457393733785674, 1.8929118607553792, 0.7048074648478239, 0.20975670859699436, 0,5, 0
0.3085212532428657, 1.9090993647438033, 0.6930171650530429, 0.1845154125765612, 0,7, 0
0.2964145546464445, 1.85847455899111, 0.6882832684757422, 0.20932620411606703, 0,9, 0
0.2909598882458591, 1.8503492930224419, 0.7031989593696644, 0.21100955577044217, 0,10, 0
0.2981440830173618, 1.8554647023398854, 0.734081603018337, 0.2044457139070237, 0,5, 0
0.2527107031198031, 2.1211432812377726, 0.7328119996442062, 0.2552166227837599, 0,5, 0
0.281846604137564, 1.8693878546427531, 0.7005348376101642, 0.20944894230205172, 0,5, 0
0.35854453535555114, 1.746949867202098, 0.6379984606457672, 0.16162311827360845, 0,7, 0
0.30379831038382227, 1.835264343352785, 0.6727941069526853, 0.19871327185641705, 0,9, 0
0.3388545200558771, 1.78056786510431, 0.6600417078474667, 0.17670079718680243, 0,8, 0
0.3142420009312845, 1.8453819386411758, 0.6790821615760245, 0.1834966903612436, 0,5, 0
0.3513603405840484, 1.8002128300949587, 0.6419821427117454, 0.16439245356584192, 0,9, 0
0.344043105168629, 1.8890491158458071, 0.6316132887235734, 0.16813665114954493, 0,8, 0
0.30107097718352954, 1.9309098308833228, 0.6809915095640134, 0.18738720222178962, 0,10, 0
0.30386483070578063, 1.848007133018072, 0.7356477728535394, 0.21611063162804423, 0,7, 0
0.3793653961285173, 1.6781612366015648, 0.6264563666317035, 0.15361794650487076, 0,3, 0
0.31763453735116076, 1.81624820731892, 0.6673100217417511, 0.19162885020971274, 0,7, 0
0.33220248786004125, 1.7910381031355156, 0.6679389917483364, 0.18374731083976212, 0,8, 0
0.3473026009445886, 1.7962387855368713, 0.6500895888304882, 0.16912561171334586, 0,9, 0
0.36153794984367726, 1.686598630386984, 0.6281453309029686, 0.16439570475247473, 0,7, 0
0.31277855384820064, 1.8210900275323283, 0.7027097538527233, 0.19596761174316898, 0,5, 0
0.2820461651034391, 1.8886902036245319, 0.7099288546710606, 0.23145309870384753, 0,4, 0
0.36120534823388545, 1.7254471188215472, 0.655263140679572, 0.1689265069697793, 0,10, 0
0.36233619370717757, 1.7055481303906255, 0.6276877393168881, 0.16532731084767374, 0,7, 0
0.36346703918046963, 1.730051483285171, 0.6203714482687819, 0.16012649574057786, 0,6, 0
0.32634869952770573, 1.8631826743056323, 0.6679039765197601, 0.1843409994991521, 0,9, 0
0.34031796713896095, 1.7659961464760634, 0.6453095011553508, 0.17153315023168392, 0,11, 0
0.38129448546530964, 1.6881822804895408, 0.6211686166658562, 0.15639734070259997, 0,6, 0
0.3584780150335928, 1.699417066434928, 0.6428347802645592, 0.1673835086725984, 0,7, 0
0.3441096254905874, 1.7450772723117243, 0.6671894072026601, 0.17994408120943903, 0,6, 0
0.4073704516729861, 1.6499110129369134, 0.6149831741110616, 0.14854907676286516, 0,4, 0
0.376904144216058, 1.6872980821894321, 0.6537700247383071, 0.16521122945828462, 0,8, 0
0.33320029268941664, 1.7814962593152766, 0.6751229462324388, 0.1873975639144624, 0,10, 0
0.39320162309585577, 1.643046090978432, 0.620007888024434, 0.15665605155305676, 0,12, 0
0.36599481141488727, 1.6873003416834402, 0.6667883645097783, 0.17950805659692168, 0,7, 0
0.3311381627087075, 1.7675454164506084, 0.6657192317946304, 0.19715489748824763, 0,9, 0
0.37124991684959757, 1.7229090123974158, 0.6202506285216122, 0.15731154978139764, 0,8, 0
0.4170824186789064, 1.6065303017491552, 0.5883590811539972, 0.14791927323384127, 0,9, 0
0.39772500498902413, 1.625340319552885, 0.5947498696874391, 0.15063720139697898, 0,10, 0
0.3965276391937737, 1.6710164726458487, 0.608498890870557, 0.15025570833823265, 0,9, 0
0.1015765316304131, 2.3019695717489252, 0.8758707397916293, 0.4086841644777616, 0,0, 0
0.09991352358145414, 2.320750265724762, 0.9273376082964652, 0.5267702010462293, 0,0, 0
0.14035787933213598, 2.337717929984221, 0.8901289999989107, 0.34427566137878257, 0,1, 0
0.12552384753542206, 2.3322019781854144, 0.8908336700129343, 0.4295914632717361, 0,4, 0
0.10024612519124593, 2.5210762568943705, 0.88033626681359, 0.49198443690664395, 0,6, 0
0.10929288897758266, 2.6167232253503427, 0.8765555359558941, 0.3453856964126855, 0,6, 0
0.1221313111155458, 2.404454304700458, 0.8582614246582501, 0.35597915012206577, 0,11, 0
0.10017960486928756, 2.418948091250856, 0.9268725628770246, 0.5103826303161859, 0,9, 0
0.1015765316304131, 2.587222079697669, 0.8916829620622281, 0.49570952709649696, 0,5, 0
0.14694339120601344, 2.420751703837782, 0.8556233295202798, 0.25831234345948817, 0,9, 0
0.14474822058138762, 2.427246119589385, 0.8546586274657321, 0.30872432226705776, 0,4, 0
0.20913989223707843, 2.203598088008998, 0.7959206619866709, 0.18945133595157226, 0,9, 0
0.14661078959622165, 2.3240724224764486, 0.8964007225281772, 0.3412079181278374, 0,7, 0
0.19031464112286303, 2.171618644946795, 0.8530292677223765, 0.2631979804289708, 0,6, 0
0.19470498237211467, 2.278043334239703, 0.8002610508693542, 0.21633585998489874, 0,6, 0
0.21359675380828844, 2.2245505223419824, 0.7634578495110611, 0.20207007963828272, 0,8, 0
0.1792057473558172, 2.3500222717542845, 0.8088379551609396, 0.2823726802217129, 0,5, 0
0.17321891837956496, 2.2252300835683467, 0.8309844225922247, 0.27031022321903075, 0,7, 0
0.15286369986030732, 2.28519836173422, 0.8931084250495611, 0.34164594368939044, 0,8, 0
0.2165236479744562, 2.1173349956643643, 0.8229631196531099, 0.2215604004507585, 0,6, 0
0.20927293288099513, 2.146270548941283, 0.8338974865050504, 0.24091783513190734, 0,7, 0
0.20255438036320095, 2.143806385183528, 0.7907269708377682, 0.2334549658433638, 0,6, 0
0.18180003991219318, 2.2119765552401995, 0.8631868757261768, 0.2949283711269047, 0,6, 0
0.23794319164504757, 2.0884085565652786, 0.7829977181042185, 0.19754177993319824, 0,6, 0
0.16862901616443823, 2.3380845314941108, 0.8791956701523049, 0.3151224059575975, 0,6, 0
0.17740969866294154, 2.2284094561901204, 0.8692951621308773, 0.2972763874430524, 0,10, 0
0.22310915984833365, 2.081875990371714, 0.7626884377983036, 0.21345205851400234, 0,7, 0
0.21552584314508083, 2.167188897375051, 0.8259109899305269, 0.25606091972856143, 0,5, 0
0.213330672520455, 2.1493756559083366, 0.8118725358814929, 0.24687587737694985, 0,6, 0
0.24665735382159248, 2.066320074085925, 0.7863859962003101, 0.20225072864927962, 0,7, 0
0.2141289163839553, 2.0684883717385816, 0.7845325962060165, 0.23830038476391482, 0,8, 0
0.1916450475620302, 2.2812324806156727, 0.797787403193892, 0.3031595152948947, 0,6, 0
0.20827512805161977, 2.1585172382346616, 0.7875989498905396, 0.27079515306828017, 0,4, 0
0.2388079558305062, 2.0890673425457225, 0.794371935341394, 0.21587074349915844, 0,6, 0
0.26521652364797443, 2.00107193518516, 0.727535133176725, 0.19248727534119073, 0,8, 0
0.21219982704716292, 2.1430169533114705, 0.781075855809743, 0.2244569206384356, 0,7, 0
0.22497172886316769, 2.095505858374825, 0.7544320220519589, 0.2278527272957482, 0,8, 0
0.27286636067318565, 1.9562827000589116, 0.7179064179720223, 0.1907577800926781, 0,8, 0
0.24246657353821593, 2.108292783519144, 0.7424327373448201, 0.20606073337403505, 0,11, 0
0.26860906006785074, 2.064292646577272, 0.7139112974196068, 0.18100416821724516, 0,5, 0
0.2941528636998603, 1.9764007579810063, 0.7225307974396391, 0.17053399480037856, 0,5, 0
0.25424067052484534, 2.0238226314572083, 0.7476943539615896, 0.1977005329556699, 0,8, 0
0.27080423069247656, 2.029475585993104, 0.7095316242124899, 0.17597469001619476, 0,6, 0
0.2442626222310916, 2.0542992456170412, 0.7914783452999083, 0.2095485533072863, 0,8, 0
0.24971728863167697, 2.0088423652293033, 0.7480589539746951, 0.21903559927514887, 0,3, 0
0.2717355151998936, 2.0623693699522074, 0.7053031687590787, 0.18505587196406434, 0,6, 0
0.25929621499368055, 1.9772966103719347, 0.7457813338297159, 0.21733649655358664, 0,8, 0
0.30792257034524045, 1.8748932759902803, 0.7191404873656707, 0.17846188610489183, 0,8, 0
0.28337657154260626, 1.9130886494221266, 0.736749210115634, 0.19786997292562034, 0,8, 0
0.2592296946717222, 1.9671330831051348, 0.717124530770194, 0.21200722945549486, 0,6, 0
0.27772234417614583, 1.8881726561291745, 0.7381670298069504, 0.20058454542374307, 0,4, 0
0.246191711567884, 2.0247969428618924, 0.7602558097642188, 0.21617523352591086, 0,9, 0
0.24672387414355085, 2.1154182552260443, 0.7379228478379463, 0.21594360668363244, 0,10, 0
0.22696733852191844, 2.0878611449146036, 0.7605776166919412, 0.25083710699981, 0,5, 0
0.2814474822058139, 1.9553367965974582, 0.7069462675411331, 0.18536661197201076, 0,5, 0
0.3305394798110823, 1.8223843410693426, 0.6910205423244169, 0.16852533873807715, 0,6, 0
0.29022816470431717, 1.9381498713729022, 0.6870640358856919, 0.18968996668740096, 0,4, 0
0.3349963413822923, 1.7900128338553112, 0.6598310872739285, 0.16585189466581876, 0,5, 0
0.2810483602740637, 1.92470545141646, 0.7100614862911495, 0.19321654323663354, 0,7, 0
0.3268143417814142, 1.9064075538936525, 0.6496193486437375, 0.1627779964106302, 0,8, 0
0.2944189449876937, 1.8521185339821444, 0.702631978248669, 0.19638710499103304, 0,8, 0
0.3016696600811548, 1.8774450299134473, 0.6787112834790766, 0.1855898532732429, 0,10, 0
0.28803299407969135, 1.8633644650564185, 0.6988937984041518, 0.19728165156741034, 0,14, 0
0.301337058471363, 1.849443986945497, 0.7002004149670317, 0.1891193740940783, 0,6, 0
0.34051752810483604, 1.785325907006724, 0.6546409450525781, 0.1624992366985489, 0,7, 0
0.32821126854253974, 1.8050974247532199, 0.6919569864839542, 0.17457547834798806, 0,3, 0
0.2530433047295949, 1.954780706006166, 0.7394233082400612, 0.23959505000338308, 0,4, 0
0.3003392536419876, 1.8625528377080038, 0.7165494432365755, 0.20125920119607024, 0,10, 0
0.29821060333932015, 1.8246104087942512, 0.692423377521499, 0.20278397703209172, 0,6, 0
0.28929688019690014, 1.9614961596414857, 0.6876993031664062, 0.19086912471711126, 0,11, 0
0.3329342114015832, 1.7994524786820123, 0.6811113109966352, 0.17698352015308216, 0,5, 0
0.32262356149803767, 1.768798688373459, 0.6835290861884371, 0.19351855456902062, 0,8, 0
0.32555045566420543, 1.8108441071786907, 0.6806862229127877, 0.18805767027542372, 0,5, 0
0.3469699993347968, 1.7310624091970797, 0.6378022194753563, 0.17013740394645055, 0,6, 0
0.3161045699461185, 1.8368548609171134, 0.6918897693317119, 0.18920310482225275, 0,11, 0
0.28656954699660747, 1.9444793109320313, 0.7242813488647234, 0.20771642768676574, 0,5, 0
0.3383223574802102, 1.812342844073314, 0.6705986052145012, 0.16647822154487205, 0,11, 0
0.351094259296215, 1.7219976812178825, 0.6442941080670938, 0.1670006797935861, 0,7, 0
0.3442426661345041, 1.7500688405297977, 0.6466460530560589, 0.1692349224833115, 0,8, 0
0.33180336592829107, 1.809961727011555, 0.6514956196897469, 0.17466604825989634, 0,7, 0
0.3580788931018426, 1.7355441659112054, 0.6256792375376604, 0.16073086954587862, 0,6, 0
0.33080556109891573, 1.7850485171480648, 0.707607233336679, 0.1842070128950295, 0,9, 0
0.33240204882591634, 1.7764551380489002, 0.6500936576515158, 0.17406188190651797, 0,8, 0
0.3507616576864232, 1.7241727906826734, 0.6564042239216987, 0.17494994198686992, 0,9, 0
0.34683695869088005, 1.7369043834590232, 0.6529917829523739, 0.17345608803384255, 0,5, 0
0.3003392536419876, 1.8611850072537752, 0.6786709404469856, 0.19074891723011056, 0,5, 0
0.3649304862635535, 1.6935239058645362, 0.6462660335319157, 0.16190061716820697, 0,10, 0
0.3874143550854786, 1.689856583650404, 0.6119827956667839, 0.14479553716664334, 0,11, 0
0.37297944522051485, 1.6913569643672242, 0.6401934824853894, 0.1571671741789125, 0,10, 0
0.3961285172620235, 1.6606808686648142, 0.6203622530985761, 0.15171578019828683, 0,10, 0
0.3422470564757533, 1.734397381185288, 0.6476483808656713, 0.17463876283592833, 0,13, 0
0.3471030399787135, 1.7326409547087722, 0.6443637301336405, 0.1846498650515984, 0,7, 0
0.3051287168229894, 1.8098358350076702, 0.6950912112006976, 0.20380553484689717, 0,9, 0
0.35694804762855054, 1.7291854471890091, 0.6415489727263111, 0.16680814228925767, 0,6, 0
0.37796846936739176, 1.6812899853269203, 0.6281045900585561, 0.1583745007391807, 0,8, 0
0.3568815273065922, 1.7094257031738072, 0.6349995941424278, 0.16697658371283755, 0,5, 0
0.32022882990753676, 1.843187353429082, 0.6643105664352476, 0.19335957459243955, 0,8, 0
0.3793653961285173, 1.680307101860007, 0.6067324581723023, 0.16044803325327883, 0,9, 0
0.36725869753209606, 1.701249025280839, 0.6652126714296969, 0.16418738556771004, 0,6, 0
0.3722477216789729, 1.7240944272710725, 0.6396368368126918, 0.15988013787792016, 0,8, 0
0.4060400452338189, 1.6166718696823126, 0.6019707204550279, 0.14807474474927274, 0,2, 0
0.10476950708441429, 2.302875973939943, 0.8899202228456028, 0.26192359596037745, 0,0, 0
0.10117740969866294, 2.3519319351312764, 0.8890383238892212, 0.41927081849063497, 0,3, 0
0.10111088937670458, 2.490921954405107, 0.9116167084157132, 0.5147302367104604, 0,1, 0
0.12226435175946251, 2.442466677563447, 0.8755647857231846, 0.4248654216758821, 0,8, 0
0.1441495376837624, 2.5622387951991916, 0.8450059151002953, 0.3460649755406734, 0,4, 0
0.1631078294418945, 2.419361067834843, 0.8225830404763651, 0.2523819090636163, 0,4, 0
0.1400252777223442, 2.422172792061102, 0.8496265991715604, 0.35756905299530317, 0,9, 0
0.1545267079092663, 2.320256044564431, 0.8428807618769418, 0.30097921988733106, 0,4, 0
0.15060200891372313, 2.2657088793530193, 0.8443679863829091, 0.3132372138467728, 0,7, 0
0.18858511275194573, 2.165796341704472, 0.7921098590831593, 0.2607927250053762, 0,8, 0
0.1927758930353223, 2.2765489178709997, 0.8129380691257881, 0.22826575103830607, 0,10, 0
0.20115745360207543, 2.32652864037957, 0.7816082965880335, 0.21001043116032037, 0,7, 0
0.15579059402647508, 2.2364617005988747, 0.8679689181570993, 0.30470377418732936, 0,4, 0
0.18625690148340318, 2.305826599128643, 0.816771300433656, 0.23494033901526948, 0,9, 0
0.13317368456063328, 2.308008546990358, 0.8653546205936676, 0.3928995707868481, 0,5, 0
0.2182531763453735, 2.171076559746074, 0.790834457228483, 0.21746360269222392, 0,11, 0
0.1923102507816138, 2.2259240745744773, 0.8017798830990956, 0.25373099752845213, 0,9, 0
0.2101376970664538, 2.129797656668689, 0.7804472547160419, 0.22487005675125907, 0,10, 0
0.17721013769706645, 2.2114874334707397, 0.8181822337889257, 0.3183964703727188, 0,12, 0
0.2241734849996674, 2.1569721813188583, 0.7605331297636213, 0.22263642886185991, 0,6, 0
0.23162376105900354, 2.130900265126459, 0.8025779822732736, 0.21666080475022284, 0,6, 0
0.18219916184394333, 2.2688860270875995, 0.8115491426326668, 0.2756353528165714, 0,5, 0
0.2070777622563693, 2.2061126130090174, 0.8226531530405111, 0.25185465197246043, 0,5, 0
0.19716623428457394, 2.1913814797520694, 0.7903822565018088, 0.2687110938922624, 0,5, 0
0.2473225570411761, 2.048891706733276, 0.7906161736474492, 0.2118736279511751, 0,9, 0
0.24432914255304997, 2.0105908761312805, 0.726323172896233, 0.19555782854445272, 0,8, 0
0.24738907736313442, 2.0695881172068016, 0.736078927711892, 0.20877237807639634, 0,6, 0
0.2528437437637198, 2.0301358781634535, 0.737254063174015, 0.18647923993996435, 0,13, 0
0.19171156788398855, 2.142337972719909, 0.8333040141517511, 0.3046718040800418, 0,8, 0
0.2112685425397459, 2.049982747338231, 0.8183800082603387, 0.2737411957327428, 0,10, 0
0.23208940331271202, 2.1363541341816, 0.8083473439590493, 0.2430424779787215, 0,10, 0
0.22922902946850263, 2.026859526469117, 0.7585096969564242, 0.23330439576112327, 0,6, 0
0.21991618439433247, 2.1277141019762422, 0.7721674848321564, 0.22783966572084716, 0,6, 0
0.246191711567884, 2.053497622265737, 0.7304830065134221, 0.2176773968467086, 0,6, 0
0.2505155324951773, 2.093585495498218, 0.7314265624005951, 0.2018496757210409, 0,7, 0
0.2547728331005122, 2.0342381083782124, 0.7332137947828876, 0.21736374130442357, 0,4, 0
0.24752211800705115, 2.0044727615394065, 0.7327621765139684, 0.205046327187807, 0,8, 0
0.19796447814807425, 2.1342810884743546, 0.8226580972616756, 0.3057772157419618, 0,6, 0
0.25982837756934746, 2.007357644636712, 0.7846491909937255, 0.2164981982256335, 0,9, 0
0.2361471429521719, 2.029821994121002, 0.7512807484119572, 0.23071179393222216, 0,5, 0
0.24273265482604936, 2.1059121753033434, 0.7445076280806248, 0.20904629786763415, 0,6, 0
0.3106499035455332, 1.909538182524446, 0.6905958122903063, 0.1648558262894852, 0,6, 0
0.2227100379165835, 2.16121619421589, 0.797300049174489, 0.26621550791945714, 0,7, 0
0.22031530632608262, 2.109046720478307, 0.7678543602035246, 0.24387406712074497, 0,11, 0
0.24080356548925697, 2.0197873620353186, 0.7577962212974566, 0.25023312532604314, 0,7, 0
0.22397392403379232, 2.024782629321691, 0.7710756277099889, 0.2671656932458261, 0,5, 0
0.2928889775826515, 1.9180998266603644, 0.7109162156064928, 0.18958396256127688, 0,9, 0
0.3123129115944921, 1.9211958580718722, 0.682392930941814, 0.16959166171621187, 0,5, 0
0.24805428058271803, 1.9966355987685664, 0.7454159125204637, 0.2251190127185286, 0,10, 0
0.2415352890307989, 2.1064505515313945, 0.7444903012207784, 0.23489916744009387, 0,5, 0
0.2745293687221446, 1.9317259325172613, 0.7140019222275826, 0.2080502934057522, 0,10, 0
0.2935541808022351, 1.9267841045715166, 0.683254111848856, 0.18430578063879507, 0,13, 0
0.2869686689283576, 1.906051348868319, 0.7274162337432637, 0.20425082066325925, 0,4, 0
0.21532628217920574, 2.0140775684895473, 0.7788192914021114, 0.2885312441531974, 0,5, 0
0.26375307656489055, 1.9377683989105448, 0.7440354641108742, 0.21705812846810663, 0,4, 0
0.3031331071642387, 1.8687431827709917, 0.6972951640089495, 0.18587453354870032, 0,6, 0
0.3320694472161245, 1.8293484435886043, 0.6829993876902977, 0.1728139669278317, 0,6, 0
0.32182531763453737, 1.845558770151106, 0.6907325479505195, 0.18275212424429527, 0,6, 0
0.28211268542539747, 1.9596953623262952, 0.7379521736812593, 0.21716884725990582, 0,10, 0
0.3512272999401317, 1.7763316141689147, 0.6599409401135354, 0.15919511579878098, 0,4, 0
0.3197631876538282, 1.8025417403491888, 0.6673586731121048, 0.18754444922044058, 0,12, 0
0.36020754340451006, 1.7479718115121505, 0.6324333270899304, 0.1561872037489122, 0,8, 0
0.3210935940929954, 1.8064459090476137, 0.6748924827371775, 0.17690564240162682, 0,4, 0
0.33246856914787465, 1.7937739026218975, 0.6676336261494824, 0.17570851385602054, 0,4, 0
0.32880995144016495, 1.7860599589000512, 0.658711116425388, 0.175976089081321, 0,8, 0
0.2964145546464445, 1.8912990261898905, 0.6980944996396495, 0.18728726965700523, 0,7, 0
0.34983037317900617, 1.7906680972163156, 0.6372756621656528, 0.16327201273350267, 0,11, 0
0.3373910729727932, 1.8042202277200343, 0.6482863696586734, 0.1725312632633553, 0,6, 0
0.32900951240604004, 1.8278545551946173, 0.6464198308116772, 0.17518198836260954, 0,8, 0
0.36280183596088605, 1.748945998398517, 0.6372300397330126, 0.16305617259916697, 0,9, 0
0.33366593494312513, 1.7610087903889402, 0.6623936578629694, 0.18112513939228753, 0,10, 0
0.35102773897425665, 1.7671229942967963, 0.6815574094194788, 0.16899487075555403, 0,9, 0
0.33971928424133574, 1.7506740367643325, 0.6491841930296255, 0.17070737277233033, 0,6, 0
0.29455198563161045, 1.8195231873293023, 0.7290315063442843, 0.23619584257873058, 0,8, 0
0.3651300472294286, 1.7193338616176779, 0.6339869640322897, 0.155887549848869, 0,7, 0
0.32900951240604004, 1.7747583485451366, 0.6547399295166929, 0.17563944892419633, 0,8, 0
0.30925297678440766, 1.9192037086366125, 0.6624626802680682, 0.18574248609911553, 0,6, 0
0.32980775626954034, 1.8287792964121352, 0.6575112177281965, 0.1806624880614611, 0,6, 0
0.37963147741635067, 1.6987849126824488, 0.6321370204533, 0.15391225752729906, 0,7, 0
0.3856183063926029, 1.7034184580941023, 0.6206363844924841, 0.14993345378979234, 0,4, 0
0.3486995277057141, 1.8668253662216205, 0.6453730586158027, 0.16837020936535615, 0,5, 0
0.3683230226834298, 1.7345958549938445, 0.659465019052247, 0.1670408759572374, 0,6, 0
0.34397658484667065, 1.817633623068326, 0.6323280154732032, 0.17356613255747544, 0,11, 0
0.3359941462116677, 1.770917655853409, 0.687643488689098, 0.1847814998509281, 0,10, 0
0.3720481607130979, 1.7007575473099945, 0.6145818267894554, 0.15662818008090565, 0,9, 0
0.30792257034524045, 1.8911032239366083, 0.6728831059289858, 0.1851135489569353, 0,6, 0
0.36346703918046963, 1.7127050112157036, 0.6332885303617868, 0.1604297976025688, 0,9, 0
0.38189316836293485, 1.6707820194904528, 0.614350090543497, 0.15416485014825018, 0,9, 0
0.35934277921905144, 1.7499885438310563, 0.6246172252793116, 0.16271376691765344, 0,7, 0
0.35002993414488126, 1.748339836547326, 0.6348799654568907, 0.16973122708150584, 0,7, 0
0.3558172021552584, 1.73567692657625, 0.6587727925095892, 0.17027947383487108, 0,4, 0
0.28770039246989954, 1.9115763397691954, 0.7342377483938223, 0.23073776581857794, 0,7, 0
0.3756402580988492, 1.6807891576540555, 0.6341531646093458, 0.16226894020910454, 0,7, 0
0.3439100645247123, 1.7287904535499723, 0.6360000689368802, 0.18020420803348536, 0,8, 0
0.39386682631543934, 1.633526597179704, 0.6038735235588277, 0.15218067769637209, 0,5, 0
0.31849930153661943, 1.8550953853394405, 0.6641331699304456, 0.1944215269442099, 0,2, 0
0.3708507949178474, 1.6837678393077082, 0.6248899291955857, 0.16641494968219614, 0,7, 0
0.31577196833632676, 1.7973115839327294, 0.6764815601085236, 0.2067477794830422, 0,4, 0
0.36586177077097054, 1.7069786165135354, 0.6299275810009816, 0.16268807705605584, 0,11, 0
0.34098317035854453, 1.7859428638843515, 0.6484831523694933, 0.17428231604807098, 0,7, 0
0.355551120867425, 1.729243924026122, 0.675639260675922, 0.1901832920235654, 0,1, 0
0.10463646644049757, 2.301940668273938, 0.8906140295902906, 0.3047597441435346, 0,0, 0
0.09904875939599547, 2.33046473132028, 0.8938837418790088, 0.5061231848000939, 0,0, 0
0.10450342579658085, 2.3918358267229856, 0.8882704567515796, 0.4486031225414694, 0,9, 0
0.12459256302800506, 2.4581487963618787, 0.9196257397477803, 0.350681767259369, 0,3, 0
0.13031331071642388, 2.605647502010203, 0.9223970606426092, 0.34813484605501316, 0,5, 0
0.14767511474755537, 2.3138216296522502, 0.852835649637956, 0.35914717202151936, 0,3, 0
0.11335062861704251, 2.3514806951011384, 0.887015665165199, 0.4102715812871302, 0,8, 0
0.1771436173751081, 2.233114878907537, 0.8106126408139717, 0.26453103903145514, 0,6, 0
0.15293022018226568, 2.352220137113108, 0.8512302376535756, 0.33542676068776617, 0,10, 0
0.1793387879997339, 2.2936027934195504, 0.8259127348280143, 0.2630285895119792, 0,4, 0
0.15472626887514135, 2.280998395833079, 0.8473953693495703, 0.30870223393518254, 0,6, 0
0.17335195902348166, 2.2044012040060403, 0.8278559093806908, 0.2763648973463878, 0,6, 0
0.1720215525843145, 2.208431393389834, 0.8365618896942335, 0.24442687723579154, 0,3, 0
0.19337457593294752, 2.179824389835988, 0.8194534337935747, 0.2331724191092173, 0,9, 0
0.19457194172819797, 2.21025737439897, 0.8428165695555362, 0.2465254816777877, 0,6, 0
0.20255438036320095, 2.117876223609697, 0.8000615611074724, 0.2585741222417875, 0,9, 0
0.25217854054413624, 2.063690735988811, 0.7601225236652038, 0.18198312701205624, 0,9, 0
0.19936140490919976, 2.1991073550843656, 0.7865938267486966, 0.21480790285410542, 0,12, 0
0.24299873611388279, 2.0603446840391437, 0.8018837522781402, 0.20484383296397934, 0,5, 0
0.21372979445220514, 2.209559293569764, 0.7667739499966548, 0.22595707314129368, 0,9, 0
0.23075899687354487, 2.067293870047023, 0.7627917235215179, 0.22504267322552107, 0,9, 0
0.23854187454267278, 2.0930976074136662, 0.7682619738417112, 0.2211250135374978, 0,7, 0
0.21499368056941395, 2.096029464767768, 0.771570095316251, 0.22127096314928923, 0,9, 0
0.2068116809685359, 2.1139440178308138, 0.7959186504219877, 0.2629590792022382, 0,3, 0
0.19696667331869885, 2.1310963182640292, 0.794270265847731, 0.26819834118024166, 0,6, 0
0.22616909465841814, 2.0431985034364066, 0.776154859232971, 0.22654721335282843, 0,7, 0
0.2361471429521719, 2.120024271515056, 0.756371399337116, 0.2101155107253279, 0,6, 0
0.1800039912193175, 2.2482438387211343, 0.8431030526290502, 0.32272521132796206, 0,11, 0
0.18838555178607064, 2.127200780701179, 0.8340201016236733, 0.3104045181688153, 0,5, 0
0.24592563028005054, 2.063687996625472, 0.7553260021317258, 0.2060982776788836, 0,8, 0
0.23461717554712966, 2.176890602334962, 0.7589775609540089, 0.2231522815870032, 0,8, 0
0.25264418279784473, 1.9723990243216962, 0.7414166638381077, 0.20086675921234565, 0,5, 0
0.20368522583649304, 2.1176396020989388, 0.7818116325670978, 0.2741295711792679, 0,11, 0
0.25996141821326413, 1.9913099764814113, 0.7635223478613936, 0.20199885376825866, 0,8, 0
0.25676844275926297, 1.9749034660143077, 0.7272270336749199, 0.18437487895856375, 0,3, 0
0.2972127985099448, 1.9493644888716797, 0.7339749127629207, 0.17397913569781273, 0,3, 0
0.2129980709106632, 2.135130051957358, 0.7747866260223758, 0.24005492248049798, 0,5, 0
0.23288764717621233, 2.091089757158237, 0.7651618809726218, 0.22393441593671148, 0,9, 0
0.2735980842147276, 1.9700756646226378, 0.7541542870123883, 0.19525736787516604, 0,7, 0
0.2253043304729595, 2.171114337727401, 0.8092506776827062, 0.2303994550517965, 0,10, 0
0.27958491319097983, 1.9624711802316142, 0.7501477053142775, 0.19184707210855087, 0,11, 0
0.29940796913457063, 1.913540576481735, 0.7368853691649668, 0.17817965497945346, 0,11, 0
0.2297611920441695, 2.082433358908318, 0.7856954767884272, 0.250909995396906, 0,12, 0
0.28690214860639923, 1.9318754094799844, 0.7194708033194388, 0.18988662440689066, 0,7, 0
0.26741169427260025, 1.9877886526092816, 0.743964915869288, 0.20159821115131873, 0,5, 0
0.28909731923102505, 1.9159121066242653, 0.7148860721964202, 0.17773920880600397, 0,7, 0
0.24193441096254906, 1.992158442610777, 0.7550737834714222, 0.22105131498887945, 0,6, 0
0.24639127253375906, 2.018047970733203, 0.7488833588634672, 0.2239114230374377, 0,7, 0
0.2693407836093927, 1.9679873935525896, 0.7316056322682607, 0.21473160838241484, 0,11, 0
0.21372979445220514, 2.1521204782485452, 0.7799376511343874, 0.2964616431406972, 0,10, 0
0.31191378966274197, 1.9219555393756447, 0.6993433274950971, 0.17308971240668125, 0,7, 0
0.338654959090002, 1.8486314788673845, 0.6921915395709191, 0.1643521061549682, 0,11, 0
0.29149205082152596, 1.8730035246802306, 0.7478989724526106, 0.2038308393680497, 0,2, 0
0.285372181201357, 1.9053500840496274, 0.7315307196577031, 0.1904747077845159, 0,7, 0
0.3087873345306991, 1.925657583727837, 0.6968644844805442, 0.16860518879496392, 0,8, 0
0.2926228962948181, 1.8998176799970006, 0.6962682311348048, 0.20564428009843558, 0,9, 0
0.28763387214794117, 1.8597818130323338, 0.7142571891031956, 0.2057122643502919, 0,7, 0
0.23461717554712966, 2.002991826735848, 0.7685071582957599, 0.2621298998735514, 0,11, 0
0.29774496108561166, 1.8723237222955271, 0.7401565320976077, 0.20480572519494353, 0,6, 0
0.3085212532428657, 1.8516307584240093, 0.6983977351618994, 0.1885460388396799, 0,10, 0
0.27399720614647777, 1.9777655970357988, 0.714583064589609, 0.22274742914137524, 0,6, 0
0.31843278121466106, 1.874664203376262, 0.6703749163695625, 0.1787990098492703, 0,6, 0
0.29408634337790196, 1.8469066703294967, 0.6968281044351243, 0.20378444402764223, 0,9, 0
0.2875008315040245, 1.8941425687180524, 0.6998617246049662, 0.20744697447383853, 0,11, 0
0.2825118073571476, 1.9009318767903625, 0.7133944116743457, 0.20222063810331534, 0,7, 0
0.27998403512273, 1.9041938558414153, 0.7594371453459584, 0.21051863210152041, 0,12, 0
0.2775893035322291, 1.8848389439864175, 0.7675448563388869, 0.22774686222590987, 0,10, 0
0.35262422670125726, 1.7583385599469945, 0.6767145182196828, 0.16273952091876942, 0,5, 0
0.24659083349963415, 2.0062397359376307, 0.7419345495165378, 0.2822757468076116, 0,9, 0
0.341448812612253, 1.7797965452690558, 0.6452714429938033, 0.16989849396757287, 0,5, 0
0.32568349630812216, 1.7893774025907918, 0.6699393529758078, 0.17446263569481565, 0,4, 0
0.32754606532295616, 1.7809864398502648, 0.6760597297616449, 0.18314211033834504, 0,6, 0
0.2719350761657686, 1.9641050858954536, 0.7252235797773392, 0.21485554437468934, 0,7, 0
0.354619836360008, 1.7615881558704192, 0.6496138498872882, 0.16754059459853038, 0,5, 0
0.3811614448213929, 1.7182042791736678, 0.626385132859464, 0.15299675870340737, 0,7, 0
0.3653296081953037, 1.719806908401418, 0.6359614980371002, 0.15839142940464435, 0,8, 0
0.3806958025676844, 1.7002776834943025, 0.6386965378732963, 0.1589971968538327, 0,7, 0
0.35069513736446484, 1.7791119200446797, 0.6607617161996211, 0.16701594619606908, 0,5, 0
0.31018426129182464, 1.853169633214491, 0.6733590537169242, 0.20190216566100766, 0,5, 0
0.3276791059668729, 1.8205805052574116, 0.6579097089577651, 0.17940199257661146, 0,7, 0
0.320827512805162, 1.7950935792615297, 0.6577264793388786, 0.18032356507482208, 0,6, 0
0.3363932681434178, 1.7808521364328034, 0.6492718157479156, 0.18074781966404443, 0,10, 0
0.3596753808288432, 1.7145176033238438, 0.6757426853041273, 0.17495637246941928, 0,7, 0
0.30765648905740706, 1.8515169336625632, 0.6978205220353029, 0.19705093998532056, 0,11, 0
0.3394532029535023, 1.7818461311027642, 0.6614314639825182, 0.17155245878520503, 0,8, 0
0.3511607796181733, 1.7820908734123284, 0.6651501551283734, 0.1723879861100127, 0,9, 0
0.3683230226834298, 1.6930495259001814, 0.638256550728167, 0.16248973497600672, 0,6, 0
0.37963147741635067, 1.7093929068133287, 0.6313035532047264, 0.1549590666129693, 0,6, 0
0.40131710237477547, 1.6460354506101134, 0.6286474002909893, 0.14913129701477348, 0,11, 0
0.4020488259163174, 1.6386958630841657, 0.6014664863183996, 0.14631183314457533, 0,9, 0
0.36200359209738575, 1.7133893458134144, 0.6262949914943619, 0.16994843950422323, 0,3, 0
0.36952038847868024, 1.6660191375108755, 0.6236654488343687, 0.1654991836328212, 0,7, 0
0.38023016031397594, 1.6709163060530388, 0.6182444227171842, 0.1580415755605706, 0,9, 0
0.3499634138229229, 1.755742832329398, 0.648924938897989, 0.17638212419647978, 0,4, 0
0.3505620967205481, 1.7396381882297567, 0.6600519351178634, 0.1719583578818964, 0,4, 0
0.3812279651433513, 1.66957734417457, 0.6278575617529012, 0.1570435730307528, 0,6, 0
0.34983037317900617, 1.7038580514527775, 0.6509934916533362, 0.18068105792243658, 0,6, 0
0.32794518725470634, 1.809862243697401, 0.6599980356002904, 0.17962396144957893, 0,5, 0
0.3616044701656356, 1.742401121556065, 0.6374506831945121, 0.16293243162599072, 0,4, 0
0.2690747023215592, 1.8795573373524592, 0.7240810220309737, 0.25049726806476064, 0,8, 0
0.37131643717155594, 1.679956732717395, 0.6359845069656479, 0.16725906235543433, 0,7, 0
