acuracia,loss,frr,fpr, removed, n_clf, tp_removed
0.09825051553249518, 2.3036959164792696, 0.8944041643372586, 0.3510638335706202, 0,0, 0
0.10177609259628817, 2.306408278030018, 0.8762195636918735, 0.4817094830219586, 0,3, 0
0.09991352358145414, 2.307171799247948, 0.9273376082964652, 0.5205137118981831, 0,7, 0
0.09991352358145414, 2.3040754755583857, 0.9273376082964652, 0.5218866987858892, 0,5, 0
0.10051220647907935, 2.3092256526481383, 0.8777699163158681, 0.5062289871533072, 0,5, 0
0.10051220647907935, 2.360892218925881, 0.8777699163158681, 0.506652272895156, 0,4, 0
0.10051220647907935, 2.3187293192111653, 0.8777699163158681, 0.5079362026299027, 0,5, 0
0.10024612519124593, 2.305112227481306, 0.88033626681359, 0.49911428673476466, 0,8, 0
0.11508015698795983, 2.3280351054903945, 0.8806821350459012, 0.4142508237687275, 0,4, 0
0.10024612519124593, 2.3363710139664176, 0.88033626681359, 0.49629814554448115, 0,9, 0
0.10024612519124593, 2.471678110318199, 0.88033626681359, 0.49252831486126547, 0,3, 0
0.10024612519124593, 2.417268061220769, 0.88033626681359, 0.49571643743746996, 0,3, 0
0.09878267810816205, 2.310795507935051, 0.9000015148416551, 0.5123328877278699, 0,4, 0
0.09904875939599547, 2.313371905308002, 0.8938837418790088, 0.5046448959401679, 0,8, 0
0.09904875939599547, 2.3686238229770367, 0.8938837418790088, 0.5045302402705915, 0,10, 0
0.10510210869420608, 2.3204648466648825, 0.8867848685298862, 0.4717226289707902, 0,6, 0
0.09958092197166234, 2.429268663676367, 0.8933638062721464, 0.5136671651156549, 0,5, 0
0.09878267810816205, 2.3160850349589435, 0.9000015148416551, 0.5107864949142109, 0,7, 0
0.10111088937670458, 2.303423434430505, 0.9116167084157132, 0.5132050606506658, 0,11, 0
0.09991352358145414, 2.308529816360235, 0.9273376082964652, 0.5190970836422507, 0,6, 0
0.09991352358145414, 2.348249328736733, 0.9273376082964652, 0.5216180111580304, 0,9, 0
0.10111088937670458, 2.3132277960026486, 0.9116167084157132, 0.5139803422897964, 0,10, 0
0.10051220647907935, 2.3114200766782975, 0.8777699163158681, 0.5074427192007842, 0,8, 0
0.09991352358145414, 2.311149941307179, 0.9273376082964652, 0.5198371281106487, 0,4, 0
0.09991352358145414, 2.3967587874097944, 0.9273376082964652, 0.5212316749338598, 0,9, 0
0.09991352358145414, 2.3088642618323583, 0.9273376082964652, 0.5207302638201214, 0,9, 0
0.0996474422936207, 2.3665032489629816, 0.9424463317291131, 0.5162527088086533, 0,9, 0
0.09958092197166234, 2.302080507614033, 0.8933638062721464, 0.5126526637726518, 0,7, 0
0.09904875939599547, 2.320906083312473, 0.8938837418790088, 0.5069952877910215, 0,6, 0
0.0896028736779086, 2.325183104423597, 0.8957161879643415, 0.3820429373267968, 0,9, 0
0.09958092197166234, 2.302566572378505, 0.8933638062721464, 0.5140302538880106, 0,10, 0
0.09904875939599547, 2.306885614641284, 0.8938837418790088, 0.5023059745986395, 0,12, 0
0.09991352358145414, 2.3019587826302197, 0.9273376082964652, 0.5219014489048529, 0,8, 0
0.12505820528171357, 2.3034923958110687, 0.874635371487614, 0.3423510845662078, 0,6, 0
0.10017960486928756, 2.3028494093872185, 0.8835487229879121, 0.5078417741768322, 0,14, 0
0.10097784873278787, 2.3027694587546383, 0.8896953824485279, 0.5072597123478207, 0,11, 0
0.10097784873278787, 2.3028254134207913, 0.8896953824485279, 0.5072869459074291, 0,6, 0
0.10097784873278787, 2.3030669616382533, 0.8896953824485279, 0.5054815524665972, 0,5, 0
0.09991352358145414, 2.3045572812532003, 0.9273376082964652, 0.5222099222189535, 0,9, 0
0.09991352358145414, 2.305505867165529, 0.9273376082964652, 0.5245113901898015, 0,8, 0
0.09991352358145414, 2.3051339442054486, 0.9273376082964652, 0.5202889940183126, 0,7, 0
0.09991352358145414, 2.3076525405678754, 0.9273376082964652, 0.5195681584534362, 0,11, 0
0.09991352358145414, 2.309822061426156, 0.9273376082964652, 0.5237377830829931, 0,2, 0
0.09991352358145414, 2.30778136756426, 0.9273376082964652, 0.5218241592786166, 0,10, 0
0.09991352358145414, 2.310291541167491, 0.9273376082964652, 0.5205498725346159, 0,6, 0
0.09991352358145414, 2.3051488106894507, 0.9273376082964652, 0.5214699271424554, 0,11, 0
0.09991352358145414, 2.304611497698355, 0.9273376082964652, 0.5210793476182781, 0,7, 0
0.09991352358145414, 2.30562256109387, 0.9273376082964652, 0.5257379225785259, 0,9, 0
0.09904875939599547, 2.305814736507804, 0.8938837418790088, 0.5042773924149286, 0,8, 0
0.09904875939599547, 2.3041129512383396, 0.8938837418790088, 0.5085619746729848, 0,5, 0
0.0996474422936207, 2.304529498137773, 0.9424463317291131, 0.5169755965960483, 0,8, 0
0.09904875939599547, 2.3051236888760145, 0.8938837418790088, 0.5030044818543619, 0,8, 0
0.09904875939599547, 2.3036517915330483, 0.8938837418790088, 0.5024855138951467, 0,7, 0
0.10097784873278787, 2.3031350789348943, 0.8896953824485279, 0.5066144848868217, 0,10, 0
0.09904875939599547, 2.3045667185720267, 0.8938837418790088, 0.5080101161177969, 0,7, 0
0.09904875939599547, 2.3039621093558162, 0.8938837418790088, 0.5055322956649081, 0,8, 0
0.09991352358145414, 2.3033386741277346, 0.9273376082964652, 0.5224819091797516, 0,5, 0
0.09991352358145414, 2.3046907123624547, 0.9273376082964652, 0.5215148715303862, 0,11, 0
0.09991352358145414, 2.303663750334921, 0.9273376082964652, 0.5245832694041109, 0,9, 0
0.09904875939599547, 2.3041907288726358, 0.8938837418790088, 0.5053152736360051, 0,4, 0
0.09904875939599547, 2.304288059034914, 0.8938837418790088, 0.5067393859353103, 0,5, 0
0.09991352358145414, 2.305064532267217, 0.9273376082964652, 0.5180539752134794, 0,7, 0
0.09991352358145414, 2.3033217128812535, 0.9273376082964652, 0.5225712151917024, 0,7, 0
0.09991352358145414, 2.3047884717669893, 0.9273376082964652, 0.5182695103635944, 0,6, 0
0.09991352358145414, 2.3042889488422964, 0.9273376082964652, 0.5198426592942871, 0,8, 0
0.09904875939599547, 2.3041807945589974, 0.8938837418790088, 0.5076112356237904, 0,5, 0
0.09904875939599547, 2.3051744831668586, 0.8938837418790088, 0.5048944931420241, 0,7, 0
0.09904875939599547, 2.303015021453763, 0.8938837418790088, 0.5072088052334859, 0,7, 0
0.09904875939599547, 2.302847131937078, 0.8938837418790088, 0.5039779122625856, 0,11, 0
0.0996474422936207, 2.3030352678110537, 0.9424463317291131, 0.5165441216371958, 0,7, 0
0.09991352358145414, 2.303925782852462, 0.9273376082964652, 0.51979098032937, 0,6, 0
0.0996474422936207, 2.304528018080656, 0.9424463317291131, 0.5189097408910354, 0,7, 0
0.09991352358145414, 2.3049983666945955, 0.9273376082964652, 0.5210384047026726, 0,7, 0
0.09991352358145414, 2.3039196529431565, 0.9273376082964652, 0.5238782773589558, 0,13, 0
0.09904875939599547, 2.303705753319311, 0.8938837418790088, 0.5040222935791604, 0,6, 0
0.09904875939599547, 2.303198034254399, 0.8938837418790088, 0.5059186369423749, 0,7, 0
0.10051220647907935, 2.303257911416067, 0.8777699163158681, 0.5062903167776589, 0,5, 0
0.09878267810816205, 2.3029949260647724, 0.9000015148416551, 0.5141085707613151, 0,6, 0
0.09904875939599547, 2.303246824833191, 0.8938837418790088, 0.505941285267856, 0,9, 0
0.09904875939599547, 2.3029447841460313, 0.8938837418790088, 0.505448267171565, 0,5, 0
0.10097784873278787, 2.302778641985521, 0.8896953824485279, 0.5064130546419172, 0,5, 0
0.09904875939599547, 2.3036972390973367, 0.8938837418790088, 0.5054819032263276, 0,6, 0
0.09904875939599547, 2.3037030085954, 0.8938837418790088, 0.5061771538657329, 0,10, 0
0.09991352358145414, 2.3035627222660655, 0.9273376082964652, 0.5201441579646353, 0,10, 0
0.09904875939599547, 2.3042632957295583, 0.8938837418790088, 0.5050834082588547, 0,9, 0
0.09904875939599547, 2.3033126113277262, 0.8938837418790088, 0.5101593919412388, 0,8, 0
0.09904875939599547, 2.3029398327220156, 0.8938837418790088, 0.5026958749451258, 0,11, 0
0.10017960486928756, 2.302841372176859, 0.8835487229879121, 0.5047470242267188, 0,6, 0
0.10017960486928756, 2.303195976000905, 0.8835487229879121, 0.5039611366537228, 0,6, 0
0.09904875939599547, 2.3040641452122186, 0.8938837418790088, 0.5075738384008535, 0,9, 0
0.09991352358145414, 2.303428486642791, 0.9273376082964652, 0.5229974360398911, 0,6, 0
0.10051220647907935, 2.302999372151784, 0.8777699163158681, 0.5095036849837652, 0,8, 0
0.0996474422936207, 2.3034262348377545, 0.9424463317291131, 0.5167085794876101, 0,10, 0
0.09991352358145414, 2.303601166480856, 0.9273376082964652, 0.5202543069385145, 0,5, 0
0.09904875939599547, 2.303860641751771, 0.8938837418790088, 0.5087009342937777, 0,7, 0
0.09904875939599547, 2.303173495648999, 0.8938837418790088, 0.5074732906416132, 0,10, 0
0.0996474422936207, 2.303374888756901, 0.9424463317291131, 0.5154680077443095, 0,8, 0
0.0996474422936207, 2.3044215428141674, 0.9424463317291131, 0.5148551845858633, 0,7, 0
0.0996474422936207, 2.304801848186416, 0.9424463317291131, 0.5196004180980591, 0,6, 0
0.0996474422936207, 2.3043410279258696, 0.9424463317291131, 0.5171732673826072, 0,6, 0
0.09904875939599547, 2.3034792362410554, 0.8938837418790088, 0.5044945768312252, 0,9, 0
0.09266280848799308, 2.302819623336863, 0.9142707797011692, 0.3154266985355097, 0,0, 0
0.10097784873278787, 2.303383593628096, 0.8896953824485279, 0.5044533905755751, 0,1, 0
0.09958092197166234, 2.341861191191122, 0.8933638062721464, 0.5162768120865393, 0,0, 0
0.09878267810816205, 2.3251773696344453, 0.9000015148416551, 0.5157243624800193, 0,7, 0
0.14800771635734716, 2.3464825639767235, 0.8958372269076794, 0.34423214118199935, 0,4, 0
0.10111088937670458, 2.315135475626996, 0.9116167084157132, 0.5103767805956521, 0,10, 0
0.0996474422936207, 2.3127322187286046, 0.9424463317291131, 0.5184870612206623, 0,6, 0
0.10111088937670458, 2.322680741181783, 0.9116167084157132, 0.5130260443859691, 0,5, 0
0.09991352358145414, 2.3152097667087492, 0.9273376082964652, 0.5254510038617045, 0,8, 0
0.10184261291824652, 2.305868643625747, 0.8937237790420346, 0.35065181273646084, 0,8, 0
0.09958092197166234, 2.336803690549627, 0.8933638062721464, 0.5129543884720565, 0,8, 0
0.10017960486928756, 2.30366857894157, 0.8835487229879121, 0.5054370735286113, 0,4, 0
0.09991352358145414, 2.3118984886472798, 0.9273376082964652, 0.5235007069759422, 0,12, 0
0.09991352358145414, 2.363677137294374, 0.9273376082964652, 0.5191717919066496, 0,7, 0
0.09991352358145414, 2.3117350377556267, 0.9273376082964652, 0.5245336095402472, 0,7, 0
0.0996474422936207, 2.3227693676464827, 0.9424463317291131, 0.5208973383179475, 0,6, 0
0.10024612519124593, 2.304544585277512, 0.88033626681359, 0.49891629396296244, 0,13, 0
0.10024612519124593, 2.3067054288128626, 0.88033626681359, 0.4951451305473195, 0,11, 0
0.10111088937670458, 2.343869062627154, 0.9116167084157132, 0.5173264593359318, 0,13, 0
0.09904875939599547, 2.3055271998792244, 0.8938837418790088, 0.5029911117462652, 0,11, 0
0.10164305195237144, 2.3300767842622476, 0.8798589780639898, 0.4221230328920502, 0,9, 0
0.09904875939599547, 2.3403192555714867, 0.8938837418790088, 0.5081161555503698, 0,10, 0
0.10024612519124593, 2.3040822747937937, 0.88033626681359, 0.49536661685688665, 0,9, 0
0.09991352358145414, 2.381279136839086, 0.9273376082964652, 0.5214369675539393, 0,7, 0
0.10017960486928756, 2.3444208114960627, 0.8835487229879121, 0.5056121936792338, 0,3, 0
0.09878267810816205, 2.4134566106300173, 0.9000015148416551, 0.5124957639638738, 0,8, 0
0.09878267810816205, 2.337870490897529, 0.9000015148416551, 0.5121338522943562, 0,6, 0
0.09991352358145414, 2.339014556096603, 0.9273376082964652, 0.5230256378614068, 0,4, 0
0.09991352358145414, 2.3570668186913357, 0.9273376082964652, 0.5206052324914594, 0,6, 0
0.0996474422936207, 2.323752657553397, 0.9424463317291131, 0.5163658566704921, 0,5, 0
0.0996474422936207, 2.3056773183224153, 0.9424463317291131, 0.5180120280586418, 0,5, 0
0.0996474422936207, 2.324616952990134, 0.9424463317291131, 0.519709238444725, 0,12, 0
0.0996474422936207, 2.311655859061283, 0.9424463317291131, 0.5177009861526848, 0,7, 0
0.09991352358145414, 2.3101113665994433, 0.9273376082964652, 0.5222175198600474, 0,7, 0
0.10024612519124593, 2.3413486772531016, 0.88033626681359, 0.49770977073975525, 0,6, 0
0.10024612519124593, 2.314524596317763, 0.88033626681359, 0.49354404961680304, 0,5, 0
0.10024612519124593, 2.3088140225034586, 0.88033626681359, 0.49475136837220196, 0,11, 0
0.0996474422936207, 2.3505302733831965, 0.9424463317291131, 0.516701077959775, 0,6, 0
0.0996474422936207, 2.310763098622149, 0.9424463317291131, 0.5198137242976638, 0,11, 0
0.0996474422936207, 2.302850377002194, 0.9424463317291131, 0.5206839605840655, 0,7, 0
0.0996474422936207, 2.339294912635404, 0.9424463317291131, 0.5166558793233467, 0,9, 0
0.10097784873278787, 2.3031395354099966, 0.8896953824485279, 0.5084203793879962, 0,9, 0
0.0996474422936207, 2.321830026286492, 0.9424463317291131, 0.5172268153629698, 0,8, 0
0.10024612519124593, 2.387597261689693, 0.88033626681359, 0.49878944718562196, 0,7, 0
0.10111088937670458, 2.317576588568062, 0.9116167084157132, 0.511542494396103, 0,9, 0
0.09958092197166234, 2.3534061481065636, 0.8933638062721464, 0.5166209320517595, 0,6, 0
0.09878267810816205, 2.313817288048815, 0.9000015148416551, 0.5142660116573465, 0,9, 0
0.09878267810816205, 2.35148466941023, 0.9000015148416551, 0.5150613263443464, 0,3, 0
0.10051220647907935, 2.3133613424910795, 0.8777699163158681, 0.5101041737409485, 0,12, 0
0.10111088937670458, 2.335825599771151, 0.9116167084157132, 0.5152635849940469, 0,6, 0
0.09991352358145414, 2.3672250798384065, 0.9273376082964652, 0.5270925810857006, 0,6, 0
0.09991352358145414, 2.555746560403467, 0.9273376082964652, 0.5232771275315474, 0,4, 0
0.09878267810816205, 2.362066834833953, 0.9000015148416551, 0.5134979113399609, 0,6, 0
0.09878267810816205, 2.341961548157591, 0.9000015148416551, 0.5166633873342508, 0,9, 0
0.10111088937670458, 2.319664107724704, 0.9116167084157132, 0.517121630297626, 0,8, 0
0.09878267810816205, 2.3258589710580577, 0.9000015148416551, 0.5104213963944523, 0,8, 0
0.0996474422936207, 2.311046245640039, 0.9424463317291131, 0.5194633408505226, 0,6, 0
0.10051220647907935, 2.306009023638215, 0.8777699163158681, 0.5051717636904589, 0,5, 0
0.09904875939599547, 2.3288018781014532, 0.8938837418790088, 0.5046326151409666, 0,8, 0
0.10024612519124593, 2.3623684286984, 0.88033626681359, 0.4987049996653208, 0,6, 0
0.10017960486928756, 2.349187890498262, 0.8835487229879121, 0.5044523352409527, 0,10, 0
0.10111088937670458, 2.3116141712880456, 0.9116167084157132, 0.514146788332313, 0,5, 0
0.09958092197166234, 2.310448857717058, 0.8933638062721464, 0.512105271982086, 0,10, 0
0.0996474422936207, 2.3867945041769416, 0.9424463317291131, 0.5192246170565872, 0,9, 0
0.10111088937670458, 2.326323813880774, 0.9116167084157132, 0.5119273438718465, 0,6, 0
0.10111088937670458, 2.3595762774353215, 0.9116167084157132, 0.5145334890007096, 0,5, 0
0.10111088937670458, 2.321529383431935, 0.9116167084157132, 0.5140318165429951, 0,6, 0
0.09958092197166234, 2.324226405333039, 0.8933638062721464, 0.5158097896736011, 0,7, 0
0.0996474422936207, 2.3047415978147434, 0.9424463317291131, 0.5186561925831726, 0,8, 0
0.09958092197166234, 2.3063692854350495, 0.8933638062721464, 0.5179519653617608, 0,12, 0
0.1064990354553316, 2.331246794265306, 0.8755373481021332, 0.41844488867510804, 0,4, 0
0.10024612519124593, 2.3165663727297403, 0.88033626681359, 0.4937055708489762, 0,9, 0
0.09904875939599547, 2.372996681243893, 0.8938837418790088, 0.5075818377493071, 0,5, 0
0.10024612519124593, 2.307199072078151, 0.88033626681359, 0.4942195790084209, 0,9, 0
0.10051220647907935, 2.322036842667699, 0.8777699163158681, 0.5056001046977044, 0,7, 0
0.10051220647907935, 2.3148472543042837, 0.8777699163158681, 0.508694322919731, 0,8, 0
0.0996474422936207, 2.3289637696693055, 0.9424463317291131, 0.5196436362804213, 0,10, 0
0.09878267810816205, 2.3169302007819432, 0.9000015148416551, 0.5132204515037811, 0,5, 0
0.09878267810816205, 2.3200460844931867, 0.9000015148416551, 0.5129085836598316, 0,5, 0
0.10111088937670458, 2.3899379683327533, 0.9116167084157132, 0.511023574094824, 0,5, 0
0.10024612519124593, 2.3429468328158376, 0.88033626681359, 0.4924282999793259, 0,10, 0
0.10111088937670458, 2.305124303264183, 0.9116167084157132, 0.5179680449715292, 0,12, 0
0.09991352358145414, 2.3303919591994404, 0.9273376082964652, 0.5210040743756365, 0,4, 0
0.09878267810816205, 2.3096910165089426, 0.9000015148416551, 0.5155038312167971, 0,11, 0
0.09958092197166234, 2.361031154200741, 0.8933638062721464, 0.5116823575427599, 0,7, 0
0.09958092197166234, 2.3224718283411114, 0.8933638062721464, 0.5174393621688149, 0,9, 0
0.09958092197166234, 2.4218655176714003, 0.8933638062721464, 0.5157352291452403, 0,5, 0
0.10051220647907935, 2.314714706690259, 0.8777699163158681, 0.5051281411916798, 0,11, 0
0.10017960486928756, 2.316740557215357, 0.8835487229879121, 0.5090316856018774, 0,6, 0
0.09904875939599547, 2.356562073094509, 0.8938837418790088, 0.5064377935424017, 0,6, 0
0.09878267810816205, 2.321530777474074, 0.9000015148416551, 0.5080595568962409, 0,8, 0
0.09878267810816205, 2.3262033629288954, 0.9000015148416551, 0.5142395668901537, 0,2, 0
0.09991352358145414, 2.3325105366779484, 0.9273376082964652, 0.5208683293566905, 0,7, 0
0.10097784873278787, 2.331154153651997, 0.8896953824485279, 0.5033263760815172, 0,4, 0
0.10111088937670458, 2.306295653378536, 0.9116167084157132, 0.5123954576135313, 0,5, 0
0.0964544668396195, 2.3102934232199335, 0.9157208330032252, 0.4267964750223056, 0,8, 0
0.09878267810816205, 2.311918948674118, 0.9000015148416551, 0.516114944597959, 0,10, 0
0.09991352358145414, 2.303246681112765, 0.9273376082964652, 0.5195541960256896, 0,9, 0
0.09991352358145414, 2.317336322859535, 0.9273376082964652, 0.5190025458547278, 0,14, 0
0.09878267810816205, 2.3990385028675694, 0.9000015148416551, 0.5148402069235796, 0,7, 0
0.09878267810816205, 2.359449830747036, 0.9000015148416551, 0.5145271315469936, 0,8, 0
0.10031264551320429, 2.303824792497927, 0.8817123114680165, 0.3828707589445994, 0,0, 0
0.10024612519124593, 2.3031204001026335, 0.88033626681359, 0.49643244506895506, 0,0, 0
0.1417548060932615, 2.3067426034284986, 0.868502070890455, 0.33788055488595753, 0,6, 0
0.14242000931284507, 2.308756577090764, 0.8413572142122352, 0.3427004402802735, 0,4, 0
0.09904875939599547, 2.3210946404988646, 0.8938837418790088, 0.507593128069332, 0,7, 0
0.09958092197166234, 2.3051402789583895, 0.8933638062721464, 0.5160918754998041, 0,7, 0
0.10024612519124593, 2.3676410519354345, 0.88033626681359, 0.49384655400489125, 0,6, 0
0.10111088937670458, 2.3241201231502324, 0.9116167084157132, 0.5135325680572089, 0,8, 0
0.10084480808887115, 2.311804361022384, 0.8771373601465473, 0.5053899481661426, 0,4, 0
0.09904875939599547, 2.4352988955789496, 0.8938837418790088, 0.5069037369209344, 0,6, 0
0.09878267810816205, 2.322784030460466, 0.9000015148416551, 0.5131543600986117, 0,3, 0
0.10017960486928756, 2.351193781916605, 0.8835487229879121, 0.5061740784878299, 0,5, 0
0.09991352358145414, 2.3094153574251615, 0.9273376082964652, 0.5228290988056762, 0,10, 0
0.09991352358145414, 2.3047802145828595, 0.9273376082964652, 0.5203103554497402, 0,3, 0
0.09991352358145414, 2.3220531231770374, 0.9273376082964652, 0.5198457164648395, 0,6, 0
0.0996474422936207, 2.416528727118066, 0.9424463317291131, 0.517298118362815, 0,5, 0
0.10111088937670458, 2.318558351996574, 0.9116167084157132, 0.5117376459273655, 0,7, 0
0.0996474422936207, 2.3110378646393825, 0.9424463317291131, 0.516670165985023, 0,7, 0
0.10024612519124593, 2.334393607708125, 0.88033626681359, 0.49350096144894806, 0,6, 0
0.10111088937670458, 2.305263349271333, 0.9116167084157132, 0.5085482783379781, 0,8, 0
0.09991352358145414, 2.3025509280881855, 0.9273376082964652, 0.5192573251484869, 0,9, 0
0.09904875939599547, 2.3074571268926287, 0.8938837418790088, 0.5047530077721332, 0,5, 0
0.09878267810816205, 2.3129214402770186, 0.9000015148416551, 0.514163400097486, 0,10, 0
0.09878267810816205, 2.3104632165961214, 0.9000015148416551, 0.5120473226730101, 0,12, 0
0.09958092197166234, 2.302772730099245, 0.8933638062721464, 0.513764486896133, 0,7, 0
0.0996474422936207, 2.334538236441809, 0.9424463317291131, 0.5164523280473418, 0,8, 0
0.10170957227432981, 2.31453189567234, 0.8913350781556184, 0.4772669781992609, 0,9, 0
0.09904875939599547, 2.3363410604299046, 0.8938837418790088, 0.5073419383882427, 0,7, 0
0.0996474422936207, 2.3377497707355017, 0.9424463317291131, 0.5175064519119786, 0,8, 0
0.09904875939599547, 2.307427039429043, 0.8938837418790088, 0.5050398843536454, 0,7, 0
0.0996474422936207, 2.3225247744337763, 0.9424463317291131, 0.5211883692388862, 0,6, 0
0.09958092197166234, 2.316932636725802, 0.8933638062721464, 0.5155730648082322, 0,7, 0
0.0996474422936207, 2.3974273428504262, 0.9424463317291131, 0.5199413222710949, 0,10, 0
0.10024612519124593, 2.3041841557804146, 0.88033626681359, 0.4956804824926463, 0,4, 0
0.10097784873278787, 2.315713246869587, 0.8896953824485279, 0.5065424122106006, 0,10, 0
0.10017960486928756, 2.3102442585905734, 0.8835487229879121, 0.5060657936990606, 0,6, 0
0.09958092197166234, 2.3091062241936604, 0.8933638062721464, 0.5152356424894049, 0,6, 0
0.09904875939599547, 2.457133558904594, 0.8938837418790088, 0.5067222830883132, 0,5, 0
0.0996474422936207, 2.375178871195703, 0.9424463317291131, 0.5200365303676563, 0,8, 0
0.09878267810816205, 2.3140338435585703, 0.9000015148416551, 0.515114051377096, 0,4, 0
0.10111088937670458, 2.327685239722151, 0.9116167084157132, 0.5127760740627285, 0,5, 0
0.09904875939599547, 2.3273300890166673, 0.8938837418790088, 0.5088497223992484, 0,6, 0
0.10151001130845473, 2.3872314435568334, 0.8886675865720719, 0.4522851597122595, 0,5, 0
0.09904875939599547, 2.3782449750964343, 0.8938837418790088, 0.5072205232111611, 0,4, 0
0.09991352358145414, 2.4240712689471597, 0.9273376082964652, 0.5224630368749036, 0,4, 0
0.09991352358145414, 2.3257271919803673, 0.9273376082964652, 0.5226195266283926, 0,7, 0
0.10024612519124593, 2.337294845692707, 0.88033626681359, 0.49578476862666043, 0,10, 0
0.0996474422936207, 2.3486983268741346, 0.9424463317291131, 0.5179045109755303, 0,2, 0
0.10111088937670458, 2.317765563514302, 0.9116167084157132, 0.5120598800798492, 0,5, 0
0.10111088937670458, 2.3890249651206164, 0.9116167084157132, 0.5093743945769039, 0,7, 0
0.10111088937670458, 2.3325564228258453, 0.9116167084157132, 0.5113764242189721, 0,7, 0
0.10111088937670458, 2.336750187155714, 0.9116167084157132, 0.5110644761622276, 0,6, 0
0.09978048293753741, 2.315509266413385, 0.8931135424397929, 0.515265138383564, 0,7, 0
0.09958092197166234, 2.384286324286234, 0.8933638062721464, 0.516420464088019, 0,3, 0
0.10017960486928756, 2.3055835790138697, 0.8835487229879121, 0.5045628141466427, 0,9, 0
0.09958092197166234, 2.3160510467593243, 0.8933638062721464, 0.5141384608532049, 0,7, 0
0.09958092197166234, 2.303500141330182, 0.8933638062721464, 0.5116458828631519, 0,8, 0
0.09958092197166234, 2.3404616143249397, 0.8933638062721464, 0.5137393751875414, 0,6, 0
0.09878267810816205, 2.321262745120398, 0.9000015148416551, 0.5119398350459833, 0,6, 0
0.09878267810816205, 2.3070726364678524, 0.9000015148416551, 0.514128688859017, 0,6, 0
0.09991352358145414, 2.316957433312697, 0.9273376082964652, 0.5219965519821259, 0,6, 0
0.09904875939599547, 2.309817907855094, 0.8938837418790088, 0.5058501760924597, 0,8, 0
0.09878267810816205, 2.352886674853449, 0.9000015148416551, 0.5141754432358029, 0,7, 0
0.09878267810816205, 2.35772838816468, 0.9000015148416551, 0.5139879011722708, 0,7, 0
0.09991352358145414, 2.348448524247987, 0.9273376082964652, 0.5252629576092482, 0,8, 0
0.09904875939599547, 2.309397745329106, 0.8938837418790088, 0.5037745707565106, 0,8, 0
0.11221978314375042, 2.302770475788379, 0.8920587804388991, 0.3472695595558168, 0,8, 0
0.0996474422936207, 2.31176501312299, 0.9424463317291131, 0.5189864608312698, 0,9, 0
0.09878267810816205, 2.3105642596999543, 0.9000015148416551, 0.5116444497516756, 0,8, 0
0.09958092197166234, 2.3510539935415933, 0.8933638062721464, 0.5143488028591069, 0,10, 0
0.09958092197166234, 2.3264771279227365, 0.8933638062721464, 0.5177592972944565, 0,6, 0
0.10024612519124593, 2.3254701860537987, 0.88033626681359, 0.4968868319373858, 0,6, 0
0.09958092197166234, 2.307070984158744, 0.8933638062721464, 0.5120797222137541, 0,6, 0
0.10111088937670458, 2.3095007247096295, 0.9116167084157132, 0.5129997123158809, 0,7, 0
0.0996474422936207, 2.3553383056254535, 0.9424463317291131, 0.5208715527584418, 0,12, 0
0.10024612519124593, 2.3101502530297098, 0.88033626681359, 0.4927757433630285, 0,10, 0
0.09878267810816205, 2.3222110615291736, 0.9000015148416551, 0.5116429712987537, 0,3, 0
0.10024612519124593, 2.320583278671485, 0.88033626681359, 0.4961291961430302, 0,5, 0
0.09904875939599547, 2.3674166338224736, 0.8938837418790088, 0.5032538097377948, 0,9, 0
0.09904875939599547, 2.417454863255953, 0.8938837418790088, 0.5067078659593264, 0,7, 0
0.09878267810816205, 2.3298771264492326, 0.9000015148416551, 0.5136510886330562, 0,6, 0
0.09904875939599547, 2.319642150853277, 0.8938837418790088, 0.5104063819567838, 0,5, 0
0.09991352358145414, 2.328910789478327, 0.9273376082964652, 0.520800328532613, 0,9, 0
0.09991352358145414, 2.3237723450631207, 0.9273376082964652, 0.5210575611125915, 0,7, 0
0.10024612519124593, 2.3102812271096593, 0.88033626681359, 0.49399900195598356, 0,8, 0
0.10097784873278787, 2.303179399716452, 0.8896953824485279, 0.5036788300074289, 0,9, 0
0.09958092197166234, 2.3030051368443636, 0.8933638062721464, 0.5135955678740701, 0,14, 0
0.10097784873278787, 2.3097161694311423, 0.8896953824485279, 0.5045472647591476, 0,9, 0
0.09904875939599547, 2.3071094327190873, 0.8938837418790088, 0.5065897727831634, 0,8, 0
0.09991352358145414, 2.308246930376828, 0.9273376082964652, 0.5226275877438042, 0,9, 0
0.09878267810816205, 2.3056825393927216, 0.9000015148416551, 0.5152760022651378, 0,6, 0
0.09991352358145414, 2.3207201087085467, 0.9273376082964652, 0.5238342997321298, 0,7, 0
0.10024612519124593, 2.333698588106547, 0.88033626681359, 0.4943662505044454, 0,13, 0
0.09958092197166234, 2.3519371023817564, 0.8933638062721464, 0.5141808742280428, 0,7, 0
0.10111088937670458, 2.406945572089413, 0.9116167084157132, 0.5126925037910396, 0,9, 0
0.09878267810816205, 2.409681767488933, 0.9000015148416551, 0.511501669482442, 0,8, 0
0.09878267810816205, 2.3698782089393644, 0.9000015148416551, 0.5114336034785829, 0,8, 0
0.09878267810816205, 2.36214716402125, 0.9000015148416551, 0.5136452063479495, 0,10, 0
0.09878267810816205, 2.333109595735479, 0.9000015148416551, 0.5125670068375426, 0,5, 0
0.09991352358145414, 2.3711600711322993, 0.9273376082964652, 0.5236330918292103, 0,8, 0
0.10024612519124593, 2.3271798149582903, 0.88033626681359, 0.49649430561409863, 0,6, 0
0.10836160447016563, 2.3024809236481447, 0.8921704768732954, 0.22118978461803182, 0,0, 0
0.09991352358145414, 2.3126775923424248, 0.9273376082964652, 0.523794496897911, 0,1, 0
0.10111088937670458, 2.3092209901399245, 0.9116167084157132, 0.5117416726704769, 0,2, 0
0.13144415618971597, 2.305275851076951, 0.9051095978996192, 0.37873043749026286, 0,4, 0
0.09991352358145414, 2.348607190694272, 0.9273376082964652, 0.5230387563248008, 0,7, 0
0.09904875939599547, 2.318866901702845, 0.8938837418790088, 0.5070297554036525, 0,4, 0
0.10111088937670458, 2.312398731926597, 0.9116167084157132, 0.5141450865400564, 0,6, 0
0.09991352358145414, 2.3060023413045134, 0.9273376082964652, 0.5188189341362542, 0,11, 0
0.10097784873278787, 2.312804747752259, 0.8896953824485279, 0.5064147647304683, 0,6, 0
0.09991352358145414, 2.3158100453677912, 0.9273376082964652, 0.5190730869082794, 0,7, 0
0.10024612519124593, 2.379542555374783, 0.88033626681359, 0.49350363675401837, 0,6, 0
0.10882724672387414, 2.3138450134270747, 0.8832660351949359, 0.4222154780687808, 0,12, 0
0.09878267810816205, 2.320585767650116, 0.9000015148416551, 0.5121846312883909, 0,2, 0
0.09958092197166234, 2.331422773210349, 0.8933638062721464, 0.5157535773413635, 0,8, 0
0.10097784873278787, 2.3109401238223937, 0.8896953824485279, 0.505235305574417, 0,8, 0
0.09958092197166234, 2.322485704816269, 0.8933638062721464, 0.5137754451008769, 0,7, 0
0.0996474422936207, 2.3215609428245516, 0.9424463317291131, 0.5190580266559909, 0,7, 0
0.09958092197166234, 2.3298625455901494, 0.8933638062721464, 0.5139201455344928, 0,2, 0
0.09991352358145414, 2.3996133659522405, 0.9273376082964652, 0.5208896937857199, 0,5, 0
0.09991352358145414, 2.390321437822308, 0.9273376082964652, 0.5220105611366178, 0,4, 0
0.10017960486928756, 2.308213413511058, 0.8835487229879121, 0.5072331510535744, 0,7, 0
0.09991352358145414, 2.3068605027242883, 0.9273376082964652, 0.5215115645304068, 0,11, 0
0.09991352358145414, 2.3150928256310745, 0.9273376082964652, 0.5251379975525007, 0,8, 0
0.10051220647907935, 2.331726067295999, 0.8777699163158681, 0.5074329602798341, 0,10, 0
0.09991352358145414, 2.385853991603325, 0.9273376082964652, 0.5204409269511783, 0,6, 0
0.10051220647907935, 2.3200027535222274, 0.8777699163158681, 0.5126564699097023, 0,9, 0
0.0996474422936207, 2.309113510765335, 0.9424463317291131, 0.5174404690971742, 0,8, 0
0.10111088937670458, 2.418247867184057, 0.9116167084157132, 0.5142671512952305, 0,5, 0
0.09878267810816205, 2.313618193690604, 0.9000015148416551, 0.5123987069282556, 0,12, 0
0.09878267810816205, 2.3363370519273414, 0.9000015148416551, 0.5152671119114465, 0,5, 0
0.10097784873278787, 2.3262279413738134, 0.8896953824485279, 0.5071873484148928, 0,8, 0
0.09991352358145414, 2.372521388739286, 0.9273376082964652, 0.5201913788426235, 0,11, 0
0.09991352358145414, 2.320479828980062, 0.9273376082964652, 0.5228569999198998, 0,3, 0
0.09878267810816205, 2.309399154485521, 0.9000015148416551, 0.5172042372403971, 0,6, 0
0.10024612519124593, 2.3182703041629082, 0.88033626681359, 0.49474278977522806, 0,5, 0
0.0996474422936207, 2.3084127288897784, 0.9424463317291131, 0.5209576926116563, 0,6, 0
0.09991352358145414, 2.302840795772626, 0.9273376082964652, 0.5237828690449282, 0,11, 0
0.10051220647907935, 2.317122043253601, 0.8777699163158681, 0.5087254116688736, 0,5, 0
0.10051220647907935, 2.306718590920425, 0.8777699163158681, 0.5059318604852251, 0,9, 0
0.0996474422936207, 2.315373374769837, 0.9424463317291131, 0.5178771318997974, 0,6, 0
0.0996474422936207, 2.376809715947126, 0.9424463317291131, 0.5191709566233361, 0,4, 0
0.0996474422936207, 2.315348583995515, 0.9424463317291131, 0.5176245515701433, 0,10, 0
0.09958092197166234, 2.3051011322707637, 0.8933638062721464, 0.5118175227669768, 0,7, 0
0.09878267810816205, 2.362973956864156, 0.9000015148416551, 0.5143535746785629, 0,8, 0
0.0996474422936207, 2.318004486780161, 0.9424463317291131, 0.5194361834572567, 0,9, 0
0.09878267810816205, 2.3041175385240877, 0.9000015148416551, 0.511305209065306, 0,7, 0
0.09958092197166234, 2.313982968573671, 0.8933638062721464, 0.516360483474036, 0,11, 0
0.09878267810816205, 2.313340707603332, 0.9000015148416551, 0.513615043373333, 0,7, 0
0.09904875939599547, 2.31223261989948, 0.8938837418790088, 0.5054316139713364, 0,10, 0
0.0996474422936207, 2.3210771626787956, 0.9424463317291131, 0.5182359934068761, 0,6, 0
0.0996474422936207, 2.317080474063196, 0.9424463317291131, 0.5160625081769797, 0,10, 0
0.10097784873278787, 2.3063934460249613, 0.8896953824485279, 0.5061760739166107, 0,11, 0
0.10111088937670458, 2.3205087612403696, 0.9116167084157132, 0.5183656974912434, 0,4, 0
0.10024612519124593, 2.3063707732792698, 0.88033626681359, 0.4956808440034871, 0,8, 0
0.10111088937670458, 2.3111669163040034, 0.9116167084157132, 0.5122794371561654, 0,6, 0
0.10111088937670458, 2.390082464431928, 0.9116167084157132, 0.5121617298613496, 0,4, 0
0.10111088937670458, 2.3172830811662126, 0.9116167084157132, 0.5136503714193096, 0,6, 0
0.09991352358145414, 2.3255106693398, 0.9273376082964652, 0.5220910926063734, 0,6, 0
0.09904875939599547, 2.321212511144141, 0.8938837418790088, 0.5058137843605831, 0,5, 0
0.10111088937670458, 2.30382028013331, 0.9116167084157132, 0.5155024075294111, 0,7, 0
0.09778487327878667, 2.3027820547350406, 0.9011898435781329, 0.4741497342261118, 0,8, 0
0.09731923102507817, 2.303142504944881, 0.9040952964851076, 0.41437200360524157, 0,7, 0
0.09991352358145414, 2.3256452136796875, 0.9273376082964652, 0.5190337628677303, 0,8, 0
0.09991352358145414, 2.4712568392163936, 0.9273376082964652, 0.5179632734354754, 0,5, 0
0.09958092197166234, 2.311923113576922, 0.8933638062721464, 0.5132406886402056, 0,8, 0
0.09878267810816205, 2.31278282673164, 0.9000015148416551, 0.5119701991011696, 0,5, 0
0.09878267810816205, 2.3323566966100278, 0.9000015148416551, 0.5151521634501673, 0,11, 0
0.09878267810816205, 2.328907396386882, 0.9000015148416551, 0.5160981326340274, 0,7, 0
0.09991352358145414, 2.3471419085430494, 0.9273376082964652, 0.5205569021728879, 0,4, 0
0.09991352358145414, 2.3109407459976654, 0.9273376082964652, 0.5218453311188498, 0,3, 0
0.10264085678174682, 2.309086276141103, 0.8792105416586312, 0.4859840032842579, 0,9, 0
0.10051220647907935, 2.3186297556093605, 0.8777699163158681, 0.5083835896084494, 0,13, 0
0.10111088937670458, 2.3112437793739558, 0.9116167084157132, 0.5143704796733506, 0,11, 0
0.0996474422936207, 2.323750321573105, 0.9424463317291131, 0.5199510484346014, 0,8, 0
0.09958092197166234, 2.3226262215153946, 0.8933638062721464, 0.5162795116933351, 0,5, 0
0.09904875939599547, 2.3152245908870532, 0.8938837418790088, 0.5068994383881945, 0,7, 0
0.10111088937670458, 2.304846843289875, 0.9116167084157132, 0.511963662178597, 0,6, 0
0.09878267810816205, 2.3048541748713234, 0.9000015148416551, 0.5139515264899351, 0,10, 0
0.10017960486928756, 2.30501830894251, 0.8835487229879121, 0.5054382805673944, 0,10, 0
0.10024612519124593, 2.313403362968697, 0.88033626681359, 0.4963201969095685, 0,13, 0
0.09878267810816205, 2.3306529597117023, 0.9000015148416551, 0.5144621893426695, 0,9, 0
0.10024612519124593, 2.3772362366111537, 0.88033626681359, 0.4950816942830381, 0,6, 0
0.0996474422936207, 2.3326657819452934, 0.9424463317291131, 0.5150919118456109, 0,8, 0
0.10111088937670458, 2.308274049352269, 0.9116167084157132, 0.5155534979412267, 0,8, 0
0.09878267810816205, 2.323349095704051, 0.9000015148416551, 0.5147885229158868, 0,9, 0
0.09878267810816205, 2.4890082408938907, 0.9000015148416551, 0.5106962138593724, 0,5, 0
0.0996474422936207, 2.3046048467826807, 0.9424463317291131, 0.5205853847032949, 0,5, 0
0.0996474422936207, 2.304610061128482, 0.9424463317291131, 0.5195239120248579, 0,7, 0
0.09991352358145414, 2.3308145419602733, 0.9273376082964652, 0.520633266551868, 0,6, 0
0.09904875939599547, 2.3247337707825815, 0.8938837418790088, 0.5048579322554793, 0,14, 0
0.09878267810816205, 2.3075779645193806, 0.9000015148416551, 0.5112308281415021, 0,11, 0
0.10051220647907935, 2.3028224706729077, 0.912662441718881, 0.3500735664816079, 0,11, 0
0.0996474422936207, 2.3101075132204167, 0.9424463317291131, 0.5217463276565809, 0,7, 0
0.0996474422936207, 2.3599996334190245, 0.9424463317291131, 0.5184045248749443, 0,5, 0
0.10383822257699728, 2.3054175148671288, 0.8924151871140263, 0.45158213287620824, 0,7, 0
0.10350562096720548, 2.308403573651232, 0.8947436902755014, 0.354323210041901, 0,8, 0
0.09991352358145414, 2.3060175920527177, 0.9273376082964652, 0.524259582870644, 0,9, 0
0.09991352358145414, 2.3092943161046016, 0.9273376082964652, 0.5217168728151647, 0,13, 0
0.09991352358145414, 2.312232598155858, 0.9273376082964652, 0.5242723851803821, 0,11, 0
0.10111088937670458, 2.3493722470262, 0.9116167084157132, 0.5120002478521309, 0,8, 0
0.0996474422936207, 2.4104317614222244, 0.9424463317291131, 0.5229478946814224, 0,7, 0
0.10403778354287235, 2.3023249423092316, 0.8956375096706843, 0.2621149255698359, 0,0, 0
0.10816204350429057, 2.3035161933411716, 0.8795155934255275, 0.2886079555698248, 0,0, 0
0.10144349098649637, 2.308623317345359, 0.8908197682338179, 0.3881357595604251, 0,4, 0
0.10097784873278787, 2.2998777567440265, 0.8896953824485279, 0.5067220848394931, 0,4, 0
0.10337258032328876, 2.322739440468759, 0.9308332514314069, 0.4103757987551151, 0,4, 0
0.0996474422936207, 2.350155130051523, 0.9424463317291131, 0.5156821279871355, 0,9, 0
0.14707643184993016, 2.3037603095898427, 0.8455629180651968, 0.321842188147163, 0,6, 0
0.10097784873278787, 2.3064252049402905, 0.8896953824485279, 0.5080443755006737, 0,6, 0
0.0996474422936207, 2.3142038929100037, 0.8933250465822239, 0.5077311278764831, 0,9, 0
0.09878267810816205, 2.3406240432029124, 0.9000015148416551, 0.5136756300726926, 0,9, 0
0.09991352358145414, 2.322028139834473, 0.9273376082964652, 0.5230085995543702, 0,9, 0
0.09991352358145414, 2.350876463821118, 0.9273376082964652, 0.521292329858974, 0,5, 0
0.09958092197166234, 2.302750407440144, 0.8933638062721464, 0.5170739909186822, 0,8, 0
0.10051220647907935, 2.344077585311752, 0.8777699163158681, 0.5047770070277412, 0,7, 0
0.09991352358145414, 2.3230308979117273, 0.9273376082964652, 0.5204687410624578, 0,5, 0
0.10051220647907935, 2.3054980314365525, 0.8777699163158681, 0.5081473468095903, 0,7, 0
0.10024612519124593, 2.306274887220212, 0.88033626681359, 0.4965910068665656, 0,9, 0
0.10111088937670458, 2.30894312675878, 0.9116167084157132, 0.5123048400183974, 0,8, 0
0.09858311714228697, 2.3020876783783195, 0.9001483737966537, 0.4963436658063069, 0,11, 0
0.0996474422936207, 2.304055139974532, 0.9424463317291131, 0.5168648291389846, 0,10, 0
0.10051220647907935, 2.3153684347013526, 0.8777699163158681, 0.5100415477946221, 0,8, 0
0.09958092197166234, 2.3145179490022363, 0.8933638062721464, 0.512528554434704, 0,6, 0
0.09958092197166234, 2.309574822882157, 0.8933638062721464, 0.5147259570873086, 0,10, 0
0.10024612519124593, 2.31842040767421, 0.88033626681359, 0.49311903256677647, 0,13, 0
0.09991352358145414, 2.312087254332963, 0.9273376082964652, 0.5216985535172204, 0,5, 0
0.10064524712299608, 2.309478017865624, 0.9119795391947032, 0.5127918555215532, 0,7, 0
0.09904875939599547, 2.312179566936357, 0.8938837418790088, 0.5091407729512647, 0,9, 0
0.09878267810816205, 2.3342200874021444, 0.9000015148416551, 0.5139901321925328, 0,6, 0
0.10111088937670458, 2.4002220573550903, 0.9116167084157132, 0.5133737680527447, 0,5, 0
0.10111088937670458, 2.3121799620803003, 0.9116167084157132, 0.5107011067292926, 0,10, 0
0.10111088937670458, 2.3165368208951485, 0.9116167084157132, 0.5121943155381227, 0,10, 0
0.10024612519124593, 2.3184351893089206, 0.88033626681359, 0.49360336388780907, 0,7, 0
0.10024612519124593, 2.3040035883997962, 0.88033626681359, 0.49465809820120243, 0,8, 0
0.09991352358145414, 2.31050353515555, 0.9273376082964652, 0.5192791345886006, 0,12, 0
0.10144349098649637, 2.3180988240858946, 0.891011418297736, 0.5107280919279013, 0,4, 0
0.10017960486928756, 2.304470586243848, 0.8835487229879121, 0.5066085421855469, 0,10, 0
0.10017960486928756, 2.307414530201094, 0.8835487229879121, 0.5073123530390266, 0,7, 0
0.0996474422936207, 2.3073463457862844, 0.9424463317291131, 0.5202161795990832, 0,6, 0
0.09904875939599547, 2.321494279432414, 0.8938837418790088, 0.5072653832529838, 0,12, 0
0.10131045034257966, 2.3080092296703114, 0.8916163044119148, 0.48964718578242533, 0,4, 0
0.09904875939599547, 2.3287365137123186, 0.8938837418790088, 0.5109977386568452, 0,8, 0
0.09904875939599547, 2.303030881372301, 0.8938837418790088, 0.5049911275791531, 0,12, 0
0.10463646644049757, 2.304277396825373, 0.8909583984984922, 0.3987359988848298, 0,8, 0
0.10111088937670458, 2.306407720070593, 0.9116167084157132, 0.5144483739215078, 0,9, 0
0.10097784873278787, 2.3539182654177604, 0.8896953824485279, 0.5068190151679681, 0,9, 0
0.09904875939599547, 2.335220587925228, 0.8938837418790088, 0.5039658796415183, 0,9, 0
0.09904875939599547, 2.3247287255485545, 0.8938837418790088, 0.5063827659443539, 0,7, 0
0.09878267810816205, 2.3398646717576503, 0.9000015148416551, 0.5103914232782464, 0,6, 0
0.10111088937670458, 2.3263642059736114, 0.9116167084157132, 0.5141201194958697, 0,8, 0
0.10017960486928756, 2.3151974078067834, 0.8835487229879121, 0.5039373351254782, 0,9, 0
0.09904875939599547, 2.3388087090114977, 0.8938837418790088, 0.5036332042898093, 0,2, 0
0.10111088937670458, 2.3538597089709983, 0.9116167084157132, 0.5125159503635792, 0,7, 0
0.09991352358145414, 2.3766551330276235, 0.9273376082964652, 0.5235047431113519, 0,9, 0
0.10111088937670458, 2.3699787389190896, 0.9116167084157132, 0.5144921943664693, 0,3, 0
0.09904875939599547, 2.3882622172048547, 0.8938837418790088, 0.5046069967140336, 0,3, 0
0.10024612519124593, 2.3220904217995164, 0.88033626681359, 0.4970063794694128, 0,6, 0
0.09958092197166234, 2.329027587398594, 0.8933638062721464, 0.512108429992559, 0,3, 0
0.09878267810816205, 2.3490091570359555, 0.9000015148416551, 0.5113312167978019, 0,9, 0
0.09991352358145414, 2.3076412955705794, 0.9273376082964652, 0.5192077210929633, 0,5, 0
0.10024612519124593, 2.3291932975493337, 0.88033626681359, 0.4944818735932354, 0,8, 0
0.09904875939599547, 2.3526197993762477, 0.8938837418790088, 0.49944819981927296, 0,2, 0
0.09958092197166234, 2.3089545413991504, 0.8933638062721464, 0.5126373366527605, 0,6, 0
0.09958092197166234, 2.3460528461041665, 0.8933638062721464, 0.5131282797130255, 0,7, 0
0.09878267810816205, 2.3454987781058763, 0.9000015148416551, 0.5149500382395702, 0,6, 0
0.09878267810816205, 2.3325822025226244, 0.9000015148416551, 0.5130766723863673, 0,6, 0
0.10111088937670458, 2.319757486106567, 0.9116167084157132, 0.5110680516984819, 0,7, 0
0.0996474422936207, 2.3152197561902867, 0.9424463317291131, 0.5194419566539338, 0,9, 0
0.0996474422936207, 2.3501255627220234, 0.9424463317291131, 0.518473102424301, 0,9, 0
0.0996474422936207, 2.3124116169655387, 0.9424463317291131, 0.5169259246818751, 0,9, 0
0.10051220647907935, 2.3080327832468064, 0.8777699163158681, 0.5063322922006325, 0,7, 0
0.0996474422936207, 2.3084983613005274, 0.9424463317291131, 0.5172207297318588, 0,8, 0
0.10051220647907935, 2.3146853122788578, 0.8777699163158681, 0.5060313517479569, 0,12, 0
0.0996474422936207, 2.3058278049798115, 0.9424463317291131, 0.5208887371971358, 0,6, 0
0.10051220647907935, 2.3149502406630664, 0.8777699163158681, 0.5074705614032992, 0,12, 0
0.10051220647907935, 2.3041034125602944, 0.8777699163158681, 0.506190597874102, 0,9, 0
0.09904875939599547, 2.320145202255579, 0.8938837418790088, 0.5027183496682495, 0,7, 0
0.10051220647907935, 2.3125495806129237, 0.8777699163158681, 0.5054847234293378, 0,7, 0
0.10097784873278787, 2.302698193707882, 0.8896953824485279, 0.5069683661616263, 0,8, 0
0.10111088937670458, 2.3251894894596554, 0.9116167084157132, 0.5158121181762065, 0,4, 0
0.0996474422936207, 2.3059785314990178, 0.9424463317291131, 0.5182555901537703, 0,9, 0
0.0996474422936207, 2.3143993767326183, 0.9424463317291131, 0.5181502126855428, 0,10, 0
0.10111088937670458, 2.3046304990865747, 0.9116167084157132, 0.5112505344776149, 0,5, 0
0.10111088937670458, 2.311449023751547, 0.9116167084157132, 0.5108797185220475, 0,10, 0
0.09904875939599547, 2.309522168948599, 0.8938837418790088, 0.5084449675613354, 0,6, 0
0.0996474422936207, 2.3022398838444653, 0.9424463317291131, 0.5175062716015411, 0,12, 0
0.0996474422936207, 2.3066354104004434, 0.9424463317291131, 0.5182936874415701, 0,7, 0
0.09958092197166234, 2.304032650424011, 0.8933638062721464, 0.5129642206764852, 0,6, 0
0.09958092197166234, 2.3048874268011286, 0.8933638062721464, 0.5011712236611312, 0,6, 0
0.0996474422936207, 2.3075401524080217, 0.9424463317291131, 0.515831508022615, 0,6, 0
0.09991352358145414, 2.321089052736882, 0.9273376082964652, 0.5245533182344186, 0,6, 0
0.09958092197166234, 2.347653263225643, 0.8933638062721464, 0.5136934912444538, 0,7, 0
0.1009113284108295, 2.378046385742174, 0.9117734449554995, 0.5105905875172315, 0,4, 0
0.10111088937670458, 2.3676741890808004, 0.9116167084157132, 0.5111916407432809, 0,4, 0
0.10024612519124593, 2.331349303414228, 0.88033626681359, 0.49528315120436406, 0,6, 0
0.10224173484999667, 2.303533865815031, 0.8778680869054647, 0.4922036211848207, 0,6, 0
0.10024612519124593, 2.303763623454253, 0.88033626681359, 0.49184295072303597, 0,8, 0
0.09878267810816205, 2.3033802154209613, 0.9000015148416551, 0.5127925946103022, 0,8, 0
0.09958092197166234, 2.305809530456615, 0.8933638062721464, 0.515075325729289, 0,10, 0
0.09878267810816205, 2.31004328566905, 0.9000015148416551, 0.5109619629859457, 0,8, 0
0.09958092197166234, 2.302782579278118, 0.8933638062721464, 0.5136119515415858, 0,8, 0
0.10111088937670458, 2.3054772449302585, 0.9116167084157132, 0.5139631800667095, 0,8, 0
0.09605534490786935, 2.301808292118921, 0.9277148532385796, 0.43441267432413894, 0,0, 0
0.10170957227432981, 2.3052762726907012, 0.8836487389567538, 0.3578417729743331, 0,3, 0
0.09991352358145414, 2.315428504954632, 0.9273376082964652, 0.5212450516578285, 0,8, 0
0.0996474422936207, 2.3051282979688237, 0.9424463317291131, 0.5159470850115888, 0,3, 0
0.10024612519124593, 2.316849062798512, 0.88033626681359, 0.4952318193915098, 0,1, 0
0.10024612519124593, 2.3142577136481965, 0.88033626681359, 0.4944924256329452, 0,5, 0
0.0996474422936207, 2.305020358489039, 0.9424463317291131, 0.5190498126049427, 0,7, 0
0.0996474422936207, 2.3271529641383295, 0.9424463317291131, 0.5165744640690629, 0,10, 0
0.10024612519124593, 2.3235647457767086, 0.88033626681359, 0.49085924342302845, 0,5, 0
0.09878267810816205, 2.317249727758241, 0.9000015148416551, 0.5127562244571, 0,6, 0
0.09878267810816205, 2.3070265554361997, 0.9000015148416551, 0.5135023075512462, 0,4, 0
0.09805095456662011, 2.304440087982814, 0.9010317453675853, 0.47281289964463935, 0,7, 0
0.09991352358145414, 2.329799127397935, 0.9273376082964652, 0.5188090189237873, 0,8, 0
0.09878267810816205, 2.303413121926922, 0.9000015148416551, 0.5111284492093102, 0,9, 0
0.12578992882325551, 2.3038532515370838, 0.867972592628023, 0.33794155218917205, 0,7, 0
0.09991352358145414, 2.327963473720242, 0.9273376082964652, 0.52258938494342, 0,4, 0
0.10111088937670458, 2.303791969493185, 0.9116167084157132, 0.5143857577146305, 0,8, 0
0.09878267810816205, 2.3041864951626074, 0.9000015148416551, 0.5140202101336416, 0,6, 0
0.09991352358145414, 2.3029587333219648, 0.9273376082964652, 0.5212821578385319, 0,13, 0
0.10024612519124593, 2.308021631544082, 0.88033626681359, 0.49531126312777096, 0,7, 0
0.10017960486928756, 2.304711724552004, 0.8835487229879121, 0.5038995028952704, 0,7, 0
0.10024612519124593, 2.3027716549080557, 0.88033626681359, 0.49344154350142944, 0,6, 0
0.09878267810816205, 2.302133009342236, 0.9000015148416551, 0.5147148278808392, 0,11, 0
0.0996474422936207, 2.313958284796684, 0.9424463317291131, 0.5184652625741873, 0,10, 0
0.09904875939599547, 2.3490922542053854, 0.8938837418790088, 0.5067499213034166, 0,6, 0
0.09871615778620368, 2.3186015189387863, 0.9001109947061074, 0.4904171182165859, 0,9, 0
0.10097784873278787, 2.357475370924003, 0.8896953824485279, 0.5023443073278703, 0,7, 0
0.09958092197166234, 2.3142477236512193, 0.8933638062721464, 0.5145157095777295, 0,7, 0
0.09878267810816205, 2.342986746778953, 0.9000015148416551, 0.5165541271063852, 0,10, 0
0.09991352358145414, 2.3546061078636007, 0.9273376082964652, 0.5227945338315083, 0,4, 0
0.10111088937670458, 2.3157385135136273, 0.9116167084157132, 0.5093153247436185, 0,8, 0
0.09878267810816205, 2.4158997402801443, 0.9000015148416551, 0.5128532556501672, 0,3, 0
0.0996474422936207, 2.305513608006036, 0.9424463317291131, 0.5175523007080585, 0,9, 0
0.09878267810816205, 2.3271914142529218, 0.9000015148416551, 0.5107873816103655, 0,9, 0
0.09878267810816205, 2.423887670258201, 0.9000015148416551, 0.5150583413508653, 0,10, 0
0.10111088937670458, 2.313827568999563, 0.9116167084157132, 0.5167188167454906, 0,4, 0
0.09991352358145414, 2.3099169769996353, 0.9273376082964652, 0.5193346436262161, 0,6, 0
0.09991352358145414, 2.3562365948682076, 0.9273376082964652, 0.5215397804028441, 0,3, 0
0.10111088937670458, 2.331282409937774, 0.9116167084157132, 0.5103812355458406, 0,2, 0
0.10111088937670458, 2.3250019155100246, 0.9116167084157132, 0.5110997167645193, 0,8, 0
0.10024612519124593, 2.3181218306540745, 0.88033626681359, 0.49872821873871614, 0,9, 0
0.09958092197166234, 2.309299277884989, 0.8933638062721464, 0.5173007895430591, 0,7, 0
0.09904875939599547, 2.311229034946056, 0.8938837418790088, 0.5058966492907211, 0,7, 0
0.09958092197166234, 2.3070198469657446, 0.8933638062721464, 0.5114430152414036, 0,9, 0
0.09878267810816205, 2.363756559284149, 0.9000015148416551, 0.5084177351476248, 0,3, 0
0.09878267810816205, 2.30684555656918, 0.9000015148416551, 0.512904556240556, 0,14, 0
0.10017960486928756, 2.3029950082813566, 0.8835487229879121, 0.5048171940685244, 0,8, 0
0.09904875939599547, 2.3119541038766176, 0.8938837418790088, 0.5026876813740951, 0,13, 0
0.09991352358145414, 2.307003911142775, 0.9273376082964652, 0.5237664970528785, 0,10, 0
0.09991352358145414, 2.3161858695238355, 0.9273376082964652, 0.5177514557387225, 0,10, 0
0.09991352358145414, 2.3241974090392707, 0.9273376082964652, 0.5238996571716116, 0,8, 0
0.09991352358145414, 2.3085637321445525, 0.9273376082964652, 0.5244817399862209, 0,12, 0
0.09878267810816205, 2.319094769851435, 0.9000015148416551, 0.5102646108974335, 0,4, 0
0.09878267810816205, 2.308290701263609, 0.9000015148416551, 0.5120868557554968, 0,9, 0
0.0996474422936207, 2.307381884745477, 0.9424463317291131, 0.5210911814433755, 0,3, 0
0.09958092197166234, 2.3123464336780972, 0.8933638062721464, 0.5143745305617383, 0,5, 0
0.09958092197166234, 2.323845655810434, 0.8933638062721464, 0.5147145377265563, 0,6, 0
0.09878267810816205, 2.307822913472654, 0.9000015148416551, 0.5163070266023311, 0,10, 0
0.09878267810816205, 2.3289304898343923, 0.9000015148416551, 0.5141388821181863, 0,10, 0
0.09904875939599547, 2.3953635671820255, 0.8938837418790088, 0.5082743224340281, 0,8, 0
0.09958092197166234, 2.321920230020221, 0.8933638062721464, 0.5159147733813759, 0,7, 0
0.10097784873278787, 2.325810746931549, 0.8896953824485279, 0.5026102180858433, 0,5, 0
0.10111088937670458, 2.309322987140109, 0.9116167084157132, 0.5107292355377837, 0,5, 0
0.09991352358145414, 2.3286129427409765, 0.9273376082964652, 0.5220566886164447, 0,8, 0
0.09991352358145414, 2.319702665859581, 0.9273376082964652, 0.5228515467550438, 0,5, 0
0.10111088937670458, 2.4896631900448845, 0.9116167084157132, 0.5158596052417266, 0,3, 0
0.10111088937670458, 2.347291524678435, 0.9116167084157132, 0.5131720169504669, 0,3, 0
0.10111088937670458, 2.365396367831913, 0.9116167084157132, 0.5155821393181756, 0,6, 0
0.09904875939599547, 2.3161919888388742, 0.8938837418790088, 0.5075569025474244, 0,9, 0
0.09904875939599547, 2.3236987496345396, 0.8938837418790088, 0.504952310443914, 0,9, 0
0.09878267810816205, 2.307997160802255, 0.9000015148416551, 0.5122815906603735, 0,10, 0
0.09958092197166234, 2.312929945633431, 0.8933638062721464, 0.5126182333149245, 0,5, 0
0.09904875939599547, 2.365150157122097, 0.8938837418790088, 0.5043156365998378, 0,4, 0
0.09991352358145414, 2.3158500974370058, 0.9273376082964652, 0.5222920343981156, 0,4, 0
0.09991352358145414, 2.3091110603336578, 0.9273376082964652, 0.520848773932832, 0,6, 0
0.09991352358145414, 2.3199126569999398, 0.9273376082964652, 0.521952985187479, 0,10, 0
0.09991352358145414, 2.308348745720231, 0.9273376082964652, 0.5209796287678519, 0,5, 0
0.09991352358145414, 2.351619528929551, 0.9273376082964652, 0.522069730087225, 0,9, 0
0.09991352358145414, 2.318490655076628, 0.9273376082964652, 0.5211746151970076, 0,8, 0
0.09878267810816205, 2.3262262692163147, 0.9000015148416551, 0.5147382738766542, 0,7, 0
0.09878267810816205, 2.335809869156589, 0.9000015148416551, 0.5156635797115183, 0,9, 0
0.10024612519124593, 2.3290240663750352, 0.88033626681359, 0.4976218641151117, 0,8, 0
0.10111088937670458, 2.3275562969183783, 0.9116167084157132, 0.5097495753310368, 0,5, 0
0.09991352358145414, 2.308791588414241, 0.9273376082964652, 0.5226112570028474, 0,7, 0
0.10111088937670458, 2.361153139893915, 0.9116167084157132, 0.5121358498014114, 0,6, 0
0.10111088937670458, 2.4404303671428242, 0.9116167084157132, 0.5137562180860014, 0,10, 0
0.09904875939599547, 2.3922165361681773, 0.8938837418790088, 0.5080731150334908, 0,6, 0
0.09878267810816205, 2.3247597731175573, 0.9000015148416551, 0.5174572221641093, 0,6, 0
0.10024612519124593, 2.3189162645623536, 0.88033626681359, 0.4955657147840195, 0,11, 0
0.09991352358145414, 2.316221173442561, 0.9273376082964652, 0.5251244592925753, 0,6, 0
0.09878267810816205, 2.3044661119107452, 0.9000015148416551, 0.5162200143171233, 0,6, 0
0.0996474422936207, 2.3032622574760726, 0.9424463317291131, 0.5203106527416891, 0,8, 0
0.09878267810816205, 2.3136268317132447, 0.9000015148416551, 0.5104547976365751, 0,4, 0
0.10024612519124593, 2.396847012156713, 0.88033626681359, 0.49606763162393475, 0,5, 0
0.0996474422936207, 2.302576495891701, 0.9424463317291131, 0.5203104008483925, 0,10, 0
0.09931484068382891, 2.306496148321004, 0.8814791266157429, 0.4642261181801418, 0,8, 0
0.10024612519124593, 2.3154506607540335, 0.88033626681359, 0.4876188899534439, 0,7, 0
0.10097784873278787, 2.3114371794882884, 0.8896953824485279, 0.5075459980181832, 0,13, 0
0.10097784873278787, 2.315641069129929, 0.8896953824485279, 0.5069472401649585, 0,6, 0
0.10117740969866294, 2.3065359753889294, 0.9115545966144709, 0.511178253543909, 0,7, 0
0.10017960486928756, 2.310815371082808, 0.8835487229879121, 0.5058855410377422, 0,9, 0
0.10297345839153861, 2.303934283070338, 0.8826302958662793, 0.28929420536629075, 0,0, 0
0.10257433645978846, 2.3227749943201914, 0.8808661213187395, 0.4834547910848342, 0,1, 0
0.13516929421938403, 2.3082818390326625, 0.8570611763131479, 0.39378352041141645, 0,1, 0
0.09878267810816205, 2.3106990759144175, 0.9000015148416551, 0.5091162438006074, 0,4, 0
0.0996474422936207, 2.3015475884364416, 0.9424463317291131, 0.5173559740316985, 0,4, 0
0.0996474422936207, 2.326356914572664, 0.9424463317291131, 0.5168044824139428, 0,7, 0
0.10310649903545534, 2.3013670484613518, 0.8868452895368054, 0.48458958483698306, 0,1, 0
0.09991352358145414, 2.3042919369012878, 0.9273376082964652, 0.5225426863613756, 0,11, 0
0.09991352358145414, 2.326223469950962, 0.9273376082964652, 0.5232259357159094, 0,8, 0
0.1104902547728331, 2.3372142449242386, 0.8889543471288546, 0.3658345669421614, 0,4, 0
0.10051220647907935, 2.3402957769319825, 0.8777699163158681, 0.5066503450619777, 0,6, 0
0.09878267810816205, 2.436216276824209, 0.9000015148416551, 0.5164586361401344, 0,4, 0
0.0996474422936207, 2.3338772188853514, 0.9424463317291131, 0.5186634483962819, 0,7, 0
0.09958092197166234, 2.304232427509754, 0.8933638062721464, 0.5122261376601692, 0,6, 0
0.10111088937670458, 2.3166314848310052, 0.9116167084157132, 0.5143416141910294, 0,8, 0
0.09878267810816205, 2.326585528150033, 0.9000015148416551, 0.5122660022526884, 0,7, 0
0.11015765316304131, 2.3113091522638793, 0.9301088922449142, 0.4699478532402119, 0,7, 0
0.09878267810816205, 2.3024273685833925, 0.9000015148416551, 0.5149646911857855, 0,9, 0
0.09904875939599547, 2.311903459126702, 0.8938837418790088, 0.5053665972500772, 0,5, 0
0.09958092197166234, 2.3045229013829083, 0.8933638062721464, 0.5146023929607318, 0,6, 0
0.0996474422936207, 2.301174485246507, 0.9424463317291131, 0.5172745811952616, 0,12, 0
0.10097784873278787, 2.307926854298737, 0.8896953824485279, 0.504494832437954, 0,8, 0
0.0996474422936207, 2.304455648748126, 0.9424463317291131, 0.5207925390837049, 0,6, 0
0.09878267810816205, 2.326041381198759, 0.9000015148416551, 0.5103158502992207, 0,6, 0
0.10017960486928756, 2.3534845867089103, 0.8835487229879121, 0.5085288533868371, 0,8, 0
0.09878267810816205, 2.305623158274285, 0.9000015148416551, 0.5104006273708381, 0,8, 0
0.10590035255770638, 2.3192946264734764, 0.884497121589539, 0.4880596929346689, 0,7, 0
0.10097784873278787, 2.3033546459363192, 0.8896953824485279, 0.5097441922578871, 0,8, 0
0.09851659682032861, 2.3055182612363367, 0.9412662221841169, 0.4700445123990292, 0,12, 0
0.09991352358145414, 2.305544625084803, 0.9273376082964652, 0.5212999886057559, 0,5, 0
0.0996474422936207, 2.3023306060708038, 0.9424463317291131, 0.5160645186790097, 0,8, 0
0.09672054812745294, 2.3092648528146067, 0.9309084595339557, 0.35555459378926524, 0,6, 0
0.09878267810816205, 2.324318666019768, 0.9000015148416551, 0.5142468779552157, 0,7, 0
0.0996474422936207, 2.3271675076557954, 0.9424463317291131, 0.5182534484218086, 0,8, 0
0.09991352358145414, 2.3159414353361467, 0.9273376082964652, 0.5231232997177764, 0,9, 0
0.09991352358145414, 2.4354489932618186, 0.9273376082964652, 0.5177721211395099, 0,4, 0
0.10024612519124593, 2.3711713781885257, 0.88033626681359, 0.49836288574090487, 0,9, 0
0.09878267810816205, 2.3469843514576363, 0.9000015148416551, 0.5145118621000226, 0,5, 0
0.09904875939599547, 2.3607400586836147, 0.8938837418790088, 0.5069403497294352, 0,6, 0
0.10111088937670458, 2.333105072816245, 0.9116167084157132, 0.5127283196939983, 0,6, 0
0.10024612519124593, 2.3210441599838716, 0.88033626681359, 0.49414631331825043, 0,4, 0
0.10024612519124593, 2.3097490229023308, 0.88033626681359, 0.4922568112089147, 0,8, 0
0.09958092197166234, 2.3122865456684076, 0.8933638062721464, 0.5148714012908, 0,12, 0
0.10111088937670458, 2.314874001100599, 0.9116167084157132, 0.5133564050730718, 0,6, 0
0.10111088937670458, 2.3210456226825684, 0.9116167084157132, 0.5115425606074251, 0,8, 0
0.09904875939599547, 2.319216290752878, 0.8938837418790088, 0.5074243887158268, 0,6, 0
0.09904875939599547, 2.3101828753619125, 0.8938837418790088, 0.5042634009876437, 0,7, 0
0.09904875939599547, 2.3359530148515364, 0.8938837418790088, 0.5060023718563148, 0,7, 0
0.10111088937670458, 2.341751978948176, 0.9116167084157132, 0.5122283065296898, 0,5, 0
0.10111088937670458, 2.307173928505233, 0.9116167084157132, 0.5140828149276045, 0,9, 0
0.10031264551320429, 2.306419776932871, 0.8929293803623465, 0.5093931675602132, 0,7, 0
0.0996474422936207, 2.3034595116513983, 0.9424463317291131, 0.5185678574248639, 0,11, 0
0.09904875939599547, 2.303564143436188, 0.8938837418790088, 0.5029541406751666, 0,6, 0
0.0996474422936207, 2.350698927399927, 0.9424463317291131, 0.5205423872236125, 0,11, 0
0.09958092197166234, 2.313099697385887, 0.8933638062721464, 0.5139009618652455, 0,4, 0
0.10024612519124593, 2.321302524426895, 0.88033626681359, 0.49793245342877235, 0,7, 0
0.10111088937670458, 2.341374729252667, 0.9116167084157132, 0.5156010069067541, 0,5, 0
0.10237477549391338, 2.311798358593191, 0.891565604940512, 0.42495288960609073, 0,8, 0
0.10037916583516264, 2.303078986083344, 0.8927623961536767, 0.45616335992783064, 0,9, 0
0.09991352358145414, 2.3092886669973742, 0.9273376082964652, 0.521011336121278, 0,6, 0
0.09991352358145414, 2.3162925806079153, 0.9273376082964652, 0.5218947329287793, 0,7, 0
0.09991352358145414, 2.3695854898191517, 0.9273376082964652, 0.5236888710273758, 0,7, 0
0.09904875939599547, 2.305308436995327, 0.8938837418790088, 0.5054460510731291, 0,10, 0
0.09878267810816205, 2.30466935627159, 0.9000015148416551, 0.512090076915515, 0,12, 0
0.10111088937670458, 2.310625365193888, 0.9116167084157132, 0.5109675194544545, 0,9, 0
0.09958092197166234, 2.3056558626961947, 0.8933638062721464, 0.5152717408918317, 0,9, 0
0.09904875939599547, 2.324742866261851, 0.8938837418790088, 0.5057913001341842, 0,14, 0
0.09878267810816205, 2.3614285184437347, 0.9000015148416551, 0.5099238472979299, 0,12, 0
0.09878267810816205, 2.333778451479164, 0.9000015148416551, 0.5141255309583034, 0,10, 0
0.10024612519124593, 2.3752034704088727, 0.88033626681359, 0.4947100482553056, 0,4, 0
0.09991352358145414, 2.307993827589034, 0.9273376082964652, 0.5206849152537882, 0,8, 0
0.10111088937670458, 2.314248890313117, 0.9116167084157132, 0.5138726781184864, 0,7, 0
0.09878267810816205, 2.3539661800346714, 0.9000015148416551, 0.5123954994220462, 0,10, 0
0.11667664471496042, 2.3118311246775396, 0.8655905458000366, 0.33618200384220104, 0,9, 0
0.09878267810816205, 2.3040025875587897, 0.9000015148416551, 0.5127166494707389, 0,9, 0
0.10111088937670458, 2.335338375901919, 0.9116167084157132, 0.5104488112912756, 0,11, 0
0.0996474422936207, 2.329690458769333, 0.9424463317291131, 0.5186216721516889, 0,8, 0
0.10097784873278787, 2.308724460571356, 0.8896953824485279, 0.5045852520600238, 0,9, 0
0.09991352358145414, 2.3091247542321716, 0.9273376082964652, 0.5201324989356576, 0,9, 0
0.09904875939599547, 2.316012996499001, 0.8998572547964998, 0.5128229472918795, 0,10, 0
0.10111088937670458, 2.3268071435640207, 0.9116167084157132, 0.5087017520721361, 0,3, 0
0.09991352358145414, 2.3206404495689674, 0.9273376082964652, 0.5209369628659775, 0,6, 0
0.10111088937670458, 2.3510890796910435, 0.9116167084157132, 0.5136722843377506, 0,5, 0
0.10111088937670458, 2.3171429242360126, 0.9116167084157132, 0.5100369205213122, 0,5, 0
0.10024612519124593, 2.302391646524187, 0.88033626681359, 0.49615548280293337, 0,7, 0
0.09958092197166234, 2.3104944952168815, 0.8933638062721464, 0.512593935628105, 0,9, 0
0.09958092197166234, 2.4237281644858975, 0.8933638062721464, 0.51334500841364, 0,8, 0
0.09878267810816205, 2.3197570141224713, 0.9000015148416551, 0.5096807463161143, 0,10, 0
0.09958092197166234, 2.308362982305297, 0.8933638062721464, 0.5123889412968364, 0,6, 0
0.10051220647907935, 2.344847023046985, 0.8777699163158681, 0.5097648288170041, 0,3, 0
0.0996474422936207, 2.3052487736062948, 0.9424463317291131, 0.5199161063168395, 0,5, 0
0.10097784873278787, 2.3063611113873654, 0.8896953824485279, 0.5059887530317658, 0,6, 0
0.09904875939599547, 2.330502307653697, 0.8938837418790088, 0.5057789465028427, 0,6, 0
0.09878267810816205, 2.340407171752459, 0.9000015148416551, 0.5119770316983052, 0,10, 0
0.10111088937670458, 2.305947591292123, 0.9116167084157132, 0.5160130273550496, 0,11, 0
0.09958092197166234, 2.3056501894029546, 0.8933638062721464, 0.514570319562576, 0,5, 0
0.10051220647907935, 2.31491103989393, 0.8777699163158681, 0.5039523088241326, 0,7, 0
0.0996474422936207, 2.31204989880595, 0.9424463317291131, 0.5187577989664878, 0,9, 0
0.10051220647907935, 2.310233036010936, 0.8777699163158681, 0.5051874045954006, 0,8, 0
0.10024612519124593, 2.3037851102288864, 0.88033626681359, 0.4966977581207438, 0,10, 0
0.10017960486928756, 2.312880494768555, 0.8835487229879121, 0.5067842404843398, 0,4, 0
0.10270737710370519, 2.304744334957727, 0.886403684513527, 0.19703666058261401, 0,0, 0
0.11102241734849996, 2.305081155321868, 0.8744857635479332, 0.3477792246758831, 0,3, 0
0.16576864232022884, 2.303015542856624, 0.8295767881770744, 0.22751383620241333, 0,3, 0
0.10004656422537085, 2.3023435163583565, 0.9269570309349952, 0.522371205054157, 0,6, 0
0.09878267810816205, 2.300850012333642, 0.9000015148416551, 0.512941042143159, 0,5, 0
0.10111088937670458, 2.3031843608307327, 0.9116736525203392, 0.5106959269745395, 0,4, 0
0.10111088937670458, 2.3033458659060977, 0.9116167084157132, 0.5118449096162425, 0,9, 0
0.09878267810816205, 2.302638716765255, 0.9000015148416551, 0.5152672818606283, 0,8, 0
0.10111088937670458, 2.3027111312106467, 0.9116167084157132, 0.5112572745620803, 0,11, 0
0.10111088937670458, 2.3027871556365467, 0.9116167084157132, 0.5117472049486775, 0,10, 0
0.09991352358145414, 2.3044603734342175, 0.9273376082964652, 0.521523074399179, 0,8, 0
0.0996474422936207, 2.3039636683465634, 0.9424463317291131, 0.5173087853794217, 0,5, 0
0.0996474422936207, 2.304996464690675, 0.9424463317291131, 0.5174134444583365, 0,7, 0
0.0996474422936207, 2.305130933467114, 0.9424463317291131, 0.5183137996604092, 0,6, 0
0.0996474422936207, 2.3052875300030395, 0.9424463317291131, 0.5201973668565204, 0,8, 0
0.0996474422936207, 2.3065221583875744, 0.9424463317291131, 0.5197065559892835, 0,9, 0
0.09904875939599547, 2.305383410384331, 0.8938837418790088, 0.5061052822022316, 0,9, 0
0.09904875939599547, 2.3034731565117794, 0.8938837418790088, 0.5045332148477092, 0,8, 0
0.0996474422936207, 2.303745319321033, 0.9424463317291131, 0.5201567541909796, 0,7, 0
0.0996474422936207, 2.304659068699425, 0.9424463317291131, 0.5198554722012982, 0,8, 0
0.0996474422936207, 2.3033097285611546, 0.9424463317291131, 0.5166845770426073, 0,8, 0
0.0996474422936207, 2.303891841423041, 0.9424463317291131, 0.5191329987083653, 0,6, 0
0.0996474422936207, 2.3033747211676556, 0.9424463317291131, 0.5189933586335248, 0,9, 0
0.0996474422936207, 2.3040716625263866, 0.9424463317291131, 0.518632217046535, 0,5, 0
0.09904875939599547, 2.3037143170710674, 0.8938837418790088, 0.5096214097782128, 0,9, 0
0.0996474422936207, 2.305488170616674, 0.9424463317291131, 0.5185256568321222, 0,9, 0
0.0996474422936207, 2.3094080418382013, 0.9424463317291131, 0.5179502494531516, 0,8, 0
0.0996474422936207, 2.304939442255663, 0.9424463317291131, 0.5166775133799681, 0,9, 0
0.0996474422936207, 2.306423518168096, 0.9424463317291131, 0.5204783436547316, 0,9, 0
0.0996474422936207, 2.3053218851005104, 0.9424463317291131, 0.5204124427828266, 0,6, 0
0.0996474422936207, 2.3033702353838637, 0.9424463317291131, 0.5175912794303613, 0,6, 0
0.0996474422936207, 2.3055480415137684, 0.9424463317291131, 0.5186292033398201, 0,5, 0
0.0996474422936207, 2.30524778308994, 0.9424463317291131, 0.5203644321667558, 0,4, 0
0.0996474422936207, 2.303726869484927, 0.9424463317291131, 0.5184269985670288, 0,8, 0
0.0996474422936207, 2.3041378038178375, 0.9424463317291131, 0.5205361708797547, 0,7, 0
0.0996474422936207, 2.303478150217704, 0.9424463317291131, 0.5183712664251923, 0,6, 0
0.10017960486928756, 2.3029372386492106, 0.8835487229879121, 0.5078504570797687, 0,9, 0
0.10111088937670458, 2.302728131646399, 0.9116167084157132, 0.5121152948814447, 0,5, 0
0.0996474422936207, 2.303494718794352, 0.9424463317291131, 0.5221612300586533, 0,7, 0
0.0996474422936207, 2.303043763477201, 0.9424463317291131, 0.5161818925496544, 0,9, 0
0.09991352358145414, 2.304916933895561, 0.9273376082964652, 0.5198313352677917, 0,12, 0
0.09991352358145414, 2.3037502586916916, 0.9273376082964652, 0.5197512144882154, 0,4, 0
0.09991352358145414, 2.3042421806582607, 0.9273376082964652, 0.5206987557795486, 0,7, 0
0.09904875939599547, 2.3043594210477583, 0.8938837418790088, 0.5060724490874385, 0,10, 0
0.0996474422936207, 2.306002677529743, 0.9424463317291131, 0.5211933909886405, 0,8, 0
0.0996474422936207, 2.303821871239911, 0.9424463317291131, 0.5201474152590188, 0,5, 0
0.0996474422936207, 2.303141545592799, 0.9424463317291131, 0.5207936531278212, 0,6, 0
0.0996474422936207, 2.3028234185743006, 0.9424463317291131, 0.5155592252434549, 0,8, 0
0.0996474422936207, 2.3031543993247308, 0.9424463317291131, 0.5218025413648966, 0,11, 0
0.0996474422936207, 2.3050291284007844, 0.9424463317291131, 0.5175303456689266, 0,10, 0
0.0996474422936207, 2.30390624325012, 0.9424463317291131, 0.5169677094387788, 0,4, 0
0.0996474422936207, 2.306337318234535, 0.9424463317291131, 0.5163590337553372, 0,5, 0
0.0996474422936207, 2.3040513161262304, 0.9424463317291131, 0.5194272696322283, 0,7, 0
0.0996474422936207, 2.305707533234395, 0.9424463317291131, 0.5177248981574379, 0,11, 0
0.0996474422936207, 2.303732976714889, 0.9424463317291131, 0.5197591387843603, 0,9, 0
0.0996474422936207, 2.302998806310098, 0.9424463317291131, 0.5196385585814601, 0,6, 0
0.09991352358145414, 2.302871105573075, 0.9273376082964652, 0.5238759399303435, 0,10, 0
0.0996474422936207, 2.3030402434369424, 0.9424463317291131, 0.5150320979686397, 0,6, 0
0.0996474422936207, 2.3040434203366433, 0.9424463317291131, 0.5166859000425353, 0,7, 0
0.09991352358145414, 2.304050489583114, 0.9273376082964652, 0.5251186577329799, 0,5, 0
0.09991352358145414, 2.3039653195930736, 0.9273376082964652, 0.5240392012076347, 0,8, 0
0.09904875939599547, 2.304515905408162, 0.8938837418790088, 0.5083476522863326, 0,7, 0
0.09904875939599547, 2.3032341412914925, 0.8938837418790088, 0.5050047156548, 0,7, 0
0.10097784873278787, 2.3030195684559227, 0.8896953824485279, 0.5055785928564519, 0,7, 0
0.09991352358145414, 2.303928840249977, 0.9273376082964652, 0.5230482196332511, 0,7, 0
0.09991352358145414, 2.3038451457336055, 0.9273376082964652, 0.5208810287160659, 0,3, 0
0.09904875939599547, 2.304670202686886, 0.8938837418790088, 0.5065569789111024, 0,9, 0
0.09904875939599547, 2.303419212567658, 0.8938837418790088, 0.5044540267546602, 0,9, 0
0.09904875939599547, 2.3049825883106756, 0.8938837418790088, 0.5080799966357826, 0,4, 0
0.09904875939599547, 2.3038948463091535, 0.8938837418790088, 0.5045538611463767, 0,4, 0
0.09904875939599547, 2.30457742387232, 0.8938837418790088, 0.5060884170214376, 0,6, 0
0.09991352358145414, 2.3045864296809553, 0.9273376082964652, 0.5192775731671556, 0,9, 0
0.09904875939599547, 2.304958122025419, 0.8938837418790088, 0.504405522971426, 0,11, 0
0.09904875939599547, 2.3041973139864953, 0.8938837418790088, 0.5063204866294079, 0,9, 0
0.09904875939599547, 2.303394197949803, 0.8938837418790088, 0.5049654696741421, 0,11, 0
0.09904875939599547, 2.3027602539545904, 0.8938837418790088, 0.5046787989545632, 0,12, 0
0.10051220647907935, 2.30286505903811, 0.8777699163158681, 0.5058234823870762, 0,5, 0
0.09878267810816205, 2.302904579173636, 0.9000015148416551, 0.5138589308632627, 0,10, 0
0.09991352358145414, 2.3028730048808495, 0.9273376082964652, 0.5174988161508884, 0,4, 0
0.09904875939599547, 2.3040910190921546, 0.8938837418790088, 0.5060976609148431, 0,6, 0
0.09904875939599547, 2.303705409624172, 0.8938837418790088, 0.5050462863882421, 0,5, 0
0.09904875939599547, 2.3048907139895563, 0.8938837418790088, 0.5072783957819648, 0,12, 0
0.09991352358145414, 2.3034933271708145, 0.9273376082964652, 0.5208444536954648, 0,11, 0
0.0996474422936207, 2.303483720534038, 0.9424463317291131, 0.515196196070892, 0,9, 0
0.0996474422936207, 2.3030879238380892, 0.9424463317291131, 0.5179025386943661, 0,11, 0
0.0996474422936207, 2.3027487945106224, 0.9424463317291131, 0.5159915214983118, 0,6, 0
0.09991352358145414, 2.3034545917564273, 0.9273376082964652, 0.5243977087079066, 0,12, 0
0.09991352358145414, 2.30307168806098, 0.9273376082964652, 0.5181138910645032, 0,7, 0
0.09904875939599547, 2.3032034948217426, 0.8938837418790088, 0.506259200712487, 0,5, 0
0.09904875939599547, 2.3030453260522368, 0.8938837418790088, 0.5062898431446583, 0,6, 0
0.09904875939599547, 2.304232799546143, 0.8938837418790088, 0.5045126824423408, 0,5, 0
0.09904875939599547, 2.3071230234979576, 0.8938837418790088, 0.5051863606653185, 0,7, 0
0.09904875939599547, 2.3051111706556267, 0.8938837418790088, 0.5018124616796367, 0,5, 0
0.09904875939599547, 2.304464251316451, 0.8938837418790088, 0.5053128899746647, 0,7, 0
0.09991352358145414, 2.304091036315768, 0.9273376082964652, 0.5207128020894948, 0,7, 0
0.09991352358145414, 2.3060938755147813, 0.9273376082964652, 0.5214821245242787, 0,5, 0
0.09991352358145414, 2.3042426026526432, 0.9273376082964652, 0.5236683026188877, 0,7, 0
0.09991352358145414, 2.3029097635287816, 0.9273376082964652, 0.5246788132058998, 0,10, 0
0.09991352358145414, 2.3026863093513503, 0.9273376082964652, 0.5229443926975732, 0,5, 0
0.0996474422936207, 2.3028910409061685, 0.9424463317291131, 0.5174755657419009, 0,6, 0
0.0996474422936207, 2.3036554648254013, 0.9424463317291131, 0.5202477289431059, 0,7, 0
0.09359409299541009, 2.304057498372482, 0.8993925336370806, 0.3777441782912231, 0,0, 0
0.10084480808887115, 2.303611149880206, 0.8927945007565977, 0.4769352194769075, 0,2, 0
0.10017960486928756, 2.3036765576297076, 0.8835487229879121, 0.5079319301089166, 0,3, 0
0.10097784873278787, 2.302045583058869, 0.8896953824485279, 0.5028647252482606, 0,10, 0
0.0996474422936207, 2.303205512981964, 0.9424463317291131, 0.5201220791582779, 0,8, 0
0.10051220647907935, 2.304208848177138, 0.8777699163158681, 0.5039673743896246, 0,8, 0
0.09991352358145414, 2.3061142759964484, 0.9273376082964652, 0.5187765377213884, 0,7, 0
0.09991352358145414, 2.3412706429457337, 0.9273376082964652, 0.5226588736793957, 0,7, 0
0.09991352358145414, 2.3105146143795334, 0.9273376082964652, 0.5225099833909184, 0,6, 0
0.09904875939599547, 2.3091412161603975, 0.8938837418790088, 0.5058534842259467, 0,13, 0
0.09878267810816205, 2.3044636904705644, 0.9000015148416551, 0.5169666240424635, 0,12, 0
0.09878267810816205, 2.313593683474032, 0.9000015148416551, 0.5149047253896272, 0,11, 0
0.09904875939599547, 2.3215187767629955, 0.8938837418790088, 0.5014861806237202, 0,7, 0
0.09904875939599547, 2.45781369315708, 0.8938837418790088, 0.5048541235945307, 0,8, 0
0.09904875939599547, 2.3474681274243667, 0.8938837418790088, 0.5035825017665525, 0,7, 0
0.09878267810816205, 2.304732234790591, 0.9000015148416551, 0.5154699174065567, 0,6, 0
0.09878267810816205, 2.3245669978032732, 0.9000015148416551, 0.5117582872036949, 0,5, 0
0.09878267810816205, 2.328565631925897, 0.9000015148416551, 0.5144961540235422, 0,8, 0
0.09878267810816205, 2.320040390209659, 0.9000015148416551, 0.5114877020473917, 0,4, 0
0.09878267810816205, 2.358797936567026, 0.9000015148416551, 0.5141717011536255, 0,5, 0
0.09958092197166234, 2.384301505814862, 0.8933638062721464, 0.5128068788088862, 0,7, 0
0.09991352358145414, 2.33159543584066, 0.9273376082964652, 0.5210860832731267, 0,8, 0
0.11162110024612519, 2.302522024327724, 0.8787058441846617, 0.42037566926104775, 0,13, 0
0.09904875939599547, 2.3034431132649833, 0.8938837418790088, 0.5088652549207854, 0,10, 0
0.09904875939599547, 2.3071322520716673, 0.8938837418790088, 0.5053623636137173, 0,10, 0
0.09153196301470098, 2.336789871803707, 0.8991464233123914, 0.3511573228040008, 0,12, 0
0.0996474422936207, 2.3348646598733573, 0.9424463317291131, 0.5177889098586179, 0,7, 0
0.10024612519124593, 2.3019493726534828, 0.88033626681359, 0.49375438648000475, 0,10, 0
0.10024612519124593, 2.3088456807573947, 0.88033626681359, 0.49334640278945324, 0,6, 0
0.09878267810816205, 2.312458950269645, 0.9000015148416551, 0.514181279640857, 0,6, 0
0.09904875939599547, 2.3144027667314258, 0.8938837418790088, 0.5039998728331834, 0,12, 0
0.09904875939599547, 2.3486186473786548, 0.8938837418790088, 0.504498559102768, 0,7, 0
0.10024612519124593, 2.366710697844112, 0.88033626681359, 0.4922463472414252, 0,5, 0
0.09904875939599547, 2.3291800652785444, 0.8938837418790088, 0.5046120275717064, 0,9, 0
0.09878267810816205, 2.357015462079654, 0.9000015148416551, 0.513288781006765, 0,7, 0
0.09958092197166234, 2.310713340713855, 0.8933638062721464, 0.5136818777441383, 0,11, 0
0.10017960486928756, 2.305246456998603, 0.8835487229879121, 0.504069976855103, 0,7, 0
0.0996474422936207, 2.3378546425644875, 0.9424463317291131, 0.5197948194739065, 0,11, 0
0.09991352358145414, 2.3459969051090583, 0.9273376082964652, 0.5207641357871271, 0,4, 0
0.09878267810816205, 2.3901158880348463, 0.9000015148416551, 0.5141343875429047, 0,8, 0
0.10024612519124593, 2.320492761923169, 0.88033626681359, 0.4922877736045816, 0,8, 0
0.09878267810816205, 2.3178891731515456, 0.9000015148416551, 0.5139237219498509, 0,6, 0
0.09991352358145414, 2.3590287921798687, 0.9273376082964652, 0.5203968331587885, 0,6, 0
0.09878267810816205, 2.310637006231199, 0.9000015148416551, 0.5122330851451169, 0,6, 0
0.09958092197166234, 2.302818396114775, 0.8933638062721464, 0.5164324988292773, 0,7, 0
0.0996474422936207, 2.3033609829571944, 0.9424463317291131, 0.5157160163320108, 0,6, 0
0.09991352358145414, 2.3195503192581373, 0.9273376082964652, 0.519750989411365, 0,8, 0
0.09745227166899488, 2.373028400319704, 0.9027409058527189, 0.4396652748452605, 0,7, 0
0.09904875939599547, 2.318052658783829, 0.8938837418790088, 0.5065485002071564, 0,6, 0
0.09904875939599547, 2.3343481182901398, 0.8938837418790088, 0.5055676592790219, 0,14, 0
0.09878267810816205, 2.34946975687866, 0.9000015148416551, 0.5149604466858808, 0,5, 0
0.09878267810816205, 2.3085953062390927, 0.9000015148416551, 0.5099749648581258, 0,9, 0
0.09878267810816205, 2.346871029479786, 0.9000015148416551, 0.512755332481429, 0,6, 0
0.09904875939599547, 2.349286750453616, 0.8938837418790088, 0.505748137604639, 0,6, 0
0.09904875939599547, 2.314438904956581, 0.8938837418790088, 0.5040769030593102, 0,6, 0
0.09991352358145414, 2.317288467621269, 0.9273376082964652, 0.5215394945149968, 0,8, 0
0.09991352358145414, 2.345615711150623, 0.9273376082964652, 0.5258232339833143, 0,7, 0
0.09904875939599547, 2.3705065073719886, 0.8938837418790088, 0.5059985344541302, 0,7, 0
0.09904875939599547, 2.318981298332656, 0.8938837418790088, 0.5044027005331859, 0,6, 0
0.10111088937670458, 2.3572288138070427, 0.9116167084157132, 0.5111331027233971, 0,8, 0
0.10111088937670458, 2.3192256929900905, 0.9116167084157132, 0.5124504859016593, 0,11, 0
0.09904875939599547, 2.3788327972292462, 0.8938837418790088, 0.5045946460575558, 0,5, 0
0.09878267810816205, 2.30883014843642, 0.9000015148416551, 0.5142777676729174, 0,5, 0
0.09904875939599547, 2.3401753878883675, 0.8938837418790088, 0.5041332948823177, 0,8, 0
0.09878267810816205, 2.310895522689261, 0.9000015148416551, 0.5179056880411977, 0,10, 0
0.09904875939599547, 2.3166532188580593, 0.8938837418790088, 0.5046012636911587, 0,9, 0
0.09878267810816205, 2.3131334530905177, 0.9000015148416551, 0.5139272055832516, 0,2, 0
0.10111088937670458, 2.303063243320267, 0.9116167084157132, 0.5090185727938864, 0,6, 0
0.10024612519124593, 2.317655927365882, 0.88033626681359, 0.4933327371141808, 0,10, 0
0.10749684028470698, 2.3103674790946926, 0.8801854404420021, 0.3424838529026111, 0,7, 0
0.10024612519124593, 2.4862678514335443, 0.88033626681359, 0.49355319935982256, 0,5, 0
0.10111088937670458, 2.307884940509191, 0.9116167084157132, 0.510629200412628, 0,6, 0
0.10111088937670458, 2.3278847175991593, 0.9116167084157132, 0.5113972104018778, 0,7, 0
0.10111088937670458, 2.317326745150816, 0.9116167084157132, 0.5098239223002136, 0,8, 0
0.09878267810816205, 2.313381479154889, 0.9000015148416551, 0.5150501199147528, 0,8, 0
0.09904875939599547, 2.318318962360946, 0.8938837418790088, 0.5060599058039482, 0,8, 0
0.09991352358145414, 2.365543347247813, 0.9273376082964652, 0.5184208414536886, 0,9, 0
0.09958092197166234, 2.318039761731179, 0.8933638062721464, 0.5165923601972378, 0,8, 0
0.09958092197166234, 2.313984249686954, 0.8933638062721464, 0.5151234254643453, 0,4, 0
0.10097784873278787, 2.3101681215926604, 0.8896953824485279, 0.5065507773432933, 0,6, 0
0.09991352358145414, 2.3117636500468777, 0.9273376082964652, 0.52391116716325, 0,11, 0
0.10111088937670458, 2.321624511081064, 0.9116167084157132, 0.513317492219358, 0,4, 0
0.10024612519124593, 2.3369162533483543, 0.88033626681359, 0.49532627635086757, 0,5, 0
0.10111088937670458, 2.304573278088361, 0.9116167084157132, 0.5158607157712338, 0,6, 0
0.10111088937670458, 2.3093348834706995, 0.9116167084157132, 0.5114115005355854, 0,6, 0
0.10111088937670458, 2.330123021947896, 0.9116167084157132, 0.5155427377348494, 0,13, 0
0.10476950708441429, 2.314547379256516, 0.8870228630201149, 0.47553666493336605, 0,5, 0
0.09958092197166234, 2.3207414891360916, 0.8933638062721464, 0.5137703940840298, 0,7, 0
0.09991352358145414, 2.307341965501088, 0.9273376082964652, 0.5256224100091567, 0,10, 0
0.09991352358145414, 2.3085456064803185, 0.9273376082964652, 0.5206038254418516, 0,7, 0
0.10097784873278787, 2.308483885567337, 0.8913610850582729, 0.510510521670877, 0,4, 0
0.10111088937670458, 2.3314646476203076, 0.9116167084157132, 0.5132973357860341, 0,9, 0
0.10024612519124593, 2.320000868297849, 0.88033626681359, 0.49371129160471305, 0,5, 0
0.09958092197166234, 2.3323169504106143, 0.8933638062721464, 0.513707616542683, 0,10, 0
0.09878267810816205, 2.3178670954531415, 0.9000015148416551, 0.5129291406691602, 0,4, 0
0.09878267810816205, 2.3123703109189546, 0.9000015148416551, 0.5140662417689071, 0,7, 0
0.10024612519124593, 2.3435894885494872, 0.88033626681359, 0.49366323960388203, 0,10, 0
0.09878267810816205, 2.346420760292069, 0.9000015148416551, 0.5178706314349086, 0,3, 0
0.10190913324020488, 2.3252756868477378, 0.8966619443338136, 0.5070995147979527, 0,6, 0
0.09878267810816205, 2.3596747821576183, 0.9000015148416551, 0.5118360165809259, 0,6, 0
0.09904875939599547, 2.354334965355182, 0.8938837418790088, 0.5045078485140889, 0,9, 0
0.0972527107031198, 2.3046229639937046, 0.8907759407927404, 0.24967541432657592, 0,0, 0
0.09991352358145414, 2.3213682965922082, 0.9273376082964652, 0.5192891636065506, 0,1, 0
0.10117740969866294, 2.3042343762997324, 0.8768418168827158, 0.49778313207690544, 0,2, 0
0.10111088937670458, 2.3035181113157903, 0.9116167084157132, 0.5102610331853253, 0,7, 0
0.0996474422936207, 2.305524402564612, 0.9424463317291131, 0.5143538176674483, 0,6, 0
0.0996474422936207, 2.3185212382028135, 0.9424463317291131, 0.5184996937836596, 0,8, 0
0.09958092197166234, 2.304923947807606, 0.8933638062721464, 0.513737435242491, 0,6, 0
0.09958092197166234, 2.332897339674128, 0.8933638062721464, 0.5135365299888185, 0,9, 0
0.0996474422936207, 2.3202423245767423, 0.8933404417861651, 0.5131529843050128, 0,6, 0
0.0996474422936207, 2.3137955860503854, 0.9424463317291131, 0.5199988047219034, 0,9, 0
0.09958092197166234, 2.3604793444703076, 0.8933638062721464, 0.5145935739886817, 0,4, 0
0.0996474422936207, 2.317234035801651, 0.9424463317291131, 0.517648710335635, 0,8, 0
0.0996474422936207, 2.302330899157702, 0.9424463317291131, 0.5188084540793679, 0,8, 0
0.09878267810816205, 2.3250254724170527, 0.9000015148416551, 0.5114196977616924, 0,5, 0
0.09878267810816205, 2.3218012872367435, 0.9000015148416551, 0.5136857609363359, 0,1, 0
0.09958092197166234, 2.3476763291090283, 0.8933638062721464, 0.5124894365164028, 0,7, 0
0.10024612519124593, 2.3178053861415164, 0.88033626681359, 0.49495508862367865, 0,4, 0
0.09878267810816205, 2.3354831840878894, 0.9000015148416551, 0.5134077198381967, 0,6, 0
0.10111088937670458, 2.3290788395901383, 0.9116167084157132, 0.5116856650720601, 0,7, 0
0.09878267810816205, 2.3286309780050307, 0.9000015148416551, 0.5132305228348886, 0,8, 0
0.09911527971795384, 2.3037483977009052, 0.8998130070088892, 0.5070885435611489, 0,10, 0
0.09878267810816205, 2.3058419131886927, 0.9000015148416551, 0.5112516811904103, 0,8, 0
0.09991352358145414, 2.304384398379504, 0.9273376082964652, 0.5234183591741128, 0,6, 0
0.09991352358145414, 2.304680818031071, 0.9273376082964652, 0.5227240402857354, 0,12, 0
0.10024612519124593, 2.3145019832520495, 0.88033626681359, 0.49572315211972695, 0,12, 0
0.0996474422936207, 2.3250260664731104, 0.9424463317291131, 0.5142779290722549, 0,7, 0
0.10503558837224772, 2.302032695117606, 0.8815605094990216, 0.3455977690613256, 0,7, 0
0.1240604004523382, 2.3035975692039523, 0.8669003580555809, 0.33745423634113725, 0,6, 0
0.09878267810816205, 2.3070363976685324, 0.9000015148416551, 0.5151976256325119, 0,10, 0
0.11508015698795983, 2.3079268381853013, 0.8835686313445237, 0.38301320648669934, 0,8, 0
0.09878267810816205, 2.3227194639718642, 0.9000015148416551, 0.5164872460687695, 0,5, 0
0.10111088937670458, 2.340788766231269, 0.9116167084157132, 0.5142937363717904, 0,7, 0
0.09991352358145414, 2.3435368644083394, 0.9273376082964652, 0.5242785300825495, 0,7, 0
0.0996474422936207, 2.310354709783841, 0.9424463317291131, 0.5210340438636352, 0,7, 0
0.10111088937670458, 2.333384238174082, 0.9116167084157132, 0.5120473672450297, 0,6, 0
0.09958092197166234, 2.3022801938713853, 0.8933638062721464, 0.5140273208380762, 0,7, 0
0.09991352358145414, 2.3208525857866418, 0.9273376082964652, 0.5269756166362921, 0,4, 0
0.10024612519124593, 2.348712454178071, 0.88033626681359, 0.49551676601184796, 0,6, 0
0.10111088937670458, 2.363236207293709, 0.9116167084157132, 0.5128320896951464, 0,5, 0
0.09878267810816205, 2.357660328732084, 0.9000015148416551, 0.5179948116038857, 0,8, 0
0.10164305195237144, 2.3559991019393665, 0.9100861888186189, 0.3517236197972651, 0,7, 0
0.0996474422936207, 2.441630475719175, 0.9424463317291131, 0.5178348400137351, 0,6, 0
0.0996474422936207, 2.340268101733752, 0.9424463317291131, 0.5172970540922469, 0,2, 0
0.09958092197166234, 2.3024501501899324, 0.8933638062721464, 0.5157837508572082, 0,5, 0
0.09904875939599547, 2.3187039950361337, 0.8938837418790088, 0.5053347258140602, 0,11, 0
0.09904875939599547, 2.340067878681719, 0.8938837418790088, 0.5047838892199461, 0,6, 0
0.10017960486928756, 2.306485087843163, 0.8835487229879121, 0.5070941073191421, 0,8, 0
0.09904875939599547, 2.304050497386077, 0.8938837418790088, 0.5055144313408025, 0,4, 0
0.09904875939599547, 2.3169522425661, 0.8938837418790088, 0.5052101771915191, 0,12, 0
0.09904875939599547, 2.328934873648368, 0.8938837418790088, 0.5049406442462738, 0,9, 0
0.09904875939599547, 2.3568831687121703, 0.8938837418790088, 0.508317575884351, 0,8, 0
0.11468103505620968, 2.3214339335933936, 0.8749221833424181, 0.3522649980994433, 0,10, 0
0.0996474422936207, 2.3052443029843572, 0.9424463317291131, 0.5164260851626485, 0,9, 0
0.0996474422936207, 2.310750483166059, 0.9424463317291131, 0.5174372415285411, 0,9, 0
0.0996474422936207, 2.3084603160835826, 0.9424463317291131, 0.5168364530887621, 0,7, 0
0.0996474422936207, 2.314955339455235, 0.9424463317291131, 0.5188621751826841, 0,9, 0
0.10024612519124593, 2.3831792297552328, 0.88033626681359, 0.4970263131488439, 0,11, 0
0.09878267810816205, 2.337135207595158, 0.9000015148416551, 0.5129174855488724, 0,8, 0
0.09878267810816205, 2.30595909447709, 0.9000015148416551, 0.5132738456609691, 0,9, 0
0.10051220647907935, 2.3120001992137023, 0.8777699163158681, 0.5021120592719879, 0,6, 0
0.09991352358145414, 2.3200203390612475, 0.9273376082964652, 0.5217654318864685, 0,12, 0
0.09958092197166234, 2.30624014086442, 0.8933638062721464, 0.5119282528050625, 0,5, 0
0.10017960486928756, 2.3058391947204826, 0.8835487229879121, 0.5077622645488067, 0,8, 0
0.09991352358145414, 2.3206972307385874, 0.9273376082964652, 0.5239912274818295, 0,4, 0
0.09991352358145414, 2.3837481854101985, 0.9273376082964652, 0.5235428402567006, 0,6, 0
0.10024612519124593, 2.3336930502549795, 0.88033626681359, 0.49442997812047723, 0,5, 0
0.09958092197166234, 2.3435118042018326, 0.8933638062721464, 0.5142088660900779, 0,5, 0
0.09878267810816205, 2.315515841955927, 0.9000015148416551, 0.5157193686229149, 0,5, 0
0.09958092197166234, 2.3363763324389524, 0.8933638062721464, 0.5145539943970674, 0,8, 0
0.09958092197166234, 2.3094913926832232, 0.8933638062721464, 0.5133499773215657, 0,5, 0
0.09991352358145414, 2.3090625224630172, 0.9273376082964652, 0.5217797805196668, 0,7, 0
0.09991352358145414, 2.310428920655259, 0.9273376082964652, 0.5234678132832461, 0,10, 0
0.09904875939599547, 2.3117920248711297, 0.8938837418790088, 0.5086566710626145, 0,9, 0
0.10111088937670458, 2.3123422350021032, 0.9116167084157132, 0.5168501126966759, 0,6, 0
0.10097784873278787, 2.3039072503081215, 0.8896953824485279, 0.5065733252864937, 0,7, 0
0.0996474422936207, 2.304585740546112, 0.9424463317291131, 0.5177735876332368, 0,11, 0
0.10383822257699728, 2.3339150904784427, 0.8884555418677222, 0.45348163786161244, 0,7, 0
0.09958092197166234, 2.3055836629591595, 0.8933638062721464, 0.5131116367779885, 0,11, 0
0.10024612519124593, 2.315712880883667, 0.88033626681359, 0.49396079823263844, 0,9, 0
0.09878267810816205, 2.3256694817427253, 0.9000015148416551, 0.5148722022975548, 0,7, 0
0.09878267810816205, 2.37168187715412, 0.9000015148416551, 0.513632111257029, 0,9, 0
0.09904875939599547, 2.3048137432165126, 0.8938837418790088, 0.5033985802286606, 0,10, 0
0.09904875939599547, 2.3230636796337207, 0.8938837418790088, 0.5028974363326205, 0,5, 0
0.10111088937670458, 2.340649436066221, 0.9116167084157132, 0.5136450934789383, 0,4, 0
0.10111088937670458, 2.4269509681849346, 0.9116167084157132, 0.5156397132874339, 0,11, 0
0.09991352358145414, 2.3252618756113765, 0.9273376082964652, 0.5221693025422744, 0,5, 0
0.09958092197166234, 2.3075273492446815, 0.8933638062721464, 0.5132159856062181, 0,12, 0
0.10111088937670458, 2.3093626418450253, 0.9116167084157132, 0.5121053561644255, 0,7, 0
0.10051220647907935, 2.3397553309640635, 0.8777699163158681, 0.508303234890452, 0,7, 0
0.09904875939599547, 2.327385247733028, 0.8938837418790088, 0.5030576407287941, 0,7, 0
0.09904875939599547, 2.311204329956746, 0.8938837418790088, 0.5068522803765753, 0,6, 0
0.10111088937670458, 2.305552458593424, 0.9116167084157132, 0.5143662376476057, 0,6, 0
0.09991352358145414, 2.304609062761586, 0.9273376082964652, 0.5262748748451794, 0,11, 0
0.10097784873278787, 2.303275159040801, 0.8896953824485279, 0.5058531342401639, 0,9, 0
0.09878267810816205, 2.3114515345451685, 0.9000015148416551, 0.5125278645068212, 0,8, 0
0.09878267810816205, 2.322661816966769, 0.9000015148416551, 0.5147419154432304, 0,10, 0
0.09958092197166234, 2.3038562884280314, 0.9424651287215942, 0.5154323206416594, 0,9, 0
0.0996474422936207, 2.3041685322028376, 0.8933404417861651, 0.5127571347007689, 0,5, 0
0.10024612519124593, 2.306006878473671, 0.88033626681359, 0.4956869417815833, 0,9, 0
0.09878267810816205, 2.320704544557193, 0.9000015148416551, 0.5145053930733504, 0,8, 0
0.09991352358145414, 2.330018110144585, 0.9273376082964652, 0.5206080062020688, 0,6, 0
