acuracia,loss,frr,fpr, removed, n_clf, tp_removed
0.09825051553249518, 2.3036959164792696, 0.8944041643372586, 0.3510638335706202, 0,0, 0
0.1273864165502561, 2.3089996740219005, 0.8541445959443841, 0.33067949745281533, 0,5, 0
0.14754207410363865, 2.331062153420873, 0.8782525732346168, 0.33358156992902693, 0,4, 0
0.1233951972327546, 2.319771768779865, 0.9165474300830445, 0.3377212312874913, 0,4, 0
0.100445686157121, 2.426071729471621, 0.941597686579265, 0.4626454856474204, 0,7, 0
0.10197565356216325, 2.3288446907383995, 0.8966457709235245, 0.4911594905982251, 0,7, 0
0.14248652963480343, 2.3002768821014676, 0.8499163272590744, 0.33508959496905, 0,6, 0
0.10011308454732921, 2.4619693824181197, 0.942086517449578, 0.5160132981605122, 0,5, 0
0.13829574935142686, 2.2244401123363056, 0.8593831609273103, 0.35733560313962215, 0,5, 0
0.16304130911993614, 2.3149435924990467, 0.8175785629285157, 0.30084617150079807, 0,8, 0
0.17947182864365063, 2.1953403142479804, 0.8263179101266254, 0.2400918177668171, 0,8, 0
0.16091265881726868, 2.342316252032432, 0.8349158548443275, 0.2950917079610687, 0,7, 0
0.17807490188252512, 2.294481213436325, 0.8132520775192391, 0.25740065411614726, 0,7, 0
0.17721013769706645, 2.2947806267334556, 0.8229204006998279, 0.2640053606340166, 0,3, 0
0.12412692077429655, 2.3182585578411072, 0.9000071027305507, 0.45016561299071073, 0,9, 0
0.17421672320894033, 2.1271145270270897, 0.815847078145684, 0.3037210111401419, 0,11, 0
0.16104569946118538, 2.334739886266397, 0.845669605343841, 0.2922726147468643, 0,5, 0
0.19443890108428125, 2.109948363662884, 0.7953785555940531, 0.25388213415617933, 0,9, 0
0.19829707975786603, 2.1146731416178204, 0.8022181253802496, 0.2645758228890516, 0,14, 0
0.2573671256568882, 2.0562089678294835, 0.7616989074679422, 0.18774316317583442, 0,8, 0
0.19364065722078094, 2.117274896633694, 0.8001998699572074, 0.2547655922759356, 0,10, 0
0.22749950109758532, 2.1915905138320695, 0.7666102031696059, 0.21361511175654133, 0,5, 0
0.23521585844475487, 2.174471802517364, 0.7510730930687523, 0.20826174270683948, 0,10, 0
0.21911794053083217, 2.086762298254135, 0.79139330439247, 0.2237823479235731, 0,5, 0
0.24412958158717488, 2.029029742944885, 0.7379288046632456, 0.20192935042658822, 0,10, 0
0.16816337391072972, 2.2719383100537747, 0.8288192641764494, 0.311132287122986, 0,8, 0
0.17534756868223242, 2.222484019680793, 0.855622240852247, 0.31617220353998243, 0,9, 0
0.2206479079358744, 2.2134265801843624, 0.7837946162212327, 0.23357185084571655, 0,10, 0
0.2396061996940065, 2.008409160756624, 0.7795716567245922, 0.22463865868128077, 0,10, 0
0.20355218519257634, 2.182482794041184, 0.7931992338270776, 0.26442663387119275, 0,8, 0
0.22749950109758532, 2.049429502633805, 0.7589712781913653, 0.2282227278982134, 0,5, 0
0.21140158318366262, 2.116529235414487, 0.7806585564557775, 0.24500163038858386, 0,9, 0
0.25344242666134503, 2.023976293579512, 0.7621548590679221, 0.2051828636439085, 0,4, 0
0.28583782345506553, 2.0083797946785418, 0.7240304783509182, 0.17756654098571778, 0,5, 0
0.22743298077562696, 2.1134373163943803, 0.8101636768760972, 0.24080680063955914, 0,6, 0
0.19776491718219916, 2.171157213981491, 0.7804432779138569, 0.26901586664221977, 0,7, 0
0.27260027938535225, 1.9174872324002492, 0.7526405317773451, 0.2140756573422672, 0,14, 0
0.25929621499368055, 1.97955740389056, 0.7431200656965834, 0.2076504935165633, 0,6, 0
0.2070777622563693, 2.179045904660458, 0.778353318493465, 0.27320783456410175, 0,10, 0
0.28517262023548196, 1.9381741670238546, 0.7021983847750016, 0.18364020927193603, 0,7, 0
0.2699394665070179, 2.05466756225227, 0.7095674345827859, 0.1906893513358652, 0,7, 0
0.26694605201889177, 2.0030663822420913, 0.7396316519812197, 0.2133017317854511, 0,10, 0
0.28517262023548196, 1.9864994946064083, 0.7027872955172718, 0.17704877889827067, 0,9, 0
0.28217920574735583, 1.9924123029044976, 0.7138310118088684, 0.1844700999073644, 0,10, 0
0.24659083349963415, 1.9941662814115515, 0.7305577104876374, 0.22361755586814847, 0,3, 0
0.30319962748619705, 1.8765380928150506, 0.7273539601090764, 0.18711730248342578, 0,8, 0
0.30446351360340584, 1.9173310334625528, 0.6852945699963139, 0.17274881734479108, 0,8, 0
0.24858644315838488, 2.0201035572455917, 0.7401727084854537, 0.22974566129349952, 0,4, 0
0.3363932681434178, 1.8560042169639184, 0.671980525517489, 0.16419940463529592, 0,11, 0
0.26375307656489055, 1.937870231616333, 0.7184886954600127, 0.20859712675112224, 0,10, 0
0.3155058870484933, 1.8597711454305013, 0.6788535102777487, 0.17676638557288538, 0,8, 0
0.3303399188452072, 1.7997604682461703, 0.7093449898996863, 0.18040989675065827, 0,9, 0
0.27033858843876807, 1.9745198871722551, 0.7422025762593905, 0.2108618003215376, 0,7, 0
0.3118472693407836, 1.838469176130492, 0.7027315164901802, 0.1784947935734283, 0,11, 0
0.27366460453668595, 1.896686801964799, 0.7189796470415165, 0.22720945586603825, 0,9, 0
0.27479545000997807, 1.8783275907937143, 0.744451273623861, 0.23259884430396738, 0,8, 0
0.312845074170159, 1.859253107074063, 0.6708098613172959, 0.18707562219075452, 0,8, 0
0.29900884720282045, 1.9512588532711783, 0.6758449090452252, 0.1869048436968323, 0,5, 0
0.32182531763453737, 1.8803389845419047, 0.662038075043922, 0.17171434522537854, 0,9, 0
0.3359941462116677, 1.7820013725162067, 0.6750200243839946, 0.16855981898799027, 0,6, 0
0.2908268476019424, 1.991887643627006, 0.6863192702588857, 0.19051180406394985, 0,4, 0
0.25723408501297146, 2.0350614815329884, 0.7328979183773405, 0.22503721471650395, 0,7, 0
0.2853056608793987, 1.9044815308199365, 0.7175135231254116, 0.20615298022390718, 0,14, 0
0.2830439699328145, 1.9400444367502387, 0.699478474031586, 0.20397543714765315, 0,7, 0
0.3246191711567884, 1.834130430748099, 0.6678027652091367, 0.1727153001733993, 0,7, 0
0.3179006186389942, 1.8249271220451326, 0.696171530930786, 0.18449041950143297, 0,9, 0
0.36379964079026145, 1.7474067444268604, 0.6545249984173442, 0.15846713949253924, 0,9, 0
0.32654826049358077, 1.8121208443515102, 0.6517756005855709, 0.17603045443179915, 0,9, 0
0.3448413490321293, 1.7721623247678286, 0.6612983871213438, 0.16720680359183557, 0,9, 0
0.34271269872946186, 1.8224273514368574, 0.6435475809872833, 0.16731146298669927, 0,6, 0
0.3503625357546731, 1.7993420217356457, 0.6524626290045278, 0.16861976426429162, 0,7, 0
0.33991884520721083, 1.7916495814272198, 0.6699192285431061, 0.1715998525091819, 0,12, 0
0.2917581321093594, 1.9019756495718676, 0.7009689110667208, 0.2146037278391461, 0,9, 0
0.33140424399654095, 1.777974877736212, 0.667210037874722, 0.17860166753674836, 0,11, 0
0.35415419410629945, 1.747441502873677, 0.6760098110665911, 0.16471499944565104, 0,10, 0
0.37856715226501697, 1.6737643757072156, 0.6278993077550343, 0.15720564436102027, 0,7, 0
0.3601410230825517, 1.7368117009325432, 0.6373738849429289, 0.16496807516801199, 0,2, 0
0.35348899088671587, 1.752919933391983, 0.6630814753838372, 0.1685017606200402, 0,6, 0
0.34923169028138096, 1.7346715297514526, 0.6825203261856363, 0.18137519486659429, 0,7, 0
0.36932082751280515, 1.707638379713974, 0.6336222057962558, 0.1592655502456415, 0,7, 0
0.3888778021685625, 1.6610750788891537, 0.6116123606456789, 0.15455543727511448, 0,5, 0
0.3625357546730526, 1.7399710728595146, 0.612468805965249, 0.16268047678041758, 0,7, 0
0.31317767577995076, 1.8075607118790222, 0.7066538650126439, 0.19012294223899914, 0,6, 0
0.38754739572939534, 1.6741285360454998, 0.6207622727902303, 0.1565955478153758, 0,8, 0
0.3515599015499235, 1.70149336574178, 0.6446393869209041, 0.1738475994004828, 0,5, 0
0.3475021619104636, 1.7408814836363589, 0.6559556932683429, 0.17641575928627756, 0,2, 0
0.2819131244595224, 1.9846105312608018, 0.6985902756886492, 0.20879109196977264, 0,9, 0
0.292423335328943, 1.9937609234295832, 0.6812484658274581, 0.20115236084169652, 0,8, 0
0.3349298210603339, 1.7890169478609423, 0.6573767321044798, 0.17655020365546942, 0,8, 0
0.2997405707443624, 1.8388052819129324, 0.7169303625006505, 0.19849901063319503, 0,6, 0
0.37577329874276594, 1.6795899125857718, 0.6406407716812599, 0.15953425949754144, 0,7, 0
0.3729129248985565, 1.6508169390837573, 0.6141244303264974, 0.16565857004854773, 0,7, 0
0.3339320162309586, 1.788835968207926, 0.6568622452759597, 0.18725240661311493, 0,9, 0
0.375041575201224, 1.7160238118607198, 0.6168554606015568, 0.15833627533003541, 0,9, 0
0.38322357480210206, 1.6975551112432612, 0.6207170127776649, 0.1545450716204009, 0,10, 0
0.39020820860772965, 1.6498131355125651, 0.6195037562395695, 0.15498875629187955, 0,6, 0
0.34271269872946186, 1.8129730335309946, 0.6814363927712818, 0.18335282096952263, 0,7, 0
0.3249517727665802, 1.877532108588299, 0.6623697086464637, 0.18234978702239993, 0,5, 0
0.3407170890707111, 1.7636920617288565, 0.6383953258442132, 0.17567276665418913, 0,6, 0
0.3832900951240604, 1.672026204746069, 0.6038296887860832, 0.1560058399679981, 0,8, 0
0.3686556242932216, 1.6926494657513562, 0.629798473376223, 0.16397008295318163, 0,10, 0
0.12299607530100445, 2.3038365264571072, 0.8666781797843968, 0.2549971733225255, 0,0, 0
0.10064524712299608, 2.3270697182130253, 0.8849706560163356, 0.46262628753537755, 0,3, 0
0.10017960486928756, 2.4363011729254946, 0.8835487229879121, 0.5067168744502804, 0,4, 0
0.14714295217188852, 2.51374026200637, 0.8440015731028712, 0.3287151175096675, 0,2, 0
0.14634470830838822, 2.3250649723552748, 0.8487048838550146, 0.322128599723586, 0,5, 0
0.11760792922237744, 2.3904546361352397, 0.880275378151155, 0.41616367311648067, 0,6, 0
0.14534690347901283, 2.4171487141898917, 0.8479033746731142, 0.3118296358130204, 0,8, 0
0.10177609259628817, 2.42972790364265, 0.8902553676768153, 0.46865473751999887, 0,4, 0
0.176012771901816, 2.224874571087688, 0.8563355917335942, 0.2515964036761915, 0,7, 0
0.17501496707244063, 2.2730546299825845, 0.829428910063056, 0.27712476638420275, 0,4, 0
0.15126721213330674, 2.2388420923577885, 0.8392948434545084, 0.3061848330663853, 0,11, 0
0.14228696866892837, 2.361867151625624, 0.85316124404357, 0.3492952651120877, 0,7, 0
0.1597818133439766, 2.2578713882154218, 0.8499761080649799, 0.30731096962371923, 0,7, 0
0.16111221978314375, 2.3454046685213674, 0.8270136170593011, 0.33208875415878625, 0,7, 0
0.1739506419211069, 2.2807355614025053, 0.8067978792244888, 0.30050329557255534, 0,7, 0
0.1860573405175281, 2.192754829381109, 0.8478827442865807, 0.3136790584495639, 0,6, 0
0.22882990753675247, 2.0939348207090713, 0.7814058241380232, 0.2147533968741068, 0,9, 0
0.17561364997006584, 2.3156315661282356, 0.808855131386351, 0.2634723976016797, 0,10, 0
0.23860839486463115, 2.0857429679564703, 0.7831061073350827, 0.200094004614704, 0,10, 0
0.16623428457393732, 2.3092610705345282, 0.8374133478486612, 0.32866645274731765, 0,13, 0
0.19397325883057273, 2.144493685386887, 0.8077641144125564, 0.2593630986258571, 0,2, 0
0.2593627353156389, 2.0557334305465655, 0.7304033437516861, 0.19203825532945693, 0,8, 0
0.23953967937204815, 2.013156277480132, 0.7531860450141511, 0.20547884753119114, 0,3, 0
0.22962815140025278, 2.1707579414620732, 0.7601070446008709, 0.2137339427516986, 0,8, 0
0.17541408900419078, 2.1075357614595687, 0.831700099480641, 0.3044058980048915, 0,7, 0
0.20554779485132707, 2.089634089375386, 0.8055911849215558, 0.23887946586383696, 0,12, 0
0.264019157852724, 2.0123479117265854, 0.7264311248738043, 0.19005806558521676, 0,8, 0
0.21246590833499635, 2.1817029906089993, 0.7849784378808848, 0.2403516466615246, 0,7, 0
0.25264418279784473, 2.0910000281126795, 0.7312170922430627, 0.20322164320096558, 0,8, 0
0.2567019224373046, 2.0579378133658155, 0.7403302988750822, 0.2007381766882376, 0,9, 0
0.21319763187653828, 2.172008631417021, 0.783972519994851, 0.25629156881602394, 0,4, 0
0.2279651433512938, 2.003203223674334, 0.766341686579112, 0.25984137136424873, 0,6, 0
0.29348766048027675, 1.9275655658518032, 0.70036391705122, 0.16645790504230196, 0,4, 0
0.2544402314907204, 2.0330457048470696, 0.7553186196140338, 0.21374900789048604, 0,7, 0
0.270139027472893, 1.9971775219428247, 0.7360911059859399, 0.19618863899655792, 0,7, 0
0.2662143284773498, 1.95284210274829, 0.7197549951139004, 0.2009393213106652, 0,11, 0
0.3030665868422803, 1.8933931557407226, 0.7303009924769651, 0.1802453277900344, 0,6, 0
0.2847734983037318, 1.912537840925227, 0.744291148389071, 0.1892815472862451, 0,6, 0
0.2638861172088073, 1.9861137919865912, 0.7805910554128266, 0.21124305411426472, 0,9, 0
0.31098250515532494, 1.8572906375779827, 0.714647612444421, 0.17682473236721338, 0,10, 0
0.2508481341049691, 2.031204621116059, 0.7364299359637095, 0.22098654474481372, 0,5, 0
0.2660812878334331, 2.0482447350492246, 0.7268983196300651, 0.20415461669749949, 0,4, 0
0.2843078560500233, 1.924023918712844, 0.7435213843687465, 0.19197783265191667, 0,3, 0
0.2561032395396794, 2.0137335149393993, 0.7431221764571945, 0.20845002956135258, 0,9, 0
0.22364132242400053, 2.176151850643347, 0.7560479346395907, 0.25205762924059927, 0,9, 0
0.26761125523847534, 2.012598454119607, 0.7127568606684391, 0.2021473382101731, 0,10, 0
0.3210935940929954, 1.924036080153856, 0.666672987981194, 0.1585126096308283, 0,12, 0
0.32129315505887046, 1.8817246281513076, 0.6738909570069204, 0.17358135776705655, 0,3, 0
0.25883057273997206, 2.002311886296589, 0.7399132985408998, 0.21730635003622534, 0,3, 0
0.20501563227566022, 2.110288012579261, 0.793133722592453, 0.2791519375022215, 0,6, 0
0.32634869952770573, 1.858687163886137, 0.6860994932675942, 0.17205506959223613, 0,9, 0
0.2999401317102375, 1.9905193921319582, 0.6944258323133341, 0.18512570986444912, 0,6, 0
0.28909731923102505, 1.941031419904949, 0.7123621143215193, 0.18828045707444624, 0,7, 0
0.3198297079757866, 1.824914782000327, 0.7052244076706158, 0.18055055409172216, 0,9, 0
0.2458591099580922, 2.0292510124116587, 0.7669788900607964, 0.2164414357121243, 0,11, 0
0.2622896294818067, 1.9473249501020444, 0.7341103932095734, 0.21635839626892012, 0,6, 0
0.3064591232621566, 1.852619800795689, 0.6953507551160863, 0.1807946631418532, 0,11, 0
0.3081886516330739, 1.8569423277554282, 0.684916002205949, 0.19064200043734214, 0,7, 0
0.30625956229628154, 1.888539429851407, 0.7009580491816186, 0.18184298858862338, 0,11, 0
0.36792390075167963, 1.7396004068108446, 0.6353229410854335, 0.15254035600071966, 0,7, 0
0.34943125124725605, 1.7665827585311022, 0.6729463197748033, 0.16477072373395607, 0,11, 0
0.29455198563161045, 1.8969612115119212, 0.7258309447549002, 0.20203886600557103, 0,6, 0
0.34903212931550587, 1.762390409897784, 0.6382713628438368, 0.160336685233757, 0,6, 0
0.3214261957027872, 1.7745786360667264, 0.6687303369251286, 0.1844320826337692, 0,8, 0
0.308388212598949, 1.8035094316218385, 0.6993413726179621, 0.19347085628232244, 0,9, 0
0.3385884387680436, 1.7696803171882243, 0.6605049739969343, 0.16917767957712454, 0,6, 0
0.3085212532428657, 1.8237759409523022, 0.6790082897784475, 0.1929964797903303, 0,4, 0
0.3369254307190847, 1.7829426464258629, 0.6743936152227765, 0.17384441711458717, 0,7, 0
0.33971928424133574, 1.761506651908998, 0.6473563921573724, 0.18072482616445285, 0,11, 0
0.3655956894831371, 1.7309246568521848, 0.6481197461866769, 0.15804204685891154, 0,8, 0
0.3290760327279984, 1.7681718704618477, 0.6554088596934009, 0.18219601132488894, 0,9, 0
0.2814474822058139, 1.908188879573162, 0.7558136288984962, 0.21945173677764937, 0,9, 0
0.32741302467903943, 1.7683619550742575, 0.6659545503725742, 0.1828307589238906, 0,7, 0
0.3405840484267944, 1.7519259814698087, 0.6458432666007518, 0.17008222180650379, 0,8, 0
0.3601410230825517, 1.7391212053350653, 0.6555797398670644, 0.16504170404674848, 0,10, 0
0.32535089469833034, 1.8296974333295453, 0.6770838678538362, 0.17498085025736312, 0,13, 0
0.32821126854253974, 1.8342077536338073, 0.6731612717689021, 0.18061149905502447, 0,8, 0
0.29841016430519524, 1.9234449027628668, 0.6920957934636204, 0.197606984403101, 0,7, 0
0.36426528304396993, 1.742217888563588, 0.6469470187496585, 0.1581246086292652, 0,6, 0
0.3242865695469966, 1.77776709296687, 0.653279044453222, 0.1875914524085623, 0,4, 0
0.3455065522517129, 1.7217710801507236, 0.6468864977021354, 0.17386795941439168, 0,5, 0
0.32674782145945586, 1.7698611970323055, 0.6516476061223817, 0.185051907648837, 0,9, 0
0.3580788931018426, 1.7293087740996906, 0.6300884351792697, 0.167370336398764, 0,4, 0
0.3349963413822923, 1.8756409787290358, 0.6356799690458805, 0.171856525966125, 0,4, 0
0.31477416350695137, 1.8595828426373517, 0.6779763317028217, 0.1906600974950992, 0,8, 0
0.34783476352025544, 1.744015346313755, 0.6587145548094996, 0.1748243605747757, 0,5, 0
0.3424466174416284, 1.7506938305626625, 0.6772301579600901, 0.1789064228860983, 0,5, 0
0.34297878001729526, 1.7510641692942872, 0.6858322862716907, 0.1848134980240501, 0,6, 0
0.3568150069846338, 1.7308154227942485, 0.6645249280330711, 0.16980034140762246, 0,10, 0
0.3722477216789729, 1.706175607458319, 0.618316987831594, 0.16060920570238058, 0,9, 0
0.39240337923235546, 1.644769251957186, 0.6077181159316298, 0.15175487890906925, 0,6, 0
0.3314707643184993, 1.7803363797788823, 0.65464230116706, 0.1827984414938285, 0,8, 0
0.33872147941196035, 1.7889128255485687, 0.6382006345819335, 0.1728498316924707, 0,5, 0
0.34158185325616974, 1.8561843711899433, 0.6444589463249208, 0.17451644912601352, 0,9, 0
0.3416483735781281, 1.8398854881316882, 0.6509925820779963, 0.17438317730870126, 0,3, 0
0.3286769107962483, 1.8030841230676058, 0.6809730429110136, 0.1833181958799096, 0,8, 0
0.35674848666267545, 1.692257598683814, 0.6610855350630996, 0.17258950126522385, 0,8, 0
0.36952038847868024, 1.6900328672837015, 0.6150919184210665, 0.16654342957503196, 0,7, 0
0.4042439965409433, 1.6250094258760666, 0.6031906779257108, 0.14474831694231935, 0,7, 0
0.39832368788664935, 1.653228491051091, 0.6085483318048595, 0.14972014723259752, 0,8, 0
0.34544003192975453, 1.7839224961935891, 0.6491049572706484, 0.17662669064664901, 0,7, 0
0.09731923102507817, 2.301430163265805, 0.8817305108592044, 0.4483556681163353, 0,0, 0
0.09991352358145414, 2.374876581218153, 0.9273376082964652, 0.5249237935739428, 0,2, 0
0.12159914853987894, 2.3251491604249077, 0.8645641273818356, 0.4005236660928576, 0,6, 0
0.11022417348499967, 2.3729361426701034, 0.8797135797091531, 0.47603725279199255, 0,6, 0
0.1329741235947582, 2.289371421782309, 0.8701508021393856, 0.38207343190846194, 0,5, 0
0.13018027007250715, 2.324033383749634, 0.857216727922288, 0.3261680118098903, 0,3, 0
0.09958092197166234, 2.4259066059665035, 0.8933638062721464, 0.5123232064975369, 0,6, 0
0.1409565622297612, 2.249629524893955, 0.8542371741782294, 0.28417945213857615, 0,5, 0
0.09991352358145414, 2.3346404510368126, 0.9273376082964652, 0.5199538597715707, 0,8, 0
0.13397192842413358, 2.3380892746686253, 0.854362975362975, 0.35932731724030526, 0,8, 0
0.18299740570744363, 2.331324816927703, 0.8179001383577047, 0.24382206081284177, 0,5, 0
0.14674383024013837, 2.3240973785284678, 0.8550086313824872, 0.34088050563914374, 0,10, 0
0.17468236546264884, 2.3305296497986334, 0.8003370335411545, 0.257736741548231, 0,9, 0
0.14674383024013837, 2.3260058568542625, 0.8711501389295871, 0.31651421072477465, 0,9, 0
0.217787534091665, 2.169829396686733, 0.7824722347907954, 0.21132652123970183, 0,8, 0
0.20368522583649304, 2.2636598731470245, 0.7877145800437401, 0.21009745375526007, 0,5, 0
0.1924432914255305, 2.2073495892527446, 0.8022653157962172, 0.2654805761881425, 0,13, 0
0.14035787933213598, 2.433155269844204, 0.8499763470157018, 0.3396459850489584, 0,11, 0
0.18406173085877736, 2.2956710510059466, 0.8075343698266232, 0.2993464995619311, 0,10, 0
0.20415086809020155, 2.2585589600237417, 0.7837637371484162, 0.22836172677087777, 0,7, 0
0.23694538681567218, 2.1000253488178036, 0.7511495857557174, 0.19910303721175623, 0,6, 0
0.20255438036320095, 2.1210365860094087, 0.7858140763545949, 0.25529290521042525, 0,9, 0
0.1828643650635269, 2.1504599004815392, 0.818928760830654, 0.28472899062309304, 0,6, 0
0.17834098317035854, 2.379333143136557, 0.8100680567821102, 0.28942321664414394, 0,5, 0
0.24685691478746757, 2.0620208032583354, 0.7494045104485167, 0.18290897309673226, 0,10, 0
0.21685624958424798, 2.063446702924165, 0.777204708356829, 0.21801075590753807, 0,10, 0
0.24572606931417548, 2.058374818218434, 0.7473215295147316, 0.19783536475823282, 0,7, 0
0.20747688418811946, 2.1152111448380775, 0.7927162465831968, 0.2552125066268748, 0,8, 0
0.22330872081420874, 2.1627176566204214, 0.7585066347021814, 0.2299415102589777, 0,8, 0
0.2394731590500898, 2.100483259001408, 0.7522486296890162, 0.21807120841629474, 0,7, 0
0.24126920774296548, 2.061438705141987, 0.7446708171080403, 0.1979705652978045, 0,5, 0
0.277389742566354, 1.9929017226456374, 0.7094784993463373, 0.18387269398597567, 0,6, 0
0.2518459389343444, 2.059155020707938, 0.7332765301578219, 0.19334658030132246, 0,10, 0
0.23953967937204815, 2.054621886970722, 0.8059821661270173, 0.2210302875505614, 0,7, 0
0.24925164637796848, 2.062706889835318, 0.7476385501490482, 0.21235848169042776, 0,6, 0
0.23129115944921175, 2.1035832360516697, 0.7707011832309618, 0.22529563112602313, 0,6, 0
0.23029335461983635, 2.156061195854591, 0.7547215713268279, 0.21113538815829969, 0,11, 0
0.2935541808022351, 2.003872131489315, 0.7206755850108135, 0.1705315671183834, 0,6, 0
0.2443956628750083, 2.0264697005722105, 0.7299301223206206, 0.20348601224885293, 0,10, 0
0.2970132375440697, 1.9024293880488656, 0.7283402886668151, 0.1784620626540952, 0,9, 0
0.22091398922370784, 2.133766080871168, 0.8223298759431682, 0.2664202727808587, 0,10, 0
0.27486197033193643, 2.0073966540498804, 0.7544002381389519, 0.19805550620079607, 0,8, 0
0.2501829308853855, 1.9641182517716724, 0.7490027587511291, 0.23852173742700106, 0,10, 0
0.2573671256568882, 2.043525368702798, 0.7486167298764763, 0.19870998974919651, 0,10, 0
0.321758797312579, 1.8728612077646147, 0.7011026516929385, 0.16483128019369084, 0,8, 0
0.2918246524313178, 1.9650907630233052, 0.6901665809570707, 0.18211273485008117, 0,6, 0
0.30506219650103106, 1.9535973491619854, 0.7140002526152077, 0.1751196923507211, 0,9, 0
0.29681367657819463, 1.9077999956282854, 0.7297752412857096, 0.18731242899021402, 0,9, 0
0.2765914987028537, 1.9338269340459089, 0.7229374384934942, 0.21304669254277145, 0,15, 0
0.3077230093793654, 1.9093769607902056, 0.7304998516991799, 0.19124037941497157, 0,9, 0
0.30200226169094657, 1.8964422979627962, 0.6835797954015577, 0.17937164186590798, 0,4, 0
0.27346504357081086, 2.024723047380048, 0.7028960883664283, 0.1896621504751029, 0,6, 0
0.238209272932881, 2.124668819655489, 0.7616415027445724, 0.22236600425454683, 0,3, 0
0.26415219849664073, 1.9322665074917875, 0.7341612513642256, 0.21869904833326764, 0,5, 0
0.24918512605601012, 2.095231349998103, 0.7287155708189315, 0.22831142111373715, 0,13, 0
0.31118206612120003, 1.9076597099650574, 0.6742012130588465, 0.17355234606599762, 0,4, 0
0.2475886383290095, 2.071338072899913, 0.7709082612866872, 0.23142393215598325, 0,8, 0
0.24359741901150803, 1.9943399823830845, 0.7564849544214561, 0.24908880830921956, 0,6, 0
0.3097851393600745, 1.870698907461097, 0.7342471823398227, 0.19115905674959613, 0,5, 0
0.3492982106033393, 1.8055862226818784, 0.68190720561658, 0.16833715712779948, 0,6, 0
0.31078294418944985, 1.8870209233494233, 0.6865520117149047, 0.18520671008490747, 0,13, 0
0.32022882990753676, 1.916075645675918, 0.6578329291073948, 0.17211035061134422, 0,13, 0
0.35488591764784144, 1.7769114517018934, 0.6605439684960395, 0.1662726120228947, 0,7, 0
0.3455065522517129, 1.7816442051532064, 0.648536217091588, 0.160026971150345, 0,10, 0
0.3389875606997938, 1.7651107086437807, 0.6545012767681311, 0.16809633669967422, 0,8, 0
0.30712432648174015, 1.8214786849573512, 0.6896849334541497, 0.19901791000118954, 0,12, 0
0.33765715426062665, 1.7893953963143774, 0.6444465583967492, 0.16477419465434168, 0,9, 0
0.33685891039712634, 1.7836808638702584, 0.6624063304814886, 0.18008487017473876, 0,10, 0
0.3385884387680436, 1.7663284350395487, 0.6613894302739253, 0.17259148768214794, 0,5, 0
0.33346637397725004, 1.8245490835604772, 0.6470709044791586, 0.17357925950979905, 0,7, 0
0.3667265349564292, 1.7361556065738348, 0.6327924600221202, 0.15532985262873852, 0,7, 0
0.3404510077828777, 1.8025778589916033, 0.6763766094540642, 0.16808537453614394, 0,9, 0
0.34743564158850526, 1.7509923055544987, 0.6477402729153563, 0.1694232039624097, 0,4, 0
0.34444222710037914, 1.7454642640777527, 0.6439292203661314, 0.16458955125180677, 0,6, 0
0.3383223574802102, 1.8130259611947106, 0.6957998499277306, 0.1973448008726675, 0,8, 0
0.3632009578926362, 1.7334854065725636, 0.6491634806339508, 0.16035839325204065, 0,7, 0
0.3827579325483935, 1.6860805487732669, 0.6323623411995185, 0.1547596418950311, 0,12, 0
0.3199627486197033, 1.8270623569541498, 0.6630006963134669, 0.1839914333480017, 0,9, 0
0.3276125856449145, 1.8057816392772887, 0.6486867230133936, 0.17360595634173978, 0,6, 0
0.3758398190647243, 1.7097217577196664, 0.6345442240289632, 0.1539872301182488, 0,9, 0
0.3211601144149538, 1.8014619021463925, 0.6630147383443528, 0.18308717951562287, 0,3, 0
0.27047162908268474, 2.0446777644771696, 0.696008437788106, 0.21656604787601147, 0,8, 0
0.37577329874276594, 1.7001494981786143, 0.64896196291873, 0.15803205762394157, 0,7, 0
0.32182531763453737, 1.8245548693702216, 0.708704877597445, 0.1877119857236817, 0,4, 0
0.3717820794252644, 1.727157051534081, 0.6449824498746947, 0.15798824584331114, 0,6, 0
0.3904742898955631, 1.6628906098159417, 0.6358177762007952, 0.15660669633750973, 0,10, 0
0.3497638528570478, 1.7453148657830106, 0.6459777894053086, 0.16577940125853627, 0,6, 0
0.3918712166566886, 1.6663520748066678, 0.606393999158093, 0.15424869558734275, 0,6, 0
0.3558837224772168, 1.7152706035686365, 0.637124091654026, 0.16847808612031165, 0,11, 0
0.35002993414488126, 1.7645760253780514, 0.6732765166640681, 0.17838412069513485, 0,8, 0
0.3588771369653429, 1.710781117567781, 0.6826362811513955, 0.17868173853712502, 0,7, 0
0.36060666533626023, 1.7137628358447496, 0.6513984741875178, 0.1709484004225696, 0,9, 0
0.3787001929089337, 1.6721820606408557, 0.6212157398425464, 0.15975877055229729, 0,8, 0
0.3550189582917581, 1.7592310734885677, 0.6359486093238561, 0.17074933773195697, 0,10, 0
0.3673252178540544, 1.6773528017414423, 0.6281811656899695, 0.16869730741477562, 0,9, 0
0.32288964278587107, 1.8475457507905582, 0.6857087998040062, 0.18627315872953448, 0,7, 0
0.3305394798110823, 1.8197949711199428, 0.6807260358359031, 0.1860983787617283, 0,12, 0
0.3369254307190847, 1.7756008841848212, 0.6825807388939377, 0.19038494738904838, 0,11, 0
0.3832900951240604, 1.6672086117114246, 0.6025242738629382, 0.15689059154335985, 0,9, 0
0.3886782412026874, 1.6511024665009402, 0.5941041311069282, 0.1534600013505317, 0,11, 0
0.40091798044302535, 1.6382920589980223, 0.6155816751253789, 0.1500729405330608, 0,4, 0
0.09845007649837025, 2.3044016739807147, 0.8941849119748447, 0.4660561703033844, 0,0, 0
0.11993614049091998, 2.3307246057952162, 0.9079348514869744, 0.4062065032573283, 0,2, 0
0.09958092197166234, 2.5272420282564676, 0.8933638062721464, 0.5156504401685604, 0,6, 0
0.09984700325949578, 2.406430017929912, 0.8932045210796624, 0.5116243176298378, 0,6, 0
0.1144814740903346, 2.3732583393936726, 0.8826756515147216, 0.41952101234285166, 0,5, 0
0.10303997871349697, 2.349579751019721, 0.8926328990440371, 0.45478401362868787, 0,9, 0
0.12013570145679506, 2.291394387566305, 0.889425569902938, 0.34259373641843005, 0,6, 0
0.15053548859176477, 2.366770347903083, 0.8602639721084774, 0.26700204111087367, 0,11, 0
0.16882857713031332, 2.284728602759418, 0.8773522351409139, 0.30573680511283974, 0,6, 0
0.15632275660214195, 2.265170038765414, 0.8762507311209542, 0.3005315628732534, 0,7, 0
0.12472560367192177, 2.3026012793785005, 0.9058606369867603, 0.4186984543507918, 0,9, 0
0.20767644515399455, 2.150637214883061, 0.7718830445876188, 0.19640816956288865, 0,7, 0
0.16610124393002063, 2.2843428815599847, 0.8211921324650876, 0.278028709410028, 0,7, 0
0.1337723674582585, 2.493599369454858, 0.855808522581366, 0.3186066190252478, 0,9, 0
0.23814275261092263, 2.087382545959987, 0.7661824536633935, 0.18129273223953846, 0,6, 0
0.16636732521785405, 2.280772066224179, 0.8153871331722121, 0.27677471824449734, 0,7, 0
0.22237743630679171, 2.0901661114422123, 0.8091697502231388, 0.21920465600369313, 0,8, 0
0.18758730792257033, 2.1382023218600628, 0.8049405975601899, 0.26214606964404735, 0,9, 0
0.25483935342247055, 2.0843236449473252, 0.7329555304241124, 0.18141890416974404, 0,7, 0
0.2137963147741635, 2.1281949985703728, 0.7767984253366313, 0.23788591085059932, 0,8, 0
0.19829707975786603, 2.1179824044531093, 0.7986937231077799, 0.27220624928528775, 0,7, 0
0.17654493447748287, 2.2096963492623267, 0.8205997227230623, 0.3197445575267038, 0,9, 0
0.24891904476817667, 2.027639377032308, 0.7475050823834846, 0.19182022604625867, 0,13, 0
0.23674582584979711, 2.006745471312346, 0.7770172408073871, 0.21467638984703766, 0,4, 0
0.21565888378899753, 2.1984684705607376, 0.7923928805549066, 0.22625233416360604, 0,9, 0
0.27146943391206013, 1.997515059759269, 0.7744688217390846, 0.1963989945130615, 0,6, 0
0.25324286569546994, 2.0402303189961075, 0.7872083479971661, 0.20970770560229687, 0,10, 0
0.2543071908468037, 2.0165488292601093, 0.7703044111946507, 0.20396272166449808, 0,10, 0
0.25523847535422073, 2.000584161369607, 0.7574950064494997, 0.19967044497048841, 0,8, 0
0.19490454333798976, 2.1790607137086266, 0.8277460069730435, 0.32061589515341704, 0,6, 0
0.23907403711833966, 2.026456783244942, 0.7870891556668327, 0.2214041602383327, 0,6, 0
0.255105434710304, 2.025510952603212, 0.7488116040290161, 0.19788833442244033, 0,7, 0
0.23348633007383757, 2.0415286546036415, 0.7850815193232932, 0.21568670739091833, 0,5, 0
0.2505155324951773, 2.0064681352338636, 0.7819876832392799, 0.21267388206653132, 0,9, 0
0.3069912858378235, 1.9058544787034408, 0.7099112564874812, 0.17067081051860608, 0,13, 0
0.28503957959156523, 1.9205152947436563, 0.6984324463793646, 0.18050823232274837, 0,10, 0
0.3007383755737378, 1.915132656311835, 0.7215767643361214, 0.17370523574788227, 0,6, 0
0.24925164637796848, 2.0136517308424913, 0.7441122397790562, 0.21101530792606643, 0,9, 0
0.30486263553515597, 1.8842883118610614, 0.7062234765085429, 0.17018002251808603, 0,8, 0
0.22690081819996008, 2.019304778442993, 0.7968448447617514, 0.25560774220472754, 0,9, 0
0.270139027472893, 1.9729193107561462, 0.728469692409067, 0.18923807253652492, 0,9, 0
0.26940730393135104, 2.0353644865858715, 0.7126011034221418, 0.20009473835746597, 0,6, 0
0.2930220182265682, 1.8845437572069497, 0.7081014056888759, 0.18325355779596084, 0,6, 0
0.2320228829907537, 2.092402741948359, 0.8137263440488505, 0.26188739012305, 0,7, 0
0.25996141821326413, 1.9830314815183174, 0.744349863652598, 0.21844619955381517, 0,9, 0
0.27047162908268474, 1.99692498136485, 0.7117654277747982, 0.20189281055090913, 0,6, 0
0.3169028138096188, 1.9043900082586038, 0.6888372353721625, 0.16981461625529756, 0,6, 0
0.2628217920574736, 1.9771473969098758, 0.7346820194312693, 0.21105350557615832, 0,9, 0
0.2682764584580589, 2.038621721114337, 0.7433882547236906, 0.20261776464652934, 0,8, 0
0.313776358677576, 1.8479947504831995, 0.7242558056646082, 0.18384467749871217, 0,10, 0
0.3330672520454999, 1.8343266869034587, 0.6510688054200022, 0.16659038673148277, 0,6, 0
0.32328876471762125, 1.817709484647025, 0.7034348460831084, 0.17478111447246614, 0,7, 0
0.30120401782744627, 1.8487210166491586, 0.7100550707561226, 0.19194666854123413, 0,5, 0
0.30625956229628154, 1.8624977933518354, 0.7241182553551885, 0.1880703426033968, 0,6, 0
0.2729994013171024, 1.9403704428223962, 0.7100631046908371, 0.217185807098011, 0,8, 0
0.28151400252777226, 2.076854754812995, 0.6930842222232285, 0.19876865628947665, 0,11, 0
0.2871017095722743, 1.9391587412536544, 0.6913140592190526, 0.21120191166030242, 0,9, 0
0.2533093860174283, 1.901235255606357, 0.740130678806567, 0.24101950266824412, 0,10, 0
0.33200292689416616, 1.8226310571121977, 0.6878571364294739, 0.17316400951656427, 0,7, 0
0.28889775826515, 1.9082252356429257, 0.6923600029617742, 0.1867931229501352, 0,8, 0
0.31198030998470033, 1.8400878963582745, 0.6822372768278977, 0.19005410995900335, 0,7, 0
0.2932215791924433, 1.9178792650468224, 0.7072255478304335, 0.2141640077070854, 0,10, 0
0.35974190115080157, 1.7537349436221734, 0.6328798674278635, 0.16053814550664883, 0,11, 0
0.3295416749817069, 1.8439952214424111, 0.6810903574309564, 0.16988618343544126, 0,7, 0
0.3163041309119936, 1.8844121394737556, 0.6684995368228455, 0.1874796085404001, 0,4, 0
0.2751945719417282, 1.913669045346706, 0.7056629287696721, 0.20725268798037833, 0,9, 0
0.2976784407636533, 1.925091008991568, 0.6829257650349025, 0.19040777531040531, 0,8, 0
0.33546198363600077, 1.7851382715215323, 0.6466827208899002, 0.17898928370461484, 0,8, 0
0.3088538548526575, 1.8726536096002753, 0.6749743837399016, 0.19299346823618574, 0,7, 0
0.35575068183330005, 1.7449772231737266, 0.6425199247800712, 0.16366923983387477, 0,6, 0
0.34464178806625423, 1.7724875494097312, 0.6541172398833471, 0.16198668552764894, 0,10, 0
0.3825583715825185, 1.6781831639601086, 0.608812468704647, 0.1555600865042502, 0,5, 0
0.37417681101576533, 1.6988574178253892, 0.6398490936514005, 0.1584404891570337, 0,3, 0
0.339586243597419, 1.769583866036851, 0.6506846736583272, 0.17352092973343092, 0,8, 0
0.3224240005321626, 1.8720550795622168, 0.6587543210034158, 0.17903355686050612, 0,6, 0
0.2922237743630679, 1.9293698821892593, 0.6938783959386218, 0.19689060496189525, 0,4, 0
0.3742433313377237, 1.6896495789949633, 0.6397376202091037, 0.15967409210699782, 0,3, 0
0.3169028138096188, 1.884475392703484, 0.6515495545508699, 0.18010020191658152, 0,7, 0
0.3284108295084148, 1.8295000160334394, 0.6540770665962914, 0.17803286240104155, 0,6, 0
0.36692609592230424, 1.736146050898177, 0.6170003762249623, 0.16039559776678464, 0,5, 0
0.3952637530765649, 1.6901144280991043, 0.603662972456503, 0.14654780890622177, 0,7, 0
0.3663939333466374, 1.6992403095110935, 0.6259117934290334, 0.15956725809007116, 0,4, 0
0.36439832368788666, 1.7313970610988059, 0.6569618655775252, 0.16813797987045975, 0,5, 0
0.3495642918911728, 1.7432630325056777, 0.636629889426328, 0.17869599455812454, 0,6, 0
0.3710503558837225, 1.6983981898410951, 0.6320950409858507, 0.16179591647713146, 0,6, 0
0.3548193973258831, 1.7405082075184137, 0.6617981586078667, 0.1750062614186286, 0,5, 0
0.37011907137630545, 1.6763032138672749, 0.6144595730549735, 0.16660080127560742, 0,7, 0
0.3852191844608528, 1.6575786354163842, 0.6408357419899411, 0.16354601778225333, 0,10, 0
0.39419942792523116, 1.6417851133482317, 0.630061557640479, 0.15360285030577583, 0,7, 0
0.391937736978647, 1.6383598490261884, 0.6226521758801521, 0.1550456698127992, 0,7, 0
0.3969932814474822, 1.6247722572102912, 0.5906479091362438, 0.15103761683055264, 0,1, 0
0.3864165502561032, 1.655907870673185, 0.5908806721192631, 0.15489702388320523, 0,9, 0
0.36586177077097054, 1.7216621888403105, 0.6221154017339642, 0.16207081832607806, 0,7, 0
0.36346703918046963, 1.7628012089297767, 0.6577684026049802, 0.16814714557742902, 0,5, 0
0.4067052484534025, 1.627563220611044, 0.5967981684199437, 0.14864883584598584, 0,8, 0
0.35368855185259096, 1.745046985351198, 0.6318972855496797, 0.17345304798262176, 0,10, 0
0.33040643916716556, 1.8675971122064936, 0.6412461114037171, 0.1803360122935511, 0,9, 0
0.35548460054546666, 1.7160410363699699, 0.6241188565396668, 0.17139546866924474, 0,8, 0
0.3728464045765982, 1.6599129013559073, 0.6441348716406435, 0.1680026359714332, 0,4, 0
0.3836226967338522, 1.645830583437184, 0.6238913526072017, 0.16221297993632405, 0,11, 0
0.3850196234949777, 1.6539118433755164, 0.6129483456287499, 0.15828158004083975, 0,9, 0
0.08487993081886516, 2.303051346180833, 0.9297264625518885, 0.28064600141392704, 0,0, 0
0.10556775094791458, 2.33930931507308, 0.8834103377529349, 0.349985673297148, 0,2, 0
0.11621100246125192, 2.349242307314622, 0.8914028792467147, 0.41689467353883847, 0,2, 0
0.1068316370651234, 2.4554042258615034, 0.8909654516409905, 0.4912894400466361, 0,6, 0
0.09958092197166234, 2.505529957014921, 0.8933638062721464, 0.514058530050383, 0,4, 0
0.0996474422936207, 2.4672601316445113, 0.9424463317291131, 0.5154625754935577, 0,5, 0
0.13802966806359343, 2.452245258241406, 0.851460608183944, 0.31194522642821765, 0,8, 0
0.1350362535754673, 2.343736710864326, 0.8622067311501534, 0.34010034679440715, 0,9, 0
0.15153329342114016, 2.2635920647493832, 0.8557830884719934, 0.29006759313303637, 0,6, 0
0.18805295017627885, 2.252358634204023, 0.8367399540756686, 0.2462651094629085, 0,4, 0
0.17461584514069048, 2.228272793115847, 0.8224694788636608, 0.2674376694731389, 0,7, 0
0.19902880329940797, 2.1722220327217707, 0.7894584967904938, 0.2289974220076723, 0,8, 0
0.15805228497305926, 2.2509289797944856, 0.8378240128112457, 0.3011619748951505, 0,7, 0
0.20268742100711767, 2.241764151922348, 0.7803023579450391, 0.22512749208117713, 0,6, 0
0.18944987693740437, 2.28611194088273, 0.810936698028675, 0.2166200775606876, 0,8, 0
0.1819330805561099, 2.177670760036728, 0.804140910387835, 0.2704810033945395, 0,5, 0
0.2201822656821659, 2.0858259732824895, 0.7972706562694092, 0.20666459205366444, 0,8, 0
0.25091465442692745, 2.0436464244953165, 0.7717562124919466, 0.1852491839185876, 0,10, 0
0.1792057473558172, 2.167449225139485, 0.8110097632698543, 0.31029230310304884, 0,6, 0
0.213330672520455, 2.1127254780376217, 0.7705194227983199, 0.22954129457054273, 0,8, 0
0.1570544801436839, 2.2905138214611607, 0.852035911899486, 0.30909391138956727, 0,10, 0
0.21133506286170425, 2.151486791203949, 0.7858219835284517, 0.22170219417573073, 0,8, 0
0.2181201357014568, 2.071591136924665, 0.7694077146104681, 0.24077014025727678, 0,6, 0
0.25803232887647176, 2.0173919109505807, 0.7603374853888835, 0.19810654241431958, 0,5, 0
0.1917780882059469, 2.267766776535632, 0.8442735017574597, 0.28441069203516656, 0,5, 0
0.2388079558305062, 2.01257979498726, 0.756921001396012, 0.2062241735828937, 0,11, 0
0.2334198097518792, 2.026828539646656, 0.7750734051104861, 0.20719695555862885, 0,7, 0
0.18166699926827645, 2.118487384745455, 0.8389400713517992, 0.3247092628788508, 0,4, 0
0.19749883589436573, 2.2135807285684397, 0.8034960373981547, 0.2504928798907144, 0,6, 0
0.23268808621033726, 2.128781297943878, 0.8056936315760551, 0.2243092544439685, 0,5, 0
0.2198496640723741, 2.0692573335644475, 0.7735631054654623, 0.23088389080969215, 0,11, 0
0.2650169626820994, 1.9662524766569278, 0.7458697930581389, 0.1845079226360484, 0,8, 0
0.2519124592563028, 2.025184198806586, 0.7844745762083025, 0.22212628856827105, 0,8, 0
0.19137896627419676, 2.219885474981475, 0.8056484265196496, 0.27970338326132343, 0,3, 0
0.22264351759462517, 2.24957924612203, 0.764076877823832, 0.2202820982552368, 0,6, 0
0.26328743431118207, 2.1203439863016924, 0.729583204957278, 0.18994028635163748, 0,8, 0
0.2184527373112486, 2.1219182544733752, 0.7672294800485924, 0.2508376551692934, 0,7, 0
0.24685691478746757, 2.073971258367217, 0.7513602075348471, 0.2056688662242995, 0,10, 0
0.2735315638927692, 1.9854830808841897, 0.7220296779047634, 0.18639346887514377, 0,6, 0
0.24053748420142354, 2.0032289385724225, 0.7514645466877349, 0.24306509454794928, 0,10, 0
0.28583782345506553, 1.9477343960118565, 0.7273324379558705, 0.18334472945494773, 0,3, 0
0.24033792323554845, 2.1123989444566265, 0.7740852735895233, 0.20530091326531674, 0,8, 0
0.261225304330473, 1.9726471502663712, 0.7481438333311268, 0.20060812451573132, 0,8, 0
0.31291159449211736, 1.857918581181972, 0.7034401970959901, 0.17793931721765488, 0,7, 0
0.30752344841349033, 1.8938066150854584, 0.6877669151780149, 0.1676378431212754, 0,2, 0
0.2605601011108894, 1.9511472768177096, 0.7282706545141615, 0.20691527849874802, 0,4, 0
0.32568349630812216, 1.8502941127666526, 0.6799065449232509, 0.1640856057057309, 0,3, 0
0.30792257034524045, 1.8501309118473561, 0.7209273405670668, 0.17483407998981484, 0,9, 0
0.2878999534357746, 1.8947837017161844, 0.7040819049447762, 0.18983361921366712, 0,5, 0
0.31563892769241003, 1.8564080991351992, 0.7112175135652277, 0.17418860870417152, 0,7, 0
0.27765582385418747, 2.0089905914698565, 0.7103729180739878, 0.19575068391222009, 0,7, 0
0.25883057273997206, 2.010616581479859, 0.7495459148760285, 0.2200774271836824, 0,7, 0
0.2737976451806027, 1.9807152667382135, 0.7731347105703006, 0.22554108506174886, 0,8, 0
0.2871682298942327, 1.9102394280855206, 0.7204885394880595, 0.19126843368826546, 0,9, 0
0.27220115745360207, 1.884769317407233, 0.7225476556292947, 0.21742421897509764, 0,9, 0
0.265682165901683, 1.9964674172454242, 0.7265224928172316, 0.21211996810228528, 0,9, 0
0.26169094658418146, 2.047048887743062, 0.7262173351872291, 0.2145451558760385, 0,9, 0
0.2882990753675248, 1.8935775239057013, 0.7013846581305876, 0.20241240403638266, 0,8, 0
0.33566154460187586, 1.779345483874431, 0.6666453961490346, 0.17469333191840083, 0,7, 0
0.3181001796048693, 1.8170695717222303, 0.6884606763429221, 0.1800766426454975, 0,8, 0
0.3381893168362935, 1.7750413871759871, 0.6683938956218721, 0.16696599254957664, 0,9, 0
0.2767910596687288, 1.9662147841513502, 0.7147257090126574, 0.20254387161855159, 0,9, 0
0.3246191711567884, 1.802088043269922, 0.7113278433759427, 0.1862201361501389, 0,6, 0
0.3242200492250383, 1.822901812672163, 0.6985495946366111, 0.18067132189774968, 0,12, 0
0.3171023747754939, 1.8205623130895718, 0.7147590898180737, 0.1895138122563675, 0,7, 0
0.3489656089935475, 1.771896022913469, 0.6680999556964541, 0.17255443303995194, 0,8, 0
0.32275660214195434, 1.8057158710650005, 0.7203744153249859, 0.18939945630715602, 0,9, 0
0.31211335062861706, 1.8426391415623604, 0.7042466594654019, 0.1888687338253691, 0,7, 0
0.35468635668196635, 1.7415145603687252, 0.6658366148779978, 0.16451154969954104, 0,3, 0
0.3594758198629681, 1.724832178974139, 0.6372805086965091, 0.1562555603826959, 0,11, 0
0.3574802102042174, 1.7348837088636158, 0.6284781761782368, 0.15973473830017526, 0,8, 0
0.32455265083483004, 1.795655538432257, 0.700448726721008, 0.19164323092582675, 0,9, 0
0.3566819663407171, 1.765105088813524, 0.6568509776738375, 0.16676396951822817, 0,7, 0
0.3576132508481341, 1.7168873058602154, 0.6381095508898394, 0.16321997841860064, 0,2, 0
0.3812279651433513, 1.7098588186796257, 0.6297420652995784, 0.15366150869868503, 0,12, 0
0.397325883057274, 1.6666551226509518, 0.6049490167145823, 0.14525223560397033, 0,6, 0
0.3657952504490122, 1.7443533473676816, 0.6551472203738378, 0.16226854909149213, 0,10, 0
0.330672520454999, 1.8117786795604667, 0.6605946352299492, 0.19626851291545397, 0,8, 0
0.35994146211667666, 1.7176144638477364, 0.6608259233303952, 0.1692264611553851, 0,6, 0
0.35654892569680036, 1.7224914641534308, 0.6604611009049439, 0.17069902215175747, 0,13, 0
0.29308853854852657, 2.0208237332842716, 0.6938953847206883, 0.19104100389960066, 0,7, 0
0.3032661478081554, 1.874597165116783, 0.7024179159876947, 0.18835190041404853, 0,6, 0
0.3402514468170026, 1.7243200616649246, 0.6850133009813392, 0.18088120212204425, 0,8, 0
0.32880995144016495, 1.8058241876642012, 0.6449904694588482, 0.17571764366058903, 0,6, 0
0.3727798842546398, 1.7043675168390198, 0.6143492891899003, 0.14945632339795084, 0,6, 0
0.3945985498569813, 1.6433591808989194, 0.6222096710285018, 0.15115334401618596, 0,5, 0
0.3481008448080889, 1.7634407753027073, 0.6473727646148597, 0.16851852652103244, 0,7, 0
0.3542207144282578, 1.7371514342263858, 0.6595604676046457, 0.16858253055966266, 0,9, 0
0.37603938003059934, 1.6821581576744857, 0.6072105646637634, 0.16048333516805813, 0,4, 0
0.3351959023481674, 1.7753816134362832, 0.6567605029532713, 0.19552220218817049, 0,5, 0
0.3864830705780616, 1.6831345571131793, 0.6154353139600482, 0.154964751539909, 0,9, 0
0.3091864564624493, 1.8602179391377147, 0.6701763170374885, 0.2073532406904746, 0,10, 0
0.34417614581254574, 1.8619477458440448, 0.6244462479140521, 0.17148975260881927, 0,8, 0
0.35641588505288363, 1.7201106226397458, 0.6189422249792051, 0.16595195325765066, 0,8, 0
0.3580788931018426, 1.7792417481794398, 0.6125088108086492, 0.16718434079758104, 0,6, 0
0.36260227499501096, 1.7570453719021293, 0.6271120545049991, 0.15827250339591134, 0,7, 0
0.3408501297146278, 1.7704198654917735, 0.6460956665477947, 0.17795821762401975, 0,6, 0
0.3392536419876272, 1.717958812790384, 0.6432701830382658, 0.1866569612609386, 0,5, 0
0.36852258364930485, 1.6866504976050485, 0.6178577273686273, 0.15799953835041453, 0,11, 0
0.36785738042972127, 1.706688689309696, 0.614968919702995, 0.16647432511460003, 0,8, 0
0.40470963879465177, 1.6233529928224906, 0.6017318516925256, 0.14844820203187836, 0,4, 0
0.10184261291824652, 2.3034504218498943, 0.9177480071201322, 0.2907577674316965, 0,0, 0
0.09958092197166234, 2.300160744879636, 0.927121435349904, 0.44922540508257314, 0,2, 0
0.09991352358145414, 2.312229191631263, 0.9273376082964652, 0.5203752554976794, 0,3, 0
0.10051220647907935, 2.3906128393123227, 0.8777699163158681, 0.5070076862829931, 0,3, 0
0.16876205680835496, 2.3456504312824333, 0.8297995718612365, 0.26358574277083346, 0,4, 0
0.15911661012439302, 2.259825873635038, 0.8340020832762278, 0.24200499211836765, 0,5, 0
0.13570145679505088, 2.3321184873469916, 0.9071485921194576, 0.34427960690028575, 0,6, 0
0.14222044834697, 2.305022958303048, 0.8814851519581439, 0.33426416121285973, 0,6, 0
0.1843278121466108, 2.1929925712117777, 0.851502377860344, 0.27230415006093034, 0,11, 0
0.14767511474755537, 2.372184544823519, 0.8500121698162245, 0.3305585649423221, 0,6, 0
0.18625690148340318, 2.3192389101307445, 0.7995688881538033, 0.2580231762053195, 0,4, 0
0.15412758597751613, 2.4162848982150895, 0.8482897713719896, 0.3175300575553878, 0,9, 0
0.18053615379498436, 2.2518793893639124, 0.8648226048432877, 0.25875000991417546, 0,7, 0
0.17980443025344242, 2.459754879195668, 0.809895324160617, 0.24802072758231425, 0,7, 0
0.18632342180536154, 2.1839073275818777, 0.8121144247104404, 0.2643883976248413, 0,4, 0
0.18505953568815273, 2.1789785885393744, 0.8503549360494018, 0.25480410483452604, 0,2, 0
0.15738708175347568, 2.4056348958344054, 0.8451316302070156, 0.3270505797781339, 0,10, 0
0.19058072241069646, 2.165408264882533, 0.8141958515814597, 0.2389382760441042, 0,7, 0
0.17415020288698196, 2.3356778921183654, 0.8143433722023254, 0.2646562878678497, 0,9, 0
0.19217721013769706, 2.1277731641247817, 0.8066071898403365, 0.2689269202423417, 0,7, 0
0.16556908135435375, 2.187645981853882, 0.829095953332734, 0.30001059388648654, 0,3, 0
0.213330672520455, 2.1796637279405444, 0.7761816258992674, 0.21176072845356037, 0,6, 0
0.20321958358278455, 2.153413531714108, 0.8023243014803415, 0.24534002909087757, 0,4, 0
0.2200492250382492, 2.057531548967414, 0.7767361871161254, 0.22497663632533624, 0,8, 0
0.21692276990620635, 2.1202267502220633, 0.7904576157155606, 0.21108392324129363, 0,8, 0
0.21579192443291426, 2.1263433608721414, 0.7793657754421532, 0.2226888427552358, 0,6, 0
0.23275460653229563, 2.0754572851234574, 0.7509824317755545, 0.21065465541759668, 0,10, 0
0.24991684959755206, 2.006544148312162, 0.7878528341172425, 0.21461821791657829, 0,5, 0
0.2938202620900685, 1.949432524165842, 0.7040660064783816, 0.16196348910104455, 0,4, 0
0.22277655823854187, 2.0681345875785158, 0.7703838654170754, 0.22633429760255364, 0,3, 0
0.2656156455797246, 1.9839692054486027, 0.749921915887374, 0.1826036501586431, 0,11, 0
0.24220049225038248, 2.0750312304247767, 0.772728187332292, 0.2048124585180859, 0,6, 0
0.21665668861837292, 2.021345079496284, 0.772894954877283, 0.24399442557347123, 0,7, 0
0.23681234617175548, 2.009261830218782, 0.7674484548144016, 0.21853995489113948, 0,4, 0
0.2256369320827513, 2.1089910105072014, 0.7646181109747586, 0.23348665318360365, 0,7, 0
0.2093394532029535, 2.0968111677535526, 0.7922561435589083, 0.26587169289091844, 0,3, 0
0.2867025876405242, 1.9510827804288964, 0.7356592313681516, 0.17412669487730897, 0,6, 0
0.2646178407503492, 1.9342381022516175, 0.7281563843049466, 0.19804742605054174, 0,4, 0
0.21273198962282977, 2.1190740200944, 0.7819339972205538, 0.23828449152034392, 0,8, 0
0.26714561298476686, 1.9582339628231404, 0.7210733524256119, 0.18831939925184063, 0,9, 0
0.2189183795649571, 2.1448038583116475, 0.7660736655066341, 0.2415182832288277, 0,10, 0
0.27785538482006256, 1.976669539502382, 0.7198375643286657, 0.18177597883938884, 0,8, 0
0.27592629548327013, 2.0085773661783226, 0.7217089157010522, 0.1785088121709289, 0,8, 0
0.2812479212399388, 1.9821181496618783, 0.7159685355500115, 0.1855850113191768, 0,8, 0
0.29854320494911196, 1.9187607348365698, 0.702857985596233, 0.1759653322521842, 0,7, 0
0.267544734916517, 2.05092645749308, 0.7163586155555626, 0.19177479124009866, 0,11, 0
0.30300006652032196, 1.9805610092038493, 0.6962330688297078, 0.17209014708057432, 0,7, 0
0.2533093860174283, 2.046965739118881, 0.7415574216430345, 0.21045059292072854, 0,5, 0
0.26960686489722613, 2.0049803537427326, 0.7154205751145638, 0.1865268088156493, 0,9, 0
0.26348699527705716, 2.042091836109693, 0.7390419312188237, 0.19246498944466528, 0,8, 0
0.3129781148140757, 1.9002416852284498, 0.692014216117801, 0.164921661700291, 0,5, 0
0.2804496773764385, 1.972028971705649, 0.7086516202842101, 0.18856772740172695, 0,6, 0
0.29754540011973657, 1.9621084982911279, 0.698278856079151, 0.18137611150544644, 0,8, 0
0.27931883190314644, 1.9685528809035568, 0.7088351100590131, 0.2037073686407012, 0,9, 0
0.2676777755604337, 1.9625972566697076, 0.7377039167571504, 0.2148385335559192, 0,8, 0
0.27346504357081086, 1.9599324003003722, 0.7214982580216359, 0.20998561547136524, 0,7, 0
0.27785538482006256, 1.9447010741106632, 0.7195001841819978, 0.1975088397721777, 0,9, 0
0.24765515865096788, 1.9633769994762806, 0.7478631718493937, 0.23611654478339672, 0,8, 0
0.2800505554446884, 1.9352016926945734, 0.7143801207362164, 0.1929178098909923, 0,6, 0
0.30386483070578063, 1.87944733679021, 0.7200837245446782, 0.1851445220700178, 0,10, 0
0.27466240936606134, 1.9709772203271994, 0.7137220528336577, 0.20175029808021644, 0,9, 0
0.29821060333932015, 1.8998318899298732, 0.6919506332643333, 0.19235359786033757, 0,7, 0
0.29794452205148675, 1.9405550067790973, 0.6880491840820636, 0.19856880884325545, 0,12, 0
0.27479545000997807, 1.9542868993584128, 0.7215273131160991, 0.20762733286795002, 0,5, 0
0.319164504756203, 1.8435194632678438, 0.68731255073689, 0.1878327749004517, 0,8, 0
0.34291225969533695, 1.772962742010245, 0.6507471438383934, 0.16423059227152312, 0,11, 0
0.3023348633007384, 1.8533806712652547, 0.7128905579447549, 0.19485696361081614, 0,7, 0
0.3540211534623828, 1.7406409791286204, 0.6896575054448342, 0.1721677437309233, 0,12, 0
0.3333333333333333, 1.8226004274537098, 0.6625163164930832, 0.17233131359869105, 0,10, 0
0.3534224705647575, 1.7655959412508093, 0.6513397638289905, 0.1641673109599587, 0,6, 0
0.3371915120069181, 1.8011233181500794, 0.6780031843940652, 0.1734698285321442, 0,5, 0
0.30892037517461585, 1.826819124198726, 0.6854972310895471, 0.2019093483107256, 0,6, 0
0.31477416350695137, 1.8119822742299374, 0.6740276371329756, 0.19305173077994198, 0,11, 0
0.3540211534623828, 1.7370230937356175, 0.676795409134172, 0.17487203106998295, 0,6, 0
0.3393866826315439, 1.7768708008068221, 0.6866900477836368, 0.18257419899845234, 0,10, 0
0.3249517727665802, 1.7960796951930427, 0.6823155261548134, 0.19020668162948198, 0,3, 0
0.3598749417947183, 1.704876002806719, 0.648949035159144, 0.16614476706363476, 0,9, 0
0.323621366327413, 1.8615731273924672, 0.6589260367649175, 0.18621310661550106, 0,4, 0
0.31277855384820064, 1.805194091009442, 0.6770093246098942, 0.20128104376134082, 0,6, 0
0.34989689350096453, 1.7397359302441517, 0.6353842322572676, 0.16875603926930338, 0,7, 0
0.3379897558704184, 1.7790566050529735, 0.6444433158801632, 0.17266519589907361, 0,8, 0
0.33426461784075034, 1.77218773661121, 0.6843140639462448, 0.18975089953537225, 0,8, 0
0.3556841615113417, 1.738978516335482, 0.6509694324745948, 0.16846923083140947, 0,8, 0
0.38940996474422934, 1.650718078176823, 0.6289571874331024, 0.15748684321565715, 0,10, 0
0.3477017228763387, 1.7315226846042446, 0.6436230891094047, 0.16450224377727538, 0,9, 0
0.3807623228896428, 1.6508769242458854, 0.6410141633792295, 0.16293819928959544, 0,4, 0
0.37876671323089206, 1.6666860617883095, 0.6352019533019927, 0.16432555485715705, 0,8, 0
0.3574802102042174, 1.774581192341947, 0.6487133522999186, 0.169325098407178, 0,6, 0
0.3751080955231823, 1.6679122824952137, 0.6262282285405992, 0.16241023545190753, 0,9, 0
0.3999866959356083, 1.6643664396817057, 0.6022332780512163, 0.14628640541186833, 0,6, 0
0.3870152331537285, 1.6453233883106992, 0.6077152004998515, 0.15800450791945037, 0,5, 0
0.3563493647309253, 1.7130734042628737, 0.6862872723827089, 0.18990212155687597, 0,6, 0
0.4033792323554846, 1.628927297826252, 0.6003263325405387, 0.1491934003185264, 0,7, 0
0.3759063393866826, 1.6786292567546834, 0.665309564048691, 0.17765236183836886, 0,6, 0
0.33220248786004125, 1.7745799765269343, 0.6586341855973299, 0.1827379888987058, 0,7, 0
0.35834497438967605, 1.711240113903597, 0.6438626411040275, 0.1709863158824106, 0,12, 0
0.35814541342380096, 1.7789221645627702, 0.6505632796191807, 0.17068275222692744, 0,10, 0
0.38415485930951904, 1.7446665305113718, 0.6340208257897474, 0.16126396186140796, 0,6, 0
0.3663939333466374, 1.7085024837124714, 0.6625130877422989, 0.17776462097590076, 0,3, 0
0.3608727466240937, 1.7318202245261611, 0.6435457032043196, 0.17029452457472818, 0,6, 0
0.3207609924832036, 1.7988924567970475, 0.6645263766203706, 0.18913127540360308, 0,10, 0
0.1060333932016231, 2.30179326616583, 0.884951532707162, 0.4430401845698131, 0,0, 0
0.09904875939599547, 2.319490483577464, 0.8938837418790088, 0.5072394844446896, 0,0, 0
0.09904875939599547, 2.3439832017591895, 0.8938837418790088, 0.5053412723318392, 0,6, 0
0.10111088937670458, 2.380345998001949, 0.880417340081848, 0.39053533234224913, 0,3, 0
0.14900552118672256, 2.366754900875471, 0.8541363451146512, 0.29814849491846096, 0,5, 0
0.13157719683363267, 2.409148449250057, 0.857316620936743, 0.34365797637002515, 0,7, 0
0.16097917913922705, 2.3019691797214095, 0.8378233606125899, 0.29002859397876773, 0,8, 0
0.11601144149537684, 2.391389190321997, 0.9097288207864086, 0.4718338555257626, 0,5, 0
0.1012439300206213, 2.495751824107291, 0.9114980099099179, 0.5151831920334446, 0,6, 0
0.13783010709771834, 2.474563350412951, 0.8644608936241321, 0.372543152797269, 0,10, 0
0.18246524313177676, 2.2780792239833114, 0.7954985161436811, 0.24323107292921006, 0,7, 0
0.1273864165502561, 2.285362522227634, 0.8815277476287123, 0.32574655208196857, 0,9, 0
0.18073571476085945, 2.3503823249963185, 0.7981168935326005, 0.25091249069563354, 0,7, 0
0.18379564957094394, 2.315113900545661, 0.8009056432122548, 0.2536736798282513, 0,5, 0
0.17095722743298078, 2.2488767064863486, 0.8291111998232995, 0.26141519580021244, 0,10, 0
0.21020421738841216, 2.130846828517661, 0.7923408385329402, 0.22983863590420564, 0,5, 0
0.16244262622231093, 2.2408007968092982, 0.853695200388404, 0.3551502388955751, 0,10, 0
0.17308587773564824, 2.3114831018636606, 0.8187185503299125, 0.2799927389414034, 0,6, 0
0.1900485598350296, 2.215075685435059, 0.8142448727891697, 0.23448512781431602, 0,6, 0
0.22789862302933547, 2.0998044169719114, 0.7628002842718198, 0.21278427414053114, 0,4, 0
0.22204483469699993, 2.1146178145549146, 0.7820662217233633, 0.22479661353637198, 0,8, 0
0.25616975986163776, 2.060381331058714, 0.7472885321849944, 0.184894915563201, 0,5, 0
0.22244395662875008, 2.1349594192749755, 0.7733646980116995, 0.21989322049231197, 0,12, 0
0.20913989223707843, 2.1912977827695177, 0.8391684724742455, 0.26395182117879995, 0,7, 0
0.22823122463912726, 2.0884850415325147, 0.7955704054212434, 0.2138649889359994, 0,4, 0
0.18532561697598615, 2.1495872930654754, 0.8530447990222256, 0.3031239106273323, 0,9, 0
0.1967671123528238, 2.1425749156707092, 0.8283661051934921, 0.2547680895396964, 0,6, 0
0.23634670391804696, 2.0605554885352944, 0.772140812461504, 0.22178756906037767, 0,6, 0
0.22224439566287502, 2.195344515616155, 0.762720090816182, 0.23259026166308172, 0,8, 0
0.21885185924299874, 2.194366916047673, 0.7615657200915975, 0.22702062252654806, 0,7, 0
0.20574735581720216, 2.1148703111559777, 0.8392686915934199, 0.2720704126315979, 0,8, 0
0.2361471429521719, 2.0526511473053985, 0.7641512420455815, 0.2200975835741996, 0,6, 0
0.23155724073704517, 2.048400420842989, 0.7791757843155162, 0.22074405369159072, 0,4, 0
0.2443956628750083, 2.0059917261998095, 0.7433273522242747, 0.20764080004606802, 0,7, 0
0.2737976451806027, 1.9741525878800308, 0.7125317531610201, 0.190656846431796, 0,7, 0
0.24945120734384355, 2.062154850430937, 0.7362258838858441, 0.21491224121670968, 0,5, 0
0.23654626488392202, 1.9858031566252625, 0.756830590030573, 0.22481885429160783, 0,9, 0
0.2463247522118007, 2.071092515618852, 0.7376038764151915, 0.20153792540063126, 0,5, 0
0.27240071841947716, 1.992286796960924, 0.7135966787085484, 0.18624066744431997, 0,11, 0
0.2370784274595889, 2.109666404562828, 0.755675891874733, 0.21627973023309446, 0,8, 0
0.27432980775626953, 1.9448802586936558, 0.7411292751207961, 0.20088681458880475, 0,6, 0
0.2561032395396794, 1.9928817990368128, 0.771815855914138, 0.22555622783806034, 0,7, 0
0.29042772567019226, 1.8974105149997191, 0.7027265933634671, 0.1813006115450818, 0,5, 0
0.26428523914055746, 1.9508714136912073, 0.7452911606919789, 0.20390744717916987, 0,7, 0
0.2527107031198031, 2.051159449694344, 0.7398172508905758, 0.200896196507532, 0,6, 0
0.2602274995010976, 1.9905597663251637, 0.7383896202299108, 0.20243703111971215, 0,5, 0
0.30712432648174015, 1.8571830627003616, 0.7183005043114151, 0.17610156706537064, 0,9, 0
0.30845473292090736, 1.900050232445005, 0.7202438179897338, 0.18178283350538035, 0,4, 0
0.2808487993081887, 1.948474592583817, 0.7482769905123946, 0.19538150399741194, 0,6, 0
0.221313111155458, 2.0022294495084014, 0.7699541122617751, 0.2646375845641395, 0,7, 0
0.27260027938535225, 1.959602470245855, 0.7431793775485075, 0.19627806823843336, 0,3, 0
0.2829109292888978, 2.000060169856039, 0.7151055783757285, 0.18646619686268606, 0,9, 0
0.22683429787800172, 2.096353644562015, 0.7669853598987362, 0.248884873590377, 0,5, 0
0.2565688817933879, 2.009137126963383, 0.724300438061658, 0.21051936029683813, 0,11, 0
0.2983436439832369, 1.948525802160399, 0.7044938394319891, 0.18745794816397854, 0,9, 0
0.27506153129781147, 1.9712358414591535, 0.6995221670373976, 0.20324428330428485, 0,9, 0
0.27938535222510474, 1.9403712793927956, 0.6983079477563446, 0.20660197730174304, 0,3, 0
0.2785871083616045, 1.9716206468571875, 0.7186779487863949, 0.21453886294536237, 0,12, 0
0.3155058870484933, 1.8190079296268817, 0.6736958707033729, 0.17606639635013172, 0,10, 0
0.2911594492117342, 1.9907345102114535, 0.6886744218459718, 0.19364947346436204, 0,10, 0
0.25424067052484534, 2.0786625553924374, 0.7396550863454456, 0.2328416617394678, 0,8, 0
0.3494977715692144, 1.7985835068677702, 0.6644398023385818, 0.17000402433205378, 0,8, 0
0.34131577196833635, 1.8057287243528612, 0.6436084998547967, 0.1645674570322513, 0,5, 0
0.2981440830173618, 1.8723519303671323, 0.6968081202319878, 0.20069349970441538, 0,4, 0
0.28909731923102505, 1.8889351557973204, 0.6928480759693264, 0.2030676854741792, 0,7, 0
0.27399720614647777, 1.954747228769773, 0.7164485554210629, 0.23024740268267266, 0,8, 0
0.32614913856183064, 1.8046139921684001, 0.6956997749646344, 0.17825907854351175, 0,9, 0
0.36300139692676114, 1.7388713383939478, 0.6443500808071551, 0.15596501798717477, 0,6, 0
0.33320029268941664, 1.8140230574968181, 0.6719160633338184, 0.17218693666093496, 0,5, 0
0.3437105035588372, 1.8032363054361091, 0.6497466322515014, 0.16686388631594085, 0,7, 0
0.26315439366726534, 1.9521549490447658, 0.7511891603768457, 0.22850170323312638, 0,5, 0
0.328078227898623, 1.8635973419359977, 0.6686274490709785, 0.1731579602353554, 0,3, 0
0.3153063260826182, 1.8992889356781273, 0.6831614969339307, 0.17817719838663282, 0,8, 0
0.31657021219982706, 1.84337957024719, 0.6673196296173731, 0.1857105971706584, 0,7, 0
0.3550854786137165, 1.7529876414850738, 0.6489532198000242, 0.16044771984655362, 0,7, 0
0.3250848134104969, 1.7932550054201384, 0.6976425558914713, 0.19639006102525497, 0,7, 0
0.3494977715692144, 1.7690687358323856, 0.6413648669697056, 0.1696015915104756, 0,6, 0
0.3485664870617974, 1.7847248518418577, 0.6412652628628845, 0.1626819297695205, 0,4, 0
0.2972127985099448, 1.9120170403120007, 0.6743498407705455, 0.19163060690803543, 0,6, 0
0.35328942992084084, 1.7503054519339742, 0.6483194584582531, 0.16252876133061891, 0,11, 0
0.33606066653362604, 1.7828764048496866, 0.6585752758231981, 0.17244864193234244, 0,8, 0
0.341448812612253, 1.783974112348944, 0.6939713541499231, 0.1766022837293903, 0,6, 0
0.31657021219982706, 1.8840932249705695, 0.6718837452787055, 0.1818960719233995, 0,6, 0
0.32714694339120604, 1.8411026206835217, 0.7039183599571501, 0.1883617457267485, 0,16, 0
0.34430918645646247, 1.7923568045514902, 0.6540042923967875, 0.16818272009533886, 0,3, 0
0.35575068183330005, 1.721179311800279, 0.6401669995491003, 0.16658625964798868, 0,8, 0
0.34078360939266944, 1.770611777864974, 0.6595942357214316, 0.1762593873466772, 0,5, 0
0.3779019490454334, 1.6873325248412614, 0.6302726928993778, 0.1598295523204415, 0,7, 0
0.37889975387480873, 1.6780137075565378, 0.6330071216946771, 0.15675611958313693, 0,8, 0
0.3530233486330074, 1.705997198703149, 0.6659720406491545, 0.17981530267776108, 0,11, 0
0.3730459655424732, 1.6861274319498996, 0.6430145508502078, 0.16631378730798638, 0,7, 0
0.3610723075899687, 1.7113666098441207, 0.6446874531244019, 0.17071452382942584, 0,7, 0
0.3632009578926362, 1.758176297942599, 0.6137306634001871, 0.16325082716416353, 0,5, 0
0.3692543071908468, 1.7262304881899242, 0.6394185614085911, 0.1653413837942625, 0,11, 0
0.3518925031597153, 1.7497173926533398, 0.6316321618234398, 0.16708996998535425, 0,10, 0
0.38528570478281116, 1.6887542751467743, 0.6177964837404963, 0.15512847746169495, 0,6, 0
0.34444222710037914, 1.7824339322670961, 0.6866533384702268, 0.18403690741673506, 0,8, 0
0.36852258364930485, 1.7106439903976198, 0.6450598500360656, 0.16993799079420377, 0,8, 0
0.34417614581254574, 1.7263894624706277, 0.6360452939553359, 0.17261069036762267, 0,9, 0
0.3602740637264684, 1.7179508905349548, 0.6373879221900343, 0.1685113708190631, 0,4, 0
0.35448679571609126, 1.7238492451606695, 0.6464027570781995, 0.17163500155222183, 0,6, 0
0.09612186522982771, 2.3040569245375173, 0.929388319274755, 0.2845735215540203, 0,0, 0
0.10210869420607996, 2.3235728261174695, 0.9145661793424646, 0.34574854452857695, 0,2, 0
0.12359475819862968, 2.379600255034018, 0.8893531141776019, 0.34453082913425276, 0,3, 0
0.15299674050422404, 2.351372844118372, 0.8548866055335416, 0.25848077339811587, 0,5, 0
0.10244129581587175, 2.349204634038907, 0.9106159625654603, 0.4736218902186499, 0,8, 0
0.10709771835295682, 2.3533539815647813, 0.9053349695766962, 0.4227232279081503, 0,3, 0
0.13955963546863567, 2.576008742150453, 0.8716444976826204, 0.3380141570015718, 0,8, 0
0.14434909864963746, 2.296127079299671, 0.8575007179839591, 0.27461556070573717, 0,3, 0
0.1587840085146012, 2.300927567456619, 0.8215610972068919, 0.3172531265386831, 0,5, 0
0.2128650302667465, 2.1982775618594967, 0.814550729079516, 0.21477695440436723, 0,6, 0
0.19537018559169828, 2.335334832960281, 0.7927752419661556, 0.22347873100129423, 0,4, 0
0.13523581454134237, 2.2956154707511693, 0.8610214009682076, 0.326159018971566, 0,6, 0
0.16463779684693675, 2.345029105582193, 0.8557653872143157, 0.28161126721973656, 0,7, 0
0.12286303465708774, 2.3533411200457466, 0.8721897159744577, 0.4126762746781372, 0,6, 0
0.2137963147741635, 2.176300863928482, 0.8012323606026571, 0.21468587163098868, 0,5, 0
0.16796381294485466, 2.2135977699063076, 0.8245517397756548, 0.29272074736213766, 0,9, 0
0.18186656023415154, 2.179905936511494, 0.8143980350713086, 0.26070997591903877, 0,6, 0
0.20894033127120334, 2.1918572134928165, 0.8086622489371552, 0.22305318886271633, 0,8, 0
0.18299740570744363, 2.205785502714525, 0.8158826728367693, 0.25451959398520585, 0,10, 0
0.24333133772367457, 2.0917977401138597, 0.7788506857015934, 0.18513317692309164, 0,12, 0
0.2165236479744562, 2.1516509438706106, 0.7765081291325362, 0.2115435735664665, 0,5, 0
0.17481540610656557, 2.242789217901271, 0.8199754926353497, 0.30731997101236574, 0,7, 0
0.18738774695669527, 2.286486446179451, 0.8156264127900148, 0.27755412604476265, 0,8, 0
0.24067052484534024, 2.1124669415249935, 0.7962272035485127, 0.2027639454489438, 0,5, 0
0.23175680170292023, 2.134867501565735, 0.7873707962625286, 0.22562292009565638, 0,5, 0
0.2264351759462516, 2.1170898059730336, 0.8046336818854236, 0.2179461988925863, 0,10, 0
0.2334198097518792, 2.0399451289817354, 0.7706118474796528, 0.20511309226091598, 0,6, 0
0.25769972726667995, 2.000826718952654, 0.7391174003464569, 0.1789254463285681, 0,8, 0
0.24220049225038248, 2.0775207989961095, 0.7925088590885223, 0.21928943624473277, 0,4, 0
0.2527107031198031, 2.037712745523608, 0.7826061180509433, 0.19454040014686202, 0,5, 0
0.20814208740770304, 2.0256703876453046, 0.7790989294458871, 0.23391060387298673, 0,10, 0
0.2855052218452737, 1.9791105162484406, 0.7035492524113416, 0.16809529107953122, 0,5, 0
0.24705647575334264, 2.1070835514236084, 0.7446615006676316, 0.19466165880835887, 0,13, 0
0.2761258564491452, 1.9368653909766587, 0.7485344869023394, 0.178339050132623, 0,10, 0
0.24246657353821593, 2.0387754837909813, 0.7611933793694043, 0.2106371956658922, 0,6, 0
0.28217920574735583, 1.931711672610535, 0.718379231350393, 0.17333351299712996, 0,9, 0
0.25949577595955564, 2.061936045049043, 0.7316698243919668, 0.19405873249143427, 0,9, 0
0.25603671921772103, 2.0498167629974025, 0.7238930086771822, 0.1951176088209099, 0,6, 0
0.24259961418213263, 1.998275711619988, 0.7545640277777591, 0.22273367140636247, 0,7, 0
0.2481208009046764, 1.9903583326977599, 0.7323453558626359, 0.21068835209271988, 0,4, 0
0.2820461651034391, 1.9212652875747, 0.7255053465002473, 0.1860000957560435, 0,9, 0
0.3007383755737378, 1.9274179919337922, 0.6983078276512339, 0.16651305596719435, 0,8, 0
0.2643517594625158, 2.098654332821823, 0.7178641533878185, 0.19865255793710396, 0,9, 0
0.2966806359342779, 1.9322061873097656, 0.7051210977699314, 0.1706247936558948, 0,5, 0
0.2900286037384421, 1.928757605859241, 0.7059509363024862, 0.18514648810752096, 0,9, 0
0.2737311248586443, 2.0249411548428182, 0.7137561319586609, 0.20682301498363834, 0,5, 0
0.29189117275327614, 1.9412023096568949, 0.7116597831696825, 0.1882796719778808, 0,7, 0
0.28929688019690014, 1.9540729555058827, 0.6997353458275513, 0.1800756813534711, 0,4, 0
0.2717355151998936, 1.9465875503292565, 0.7657933111194697, 0.21281290666911282, 0,3, 0
0.3232222443956629, 1.850288027902805, 0.6847744785721963, 0.16328589109547173, 0,10, 0
0.3129781148140757, 1.925657229545484, 0.6874493456179548, 0.1666537125919998, 0,8, 0
0.3100512206479079, 1.9204268199748196, 0.6785789499138528, 0.17262812294337365, 0,10, 0
0.29109292888977584, 1.8857156198149883, 0.7191078547249142, 0.20427475949344462, 0,8, 0
0.3101177409698663, 1.90310534710958, 0.6733459950160291, 0.17598060551330716, 0,8, 0
0.2792523115811881, 1.998618566822579, 0.7108926342232043, 0.19816001279047005, 0,4, 0
0.2610257433645979, 1.9577261587919719, 0.7594717546611237, 0.21822722376241593, 0,7, 0
0.3287434311182066, 1.8123358043020599, 0.664768064396123, 0.1658614510891147, 0,7, 0
0.27672453934677044, 1.923424728119087, 0.7241274845232957, 0.20553209396778827, 0,7, 0
0.2654826049358079, 1.9171751817170553, 0.7284296250119979, 0.21360151498782884, 0,7, 0
0.30266746491053015, 1.8402668115725214, 0.6866496584058795, 0.19432904741654422, 0,6, 0
0.3028005055544469, 1.8842598549669267, 0.7197384635416206, 0.18618338262297396, 0,12, 0
0.3233552850395796, 1.8221763146103622, 0.6806856051558623, 0.17121557471697715, 0,9, 0
0.35468635668196635, 1.765745071497124, 0.6513519801005643, 0.16322118614444714, 0,7, 0
0.2834430918645646, 1.892534745557892, 0.7142136779710754, 0.22209559248887487, 0,6, 0
0.3433113816270871, 1.8212538120918373, 0.6701784958452768, 0.1652394822385244, 0,7, 0
0.33951972327546065, 1.7982896030650979, 0.6630957106333218, 0.16914275855508862, 0,7, 0
0.31291159449211736, 1.807729402139088, 0.6793195919307721, 0.2063608369332756, 0,6, 0
0.32262356149803767, 1.849255923223156, 0.708437707097023, 0.17644826019882381, 0,7, 0
0.34783476352025544, 1.7752662584119188, 0.6440494476488865, 0.1686392229728085, 0,6, 0
0.34943125124725605, 1.7501664287885537, 0.6508716773265603, 0.16755112312117137, 0,8, 0
0.3389875606997938, 1.8225402174568188, 0.6566804652595211, 0.16926590444364212, 0,8, 0
0.35082817800838156, 1.7391162873710104, 0.6745136586471672, 0.16874895753608865, 0,8, 0
0.330672520454999, 1.838356762591184, 0.6601728448589587, 0.1674033296776458, 0,8, 0
0.3534224705647575, 1.76382834689866, 0.6520613459745158, 0.1615273193931994, 0,6, 0
0.3029335461983636, 1.8261283366161376, 0.6940317530751631, 0.19709576723338432, 0,11, 0
0.31051686290161645, 1.8764435446945118, 0.6702911580308537, 0.18503017613252518, 0,9, 0
0.31357679771170094, 1.9000397807251452, 0.6754734910017962, 0.18228523674259367, 0,5, 0
0.32169227699062064, 1.9000175227537164, 0.6897486114787114, 0.18240405552895386, 0,9, 0
0.36419876272201157, 1.7154226124996372, 0.6286723152488308, 0.16345601570121002, 0,6, 0
0.33406505687487525, 1.7796294258707086, 0.6689339747941662, 0.1872864527590198, 0,7, 0
0.34617175547129647, 1.7125000471183183, 0.6431847639077332, 0.1704904240804135, 0,7, 0
0.29954100977848735, 1.9143377423211105, 0.6747070168889643, 0.19328714776713884, 0,10, 0
0.35914321825317636, 1.7237527098518832, 0.6446461100684653, 0.16198988313872242, 0,10, 0
0.31803365928291094, 1.8294418080278256, 0.6748411451874934, 0.2055393649610547, 0,8, 0
0.3272799840351227, 1.80421025137626, 0.6503551873275027, 0.19006395970172651, 0,9, 0
0.3775693474356416, 1.7023666276828993, 0.6311357575509949, 0.15421556912908854, 0,9, 0
0.34065056874875277, 1.7398726264968776, 0.6540867207352784, 0.19274156184352542, 0,8, 0
0.35069513736446484, 1.7272096732526627, 0.6636948386950486, 0.17020632870730304, 0,7, 0
0.35628284440896696, 1.7319890146942851, 0.6575956270554929, 0.16787872086498584, 0,7, 0
0.38348965608993546, 1.6570405012110248, 0.6104671084299315, 0.15397598305254762, 0,7, 0
0.40231490720415086, 1.6368258271274916, 0.6022264500724539, 0.14975939707437422, 0,8, 0
0.35934277921905144, 1.7482427387610886, 0.6210464373624165, 0.16362722962241238, 0,5, 0
0.3802966806359343, 1.6853060961039268, 0.6505727411011061, 0.17344508769072245, 0,6, 0
0.33140424399654095, 1.78166821866837, 0.6517441467500743, 0.17720092111424282, 0,9, 0
0.36805694139559636, 1.7021027300748444, 0.6289506830605835, 0.16234830758709645, 0,4, 0
0.3488990886715892, 1.8117134485274566, 0.6373762956172173, 0.17170616687850904, 0,5, 0
0.3183662608927027, 1.8378246009532209, 0.6571988802500733, 0.18720902495793862, 0,14, 0
0.3349963413822923, 1.8035500400248603, 0.6482774421897105, 0.17477725551295153, 0,14, 0
0.38388877802168564, 1.6642318474931614, 0.6257100612216715, 0.16123917255532855, 0,7, 0
0.35408767378434114, 1.730059493916688, 0.6427013370420344, 0.17614220733167918, 0,10, 0
0.40298011042373444, 1.6446660524324006, 0.5915223311611487, 0.14831111850182116, 0,6, 0
0.10057872680103772, 2.303263308512969, 0.8802681062573829, 0.48449403919768963, 0,0, 0
0.0996474422936207, 2.388114004746364, 0.9424463317291131, 0.5176476074333347, 0,1, 0
0.13324020488259164, 2.5539556790879487, 0.8683720523452537, 0.3316430406109698, 0,4, 0
0.09991352358145414, 2.4829603397052447, 0.9273376082964652, 0.522416929763997, 0,3, 0
0.1426860906006785, 2.3719278245853075, 0.8606229621471633, 0.3535537456599597, 0,4, 0
0.14248652963480343, 2.395770092349261, 0.8664415293718006, 0.3316480390292799, 0,7, 0
0.10689815738708175, 2.393532269080147, 0.886185128642425, 0.4756829045371059, 0,3, 0
0.17960486928756736, 2.287763706178538, 0.8480183948547466, 0.24998201642743464, 0,3, 0
0.10583383223574802, 2.3315475294073447, 0.8914509669717264, 0.454591456806264, 0,8, 0
0.16689948779352093, 2.2412541810444697, 0.8466226602836764, 0.32865162107977364, 0,6, 0
0.11182066121200027, 2.639773517527885, 0.8704942226403856, 0.3735843586765394, 0,9, 0
0.1748819264285239, 2.2708529513974804, 0.8143389932411749, 0.29858722605276716, 0,8, 0
0.16191046364664405, 2.3272668656844195, 0.8399087752694672, 0.30493971586462054, 0,7, 0
0.15924965076830971, 2.3812667900459865, 0.8447040694689385, 0.3213668568196676, 0,9, 0
0.16237610590035256, 2.1687827306990215, 0.8467266803754883, 0.3002730015453878, 0,8, 0
0.20541475420741037, 2.191043834355446, 0.7873495299199269, 0.2295634082553348, 0,10, 0
0.21738841215991486, 2.13506305313694, 0.82154739567868, 0.22300151394952722, 0,6, 0
0.20987161577862037, 2.1789803899215507, 0.8300804944622358, 0.24394979889889296, 0,7, 0
0.19191112884986364, 2.147130833670962, 0.8203615864925685, 0.2466636275398076, 0,7, 0
0.21871881859908202, 2.1192853263710214, 0.7925505037261291, 0.2245691725238812, 0,8, 0
0.18805295017627885, 2.2735893919281893, 0.8297071528993253, 0.28051968884207396, 0,13, 0
0.20035920973857513, 2.280887143714044, 0.8370850863196014, 0.2637543906701057, 0,11, 0
0.1696268209938136, 2.3535731589116953, 0.8210009278372591, 0.33336533016326486, 0,9, 0
0.21599148539878932, 2.106399837304183, 0.7746022392583616, 0.23006253883884423, 0,5, 0
0.21705581055012307, 2.187155884737852, 0.7990262604126699, 0.24292832258085562, 0,6, 0
0.22091398922370784, 2.143675071262341, 0.761085043811441, 0.22356390168386323, 0,9, 0
0.23075899687354487, 2.0959559221558886, 0.7574821741597606, 0.21758121589121943, 0,5, 0
0.25883057273997206, 1.9985275876178703, 0.7658568014978613, 0.18420216571800543, 0,9, 0
0.2214461517993747, 2.0984255194402315, 0.7747862986572216, 0.247277405714268, 0,5, 0
0.2619570278720149, 2.0848221605285424, 0.7288814627097355, 0.17955213028064654, 0,8, 0
0.2638195968868489, 2.038074022225021, 0.7345382240092374, 0.1817804010107902, 0,8, 0
0.3000731723541542, 1.9321774431650949, 0.704817571897749, 0.15565208563103572, 0,8, 0
0.18971595822523782, 2.0988217613412052, 0.8086956617205421, 0.2798411992901855, 0,5, 0
0.19284241335728064, 2.1998978486153398, 0.8100165317808162, 0.2642798189440664, 0,7, 0
0.21958358278454068, 2.1303347068688416, 0.7640918297601516, 0.2603836090668211, 0,14, 0
0.24253309386017427, 2.0743038621775396, 0.738307178861908, 0.2106634939571759, 0,10, 0
0.2569014834031797, 2.03117686362591, 0.7256873132171983, 0.1926527025636572, 0,14, 0
0.24958424798776027, 2.035522980750428, 0.742613202727749, 0.2069571778648047, 0,9, 0
0.2251047695070844, 2.1785376850957445, 0.7613502758675872, 0.21775782833583723, 0,8, 0
0.2104702986762456, 2.086154796846738, 0.7954931393168418, 0.2459903967629469, 0,2, 0
0.2544402314907204, 2.0430303554782956, 0.7732992477190821, 0.20492394993308724, 0,9, 0
0.2792523115811881, 1.947752103297715, 0.728074878164579, 0.18319250726462738, 0,7, 0
0.26089270272068116, 2.060633350989145, 0.7230132237105475, 0.19992958148471776, 0,7, 0
0.28597086409898226, 1.9531866782663, 0.7032616525834751, 0.18446003184644502, 0,8, 0
0.2573006053349298, 2.030373991824335, 0.7886719506910002, 0.21494731069795484, 0,5, 0
0.30586044036453136, 1.9331956883116903, 0.7081323040743025, 0.17065595875945, 0,5, 0
0.26654693008714164, 1.9623645554995304, 0.7629561884126309, 0.20534511420478616, 0,4, 0
0.32295616310782943, 1.867300692626295, 0.7006374016799646, 0.1630019668154296, 0,12, 0
0.2686755803898091, 1.978926373084751, 0.7421880715322656, 0.1913353390471049, 0,8, 0
0.2839752544402315, 2.095801896803284, 0.6986351370755314, 0.18618684319455311, 0,4, 0
0.24971728863167697, 2.0729402446829295, 0.738263785059829, 0.217220613980382, 0,10, 0
0.23222244395662875, 2.0276941527175563, 0.7645056996901061, 0.2409801049795719, 0,6, 0
0.2668795316969334, 1.9517681689816844, 0.7403927524232973, 0.19520177955808557, 0,9, 0
0.2897625224506087, 1.935946214958745, 0.6996534301469743, 0.18335979318456896, 0,7, 0
0.27067119004855983, 1.9905804035304067, 0.7107232307506883, 0.19254837710883255, 0,12, 0
0.2498503292755937, 2.029740696164937, 0.7375407220404636, 0.22012120236350255, 0,10, 0
0.26515000332601607, 2.027964727925198, 0.7159436857768323, 0.19488561246581784, 0,5, 0
0.24645779285571742, 2.0665538541128603, 0.7851277778902503, 0.21961987545085773, 0,5, 0
0.25138029668063594, 2.0809917147695396, 0.799579865917735, 0.24891975282601794, 0,5, 0
0.29854320494911196, 1.9348056344883509, 0.7349996782516248, 0.19137306207287175, 0,4, 0
0.3355950242799175, 1.8258159689098221, 0.6681642573291109, 0.16096931726223507, 0,9, 0
0.2837091731523981, 2.0647164323147065, 0.7014100541372457, 0.18512106581076385, 0,4, 0
0.280915319630147, 2.005031004428134, 0.7145685094280674, 0.20958384525525653, 0,8, 0
0.31211335062861706, 1.888521420648773, 0.7206587061648814, 0.1786277048770573, 0,5, 0
0.18998203951307124, 2.3050829216273874, 0.8193932004323825, 0.30757981035797377, 0,8, 0
0.299674050422404, 1.9062136131743508, 0.7177313887080764, 0.19174915746724827, 0,5, 0
0.3075899687354487, 1.855272117750156, 0.6773316682234356, 0.1780140058182068, 0,8, 0
0.2769906206346039, 1.9683478717636873, 0.7107230607764353, 0.1963838646480979, 0,11, 0
0.2652830439699328, 2.0825494078670617, 0.7190118628151417, 0.20817181704862825, 0,5, 0
0.3070578061597818, 1.86698534572655, 0.6934872312792278, 0.1916840083673255, 0,10, 0
0.34763520255438035, 1.7677823532637125, 0.6544449693372133, 0.16657835155776968, 0,7, 0
0.3402514468170026, 1.8023444084733227, 0.6820776059737108, 0.17201066944233975, 0,6, 0
0.327878666932748, 1.8044502887311575, 0.6959011292673557, 0.1779601128015043, 0,14, 0
0.37490853455730727, 1.7296195056856667, 0.636920796051559, 0.14978527417160264, 0,6, 0
0.35002993414488126, 1.7546773462930554, 0.6504260541794433, 0.16480130369984355, 0,9, 0
0.29388678241202687, 1.8359998418075838, 0.7163800682564566, 0.2118781978175325, 0,8, 0
0.33725803232887647, 1.7864544205201534, 0.6870720460742079, 0.17130375346633372, 0,7, 0
0.3639326814341781, 1.7234495421143607, 0.632431204580642, 0.15057803317751137, 0,8, 0
0.3723142420009313, 1.7056449894569499, 0.6517196039196762, 0.15622187552920372, 0,7, 0
0.3595423401849265, 1.7294800600978275, 0.6645116302258777, 0.16014350277720577, 0,8, 0
0.3488990886715892, 1.7439177265299188, 0.6829331483644602, 0.1677538998201425, 0,12, 0
0.36586177077097054, 1.7230440817224697, 0.6415770043751146, 0.16231612495277595, 0,7, 0
0.35894365728730127, 1.7540246019231451, 0.634195960723704, 0.16247423671466366, 0,3, 0
0.313776358677576, 1.8287585265604884, 0.6826207829947465, 0.18910983523054392, 0,4, 0
0.36725869753209606, 1.6983209167190998, 0.6576201296500058, 0.15811431136440857, 0,7, 0
0.3477682431982971, 1.718150736077027, 0.6390932607034032, 0.16839368547848818, 0,5, 0
0.3790993148406838, 1.6812607743862518, 0.6225879432044398, 0.14919777558386682, 0,5, 0
0.290760327279984, 1.8548337298937363, 0.6897683930530902, 0.21481018703446988, 0,8, 0
0.2903612053482339, 1.8408822083432763, 0.681423220652043, 0.2116900068360822, 0,6, 0
0.35721412891638393, 1.6981373391314465, 0.6300720196376102, 0.16617275435823067, 0,12, 0
0.3511607796181733, 1.7208316242402244, 0.659503587333931, 0.1816536818937087, 0,6, 0
0.327878666932748, 1.7453374201242917, 0.657674169248493, 0.183003497925369, 0,7, 0
0.32488525244462185, 1.879727164535539, 0.6754477447170437, 0.17437477826819733, 0,9, 0
0.36200359209738575, 1.678354614294274, 0.6285506893022029, 0.16935892348362294, 0,6, 0
0.32102707377103706, 1.753360090455252, 0.6651009059962638, 0.1814001017899997, 0,4, 0
0.3424466174416284, 1.730407737030452, 0.6544936273418552, 0.1784635188867995, 0,8, 0
0.3290760327279984, 1.777399516395884, 0.6607880043589368, 0.18394980401633979, 0,10, 0
0.3483669260959223, 1.7291605006746051, 0.6643434502903187, 0.18768463984745762, 0,4, 0
0.34843344641788065, 1.7521896526472207, 0.6701238549392923, 0.17481813665241863, 0,13, 0
0.3971263220913989, 1.6491521696725435, 0.6184823303391888, 0.15528613019035584, 0,6, 0
0.3545533160380496, 1.7282139532744334, 0.6319187921968871, 0.16914796140258676, 0,4, 0
0.08807290627286636, 2.3032279913672697, 0.9172464110384805, 0.22713834918100287, 0,0, 0
0.0996474422936207, 2.354790810322893, 0.9424463317291131, 0.5210394919594128, 0,2, 0
0.11474755537816803, 2.3971944855079914, 0.8822138965752808, 0.3560342868594307, 0,1, 0
0.09878267810816205, 2.3859037868532362, 0.9000015148416551, 0.5135599912283285, 0,6, 0
0.10104436905474623, 2.3880536969626474, 0.9117226509602415, 0.5107321843791474, 0,5, 0
0.1736180403113151, 2.2779754930601017, 0.8126693302226542, 0.2697494872346881, 0,4, 0
0.19537018559169828, 2.269136282678121, 0.821676185565207, 0.20099898587663353, 0,6, 0
0.16443823588106166, 2.2451727895340836, 0.8323749221065232, 0.30869544392020215, 0,7, 0
0.19184460852790527, 2.2741236934355458, 0.8020971724930613, 0.24298781498606054, 0,4, 0
0.17295283709173154, 2.320489953379903, 0.8174071241921513, 0.2711577384250274, 0,10, 0
0.17973790993148406, 2.2312135995088567, 0.8454952503558176, 0.2662087345052131, 0,3, 0
0.15326282179205747, 2.2745738014809778, 0.8462691331061862, 0.3400607829471513, 0,7, 0
0.17880662542406706, 2.1905849029511453, 0.8132097329744845, 0.253944893357239, 0,10, 0
0.1409565622297612, 2.3078735302857423, 0.8553036448374517, 0.3777746081953415, 0,7, 0
0.16417215459322823, 2.3553467975645765, 0.8235485800887781, 0.24522789790543925, 0,11, 0
0.18944987693740437, 2.2665221187903923, 0.7981105322159178, 0.23340562948854454, 0,5, 0
0.180469633473026, 2.235888725442657, 0.8441728215711474, 0.3012271706080605, 0,13, 0
0.20601343710503559, 2.1298319543144673, 0.8023390906310831, 0.23755147789936415, 0,5, 0
0.16876205680835496, 2.3723003840141965, 0.8159719365449414, 0.3034929488489367, 0,3, 0
0.2134637131643717, 2.1524106544037744, 0.7763121885600488, 0.21388470883237423, 0,10, 0
0.24213397192842415, 2.11957913129255, 0.7393734154793294, 0.1940083163335123, 0,6, 0
0.19909532362136634, 2.0902172298414903, 0.7925580572539478, 0.2820701045789395, 0,10, 0
0.25849797113018025, 2.0392647544154388, 0.7245830430127347, 0.18215622107788149, 0,6, 0
0.19623494977715691, 2.2537313703885458, 0.8004613663399988, 0.27672112091327516, 0,9, 0
0.22636865562429323, 2.1411153067393762, 0.7446069734022213, 0.21075314982947618, 0,5, 0
0.2264351759462516, 2.146559091394774, 0.7626610168466723, 0.22187487286191604, 0,6, 0
0.2749950109758531, 1.9726308791737177, 0.7149506052151555, 0.17535141059853593, 0,4, 0
0.2495177276658019, 2.0375287737435928, 0.7961120251999623, 0.2042667239899005, 0,9, 0
0.22310915984833365, 2.1202560125936936, 0.8236662013247807, 0.24660487337674517, 0,7, 0
0.21612452604270604, 2.182059923363709, 0.790584795430687, 0.26520257541387904, 0,9, 0
0.23282112685425396, 2.036741282644445, 0.7691221955907988, 0.23978433139992167, 0,9, 0
0.2390075167963813, 2.1706489045756516, 0.746299172535711, 0.2047788191010617, 0,9, 0
0.23687886649371384, 2.0697882703216077, 0.7618464307459553, 0.22559920361657493, 0,9, 0
0.2842413357280649, 1.9238496030755983, 0.7253235586880709, 0.1928900069325076, 0,8, 0
0.25663540211534625, 2.049275124926676, 0.7641963276715538, 0.20583165606689474, 0,6, 0
0.24559302867025876, 1.9809119336850738, 0.7511438885529151, 0.22999363042102, 0,4, 0
0.32069447216124525, 1.8766934141652485, 0.6915124707214834, 0.1607260833608797, 0,5, 0
0.21625756668662277, 2.153880684630152, 0.7833551494451378, 0.25538117550723055, 0,13, 0
0.2743963280782279, 1.9328295978363947, 0.7271656313947843, 0.18693716472404598, 0,6, 0
0.22670125723408502, 2.10243988049698, 0.7574359296809159, 0.23934738835414687, 0,5, 0
0.24725603671921773, 2.0154846077597184, 0.7378748845539735, 0.23545389878754186, 0,9, 0
0.2611587840085146, 1.9940185150938072, 0.7722226103404951, 0.22321672319195207, 0,6, 0
0.3153063260826182, 1.866994497186527, 0.6977368210888939, 0.1668408634111849, 0,9, 0
0.29395330273398523, 1.960311132388336, 0.7267535985357355, 0.18907688330154215, 0,4, 0
0.21020421738841216, 2.197067484213018, 0.7794988878052013, 0.2912923330849737, 0,3, 0
0.28503957959156523, 1.8914598631682784, 0.7279813910170292, 0.20646732256629347, 0,11, 0
0.29727931883190317, 1.8490451761945583, 0.6901725262946878, 0.18062738002122672, 0,9, 0
0.328078227898623, 1.8358247193368396, 0.6779228554621853, 0.16473112174685567, 0,9, 0
0.32049491119537016, 1.8822375634493231, 0.724311129150044, 0.1908279359518135, 0,7, 0
0.3315372846404577, 1.8386085031672184, 0.6807826665890289, 0.16885032521582677, 0,12, 0
0.2916250914654427, 1.9082848179096916, 0.7098060485814721, 0.18815301450731195, 0,7, 0
0.2875008315040245, 1.9324455127493712, 0.711949895333383, 0.1920021273464051, 0,5, 0
0.26574868622364134, 2.105769057708777, 0.7086682516127343, 0.20479335177658467, 0,8, 0
0.28563826248919044, 1.998613608154654, 0.7082652905041513, 0.19441446146170624, 0,7, 0
0.301337058471363, 1.8907778701810456, 0.6959778200163369, 0.1926605841465367, 0,7, 0
0.2991418878467372, 1.876906023414749, 0.7250579529914841, 0.19209035572985936, 0,9, 0
0.3528237876671323, 1.7760344092530151, 0.6551447667302679, 0.16174067997758637, 0,4, 0
0.30040577396394597, 1.8705968340618568, 0.7163165664378726, 0.18843194112761782, 0,3, 0
0.30186922104702985, 1.8274595770643658, 0.7019987164702488, 0.20109526759760907, 0,9, 0
0.31963014700991155, 1.8498584109136764, 0.6511484318726494, 0.1684633793807695, 0,9, 0
0.3061930419743232, 1.855615730787762, 0.7062073569839014, 0.1891822164067725, 0,10, 0
0.30379831038382227, 1.834223847569863, 0.7137487879275867, 0.2063661754854865, 0,10, 0
0.32708042306924767, 1.8300380809993981, 0.6805636813532854, 0.17312315723482746, 0,10, 0
0.3333333333333333, 1.7720749268296758, 0.6657736054364872, 0.1744644606970115, 0,5, 0
0.28723475021619105, 1.8797688225798048, 0.7025397484559334, 0.20401070772084584, 0,4, 0
0.35229162509146544, 1.7337913495262154, 0.6705177519538101, 0.16639546986506937, 0,6, 0
0.3234883256834963, 1.7866962180597248, 0.6505483447516567, 0.17538095683299632, 0,6, 0
0.35934277921905144, 1.730240473310002, 0.6402269376005255, 0.16068356114496032, 0,5, 0
0.3294086343377902, 1.7978079828928626, 0.6901631522091353, 0.18548060615259807, 0,4, 0
0.3210935940929954, 1.7970100721817788, 0.6603707565271171, 0.1876537779996705, 0,9, 0
0.3765050222843079, 1.6961167133442063, 0.6269530840446641, 0.15430550359527712, 0,9, 0
0.3294751546597485, 1.7646456657948073, 0.6587213870963987, 0.18013163444578206, 0,7, 0
0.36546264883922036, 1.7086858695327962, 0.6326287236310087, 0.1602063680795515, 0,11, 0
0.3673917381760128, 1.7409720152729502, 0.6261130196413092, 0.15916107076370664, 0,8, 0
0.32149271602474555, 1.7968803699867602, 0.6747264216769038, 0.1885400860408658, 0,7, 0
0.3311381627087075, 1.7862387594170877, 0.6454410154867957, 0.1788840356820174, 0,7, 0
0.3210935940929954, 1.8152779943035215, 0.6632463749013112, 0.17780402355463995, 0,8, 0
0.32102707377103706, 1.8082686464745137, 0.708118533036897, 0.19213285010228018, 0,9, 0
0.3756402580988492, 1.691699695549095, 0.6372433272678276, 0.159677189787339, 0,7, 0
0.34078360939266944, 1.7774029084802396, 0.6483801498191808, 0.17383289053061035, 0,10, 0
0.37683762389409964, 1.7375861480153107, 0.6490573762264472, 0.15349925836930933, 0,7, 0
0.37763586775759994, 1.6920624703440466, 0.6534259512165841, 0.172423516533334, 0,4, 0
0.3141089602873678, 1.8497280276583743, 0.6755265781491465, 0.18373241156586256, 0,6, 0
0.3665934943125125, 1.7094646562821358, 0.639740540118067, 0.16160874917954357, 0,6, 0
0.34743564158850526, 1.792504725231506, 0.6394027427543594, 0.16870663098710154, 0,6, 0
0.3507616576864232, 1.7211714478172815, 0.6655628659795083, 0.17454531953673905, 0,5, 0
0.31417548060932615, 1.8557515895304022, 0.6965947405418993, 0.20137936940877504, 0,15, 0
0.3185658218585778, 1.8144017738281892, 0.6832870330380725, 0.18426425769162813, 0,9, 0
0.3404510077828777, 1.7740090778826685, 0.6740860603219266, 0.1827120065379111, 0,6, 0
0.38189316836293485, 1.689308472950603, 0.6127483366934657, 0.15168941121127033, 0,7, 0
0.38847868023681237, 1.6583927728546473, 0.6027467883824119, 0.1517437315371496, 0,7, 0
0.3588771369653429, 1.7228133699569304, 0.616767553113523, 0.16347525694233575, 0,9, 0
0.379498436772434, 1.7322423708721968, 0.6128721533704616, 0.1559969192361054, 0,5, 0
0.32628217920574737, 1.8526376891217846, 0.6483617303477058, 0.17875805384955057, 0,6, 0
0.3576797711700925, 1.7369452269223369, 0.6254311796980546, 0.1661943189849994, 0,4, 0
0.35528503957959157, 1.762396985615774, 0.6454547560438546, 0.1701435659040663, 0,5, 0
0.38142752610922637, 1.6977938654469071, 0.5894441183547561, 0.1488288885693672, 0,8, 0
0.35328942992084084, 1.7516531110412543, 0.6321711280222438, 0.17338455093235858, 0,4, 0
0.34171489390008647, 1.7881515456940578, 0.6441901605881132, 0.1763094039111399, 0,14, 0
0.3719816403911395, 1.683076871124989, 0.6540004773665282, 0.16619941154962897, 0,10, 0
0.383024013836227, 1.678343289434565, 0.6365152178446997, 0.1665974651631731, 0,8, 0
