acuracia,loss,frr,fpr, removed, n_clf, tp_removed
0.09825051553249518, 2.3036959164792696, 0.8944041643372586, 0.3510638335706202, 0,0, 0
0.09991352358145414, 2.334072540288976, 0.9273376082964652, 0.5109936466047409, 4,1, 4
0.09991352358145414, 2.582379060250544, 0.9273376082964652, 0.5253487484055939, 8,4, 8
0.1144814740903346, 2.4994959529348773, 0.8790361458209882, 0.3489223875081274, 10,4, 10
0.14933812279651434, 2.3337096547062255, 0.8521819259400778, 0.2437276012406355, 3,4, 3
0.09991352358145414, 2.4187942125646127, 0.9273376082964652, 0.5253487484055939, 5,6, 5
0.10111088937670458, 2.4864811506336704, 0.9116167084157132, 0.5178531408745226, 5,6, 5
0.15971529302201823, 2.6445546515455964, 0.8299933786267998, 0.26460043392138966, 8,2, 8
0.10423734450874743, 2.5556636490777747, 0.8769498502843261, 0.3946940997000302, 10,9, 10
0.11068981573870817, 2.498111925660862, 0.8870724550558462, 0.3677029574149109, 9,6, 9
0.11774096986629415, 2.2719521579537525, 0.8928825627837185, 0.4041681199336187, 7,10, 7
0.16689948779352093, 2.4202424982925823, 0.8128249541678335, 0.28579495347516476, 8,8, 8
0.18964943790327946, 2.1775752830464135, 0.8045440410287936, 0.2302849097529559, 5,5, 5
0.16237610590035256, 2.251881293778504, 0.8808665204753435, 0.344162633009864, 6,5, 6
0.19749883589436573, 2.2534892955305637, 0.8198927295567731, 0.22208680700130523, 9,10, 9
0.15406106565555777, 2.2856714190547356, 0.849736553371886, 0.2587892666889188, 8,7, 8
0.21678972926228962, 2.1830817481314186, 0.7846857529949236, 0.2037141341931784, 6,8, 6
0.15911661012439302, 2.4250616703110843, 0.8355346197054814, 0.24487377966970705, 8,10, 8
0.13909399321492716, 2.3015417576486428, 0.8497739652711678, 0.3813811206994538, 9,6, 9
0.12572340850129715, 2.427378699989334, 0.8998043948646725, 0.40850208373182545, 7,8, 7
0.1998935674848666, 2.1811901546044794, 0.7894066831788673, 0.25178568061895545, 12,10, 12
0.2129980709106632, 2.226468064292878, 0.7713215554018846, 0.22614654341533047, 4,8, 4
0.18805295017627885, 2.4502458881334275, 0.8000757908681173, 0.25821532083045917, 6,7, 6
0.22523781015100114, 2.1566315193990824, 0.7544233780638178, 0.21582148493071934, 8,6, 8
0.16377303266147808, 2.3167216926168828, 0.8350331434320661, 0.2949170506616502, 9,6, 9
0.1857247389077363, 2.2309710491062806, 0.85797667906944, 0.31170795411608765, 9,8, 9
0.16257566686622762, 2.197822939102215, 0.8608725655954563, 0.35390862019527874, 10,9, 10
0.2004257300605335, 2.165187618150085, 0.7818229028344852, 0.25925640844444486, 9,9, 9
0.2514468170025943, 2.0078866379089573, 0.7427034674925337, 0.18920765873637926, 8,10, 8
0.21233286769107962, 2.146869664435487, 0.7948480382952222, 0.23856396389315995, 6,6, 6
0.2264351759462516, 2.0272393395965276, 0.7619776805512437, 0.20123619797041273, 9,9, 9
0.21678972926228962, 2.20469031588947, 0.7913166984515557, 0.23233775547570373, 11,11, 11
0.20321958358278455, 2.2618119194702198, 0.8423114346348989, 0.27053371064251097, 4,6, 4
0.20381826648040977, 2.246237236979415, 0.8423754155034646, 0.2838798716626717, 10,7, 10
0.23761059003525578, 2.0583337752165485, 0.7435571910998213, 0.21065043353890162, 8,10, 8
0.24053748420142354, 2.0402261962285104, 0.7518388622570328, 0.21214833235349664, 7,10, 7
0.20415086809020155, 2.254536331318448, 0.8134103873981453, 0.25239106805300926, 10,5, 10
0.28377569347435644, 1.9499030342115056, 0.7242278635137613, 0.17255026135948795, 7,8, 7
0.2788531896494379, 1.935743049020056, 0.70999087671344, 0.17721205740360227, 8,7, 8
0.17807490188252512, 2.2074367575228973, 0.8414527360079146, 0.3307283085051262, 9,8, 9
0.24665735382159248, 2.0265062632440514, 0.7655516952020281, 0.22220888761727658, 4,10, 4
0.2561032395396794, 2.0038808046887278, 0.7395453305870919, 0.20904323308041825, 9,7, 9
0.18885119403977915, 2.1268944399322187, 0.7948007004485789, 0.3015997378243728, 10,9, 10
0.19636799042107364, 2.184794837626156, 0.8052530068579706, 0.24194387756206015, 6,4, 6
0.22424000532162575, 2.157767239186623, 0.770935850407625, 0.24019466015242108, 5,7, 5
0.2863699860307324, 2.116581245088168, 0.7094131032546315, 0.17260926530440368, 10,9, 10
0.29169161178740105, 1.9373573444960621, 0.6971882088984843, 0.17303795730351834, 5,10, 5
0.24612519124592563, 1.9863594390671466, 0.7663265623948854, 0.23277873866651524, 6,10, 6
0.250648573139094, 2.010626110909728, 0.7436705070739467, 0.22281007774328399, 6,6, 6
0.21885185924299874, 2.297415240154861, 0.7758446894412044, 0.23094194975970123, 8,7, 8
0.2290959888245859, 2.06587183766123, 0.7527990691707029, 0.25508478555264186, 8,4, 8
0.26495044236014104, 2.021684857036653, 0.7615825783469132, 0.2084113834807573, 9,8, 9
0.23016031397591966, 2.1369348412136397, 0.8134422686362577, 0.26477204234771123, 10,8, 10
0.15199893567484868, 2.4973520522339094, 0.8522248872790515, 0.3534086521634566, 10,10, 10
0.27432980775626953, 1.9984369574609429, 0.71554919250216, 0.1998679236367465, 6,8, 6
0.2279651433512938, 2.103312148378097, 0.7700015989953524, 0.23120057435375807, 8,6, 8
0.28138096188385553, 1.9691817908279754, 0.7355227222252754, 0.19685925933251597, 7,4, 7
0.2530433047295949, 1.9939589091326784, 0.7879135109291184, 0.23966309439123643, 12,13, 12
0.25457327213463715, 1.9645261806316625, 0.7471645252269006, 0.21531983750769748, 7,5, 7
0.25743364597884655, 1.8974923976962614, 0.7406575604115259, 0.22593109293697947, 7,9, 7
0.2794518725470631, 1.9107790402783087, 0.7614194237867702, 0.2160497386718056, 6,10, 6
0.32089403312712034, 1.8445545444784783, 0.7210964758835382, 0.1869324630554129, 6,4, 6
0.26588172686755807, 1.9556281295022842, 0.7235913181741858, 0.2246585819606451, 7,7, 7
0.2869686689283576, 1.9475667714311367, 0.7034852869124469, 0.18938350420124334, 6,8, 6
0.27306592163906074, 1.977093557453295, 0.709879766803968, 0.19438004862277858, 7,6, 7
0.26062662143284776, 1.912404770540444, 0.7346256835470821, 0.23765003015963423, 8,6, 8
0.2407370451672986, 2.0725025965695942, 0.7456981467526544, 0.24081984644520676, 13,12, 13
0.25597019889576267, 2.1060597920008606, 0.7296214828145944, 0.2084677755733301, 5,4, 5
0.3014700991152797, 1.8631941721220975, 0.68554461792142, 0.18882145077140378, 8,11, 8
0.21645712765249783, 2.250828615984564, 0.8024517036127925, 0.2787838458236385, 8,7, 8
0.24958424798776027, 1.997151030836281, 0.751286920888058, 0.2559021258735023, 7,7, 7
0.2225769972726668, 2.0452240543443825, 0.7951807114837764, 0.29067607204630924, 10,6, 10
0.26954034457526777, 1.9975782325546447, 0.7623306656601406, 0.22000720652527092, 6,7, 6
0.33000731723541543, 1.8369555851224177, 0.6762330877965512, 0.17977095309308694, 9,6, 9
0.28949644116277523, 1.988763771331184, 0.6884691260547965, 0.19363150708970311, 7,8, 7
0.24359741901150803, 2.06232212409838, 0.7413835653275461, 0.25921897831218726, 9,6, 9
0.28503957959156523, 1.9498911264619452, 0.6879186594344493, 0.1980830116093848, 9,9, 9
0.26534956429189116, 2.0471328665541213, 0.7216623174554491, 0.22103028648423417, 5,11, 5
0.31497372447282646, 1.8749878223424645, 0.6723531305784752, 0.19308182230662868, 13,8, 13
0.2753276125856449, 1.963112835266994, 0.7632036784123699, 0.23457980216073276, 11,9, 11
0.3177010576731191, 1.8131797515901114, 0.6623098843717307, 0.18256729113199513, 4,11, 4
0.29328809951440166, 1.9456107720166698, 0.6787209769968291, 0.1919448551311723, 4,6, 4
0.35974190115080157, 1.7905116653574018, 0.6491291196578053, 0.15489772518069284, 9,7, 9
0.3349298210603339, 1.750605277523328, 0.647414763489732, 0.1746251845657774, 7,7, 7
0.3586110556775095, 1.7692285330283033, 0.6513003016040958, 0.16266807955011095, 6,3, 6
0.34843344641788065, 1.768947485673533, 0.6660142647711481, 0.17257104428641534, 6,15, 6
0.2555045566420541, 2.117520047980282, 0.7231874211648934, 0.2332025180287079, 7,8, 7
0.3455065522517129, 1.7440249192368158, 0.6610365047575348, 0.17107954526392027, 5,6, 5
0.2563693208275128, 2.0690571691991804, 0.7374472309858631, 0.22202406192662458, 7,7, 7
0.287966473757733, 1.9671076903498705, 0.7341691372191127, 0.2106257703851093, 6,6, 6
0.32149271602474555, 1.8417902887601034, 0.6813487310429186, 0.18174736773115474, 10,7, 10
0.32854387015233155, 1.8203116950022598, 0.6706698882944301, 0.17800954495239402, 5,5, 5
0.3113816270870751, 1.936466129570912, 0.6957129208924073, 0.18959887415410367, 5,4, 5
0.28151400252777226, 1.9303851443886368, 0.7031230993773998, 0.23121284318966165, 7,5, 7
0.29727931883190317, 1.9669144117732267, 0.7476088623191205, 0.23050991188918526, 9,12, 9
0.29515066852923566, 1.9901151633751113, 0.7383038237686257, 0.19921556823806, 9,6, 9
0.35721412891638393, 1.790913710045908, 0.6464574005650209, 0.16067478918030814, 3,5, 3
0.34111621100246126, 1.792571036007434, 0.673844063074302, 0.18082117169819423, 10,6, 10
0.32488525244462185, 1.7685836047768744, 0.6573761908316578, 0.19354835204137052, 8,8, 8
0.30526175746690615, 1.8638266191656683, 0.6876280347235234, 0.1937991319421463, 5,8, 5
0.35182598283775696, 1.740120558662027, 0.6296383368492939, 0.16550688523424997, 10,8, 10
0.10077828776691279, 2.3037361388180155, 0.8944213325400786, 0.29326970296135924, 0,0, 0
0.09991352358145414, 2.441126755387263, 0.9273376082964652, 0.5253487484055939, 9,2, 9
0.12253043304729595, 2.3936594148393655, 0.8949586523712444, 0.4387639092097313, 8,3, 8
0.10836160447016563, 2.4035481110959602, 0.8954618213328905, 0.39762849383274473, 3,3, 3
0.15140025277722344, 2.3213734180399306, 0.834512354639061, 0.26501737987743007, 9,4, 9
0.12572340850129715, 2.3603047252708445, 0.8642174549353152, 0.436780610299685, 9,6, 9
0.09878267810816205, 2.6549521061400805, 0.9000015148416551, 0.5177168515347518, 7,9, 7
0.12472560367192177, 2.501741426128879, 0.8910917055068842, 0.3081238789595295, 5,8, 5
0.11521319763187654, 2.4859459691995127, 0.8714208863038873, 0.36236464056087714, 7,6, 7
0.10317301935741369, 2.452690915489501, 0.9094158388643602, 0.4905532138322118, 11,10, 11
0.14242000931284507, 2.362502552978786, 0.8481882805990708, 0.3342688058386386, 3,6, 3
0.14102308255171955, 2.4103135587584985, 0.8522864328426558, 0.3848807286266613, 8,6, 8
0.16131178074901883, 2.4394185634887853, 0.8237193582458058, 0.24194562023358462, 10,10, 10
0.13403844874609194, 2.3549271470525186, 0.8603014318199995, 0.34729336122415844, 5,7, 5
0.20747688418811946, 2.250432492357159, 0.8012408195197871, 0.22477047091916397, 7,8, 7
0.12312911594492118, 2.32103488386284, 0.8643050375287212, 0.4234599223284393, 8,7, 8
0.15712100046564226, 2.324304267439959, 0.8216410014958743, 0.3198046621442855, 7,5, 7
0.17734317834098318, 2.1997611165911044, 0.8306630321570462, 0.26461623529214245, 4,5, 4
0.18951639725936273, 2.2450153814820895, 0.8534596885444056, 0.2588181462665794, 12,11, 12
0.1734849996673984, 2.294979612349766, 0.8170991799708622, 0.2653589351255108, 7,8, 7
0.21878533892104038, 2.1669294650759405, 0.7749890081716866, 0.20328505252557755, 8,10, 8
0.16643384553981241, 2.4194093590834846, 0.8331852656875692, 0.27827202477482327, 9,7, 9
0.18439433246856915, 2.2872667115089746, 0.8069222955248972, 0.2581037275187902, 2,5, 2
0.188452072108029, 2.249341634055268, 0.805092943733897, 0.2666366905008054, 4,5, 4
0.18692210470298676, 2.220352690241924, 0.8550580660281534, 0.2841352443536619, 7,5, 7
0.1707576664671057, 2.267267642866976, 0.8194432456997354, 0.29844533439354415, 4,8, 4
0.2353488990886716, 2.078978953224008, 0.7447231470339521, 0.2002542041712677, 7,6, 7
0.23255504556642054, 2.090509822520399, 0.7581146880505234, 0.21262144019308082, 11,4, 11
0.18632342180536154, 2.1438922935408256, 0.8105894672636107, 0.282594587865497, 7,6, 7
0.26075966207676443, 1.9903745212407753, 0.7354409456366534, 0.19002506063663424, 8,9, 8
0.22151267212133308, 2.1408466463958735, 0.7661383214891886, 0.21383713612899363, 5,13, 5
0.2048825916317435, 2.182675804197689, 0.7911720970501557, 0.282430178977933, 6,5, 6
0.24998336991951042, 2.130380628907196, 0.7413373696260298, 0.1977479245033763, 5,4, 5
0.1801370318632342, 2.437521745794937, 0.820705523847847, 0.25113612854651224, 10,5, 10
0.19417281979644782, 2.296071448083775, 0.8032832071405239, 0.2987536544612614, 7,8, 7
0.22503824918512605, 2.144527643889254, 0.8160253255546769, 0.24346441180481018, 6,7, 6
0.22111355018958292, 2.1798658149610186, 0.8246208076488108, 0.26150819892237903, 4,6, 4
0.24393002062129981, 1.9953541261131778, 0.7682787231978654, 0.19822687606836908, 6,4, 6
0.26654693008714164, 1.9771026075064744, 0.7431088364328082, 0.1929982606849442, 7,7, 7
0.1739506419211069, 2.3867534253004585, 0.8440890368169107, 0.3565080352649167, 8,7, 8
0.22424000532162575, 2.0599035284345213, 0.7689429337750242, 0.2654026368592899, 6,6, 6
0.18645646244927824, 2.1785667888150595, 0.8390657604006907, 0.31682715090185964, 7,5, 7
0.2388079558305062, 2.152773186446489, 0.8059351958037453, 0.23417108761708527, 7,6, 7
0.2666799707310583, 2.051522337124748, 0.7449305407240737, 0.19582779785959661, 7,6, 7
0.22197831437504156, 2.069966937617327, 0.7652281453574369, 0.27160457447093667, 5,7, 5
0.261424865296348, 2.015747892983872, 0.7278875838972325, 0.19487163065981516, 6,7, 6
0.28823255504556644, 1.9281046497804362, 0.7047996751402477, 0.1755529627840932, 7,11, 7
0.21818665602341517, 2.071407511714356, 0.7704958591029729, 0.26272851306405626, 5,4, 5
0.2676777755604337, 2.031714072280132, 0.7714111264657707, 0.2032246597358812, 5,6, 5
0.2270338588438768, 2.100626686318687, 0.7710437827473418, 0.22138758618410084, 5,5, 5
0.21752145280383156, 2.2145564166290876, 0.768441838993397, 0.24360842399934132, 3,3, 3
0.2571675646910131, 1.9593097673302708, 0.7442141630021638, 0.20866392475555717, 6,5, 6
0.23135767977117008, 2.117390900915717, 0.7751704624503306, 0.2517833117988483, 12,5, 12
0.2513137763586776, 2.116155843871769, 0.7349743197260282, 0.22212227369356566, 6,6, 6
0.25344242666134503, 1.9694455925166816, 0.7617865650356872, 0.22015277534956876, 7,11, 7
0.21798709505754008, 2.2286720052574602, 0.7671366134992019, 0.242512292869102, 9,8, 9
0.21945054214062396, 2.1208724432391874, 0.7965636783730742, 0.2743346782065174, 8,8, 8
0.24851992283642652, 1.9525223597750363, 0.7539203842229821, 0.2440278550768257, 7,7, 7
0.31257899288232555, 1.919385566660199, 0.6934282304963447, 0.17793959319626243, 9,7, 9
0.2989423268808621, 1.9459169594770356, 0.6917104615762081, 0.17699407890564095, 8,6, 8
0.3105833832235748, 1.884900275853503, 0.7139596413372883, 0.1766051944627717, 8,6, 8
0.287966473757733, 1.9018259815555019, 0.7123206632584478, 0.2002839674866654, 8,8, 8
0.2896960021286503, 1.9530592148257835, 0.7129140991649746, 0.1849536782385131, 5,11, 5
0.299674050422404, 1.8606676894422778, 0.7034353895725944, 0.1785820956517793, 3,6, 3
0.2900286037384421, 1.9983805438473514, 0.7068434538193378, 0.20180880968697099, 7,2, 7
0.24858644315838488, 2.060643922748945, 0.7379804686313038, 0.21691843552057605, 8,11, 8
0.28497305926960687, 1.9437906439889732, 0.723749554545153, 0.21451845446916276, 12,10, 12
0.31497372447282646, 1.934298329254051, 0.7053574032834533, 0.19006498018081125, 6,7, 6
0.3035987494179472, 1.841458609878426, 0.7001077563367203, 0.19373902028697207, 4,4, 4
0.33998536552916914, 1.802156935210857, 0.6646946450606454, 0.16742067253709203, 10,5, 10
0.27512805161976983, 1.9334068858305518, 0.7358060681275709, 0.1974649368283403, 8,9, 8
0.2855717421672321, 1.9128015684818211, 0.713811982653715, 0.1768981372537784, 5,9, 5
0.20561431517328543, 2.64196141194712, 0.7653912893227975, 0.2491450990250107, 9,12, 9
0.3357945852457926, 1.816088969491956, 0.6722756038269242, 0.1685681525055281, 5,5, 5
0.26601476751147474, 2.074593851244046, 0.7142018988585539, 0.2218807371363209, 11,8, 11
0.3270139027472893, 1.873280552843013, 0.6602409981602044, 0.16951569762519247, 9,8, 9
0.34823388545200556, 1.7591157412129328, 0.6897079682305032, 0.16595781622429712, 5,5, 5
0.31637065123395197, 1.8226231792281902, 0.7214244849912604, 0.19488657168419643, 10,6, 10
0.2964145546464445, 1.9227785321042612, 0.7461565040898438, 0.20320856649086788, 6,9, 6
0.3077230093793654, 1.8606524392927764, 0.7136403583383262, 0.1887322413999219, 7,6, 7
0.360939266946052, 1.7433884132489674, 0.6619800249231288, 0.15749257602645217, 8,9, 8
0.2716689948779352, 1.8679814891572373, 0.7114365077660948, 0.23175185369470883, 7,10, 7
0.27160247455597686, 1.9008842047234777, 0.7296332393285071, 0.22667594298041407, 6,7, 6
0.2970797578660281, 1.8295056464143487, 0.7114184094495912, 0.20134104249850318, 8,7, 8
0.34091665003658617, 1.7820423595928936, 0.6499381122614207, 0.16581392901928502, 5,8, 5
0.3201623095855784, 1.8143319437316354, 0.6878315209055372, 0.18405723776343585, 8,3, 8
0.32614913856183064, 1.8185883911634677, 0.6650148163133958, 0.18116872312633195, 11,9, 11
0.3383888778021686, 1.7934061988602377, 0.6517401503949622, 0.1709326013376016, 6,8, 6
0.32734650435708107, 1.80396877245569, 0.6745605431658825, 0.1857869998234853, 11,8, 11
0.3242200492250383, 1.820990027277831, 0.7015225816712245, 0.18164090995846485, 5,7, 5
0.2627552717355152, 1.9571653633570312, 0.7318182386293031, 0.23894299407787833, 8,10, 8
0.3108494645114082, 1.874590250753971, 0.6744919463728766, 0.1897372761594338, 6,6, 6
0.3303399188452072, 1.8707949032711269, 0.6444370604833607, 0.17396955473542877, 7,7, 7
0.3028005055544469, 1.9426859452570142, 0.6809920156147027, 0.20113835286806375, 6,7, 6
0.3051952371449478, 1.9164382012107848, 0.6812195530891384, 0.18283916645220458, 7,8, 7
0.27752278321027074, 2.0170192272987606, 0.6994626158843285, 0.21341098054480187, 5,7, 5
0.3091864564624493, 1.8601049095211823, 0.675953563594184, 0.19384162377075229, 6,7, 6
0.3329342114015832, 1.754978999274462, 0.6576054262425294, 0.18175650801550575, 9,4, 9
0.3011374975054879, 1.8304876418580935, 0.6961199382781297, 0.21416914614052288, 7,6, 7
0.31657021219982706, 1.8033220358319302, 0.6700034491246818, 0.19238227027485247, 6,10, 6
0.35355551120867423, 1.7191126145487383, 0.6411627386909095, 0.16898396764466084, 9,8, 9
0.10077828776691279, 2.3037361388180155, 0.8944213325400786, 0.29326970296135924, 0,0, 0
0.0991818000399122, 2.349293475315051, 0.8938283305593738, 0.5087287619733019, 7,3, 7
0.09991352358145414, 2.4244653356612136, 0.9273376082964652, 0.5253487484055939, 9,3, 9
0.09878267810816205, 2.4490966020464335, 0.9000015148416551, 0.5177168515347518, 7,6, 7
0.12000266081287833, 2.4560460443150327, 0.8696381074889359, 0.45335483168338386, 4,7, 4
0.11148805960220848, 2.527012183797389, 0.8809734541560316, 0.3798262129062986, 10,8, 10
0.0996474422936207, 2.6542565575586794, 0.8959612869014114, 0.4991376702637497, 6,8, 6
0.09878267810816205, 2.4225793639747457, 0.9000015148416551, 0.5176549676234685, 5,4, 5
0.10111088937670458, 2.6201530216237088, 0.9116167084157132, 0.5178531408745226, 9,5, 9
0.1525976185724739, 2.6388773897871287, 0.8262970244945165, 0.32011800562293585, 9,7, 9
0.1240604004523382, 2.6037365591296857, 0.8785767416806866, 0.4251875648624644, 12,11, 12
0.0996474422936207, 3.0193620279172633, 0.9424463317291131, 0.5223446976523549, 12,6, 12
0.16882857713031332, 2.366177430356214, 0.8205808513383477, 0.2567200065457564, 9,11, 9
0.15599015499235017, 2.2192576181735535, 0.8498032110255399, 0.2805780102412083, 11,9, 11
0.09958092197166234, 2.871724325803466, 0.8933638062721464, 0.5170841316523278, 11,9, 11
0.18100179604869288, 2.200371524590278, 0.8135367970946631, 0.2497497419160582, 10,9, 10
0.18971595822523782, 2.4071665165516807, 0.7943287839216492, 0.23466954815288013, 6,9, 6
0.17627885318964945, 2.1927493029960905, 0.8424365570872407, 0.2808805129274865, 13,9, 13
0.15998137430985165, 2.196232484595977, 0.865611109446463, 0.3136770821729031, 10,8, 10
0.17288631676977317, 2.2909295313580182, 0.8167554204348503, 0.2729462003157719, 8,8, 8
0.19397325883057273, 2.1656863138893443, 0.780124851227231, 0.2478410225336848, 5,12, 5
0.16377303266147808, 2.41350572334073, 0.8134921230617536, 0.32246942674389467, 9,8, 9
0.11508015698795983, 2.49221215207745, 0.9076974577510565, 0.4764258554462343, 11,9, 11
0.19104636466440497, 2.1775674574834927, 0.8036331480755267, 0.263185199878291, 11,13, 11
0.21599148539878932, 2.143369213487069, 0.7650467266388858, 0.22888576359461818, 6,8, 6
0.23934011840617309, 2.2017983350577426, 0.7484187991472353, 0.1957107869519972, 10,10, 10
0.16211002461251914, 2.4782320946932774, 0.8312113737178926, 0.32114583608032243, 12,9, 12
0.18140091798044303, 2.3687673659807733, 0.8003575291450932, 0.28959480212763633, 8,9, 8
0.2350162974788798, 2.1264447661317813, 0.7548269373064059, 0.20004183970501238, 4,6, 4
0.20155657553382558, 2.264947978971105, 0.7809950039383621, 0.23548545893500236, 5,6, 5
0.14434909864963746, 2.255829631326711, 0.8795149007276075, 0.39432183847893887, 11,6, 11
0.2206479079358744, 2.093434552676757, 0.8141245676642755, 0.25161209236454235, 7,11, 7
0.2012239739240338, 2.277944112023471, 0.8302252779987198, 0.2536122668297253, 6,10, 6
0.21965010310649905, 2.2086584831988243, 0.8026366174432098, 0.23265314025090106, 6,6, 6
0.2557706379298876, 2.0612806315266, 0.7326115328842322, 0.19977038672693426, 3,5, 3
0.2674782145945586, 1.9701974472464785, 0.7301090555187574, 0.1976171223877749, 6,4, 6
0.25823188984234685, 1.9896438426539418, 0.7579929293585385, 0.20813755921342317, 10,4, 10
0.23042639526375308, 2.17492031227969, 0.7531785737388321, 0.22629099222849125, 10,12, 10
0.2674782145945586, 1.9698701431466887, 0.7375805142254699, 0.19568237171392158, 7,9, 7
0.2214461517993747, 2.043278972498157, 0.766285088862495, 0.2599252410617297, 2,4, 2
0.242666134504091, 2.0355442232384, 0.747695674668168, 0.21827186383028852, 9,5, 9
0.24293221579192442, 1.9883375052507153, 0.7571515143256176, 0.22385742263952746, 8,8, 8
0.23907403711833966, 2.1403976887125524, 0.7603101300277179, 0.22621734715973527, 5,10, 5
0.23282112685425396, 2.1898856296761657, 0.7461809123340815, 0.22945374376788424, 10,7, 10
0.22164571276524977, 2.1413475317702213, 0.770599447251055, 0.22853687109225618, 8,9, 8
0.23481673651300472, 2.1106857894713205, 0.7668819124157628, 0.21853361741636695, 9,7, 9
0.22537085079491784, 2.186875917744527, 0.7614847725996922, 0.23341791781707727, 11,11, 11
0.24672387414355085, 2.052017497495367, 0.7452889962973416, 0.21365721925718117, 8,9, 8
0.28484001862569014, 1.9679885727119153, 0.7222104364106634, 0.17167491719826025, 5,10, 5
0.24306525643584115, 2.0825869022733334, 0.7497714659536874, 0.21477406178716563, 10,7, 10
0.28197964478148074, 1.9574486384993341, 0.7205233111517115, 0.2002843064011753, 10,3, 10
0.17434976385285705, 2.4553865975261266, 0.808997530078405, 0.3439123470980895, 8,11, 8
0.25231158118805297, 2.0374930919659935, 0.7379853720378082, 0.23541784010916433, 7,8, 7
0.2613583449743897, 1.9720558239450507, 0.7455812922796428, 0.2008274008744811, 8,8, 8
0.1766779751213996, 2.250327417222927, 0.8441905197825038, 0.3517539824884033, 9,6, 9
0.3053947981108229, 1.877482337694892, 0.7058252726882672, 0.1816175511170712, 6,7, 6
0.24080356548925697, 1.9508917334391702, 0.7519770347133061, 0.25024183181184734, 5,7, 5
0.2956163107829442, 1.9566035696007904, 0.6904656285038366, 0.18026808491531604, 7,7, 7
0.2270338588438768, 2.2119775433101982, 0.7570718278087151, 0.239725918446928, 8,8, 8
0.22044834696999935, 2.0707625969515853, 0.8045768584679948, 0.27399241562168836, 6,8, 6
0.30060533492982106, 1.867996753970996, 0.6907593720114324, 0.1811771855218802, 2,4, 2
0.24865296348034324, 2.0889557592825034, 0.7393203114882294, 0.2344205953576868, 11,6, 11
0.26701257234085013, 2.0069694107682503, 0.7219482297541328, 0.20077328740429143, 5,5, 5
0.25317634537351164, 2.0238386289227916, 0.7446551938453702, 0.2446247952540645, 10,8, 10
0.25091465442692745, 2.129908784987057, 0.756107570538556, 0.23634917012183798, 9,11, 9
0.31357679771170094, 1.8259955235308836, 0.6772330362106112, 0.1769296315716754, 7,7, 7
0.31896494379032797, 1.8262200970330305, 0.6728309245746228, 0.17648014617361438, 4,8, 4
0.3260160979179139, 1.855107304650708, 0.7007597878034321, 0.176705809990423, 9,10, 9
0.32368788664937137, 1.857540545595673, 0.6619470677856926, 0.18108854175005873, 6,7, 6
0.3288764717621233, 1.8543703957290887, 0.7047029505055401, 0.18551755482963148, 3,4, 3
0.29388678241202687, 1.8955245832637868, 0.7052813192995687, 0.20014774909353697, 11,7, 11
0.33027339852324883, 1.7867673325267435, 0.703797399690582, 0.17659773538927798, 9,8, 9
0.27685757999068716, 1.9259849797106865, 0.7171487295849627, 0.2347573574964762, 4,2, 4
0.33812279651433513, 1.7997301961877965, 0.6699395526859662, 0.16861335197752034, 6,6, 6
0.274595889044103, 1.9633712701309642, 0.7477303347803341, 0.21906720514450861, 8,9, 8
0.2575001663008049, 1.9451114569073196, 0.7406254621153617, 0.24598809098738023, 5,8, 5
0.3007383755737378, 1.8918212332078768, 0.7166894026260221, 0.19319097567635757, 6,8, 6
0.2502494512073438, 1.997681176512571, 0.7501818122469259, 0.24166256976429992, 9,6, 9
0.29488458724140226, 1.871689268141967, 0.7446081364940295, 0.21275077529183695, 10,5, 10
0.3089868954965742, 1.8561853525929288, 0.6970422911485329, 0.18068019978506455, 9,9, 9
0.34657087740304665, 1.7798038246880143, 0.6592307502176585, 0.17011976034235585, 3,6, 3
0.23794319164504757, 2.058273269266122, 0.8042181278444454, 0.2631358379751178, 10,12, 10
0.3072573671256569, 1.8661557552994175, 0.7229784927740251, 0.19444590687532817, 8,10, 8
0.3152398057606599, 1.7834646076604308, 0.6795638937205746, 0.18638330122818925, 6,5, 6
0.24778819929488458, 2.095674672104487, 0.7509059682670725, 0.2621346553681777, 10,9, 10
0.27366460453668595, 1.9985469782561796, 0.711284966094115, 0.2166423680003483, 7,5, 7
0.28071575866427195, 2.0169229512204194, 0.7170927539001276, 0.20411117209278, 7,10, 7
0.25197897957826115, 2.114098093036342, 0.7465296462630134, 0.23639437246112066, 10,10, 10
0.30625956229628154, 1.867635894680518, 0.6805794228903776, 0.19920924431852702, 7,10, 7
0.33406505687487525, 1.8127556418473314, 0.677164595487567, 0.17914406468453684, 5,6, 5
0.35894365728730127, 1.7176432837580664, 0.6707528622096283, 0.17099630850012773, 7,8, 7
0.2880995144016497, 1.8959747980845185, 0.6956774956428291, 0.22127257242150492, 10,4, 10
0.3781680303332668, 1.7163241688405684, 0.6347006296729295, 0.1522071713921829, 3,3, 3
0.35415419410629945, 1.737741398833544, 0.6575451472532293, 0.17299343877261886, 7,5, 7
0.31151466773099185, 1.875621346710352, 0.6954463529874001, 0.18322487879993815, 8,11, 8
0.3221579192443291, 1.8118971147152159, 0.6645086326732408, 0.1741806779456907, 7,6, 7
0.31051686290161645, 1.9043466075387518, 0.6576923530804558, 0.187344551535931, 8,10, 8
0.3197631876538282, 1.832178827369474, 0.6653391571768104, 0.186143307764329, 6,4, 6
0.3716490387813477, 1.7437947505919875, 0.6340688310246332, 0.1590136635830285, 6,6, 6
0.37956495709439236, 1.7063057472913128, 0.6464953925991916, 0.1564457260259541, 7,6, 7
0.30486263553515597, 1.83139876615404, 0.6942459790118941, 0.193212468930253, 11,5, 11
0.10077828776691279, 2.3037361388180155, 0.8944213325400786, 0.29326970296135924, 0,0, 0
0.10004656422537085, 2.329343148511081, 0.883672161193542, 0.5077619962748244, 9,3, 9
0.09991352358145414, 2.53528661027066, 0.9273376082964652, 0.5253487484055939, 10,3, 10
0.09991352358145414, 2.751625647248602, 0.9273376082964652, 0.5253487484055939, 9,9, 9
0.12492516463779685, 2.4108243650648795, 0.8510919370038883, 0.34975937391220774, 8,7, 8
0.09904875939599547, 2.5609116784622117, 0.8938837418790088, 0.5087303706994304, 4,6, 4
0.11700924632475221, 2.648974247093901, 0.8716336727799968, 0.35953643257669954, 7,6, 7
0.18825251114215394, 2.4531093552893988, 0.8061389897077852, 0.23423436969361297, 9,5, 9
0.11541275859775162, 2.6963463057810646, 0.8656847597108843, 0.33916213750461194, 6,6, 6
0.10164305195237144, 2.5432072112337125, 0.9400570824494414, 0.5158025981221425, 9,8, 9
0.15133373245526507, 2.3725880405142075, 0.8504021821909401, 0.316921824436988, 8,5, 8
0.11481407570012639, 2.6076086646051597, 0.867138078895859, 0.4291113312868792, 7,8, 7
0.10004656422537085, 2.3445859883333213, 0.9272326480333795, 0.5218779032201066, 6,10, 6
0.16703252843743763, 2.2485649577952636, 0.8220180697741379, 0.27655254027073495, 8,2, 8
0.19663407170890707, 2.1963397856839664, 0.7945107278760514, 0.22251087581090126, 5,8, 5
0.16250914654426926, 2.260520023317273, 0.8269144777709388, 0.2828102103520005, 8,11, 8
0.1538615046896827, 2.2477800898991886, 0.8314382046840985, 0.2850904411626729, 5,8, 5
0.16876205680835496, 2.285553196681392, 0.8724046440616671, 0.2953336770035709, 12,6, 12
0.18406173085877736, 2.2028743553199686, 0.8398011169262486, 0.26373614158962044, 6,10, 6
0.18931683629348767, 2.205518578195226, 0.8212589219780527, 0.24322475570026078, 7,7, 7
0.20155657553382558, 2.1971405108341524, 0.8233122449286394, 0.24347004584904677, 10,7, 10
0.19071376305461318, 2.186893915579735, 0.8205320663760618, 0.21810789751354576, 8,6, 8
0.1903811614448214, 2.3216790555361335, 0.7876900937989495, 0.26965802361947183, 10,9, 10
0.19517062462582319, 2.2136515017668503, 0.8011288625138191, 0.2496426496983362, 14,11, 14
0.2359475819862968, 2.16367135662158, 0.7569542414615911, 0.18721224564680192, 10,11, 10
0.20554779485132707, 2.2198466205124303, 0.8142058188847343, 0.23552754854552804, 6,6, 6
0.1956362668795317, 2.1840280917148696, 0.8104659178657252, 0.259348020545118, 7,6, 7
0.2000931284507417, 2.1779400974319802, 0.798109021998107, 0.2280437986526641, 8,10, 8
0.1981640391139493, 2.173110170845087, 0.785872437525923, 0.23330616835350082, 6,8, 6
0.21080290028603738, 2.198960250309585, 0.8267689686871283, 0.23857474545736776, 6,7, 6
0.20481607130978513, 2.2330319577805624, 0.8162832058916157, 0.23458956123768757, 9,7, 9
0.2169892902281647, 2.1730852264578626, 0.7718218805613273, 0.2239104714413681, 10,10, 10
0.18472693407836094, 2.226151069500945, 0.858156482453703, 0.31465845764995715, 12,9, 12
0.2487194838023016, 2.0778093582846515, 0.7410947436011367, 0.20367132068832672, 11,13, 11
0.2592296946717222, 2.019546022233885, 0.7504029246675455, 0.20236348509026228, 8,7, 8
0.24645779285571742, 2.05045139806234, 0.7756884961333226, 0.21108356003139334, 8,9, 8
0.21086942060799574, 2.15647738194629, 0.7816438390925287, 0.24617172660518494, 11,14, 11
0.2109359409299541, 2.117288066306324, 0.8108436114506888, 0.2646209723300855, 10,9, 10
0.2547063127785538, 2.015945303149069, 0.7676694130215203, 0.200825710826648, 6,11, 6
0.21512672121333068, 2.2110309491715476, 0.8271779195269643, 0.26147737226615464, 9,6, 9
0.2364797445619637, 2.00867458662333, 0.7675028535553359, 0.22790654990544662, 6,11, 6
0.250648573139094, 2.0139250899474557, 0.7654833471975345, 0.2113484004072512, 8,7, 8
0.22803166367325217, 2.285621354162499, 0.7926087857815216, 0.23524119952586006, 10,6, 10
0.20641255903678574, 2.1676561438909654, 0.7889561800903273, 0.2522972699647277, 5,6, 5
0.24778819929488458, 2.0404467059372826, 0.7366383570985157, 0.20561645963545355, 4,5, 4
0.18712166566886185, 2.21164163780777, 0.8379667614967222, 0.2890475216178998, 8,8, 8
0.225769972726668, 2.100141614308767, 0.7795559617165883, 0.2225902428404817, 8,7, 8
0.2656156455797246, 1.9770435196493927, 0.7494621362955791, 0.20055115510855845, 6,8, 6
0.20874077030532828, 2.1486842759290092, 0.7773583420399006, 0.26384445595025474, 7,6, 7
0.25789928823255504, 2.0328679714407154, 0.72328824325615, 0.20917322373381303, 6,7, 6
0.25616975986163776, 2.009370481603946, 0.7345782192605544, 0.1969207120885909, 9,5, 9
0.2662808487993082, 2.0545386721422862, 0.7278497673801394, 0.20622129992856883, 6,10, 6
0.27366460453668595, 1.988433212606856, 0.7674714630412257, 0.2037133774626966, 9,6, 9
0.23322024878600411, 2.1411423373486413, 0.7739314445402685, 0.22165454990437858, 5,7, 5
0.2857047828111488, 1.9065791141968609, 0.7516195402830205, 0.19514340636592872, 8,4, 8
0.24645779285571742, 2.066692468938908, 0.757754291989668, 0.2274079253511934, 11,12, 11
0.22550389143883456, 2.1741513495299976, 0.76554723510055, 0.2663939840951035, 7,7, 7
0.26774429588239207, 2.0753902025996096, 0.7119802263480696, 0.20843819473537228, 3,9, 3
0.2779884254639792, 1.9144450692227126, 0.7179279070982882, 0.18623984758185724, 10,4, 10
0.24612519124592563, 2.0910339867776084, 0.7335513177776951, 0.22279917667661572, 7,6, 7
0.2944854653096521, 2.001994744247522, 0.6950723424734941, 0.18121684418662262, 9,5, 9
0.2841082950841482, 1.9111554234107795, 0.7161975460264093, 0.20039340228798502, 6,13, 6
0.25483935342247055, 1.970047887028362, 0.7294562207926346, 0.2238114842962763, 5,4, 5
0.2458591099580922, 2.1534347339264213, 0.7949405745432897, 0.2534295972263029, 12,11, 12
0.30606000133040645, 1.9121993179490353, 0.7098865540092717, 0.17450237138486321, 7,6, 7
0.2783875473957294, 1.9325970438737907, 0.7115529273093039, 0.20564272570661513, 9,8, 9
0.2076099248320362, 2.0944938978725096, 0.7806068128536165, 0.31274547410101733, 8,8, 8
0.19996008780682498, 2.3710260705019133, 0.8023382766164007, 0.27537753856996505, 12,10, 12
0.21685624958424798, 2.061906878139804, 0.7699820908185196, 0.28547097416832246, 8,9, 8
0.2624226701257234, 1.999156784632245, 0.728069943456602, 0.22976257395444422, 10,6, 10
0.272001596487727, 2.0050957117368227, 0.7171806526477315, 0.220695920382752, 9,10, 9
0.2678773365263088, 2.0056199386318405, 0.7099069575415716, 0.20763227792974223, 9,8, 9
0.22390740371183396, 2.146392694682424, 0.7631039914780517, 0.28795719650700724, 7,8, 7
0.25264418279784473, 1.9857487437698582, 0.7433524795345484, 0.25062156430724425, 4,10, 4
0.29328809951440166, 1.881353116908537, 0.7058706109431807, 0.19447057913835725, 9,5, 9
0.2878999534357746, 1.9179017665317528, 0.7126029665790915, 0.2075822715502054, 5,10, 5
0.2634204749550988, 1.9404866049954699, 0.7248251956630041, 0.22350480567776063, 4,6, 4
0.2343510942592962, 2.29765690409843, 0.7470332537991381, 0.24861546294200004, 12,13, 12
0.3029335461983636, 1.8057267524117142, 0.6978605196568847, 0.2125117163647704, 11,9, 11
0.313776358677576, 1.868295821027509, 0.6650996314056917, 0.18137382064379448, 7,9, 7
0.30240138362269675, 1.8214271791140049, 0.7018610117873892, 0.20117910922505067, 6,5, 6
0.2727333200292689, 1.965348833725218, 0.7094402010915686, 0.22309049247897705, 4,7, 4
0.34830040577396393, 1.8057220489339805, 0.6373533214104363, 0.16091135338438378, 6,7, 6
0.34796780416417217, 1.766860925682622, 0.6644210944917187, 0.16503973640171674, 8,2, 8
0.30652564358411494, 1.9608569208006972, 0.7008008365555739, 0.1972693836490878, 9,8, 9
0.29109292888977584, 1.978113626952832, 0.6876497412973857, 0.1938956914010319, 12,11, 12
0.28823255504556644, 1.937859670698607, 0.6919223546741362, 0.2054395069699113, 13,12, 13
0.31849930153661943, 1.869252760975072, 0.662543227102372, 0.18200589060839734, 10,7, 10
0.33586110556775095, 1.7753197281436595, 0.662084278337639, 0.17032143686409376, 6,10, 6
0.33220248786004125, 1.7811458609992774, 0.6773864327500442, 0.18207354973640805, 9,7, 9
0.3448413490321293, 1.8040638247396166, 0.6758587544231018, 0.17073926359392402, 7,14, 7
0.3008714162176545, 1.8706238146695138, 0.7342520965610517, 0.21376366968944704, 7,3, 7
0.2882990753675248, 1.949912898591882, 0.7490235364863088, 0.22157927676061667, 8,8, 8
0.3427792190514202, 1.7864993754014802, 0.6387856955027603, 0.17207754274331627, 6,8, 6
0.30632608261823985, 1.8463983546808904, 0.6841409311576002, 0.1961191393768466, 10,4, 10
0.29781148140757, 1.8626608535937823, 0.6919937417440893, 0.2155231704983224, 10,10, 10
0.33359941462116677, 1.7676673926696056, 0.688143678919731, 0.18806363414903773, 10,12, 10
0.32854387015233155, 1.8545607002894973, 0.6605244507528308, 0.171293747178026, 10,11, 10
0.2565023614714295, 2.1922788049978372, 0.7219427490290632, 0.22098399079552242, 9,7, 9
0.2783875473957294, 2.0106502837552083, 0.7076848294542433, 0.21678648761449004, 11,10, 11
0.3101177409698663, 1.892691425932054, 0.6699677258686788, 0.1769479990240458, 8,9, 8
0.10077828776691279, 2.3037361388180155, 0.8944213325400786, 0.29326970296135924, 0,0, 0
0.09904875939599547, 2.3338158346020217, 0.8938837418790088, 0.5088264440779168, 9,2, 9
0.09991352358145414, 2.6182590910974937, 0.9273376082964652, 0.5253487484055939, 7,5, 7
0.10111088937670458, 2.570553626587852, 0.9116470874937741, 0.5177237195146325, 6,4, 6
0.13044635136034058, 2.6440531274305403, 0.8800130506799598, 0.35798011388537576, 8,9, 8
0.10077828776691279, 2.586936503971899, 0.9262370883669478, 0.5074435913236247, 8,5, 8
0.16689948779352093, 2.420521639575424, 0.8209056179894985, 0.2655431892278585, 9,8, 9
0.10443690547462249, 2.620660664189451, 0.8865213928894023, 0.49502159922815125, 2,7, 2
0.11182066121200027, 2.650440413469898, 0.8786510588545579, 0.36924336011289066, 8,5, 8
0.10177609259628817, 2.509683470752023, 0.8971794501921758, 0.488237562257812, 9,9, 9
0.15133373245526507, 2.3808211870300693, 0.8771058187200389, 0.3287822730025528, 9,3, 9
0.10024612519124593, 2.5579492603083898, 0.9270638040292981, 0.5195530338481362, 9,7, 9
0.13290760327279985, 2.430214839373204, 0.8766632396076749, 0.3444217361394777, 9,9, 9
0.15891704915851793, 2.3854197367281365, 0.8206525783416753, 0.3081303476428628, 4,6, 4
0.19157852724007185, 2.2903393984776663, 0.7959467237237005, 0.21007659651270305, 9,6, 9
0.17614581254573272, 2.3105312739035204, 0.8217781032081903, 0.29287194233441194, 8,8, 8
0.1639060733053948, 2.385756189036669, 0.8306977937214852, 0.3052126134508308, 8,6, 8
0.19829707975786603, 2.2497938714610726, 0.8280109296442482, 0.2404366425563223, 8,11, 8
0.15046896826980644, 2.4358255602456547, 0.8411142381943674, 0.2946106040840317, 9,7, 9
0.17913922703385884, 2.387303499240389, 0.856641389149754, 0.2772566689847266, 5,3, 5
0.1696268209938136, 2.2777729548911867, 0.8354249976822002, 0.3036132166967362, 7,10, 7
0.1886516330739041, 2.137461110232857, 0.8116598631349413, 0.2556931861589973, 6,6, 6
0.1595822523781015, 2.320732635988777, 0.8370455183344871, 0.2891474595601774, 5,8, 5
0.1945054214062396, 2.1694304467928687, 0.8337782113924797, 0.2646433383426867, 9,9, 9
0.18599082019556976, 2.238118509725128, 0.8090036726563326, 0.2821103745456373, 10,8, 10
0.1605800572074769, 2.210410249869219, 0.8475809632018902, 0.3158578601973252, 4,8, 4
0.23302068782012905, 2.083744572679622, 0.7663341421683793, 0.20503783805973844, 9,6, 9
0.12499168495975521, 2.5660659772004624, 0.8865299765895948, 0.380071644338732, 9,5, 9
0.2117341847934544, 2.1128182306123464, 0.7787985197580702, 0.23096372838680387, 9,8, 9
0.2173218918379565, 2.139835731982233, 0.7738383231988942, 0.23239365948574114, 3,9, 3
0.19783143750415752, 2.141704780457699, 0.7949411983066659, 0.29236125751507663, 5,6, 5
0.256968003725138, 2.0027447965840874, 0.741910970444089, 0.1891627363292452, 8,12, 8
0.2137963147741635, 2.120348911010076, 0.8197363063427808, 0.2417279273735584, 4,8, 4
0.14375041575201225, 2.7452190370646288, 0.8396900796423544, 0.3308033220172391, 9,10, 9
0.20588039646111886, 2.1955388409683967, 0.7820453378060417, 0.239323710984426, 6,4, 6
0.21772101376970665, 2.3253420108268497, 0.7742870519338994, 0.20910849371628706, 6,7, 6
0.22217787534091665, 2.07897616314141, 0.8109400761964348, 0.22643596981494463, 9,6, 9
0.24373045965542472, 2.0438000513417256, 0.7561230148451321, 0.22385980928250923, 9,7, 9
0.2206479079358744, 2.075408625751803, 0.802900693164114, 0.23045147982794717, 7,6, 7
0.23967272001596487, 2.081851650329516, 0.7609073283678036, 0.21806693676337763, 9,4, 9
0.22843078560500232, 2.1613617239261367, 0.7604761863533211, 0.22611575407349094, 8,10, 8
0.2440630612652165, 2.0279469334784994, 0.8015130846163211, 0.22275996566243714, 8,7, 8
0.2587640524180137, 2.00455094009057, 0.7452508374229122, 0.18722361470806134, 12,8, 12
0.2390075167963813, 2.060113065722364, 0.7738421887640549, 0.20030003924261686, 10,9, 10
0.22537085079491784, 2.1121435519908784, 0.7570140022634877, 0.23147286948101573, 8,9, 8
0.21233286769107962, 2.257798957545577, 0.7686894328408779, 0.2448635540057506, 8,9, 8
0.24838688219250982, 2.1138227410098556, 0.725885223303869, 0.1869612463510173, 10,9, 10
0.19091332402048825, 2.3376281353192345, 0.80035785374064, 0.305796218877853, 11,12, 11
0.2970132375440697, 1.9684991967310919, 0.7112707061062181, 0.17048856737772475, 6,8, 6
0.286303465708774, 1.9528162304666603, 0.6968252539938957, 0.175215679772035, 7,4, 7
0.209805095456662, 2.4638734155212547, 0.7695642213463662, 0.2570520121488048, 12,9, 12
0.2648839220381827, 1.994116632411685, 0.7194404980176884, 0.20126845411212957, 7,12, 7
0.2409366061331737, 2.0550299169322113, 0.7751188346451825, 0.22110747051739782, 7,8, 7
0.2984766846271536, 1.9009609941490029, 0.7186066288195658, 0.18314710878869744, 9,7, 9
0.29335461983636, 1.9251998706959221, 0.7425126858108487, 0.18511534600518786, 9,10, 9
0.2616244262622231, 1.9632824475454538, 0.7522233301132991, 0.20706997934012872, 5,8, 5
0.21565888378899753, 2.1106045946487764, 0.7857952734799027, 0.263112999274664, 8,10, 8
0.2378766713230892, 2.0654049087235262, 0.7601433186972403, 0.23152045428081938, 7,10, 7
0.2827113683230227, 2.044438273426318, 0.7320910791640937, 0.18481640356696163, 5,9, 5
0.2406040045233819, 2.054420831785035, 0.76998592843463, 0.22858468719193495, 6,5, 6
0.2378766713230892, 1.9945399512956299, 0.7817049593954559, 0.21916580957144396, 7,5, 7
0.22962815140025278, 2.0383138413051167, 0.7661573483722701, 0.27674320630437477, 8,9, 8
0.21991618439433247, 2.095392016389766, 0.7783133332693793, 0.25663054423409454, 14,7, 14
0.26069314175480607, 2.013539419574334, 0.7359652130622196, 0.20721178190518458, 7,6, 7
0.3179006186389942, 1.8677179074165295, 0.7111565099618145, 0.18256148911234557, 6,10, 6
0.21978314375041574, 2.0588322546337285, 0.7718207676931759, 0.2841638049007002, 10,7, 10
0.27772234417614583, 1.9522443873893158, 0.7168853823995393, 0.19088367215503055, 10,9, 10
0.2217787534091665, 2.133124891505749, 0.7691754948013235, 0.2575421889091436, 5,3, 5
0.2920907337191512, 1.926578985885859, 0.6910725635535973, 0.18448817449179508, 5,8, 5
0.2650169626820994, 1.9199664865450128, 0.7243176395928232, 0.22762098587825516, 6,8, 6
0.23215592363467039, 2.0225393634542517, 0.7924808302156454, 0.2678637257252531, 5,2, 5
0.31484068382890973, 1.8443522337968579, 0.6813037456121691, 0.17936090722628786, 6,11, 6
0.31963014700991155, 1.8073796765664567, 0.7189266873018699, 0.19416368066797812, 5,5, 5
0.3061930419743232, 1.8641777002493445, 0.7376927219867615, 0.2075449624917969, 5,2, 5
0.2772567019224373, 1.9709798201808575, 0.745249290363995, 0.2134110151201136, 11,8, 11
0.29754540011973657, 1.881531995502781, 0.7123425797268156, 0.18857978698518355, 8,8, 8
0.3233552850395796, 1.8232574620297954, 0.6562891859546377, 0.170845047714534, 3,5, 3
0.21918446085279053, 2.0327576917500694, 0.7662323281578809, 0.2963795685278461, 9,9, 9
0.30100445686157123, 1.9177255132181998, 0.7290037428916745, 0.1939224354560222, 14,10, 14
0.3241535289030799, 1.8484084619572085, 0.6605107581398002, 0.18020292614043443, 10,7, 10
0.3442426661345041, 1.7854890555692498, 0.6785871093073532, 0.16838749225478356, 11,8, 11
0.31018426129182464, 1.8711436267805648, 0.6710564272512449, 0.17675747894088598, 7,10, 7
0.2048825916317435, 2.1812213119442796, 0.7970319053120889, 0.2898753887411136, 10,11, 10
0.3106499035455332, 1.8847914654710751, 0.6931113473279532, 0.18509792747907286, 8,8, 8
0.3333998536552917, 1.7968245663027844, 0.6762335184881323, 0.17275073806449598, 8,10, 8
0.2314907204150868, 2.009183013255999, 0.7553875434870855, 0.28665311241357544, 8,11, 8
0.3224240005321626, 1.8059377125151213, 0.6803467841062514, 0.18496206130679504, 6,7, 6
0.3081886516330739, 1.8014971844325132, 0.690203888593366, 0.19865690068668018, 6,8, 6
0.3303399188452072, 1.8291790931673493, 0.667443354001217, 0.18100383531830125, 9,9, 9
0.3373910729727932, 1.8016524623589054, 0.6553118614463783, 0.16806937242513575, 6,7, 6
0.34098317035854453, 1.834182612043349, 0.6542426335301437, 0.16401886603373372, 5,2, 5
0.3338654959090002, 1.890572659550872, 0.6441269984251194, 0.17294522362133505, 5,5, 5
0.30486263553515597, 1.9171551126333273, 0.6813697897941198, 0.19233533300347816, 9,7, 9
0.272001596487727, 2.0487744313315512, 0.7029604977598237, 0.21559516347863858, 8,7, 8
0.33765715426062665, 1.7588211110091325, 0.6556466135675753, 0.17075634710210916, 7,9, 7
0.32249052085412094, 1.7492843736417834, 0.6683614973891672, 0.18938172757638658, 9,9, 9
0.35528503957959157, 1.769995481749221, 0.6529935617803114, 0.1607440640220811, 7,7, 7
0.31929754540011973, 1.8372220207948151, 0.6882585868048332, 0.1886433729071926, 9,5, 9
0.3333998536552917, 1.7698256347474879, 0.6503292357816715, 0.18264028097075266, 4,2, 4
0.3069247655158651, 2.0168605401615403, 0.665982639739534, 0.1906362176039242, 6,7, 6
0.27585977516131177, 2.001972487069077, 0.7565367632704653, 0.24469666649998628, 8,7, 8
0.10077828776691279, 2.3037361388180155, 0.8944213325400786, 0.29326970296135924, 0,0, 0
0.09958092197166234, 2.34293974455361, 0.8933638062721464, 0.5170841316523278, 9,2, 9
0.09878267810816205, 2.4535562394344583, 0.9000015148416551, 0.5177168515347518, 6,6, 6
0.10024612519124593, 2.5555171029879995, 0.88033626681359, 0.499330923296019, 7,2, 7
0.09991352358145414, 2.5241574064300565, 0.9273376082964652, 0.5253487484055939, 9,8, 9
0.1350362535754673, 2.362188877066888, 0.855626580914727, 0.36910925654342897, 7,10, 7
0.16317434976385287, 2.363943781212308, 0.827774536992156, 0.27583191936798845, 4,4, 4
0.14208740770305328, 2.291185611261624, 0.8842157924289492, 0.3430318712005388, 4,4, 4
0.10696467770904011, 2.5405903143146227, 0.9050660827510582, 0.433220973770771, 5,3, 5
0.19058072241069646, 2.236729865539481, 0.8136587747480303, 0.23137907772675503, 7,6, 7
0.11933745759329475, 2.4304708346614485, 0.9102405588999486, 0.4490121014024618, 8,7, 8
0.13955963546863567, 2.353029773976444, 0.8497158083195947, 0.35226626009232637, 7,3, 7
0.16184394332468569, 2.5153573822976742, 0.8352617569887351, 0.25559221549525835, 11,10, 11
0.1700924632475221, 2.259462622042577, 0.8623682960068335, 0.28433048136215033, 10,6, 10
0.21865229827712365, 2.2193550321463142, 0.8078861253467814, 0.19508817843556986, 9,8, 9
0.1358344974389676, 2.302279417448825, 0.8770474694967335, 0.32399427719069246, 8,12, 8
0.1597818133439766, 2.3471196659634406, 0.8385964975542511, 0.3177311914136864, 4,7, 4
0.16357347169560302, 2.414458454832824, 0.8240264077467983, 0.3273995050559579, 8,8, 8
0.15439366726534956, 2.3340964433256044, 0.8412967794860862, 0.3251194225229781, 4,1, 4
0.18259828377569348, 2.364941391609929, 0.8099802705744711, 0.24170702501043084, 9,10, 9
0.1642386749151866, 2.3220066584283416, 0.8265871163368486, 0.3194492024029644, 3,7, 3
0.23934011840617309, 2.0712949398756106, 0.7622018801845184, 0.18836026460149946, 6,8, 6
0.19384021818665603, 2.196535567498085, 0.8073635004726593, 0.2580915810768772, 5,6, 5
0.20348566487061798, 2.1600906867106455, 0.7949275501654611, 0.22525977386396598, 2,2, 2
0.1495376837623894, 2.3361568489189213, 0.8359270285505686, 0.3837713734685542, 3,4, 3
0.18073571476085945, 2.316658046834286, 0.8057378593964863, 0.30888276691542393, 9,6, 9
0.1194039779152531, 2.548720804304489, 0.8912948801342604, 0.40591897924901515, 6,9, 6
0.21532628217920574, 2.207498812888789, 0.7848884069584823, 0.2457943530592955, 7,5, 7
0.17421672320894033, 2.2566183102049213, 0.8567985669232843, 0.3153077594469098, 6,3, 6
0.214261957027872, 2.1434956697109873, 0.7754191987524715, 0.23581830151379107, 3,6, 3
0.19470498237211467, 2.4629551591229584, 0.8005884555385068, 0.27934531408537244, 10,8, 10
0.20415086809020155, 2.178461911498624, 0.7869911696155962, 0.24969189013287438, 13,7, 13
0.21353023348633007, 2.2475567743472613, 0.7742089966186961, 0.23611171796948519, 8,10, 8
0.19204416949378034, 2.210613767107764, 0.8347980397672427, 0.2929985423625266, 10,10, 10
0.16650036586177078, 2.475655401271633, 0.864374386481687, 0.3453274638104957, 11,6, 11
0.20035920973857513, 2.1904439664700623, 0.8247137899073853, 0.26167780996286366, 7,7, 7
0.2751945719417282, 1.9738283999497674, 0.7406978772428642, 0.17973058526655358, 7,9, 7
0.2527107031198031, 2.0332682627503336, 0.7260811166933507, 0.19753765443606108, 7,9, 7
0.2279651433512938, 2.043582162318302, 0.7729494074814093, 0.23159756664856093, 4,9, 4
0.2954167498170691, 1.948879863825227, 0.6967325748094018, 0.17025695491925422, 4,4, 4
0.25071509346105236, 2.107242022538101, 0.7268954165699592, 0.19619481172599312, 11,11, 11
0.2093394532029535, 2.1013716809951655, 0.7743051840218363, 0.257257574749055, 3,6, 3
0.2885651566553582, 1.9764287026034917, 0.7139190636688422, 0.17025760590796704, 10,7, 10
0.19011508015698797, 2.1467402552698753, 0.8009049295814021, 0.3161336294341016, 12,8, 12
0.3249517727665802, 1.9040320559266575, 0.690862630264465, 0.15954205848719405, 9,11, 9
0.2407370451672986, 2.083337912161907, 0.7451518094572195, 0.22012464795915165, 5,5, 5
0.28803299407969135, 1.910722639766796, 0.7013193015114249, 0.19128897166450926, 4,5, 4
0.31543936672653494, 1.8887736165205542, 0.6736630485831899, 0.1680025729304478, 3,7, 3
0.2648839220381827, 2.0076448598787757, 0.7189453518504146, 0.20072282491394106, 3,3, 3
0.29880928623694536, 1.8974073251262917, 0.7246200023908884, 0.1795176427852287, 5,4, 5
0.21978314375041574, 2.1130951729227125, 0.8004836468635154, 0.23792727344697948, 9,7, 9
0.27346504357081086, 1.997376873231827, 0.7270649280424696, 0.19636124351451426, 7,6, 7
0.3278121466107896, 1.8544269185028794, 0.6760930112454265, 0.16003901132345055, 5,4, 5
0.26155790594026473, 2.047688935120282, 0.7312934029297571, 0.20891025568512653, 4,7, 4
0.26601476751147474, 1.9598361878352102, 0.7265080057953185, 0.20591950741364776, 8,8, 8
0.25310982505155327, 2.123389409892551, 0.7401274069442794, 0.20620604067200232, 8,3, 8
0.29169161178740105, 1.9199523164516579, 0.7023845413600291, 0.18635840548034177, 7,10, 7
0.2580988491984301, 2.0680451801553867, 0.7815449584200691, 0.22557846074007998, 9,8, 9
0.25324286569546994, 2.122692586692406, 0.7657508887710759, 0.21329491329041186, 7,8, 7
0.2597618572473891, 1.9058444392698568, 0.7315089139897826, 0.23010313662023887, 6,6, 6
0.2503159715293022, 1.9882337183904117, 0.7476981940666698, 0.24742758619542607, 9,9, 9
0.2654826049358079, 2.0740364735445116, 0.7152979966459969, 0.20448132972241972, 7,6, 7
0.3169693341315772, 1.8582825669666285, 0.6992589064564744, 0.16986018749868811, 7,7, 7
0.24639127253375906, 2.0200951078579923, 0.7856415346782262, 0.23308158059076306, 3,4, 3
0.2822457260693142, 1.9957053432451595, 0.7235380796827442, 0.19405433554041562, 5,4, 5
0.22191179405308323, 2.1437856127883848, 0.7827411108326778, 0.2611883241191915, 9,8, 9
0.2646843610723076, 1.974649394862168, 0.7748315696354608, 0.2238065500279054, 6,4, 6
0.2603605401450143, 1.9718646429410231, 0.7495200734791874, 0.216541991744414, 9,8, 9
0.2831104902547728, 1.919586469775338, 0.723726037954092, 0.2070481919833629, 8,8, 8
0.2741967671123528, 1.935568205092883, 0.7369100650428186, 0.2188963966023357, 6,5, 6
0.3252178540544136, 1.8175186498082818, 0.7108436494390616, 0.1852195861462612, 7,8, 7
0.3320694472161245, 1.8311613340351798, 0.6755840955991779, 0.17178573271025502, 5,8, 5
0.27572673451739504, 1.9262437642330357, 0.7413541712028392, 0.20959383733334058, 5,11, 5
0.28863167697731656, 1.9253482233976038, 0.7105849055955699, 0.19804566375555854, 13,6, 13
0.30526175746690615, 1.921969564763291, 0.6851139507121344, 0.18383060882928773, 7,6, 7
0.36220315306326084, 1.748608460617757, 0.655348678807149, 0.15535075769532153, 7,9, 7
0.3185658218585778, 1.8693567418845156, 0.6661606778402761, 0.16735176226719597, 8,9, 8
0.29428590434377705, 1.9660216506858281, 0.6915008345205913, 0.19102283211152177, 6,6, 6
0.3260160979179139, 1.8985645647598646, 0.6571321281551081, 0.1690838937171454, 11,6, 11
0.26408567817468237, 2.069425761037535, 0.7364581656362561, 0.2167733639130768, 7,7, 7
0.31098250515532494, 1.8402017035749487, 0.7233608750015412, 0.19387068058431345, 12,12, 12
0.2991418878467372, 1.9936554541386728, 0.7164860795904002, 0.20678707107325117, 9,10, 9
0.3558172021552584, 1.8100437734335282, 0.6487471889670903, 0.15972601332886097, 4,7, 4
0.3199627486197033, 1.879253657152971, 0.6932411011396941, 0.17749915814660636, 6,5, 6
0.342180536153795, 1.8256504090335217, 0.6720015510490052, 0.1688296467052636, 11,7, 11
0.29741235947581984, 1.8894659452299423, 0.6779488753305151, 0.1884032654911506, 7,5, 7
0.10111088937670458, 2.3025853615007597, 0.9116167084157132, 0.5178531408745226, 13,10, 0
