acuracia,loss,frr,fpr, removed, n_clf, tp_removed
0.09825051553249518, 2.3036959122288754, 0.8944041643372586, 0.40467750686587217, 0,10, 0
0.22583649304862635, 2.0987192992023593, 0.806326135506583, 0.5260357270646774, 3,10, 3
0.3846205015632276, 1.8361701261781729, 0.6871792422098837, 0.3969949035326277, 2,10, 2
0.4144216058005721, 1.6622530011764245, 0.6682527408361529, 0.4464852349578228, 2,10, 2
0.5166633406505687, 1.463256455505455, 0.5484628415251666, 0.35196996744050496, 1,10, 1
0.6014102308255171, 1.2663547791861565, 0.4865139070568096, 0.3104184924450589, 4,10, 4
0.634603871482738, 1.0946232500160797, 0.5138363775150927, 0.3544125188477556, 2,10, 2
0.669327479545001, 1.017442243268861, 0.47901083038513675, 0.31152031537387503, 1,10, 1
0.6977981773431784, 0.9439518698696604, 0.433906526168159, 0.25233542362328704, 1,10, 1
0.7046497705048892, 0.9226322255196391, 0.4318388423041668, 0.2715373834782588, 0,10, 0
0.6860906006785072, 0.9171366887223162, 0.4391496831582467, 0.27922077371798637, 0,10, 0
0.7285305660879399, 0.8520770905863277, 0.37793330149154497, 0.24370853434951248, 4,10, 4
0.7622563693208275, 0.8105997225341122, 0.36352568125872503, 0.2370987248580379, 2,10, 2
0.7238741435508548, 0.8007188206667418, 0.3621010002615908, 0.23380295016759217, 3,10, 3
0.7557373777689084, 0.7718074298601488, 0.35348038679475285, 0.22858339169209038, 1,10, 1
0.7880662542406706, 0.7336180458746776, 0.3361255019800077, 0.23352066084529569, 0,10, 0
0.792789197099714, 0.7040143241285103, 0.3254930861851446, 0.22509011059623849, 0,10, 0
0.8007051154127586, 0.6800869637636789, 0.3287883240262957, 0.2289523774728654, 0,10, 0
0.8020355218519257, 0.6847121695652829, 0.34705633707902606, 0.23773416199862074, 1,10, 1
0.8111488059602209, 0.6586071271735235, 0.32076839205683233, 0.2175950834409209, 1,10, 1
0.8227898623029335, 0.6148691750501516, 0.2972000167545296, 0.21259799613178543, 2,10, 2
0.8225237810151002, 0.6134919996139309, 0.2904002341548308, 0.2102727219937933, 3,10, 3
0.8229229029468502, 0.6022027561591785, 0.2981973425256547, 0.21338975514516575, 0,10, 0
0.8271802035521852, 0.5894825292146462, 0.2792572851322248, 0.21095087646315822, 0,10, 0
0.8325018293088539, 0.5710314744977533, 0.26775145095425446, 0.21011495290351495, 0,10, 0
0.8277788864498105, 0.5745976010112176, 0.2672661719198143, 0.2080746573206618, 0,10, 0
0.8316370651233952, 0.5566808362238046, 0.2617777100334593, 0.20560115939993925, 0,10, 0
0.8281114880596022, 0.5617015252027238, 0.29060415174703097, 0.21705719495287493, 1,10, 1
0.8342978780017295, 0.5370029145478936, 0.26579898933360047, 0.2024012584662445, 1,10, 1
0.8362269673385219, 0.5296403002659316, 0.27223924305167047, 0.2096785125075244, 2,10, 2
0.834563959289563, 0.5263921974456515, 0.2651319989555962, 0.20357289344862586, 0,10, 0
0.8362934876604803, 0.5202549045439028, 0.2800387891440463, 0.2116931145058275, 1,10, 1
0.8386216989290228, 0.5095659736894464, 0.2590902023185111, 0.20164484933609358, 0,10, 0
0.8432781214661079, 0.49192676444895134, 0.25080968156855904, 0.1996221674503005, 0,10, 0
0.8459389343444422, 0.49338740638081746, 0.2379785774376096, 0.19611414304473473, 1,10, 1
0.8464045765981507, 0.4850497596510466, 0.24803665294056232, 0.19623381107714702, 1,10, 1
0.8470032594957759, 0.4812611174089069, 0.2447293036513923, 0.2004107506100787, 0,10, 0
0.8469367391738176, 0.47624304741141105, 0.24561656792434555, 0.19667303977105044, 0,10, 0
0.847934544003193, 0.46976511539643623, 0.23692020661242538, 0.19366315049623825, 1,10, 1
0.8496640723741102, 0.4656712086988414, 0.23126543725747253, 0.19118452310895045, 1,10, 1
0.8491319097984434, 0.4649954997129146, 0.23214877106112833, 0.19272577017609813, 1,10, 1
0.8476019423934011, 0.4642040660968461, 0.2471369530660572, 0.1958402562374607, 0,10, 0
0.8529235681500699, 0.4541520766575436, 0.23286492755425767, 0.19074579801301733, 0,10, 0
0.8499301536619437, 0.44985684345362825, 0.2370568781248517, 0.18499061953756296, 0,10, 0
0.8525909665402781, 0.4446846138414551, 0.22057749165887125, 0.18726989163215513, 0,10, 0
0.8513270804230693, 0.4426106802678817, 0.23555077657083195, 0.18589594799021492, 0,10, 0
0.8527905275061531, 0.43823690473705323, 0.2386812991273474, 0.19008814040479233, 0,10, 0
0.8556509013503625, 0.4294917040731086, 0.23707284007394722, 0.18570952454547168, 1,10, 1
0.857579990687155, 0.42665464305209283, 0.21937405166161067, 0.1839130219155381, 2,10, 2
0.8591099580921971, 0.4245607484160556, 0.21482835646374576, 0.18122997271020055, 0,10, 0
0.8604403645313643, 0.41854488692539904, 0.21398196215537166, 0.184108742621915, 0,10, 0
0.8595756003459056, 0.42021828383330573, 0.20832048945556614, 0.18012727617465402, 0,10, 0
0.861305128716823, 0.4172236122795193, 0.20858552453591717, 0.17803085450766204, 1,10, 1
0.8634337790194905, 0.4135866096183581, 0.21110149390747576, 0.17447209345821588, 0,10, 0
0.8637663806292822, 0.4119752544069383, 0.20598570428111668, 0.1719921992458299, 1,10, 1
0.8632342180536153, 0.4063423670757791, 0.21299768667460894, 0.18005834997415454, 0,10, 0
0.8648307057806159, 0.40548449373706963, 0.20689284326194407, 0.17394758388524198, 1,10, 1
0.8662276325417415, 0.40316295861439605, 0.20529310780420368, 0.17392947237911252, 1,10, 1
0.8660280715758665, 0.40290921685762227, 0.20308434800286565, 0.17211211058974993, 0,10, 0
0.8667597951174084, 0.40164614187313846, 0.1991321986517965, 0.16699070316679732, 0,10, 0
0.8680236812346172, 0.3975830215075224, 0.19880506529116101, 0.1692230163043257, 0,10, 0
0.8661611122197831, 0.3937730179936622, 0.20884244956628198, 0.17493600422332334, 0,10, 0
0.8665602341515333, 0.39236979974661523, 0.2195734601652914, 0.17646980127282852, 0,10, 0
0.8669593560832835, 0.39481715244562476, 0.21194984474755824, 0.16736519040312975, 0,10, 0
0.8684893234883256, 0.38972746434313554, 0.209982706874683, 0.16660888332133683, 0,10, 0
0.8684228031663673, 0.39248381957356937, 0.21041514974917994, 0.1677728837025916, 0,10, 0
0.8702853721812014, 0.38299842919179955, 0.1995996970529319, 0.16362526209802264, 0,10, 0
0.8705514534690348, 0.3808415954266485, 0.20793131036543436, 0.1711429560394106, 0,10, 0
0.8715492582984101, 0.3777342774145938, 0.1931662262954459, 0.16735208586588823, 0,10, 0
0.8746091931084946, 0.3753309545339271, 0.1872108512721174, 0.16068989361217842, 0,10, 0
0.8731457460254107, 0.37480533606578437, 0.1907715209146623, 0.16148653237311877, 0,10, 0
0.8721479411960353, 0.3730087105400479, 0.1886462213936967, 0.15841421120725843, 1,10, 1
0.8727466240936607, 0.37157645234696074, 0.1917021127003438, 0.15924881519909242, 1,10, 1
0.8741435508547861, 0.37131994297566606, 0.183036618739869, 0.15618446346640996, 0,10, 0
0.8727466240936607, 0.3731923922989862, 0.18635759198172047, 0.16225732317691868, 0,10, 0
0.8710836160447016, 0.3722500245157203, 0.1926300661026239, 0.1624754520496107, 0,10, 0
0.8734118273132442, 0.3688901465317202, 0.18631138000946307, 0.1581656464995873, 0,10, 0
0.8755404776159117, 0.36856305124219835, 0.1865379372567172, 0.1552636685560653, 0,10, 0
0.8748752743963281, 0.3665452663750616, 0.18077848841939725, 0.15653796230542275, 1,10, 1
0.8761391605135369, 0.36513582851171533, 0.1833516400662937, 0.1576185242915207, 0,10, 0
0.874675713430453, 0.36323480998506613, 0.1873321301016045, 0.1574321015177521, 0,10, 0
0.8766713230892037, 0.3647020653973719, 0.18594204506734285, 0.15783831500341358, 1,10, 1
0.8780682498503293, 0.36359556870036663, 0.17107192362803364, 0.15093512616420748, 0,10, 0
0.8776026075966208, 0.36190535962443443, 0.18220467304940174, 0.15757103023421773, 1,10, 1
0.8766048027672454, 0.3613208272340222, 0.17975870202810365, 0.1538330489756209, 1,10, 1
0.8787999733918712, 0.3591400105186009, 0.18440861369739964, 0.15494185102989858, 0,10, 0
0.8804629814408301, 0.3554227409250544, 0.17928744831471935, 0.15489349855046164, 1,10, 1
0.880995144016497, 0.35160638501002706, 0.1735557194043708, 0.15021175846484383, 1,10, 1
0.8813942659482472, 0.34576288680798495, 0.17327960745682375, 0.1526560354835163, 0,10, 0
0.8801303798310384, 0.34860133457683684, 0.1759661625879456, 0.15499115524072393, 0,10, 0
0.881926428523914, 0.34461155507131175, 0.17341750102188574, 0.14936655538323584, 2,10, 2
0.880995144016497, 0.3457842342384028, 0.1735185875332075, 0.15308029388511898, 0,10, 0
0.8810616643384555, 0.3456183058756692, 0.17156919113233107, 0.15069341294417113, 0,10, 0
0.8813942659482472, 0.34331808585871704, 0.1711445677606076, 0.1473902760684422, 0,10, 0
0.881926428523914, 0.3442819257092006, 0.17432103992709447, 0.1499187449401649, 0,10, 0
0.8818599082019557, 0.34276838565451057, 0.17446331497788944, 0.15173131446672614, 0,10, 0
0.8825916317434976, 0.3403155176039071, 0.17760918465784034, 0.15018374739205312, 0,10, 0
0.882658152065456, 0.34131372756338274, 0.1783000155765383, 0.14858916008997156, 0,10, 0
0.8835229162509146, 0.33745265617451414, 0.1695666092037002, 0.14487497788546172, 0,10, 0
0.8815938269141222, 0.3382372896335536, 0.17055002040123526, 0.1463316059115745, 0,10, 0
0.8820594691678307, 0.339346553034257, 0.17331267045273804, 0.14754143680683124, 0,10, 0
0.10077828776691279, 2.303736140292966, 0.8944213325400786, 0.36684194226088074, 0,10, 0
0.21499368056941395, 2.098303149074469, 0.8307863505201064, 0.5365780884762007, 2,10, 2
0.3215592363467039, 1.9390111167793183, 0.7441307165155642, 0.49589264263499766, 3,10, 3
0.464910530166966, 1.6690989836043968, 0.5978261463693157, 0.38729432261676666, 2,10, 2
0.5459988026342047, 1.436693819680771, 0.5782958507501147, 0.3654994449574275, 1,10, 1
0.6042706046697266, 1.3082662096347686, 0.5290130237430317, 0.32589000722421846, 1,10, 1
0.6051353688551853, 1.2591470837285674, 0.5316177531360817, 0.3177398464422094, 4,10, 4
0.6467105700791592, 1.1028026415176595, 0.4500339866472938, 0.271291307511563, 0,10, 0
0.6660679837690414, 1.0625679565088793, 0.4587731738775891, 0.2511529289091532, 2,10, 2
0.7081088272467239, 0.9879719738629802, 0.39664223679201904, 0.2429894737065271, 1,10, 1
0.7295283709173153, 0.913781779304106, 0.3783251013285139, 0.24845260545546846, 1,10, 1
0.7144282578327679, 0.8957996698169683, 0.42652574214401584, 0.250114635782252, 3,10, 3
0.7438302401383623, 0.7943429608525383, 0.40074963864992597, 0.25205497013005485, 0,10, 0
0.7250049890241469, 0.7961967673757777, 0.39334100824596824, 0.2464724328554734, 1,10, 1
0.7646511009113284, 0.7527179002876428, 0.3750712703415362, 0.235089891441465, 2,10, 2
0.762522450608661, 0.7325095094862188, 0.3597715969791534, 0.23841251103809646, 1,10, 1
0.7963147741635069, 0.6861633185706013, 0.32070959656091325, 0.21323283328895715, 1,10, 1
0.8138096188385552, 0.6382472655144896, 0.31752826776485127, 0.22200441952607253, 1,10, 1
0.8178673584780151, 0.6203076069900837, 0.32025902937939227, 0.22261644144748613, 0,10, 0
0.819530366526974, 0.6030500021803961, 0.26894237255322295, 0.20969580035466673, 1,10, 1
0.8178008381560566, 0.6019773158192138, 0.29853770840134464, 0.22504825628920033, 0,10, 0
0.8231889842346837, 0.5664864308564086, 0.2761888846320241, 0.21413555323619982, 2,10, 2
0.8297079757866028, 0.5471902964580927, 0.27820151644454066, 0.21246317302292372, 1,10, 1
0.833632674782146, 0.5334394888951739, 0.27433693651563373, 0.21291501358291892, 0,10, 0
0.8364930486263553, 0.5246719336513843, 0.2730130387352094, 0.2123709572742577, 0,10, 0
0.8340983170358545, 0.518218791950834, 0.25772023034154395, 0.20445491701698632, 2,10, 2
0.8363600079824386, 0.5196353474742513, 0.25474156931412945, 0.20466928133317577, 1,10, 1
0.8374243331337724, 0.5105117462199414, 0.24797320920055813, 0.20362334166978702, 1,10, 1
0.8402181866560234, 0.4988491118101289, 0.25337980877631333, 0.2029581151933422, 0,10, 0
0.8408168695536486, 0.49390405913334573, 0.26211040958190224, 0.20646778859766754, 1,10, 1
0.8430785605002328, 0.48786802286975767, 0.2514619549554094, 0.19980278770316098, 0,10, 0
0.8418811947049823, 0.487555000085515, 0.25325335794358506, 0.20051058811848177, 1,10, 1
0.8423468369586908, 0.49092565466618887, 0.2687636732859708, 0.20815055718692044, 0,10, 0
0.8436772433978581, 0.48311089729524836, 0.25062958343066954, 0.1986857614135415, 0,10, 0
0.8468702188518592, 0.47011437791576943, 0.2529028272371548, 0.2012764941291901, 0,10, 0
0.848666267544735, 0.46479902758176217, 0.24892827751976473, 0.19186537315384314, 0,10, 0
0.8491319097984434, 0.45680189586117, 0.245879620870438, 0.20014905521621962, 0,10, 0
0.8503292755936939, 0.4539726325456615, 0.23705992030099235, 0.1916140586533284, 0,10, 0
0.8505288365595689, 0.4481094254565098, 0.23675529765996844, 0.19163841974899204, 1,10, 1
0.8529900884720282, 0.44222155176350275, 0.2368016582305679, 0.192802533858697, 1,10, 1
0.8523248852524447, 0.44497587661803406, 0.23644545623737565, 0.1867234792081765, 1,10, 1
0.8543204949111953, 0.4356750236569313, 0.22345376386746857, 0.18272501195577778, 0,10, 0
0.8547861371649039, 0.438199288551689, 0.23490099301177075, 0.1860333597994717, 1,10, 1
0.8558504623162376, 0.4287661547833075, 0.2162496953461839, 0.18057280442557555, 1,10, 1
0.8557839419942792, 0.43061473023745334, 0.22827561151010758, 0.18058296917174935, 1,10, 1
0.8572473890773631, 0.421268365903408, 0.2121627737125597, 0.180206394994003, 1,10, 1
0.8560500232821127, 0.4175784955510383, 0.23296064646555345, 0.18607071004732262, 0,10, 0
0.8567152265016963, 0.4140620875419169, 0.23250590443189562, 0.18874036621953652, 0,10, 0
0.858710836160447, 0.4168008992582201, 0.22555302043893782, 0.17947415153928276, 0,10, 0
0.8617707709705315, 0.4036540675366504, 0.20449243959201083, 0.1778525545494702, 0,10, 0
0.859642120667864, 0.4053664099474791, 0.21389219204258517, 0.17941104419689616, 1,10, 1
0.8612386083948647, 0.4009262382534923, 0.2157225868006489, 0.18461537090591534, 0,10, 0
0.8591099580921971, 0.4029317765935872, 0.23287238007195682, 0.17812636053362346, 1,10, 1
0.8613716490387814, 0.39903910930662506, 0.22539005412396937, 0.17743385331309672, 0,10, 0
0.8624359741901151, 0.3976701866001477, 0.2212160437707551, 0.17589881626834555, 0,10, 0
0.8648972261025744, 0.3928691439208016, 0.18840813711845056, 0.17083246017906056, 0,10, 0
0.8650302667464911, 0.39042350377833285, 0.19591829179110437, 0.16872820795578267, 0,10, 0
0.8653628683562828, 0.39263956790884746, 0.1959403070136658, 0.16985823729610836, 0,10, 0
0.8653628683562828, 0.3842968075404774, 0.19935941456298106, 0.16842668813998848, 0,10, 0
0.8660945918978248, 0.38620197627669867, 0.19882261785549687, 0.16654260453505818, 0,10, 0
0.8672919576930752, 0.3839558325267125, 0.20331978097087425, 0.1686539731190847, 0,10, 0
0.8660945918978248, 0.3851956238706753, 0.21172680167820562, 0.17080105424004782, 0,10, 0
0.8652963480343245, 0.3802314052071486, 0.20926296329998822, 0.17806126339091755, 0,10, 0
0.8662941528636998, 0.3783790823476489, 0.20565288284622293, 0.17037437520497453, 0,10, 0
0.8685558438102841, 0.37937420012120354, 0.1912418089085439, 0.16653648799044887, 0,10, 0
0.8658950309319497, 0.3774117027273542, 0.21052139677111914, 0.17548508886253106, 0,10, 0
0.8678906405907004, 0.37701528575977444, 0.20437978720157818, 0.16362102671324105, 0,10, 0
0.8680902015565756, 0.37783534953866854, 0.19300884022578366, 0.16145078572226942, 0,10, 0
0.8698197299274929, 0.3762746272785038, 0.19309085532059192, 0.16185464908892422, 0,10, 0
0.8708175347568682, 0.3707208040045661, 0.18398316297209658, 0.1639237858404694, 0,10, 0
0.8717488192642853, 0.3682804201471477, 0.1917025443763637, 0.16150022179408655, 0,10, 0
0.8716822989423268, 0.36911120070138576, 0.19227787074231148, 0.1627406210471111, 0,10, 0
0.8722144615179938, 0.3650426906639178, 0.19055953189498928, 0.16348597521313132, 0,10, 0
0.8735448679571609, 0.36432623167371136, 0.18403253954246576, 0.16058391195980778, 0,10, 0
0.8738109492449944, 0.36429952040409297, 0.18976205910818167, 0.16093638431472568, 1,10, 1
0.8752078760061198, 0.3629896816391319, 0.18013024857455093, 0.1565103894536493, 0,10, 0
0.8759395995476618, 0.35868692721104894, 0.1853225483863353, 0.1562634555861573, 0,10, 0
0.8740105102108694, 0.36015123132539584, 0.18655896326802876, 0.15865721842564906, 2,10, 2
0.8746091931084946, 0.36020921312636045, 0.19316191653829776, 0.15715829379667182, 0,10, 0
0.8753409166500365, 0.3631488965635294, 0.1896212768466501, 0.15433832465288053, 2,10, 2
0.8758730792257035, 0.3623093983588888, 0.1888471890328361, 0.1545185385327624, 1,10, 1
0.8764052418013704, 0.3596768229372975, 0.1841544401662434, 0.14901052303322446, 0,10, 0
0.8762722011574536, 0.35979820363194415, 0.1878442201450971, 0.15546719510233034, 0,10, 0
0.87560699793787, 0.35716950520512886, 0.18758866554305775, 0.16081999885731893, 0,10, 0
0.8787334530699129, 0.3532780051476851, 0.17947863494020821, 0.1528205450461312, 2,10, 2
0.8782678108162043, 0.35459207773484064, 0.17848460531046803, 0.15301634428337316, 1,10, 1
0.8773365263087873, 0.35022232380532436, 0.1781066080848808, 0.15456176620092812, 0,10, 0
0.8781347701722876, 0.34880842966339193, 0.1746206356309132, 0.1532190402562647, 0,10, 0
0.879132575001663, 0.3476234664737821, 0.17355670689929326, 0.15062463942877102, 0,10, 0
0.8787999733918712, 0.3482961181542235, 0.17071945680294098, 0.14686248755580072, 0,10, 0
0.8770704450209539, 0.3511537937214325, 0.19054330996210644, 0.1550159893071079, 0,10, 0
0.8812612253043305, 0.3451801843398648, 0.17691779848861303, 0.15256506142218634, 0,10, 0
0.8797312578992882, 0.3430252686486794, 0.17308447680923528, 0.14946169494368333, 0,10, 0
0.8795316969334132, 0.34331322058628316, 0.17395321882362613, 0.1543420970827652, 0,10, 0
0.8793321359675381, 0.34808071496090814, 0.18382832253754167, 0.15218281403623907, 0,10, 0
0.8815273065921639, 0.34455891243602615, 0.17882787511777962, 0.14604409077927952, 0,10, 0
0.881726867558039, 0.34186746549597113, 0.17591135225316507, 0.14724854910234722, 0,10, 0
0.8811281846604138, 0.34006315723077535, 0.17977408262006173, 0.1475044004068546, 0,10, 0
0.8786669327479545, 0.3430709414852853, 0.18033375594818246, 0.15025207699065782, 0,10, 0
0.8805960220847469, 0.344341810801358, 0.17562724049708967, 0.14749584762801315, 0,10, 0
0.8801303798310384, 0.3409590908107037, 0.17822235181768448, 0.14880037674964866, 0,10, 0
0.10077828776691279, 2.303736140292966, 0.8944213325400786, 0.36684194226088074, 0,10, 0
0.26089270272068116, 2.0382231004317584, 0.7824451089465542, 0.5240163810606436, 2,10, 2
0.3112485864431584, 1.911808443911607, 0.7623704937989164, 0.5195650626217666, 1,10, 1
0.4603871482737976, 1.7151629212193762, 0.656692079492977, 0.38091167793408154, 1,10, 1
0.5167298609725272, 1.4996816769537387, 0.6227399577567533, 0.4330123497175892, 3,10, 3
0.6243597419011508, 1.3045724538824646, 0.5147506835345351, 0.339266807075296, 0,10, 0
0.6111887181533958, 1.2655807124441711, 0.527254573068661, 0.304537708623794, 4,10, 4
0.650768309718619, 1.1358646748723071, 0.48859658028555086, 0.27466052996040075, 0,10, 0
0.670258764052418, 1.0582382511849884, 0.4452572318730051, 0.25688015239177325, 0,10, 0
0.7027206811680968, 0.963148544237483, 0.4471747634782856, 0.27702516864637816, 2,10, 2
0.7154925829841017, 0.9137354729506095, 0.39436489837627337, 0.248588785762888, 2,10, 2
0.7147608594425597, 0.9120302582090097, 0.4048765124802084, 0.2724972395747598, 1,10, 1
0.7564691013104503, 0.820162549517851, 0.3501389565104013, 0.24879497551308621, 2,10, 2
0.7484866626754474, 0.8072494331893949, 0.36046039598084856, 0.2396652439576851, 1,10, 1
0.7675114747555378, 0.7456796946198205, 0.34487876680711366, 0.2359210743836086, 2,10, 2
0.7615911661012439, 0.744773825404762, 0.3358265055072445, 0.22372570705413225, 2,10, 2
0.7626554912525777, 0.7248414630802879, 0.36560128440284034, 0.23773928313816384, 1,10, 1
0.7657154260626622, 0.7195228992422001, 0.32534409595291813, 0.2219013756253891, 1,10, 1
0.7708374908534558, 0.703798884865492, 0.3438738574681345, 0.24636555744448793, 2,10, 2
0.7796846936739174, 0.6696030502550055, 0.29989967060584705, 0.21853953376633664, 1,10, 1
0.7888644981041708, 0.6444647658069982, 0.3032533217372883, 0.21979017290422334, 1,10, 1
0.8057606598815938, 0.6131375670096615, 0.3062284330503525, 0.22337000608832533, 0,10, 0
0.806891505354886, 0.6010735539298979, 0.3061122403419266, 0.21953988101557162, 0,10, 0
0.8151400252777223, 0.5822420845576408, 0.26424892924765025, 0.20654181453894974, 1,10, 1
0.8235881061664339, 0.5668219088322213, 0.2517881942932637, 0.2054377055091107, 1,10, 1
0.8138761391605135, 0.576498046768738, 0.28564609623276616, 0.21283077964773922, 1,10, 1
0.8148739439898889, 0.5667594126850712, 0.26854449554263043, 0.21015490935261963, 0,10, 0
0.8233220248786004, 0.552139842635878, 0.2672945580566323, 0.2079465906325638, 2,10, 2
0.8198629681367657, 0.5570938607498211, 0.2552803469599694, 0.1994540272652971, 2,10, 2
0.8214594558637663, 0.5424936599418817, 0.2486193987628006, 0.20425519277899132, 1,10, 1
0.827712366127852, 0.539383461222987, 0.23944045579214052, 0.19484847215267945, 1,10, 1
0.8313709838355617, 0.5219126163723744, 0.24615144682016726, 0.19871890212182217, 0,10, 0
0.8389543005388146, 0.5028263931077607, 0.2355044996880493, 0.19970121834777418, 0,10, 0
0.8394864631144815, 0.4981962763245722, 0.24835341352835588, 0.19613410106288717, 1,10, 1
0.8387547395729396, 0.5004498690613949, 0.25449807313523337, 0.19441018221455197, 0,10, 0
0.8390873411827313, 0.49528019463697937, 0.2437518155431343, 0.19335888604026963, 1,10, 1
0.8438768043637331, 0.4858034334950131, 0.2415887585681126, 0.18670294834645162, 0,10, 0
0.8436107230758997, 0.4797621943167093, 0.23337992429247062, 0.1886444969370033, 0,10, 0
0.847934544003193, 0.472742751701509, 0.223424246865284, 0.1909329106736716, 0,10, 0
0.8493314707643185, 0.4642723509600087, 0.224253934804296, 0.18557368538672528, 0,10, 0
0.8523248852524447, 0.45534068768425934, 0.22890610046691737, 0.18527245008439772, 0,10, 0
0.8530566087939866, 0.45591038570400816, 0.23089275330589104, 0.18355329108079627, 0,10, 0
0.855185259096654, 0.4469419220242346, 0.22604786545810118, 0.1855733276843428, 1,10, 1
0.855185259096654, 0.44529336804479813, 0.2285511864953062, 0.18574337928036108, 0,10, 0
0.8571143484334465, 0.4411202351724225, 0.22022501291408883, 0.18333639730548712, 1,10, 1
0.857047828111488, 0.4416657743226363, 0.21411197317589878, 0.17957978280588807, 1,10, 1
0.8566487061797379, 0.4397216149948692, 0.2190088995101628, 0.1804876533937526, 2,10, 2
0.8587773564824054, 0.4313533280001378, 0.21402653880921832, 0.17762789940144053, 1,10, 1
0.8607064458191978, 0.4261947220175887, 0.21569136148138643, 0.17470933013375256, 0,10, 0
0.8630346570877403, 0.42044471422127977, 0.21215939615970447, 0.17847612989321734, 2,10, 2
0.8619703319364066, 0.41736791863345357, 0.2247957264904092, 0.18029249160096852, 0,10, 0
0.8633672586975321, 0.41262961704938256, 0.20941662021675472, 0.17558432917129177, 1,10, 1
0.8615712100046564, 0.41107143884099123, 0.2210587322977004, 0.1776093150640278, 1,10, 1
0.8668263154393667, 0.4029233812364939, 0.20505728475461363, 0.17314059078842828, 0,10, 0
0.8660280715758665, 0.4037573020988141, 0.21179585722692298, 0.17617805747016052, 0,10, 0
0.8653628683562828, 0.4020934140969822, 0.21613625352907603, 0.178232253633414, 0,10, 0
0.8663606731856582, 0.3995876938573292, 0.2114891437124652, 0.17660588386978618, 0,10, 0
0.8685558438102841, 0.39430692108311005, 0.20141972756181864, 0.17038483618565173, 0,10, 0
0.8687554047761591, 0.3928472879805466, 0.19682097848482058, 0.16572486113796195, 0,10, 0
0.8704184128251181, 0.3923212732656227, 0.19806910142979706, 0.16844030357800954, 0,10, 0
0.8696201689616178, 0.3899507277603594, 0.19853749254396633, 0.16418016812146413, 0,10, 0
0.8710836160447016, 0.3886122226771865, 0.19629391531850984, 0.17004684115188648, 0,10, 0
0.8707510144349099, 0.38945587097214956, 0.19118589362288813, 0.16333665588981452, 0,10, 0
0.8706179737909931, 0.38752577041680925, 0.19683563375314886, 0.16428269878538837, 0,10, 0
0.872081420874077, 0.3844361106357552, 0.19225635904845284, 0.16356658308025573, 0,10, 0
0.8724805428058272, 0.3798803609759146, 0.19591826218807398, 0.16488960636276706, 0,10, 0
0.8724140224838688, 0.37932660965604015, 0.1936620075421103, 0.1651038275795479, 0,10, 0
0.8732122663473691, 0.37597078662620037, 0.18815091930356492, 0.16065207218909916, 0,10, 0
0.8750748353622032, 0.37248502198653877, 0.19321833343037415, 0.16177979901473968, 0,10, 0
0.8749417947182865, 0.37017902667461355, 0.19097221691080457, 0.1613333703573921, 0,10, 0
0.8734783476352026, 0.36863462117146517, 0.19288736084102587, 0.16643791851647122, 0,10, 0
0.8758065589037451, 0.37081537445937635, 0.19373792987289157, 0.163605992105699, 0,10, 0
0.8746091931084946, 0.37090445440873926, 0.1956147415942457, 0.16173716980823882, 0,10, 0
0.8752743963280782, 0.3655119038824587, 0.1957472205355991, 0.16177333315543094, 0,10, 0
0.8766713230892037, 0.36187870076381234, 0.1840262928091497, 0.15843905372714093, 0,10, 0
0.8758730792257035, 0.36512537980947146, 0.1852199712023289, 0.15980744762236482, 0,10, 0
0.8765382824452871, 0.36187820523891845, 0.18001983800120136, 0.16012535907071587, 1,10, 1
0.878400851460121, 0.3604416092434158, 0.18315499011217157, 0.1583539428431438, 1,10, 1
0.8776026075966208, 0.36097200145354624, 0.19004544776763943, 0.16022219043499564, 0,10, 0
0.877270005986829, 0.3622222903041787, 0.18253321720619492, 0.15589964103166024, 2,10, 2
0.8758065589037451, 0.3659055603966426, 0.2004930422053965, 0.16410180051862486, 0,10, 0
0.8777356482405375, 0.36190949585206256, 0.1841185895416101, 0.15883169277928044, 1,10, 1
0.8777356482405375, 0.3589660831435776, 0.18463514712688014, 0.15763585158903592, 3,10, 3
0.878001729528371, 0.35959624089901887, 0.18791564209083483, 0.15410343441968952, 0,10, 0
0.8789995343577462, 0.3513292146785773, 0.18067164269814534, 0.16155722785549806, 0,10, 0
0.8797312578992882, 0.3564883447043666, 0.18676610914974884, 0.15529049586009863, 0,10, 0
0.8797312578992882, 0.35501441032781816, 0.18611247346688564, 0.1550758240505295, 1,10, 1
0.8798642985432049, 0.3520030213066335, 0.17400830799390593, 0.14790406260318464, 0,10, 0
0.8805295017627885, 0.35211344858911503, 0.17740781198288516, 0.14824647414273467, 0,10, 0
0.8802634204749551, 0.3517934561113052, 0.17933549667040805, 0.14610690708493565, 1,10, 1
0.8813942659482472, 0.34839498196776814, 0.1712286106208479, 0.14490216724504587, 0,10, 0
0.8813942659482472, 0.35006605034028937, 0.1792790416702342, 0.14880210208123704, 0,10, 0
0.8822590301337059, 0.34845434869215347, 0.17711901971946975, 0.14418200036510123, 0,10, 0
0.8811947049823721, 0.35012039953155677, 0.1816042461816519, 0.15264127407863248, 0,10, 0
0.8810616643384555, 0.3468461095632273, 0.17542991678165248, 0.14780283125540009, 0,10, 0
0.8832568349630813, 0.34437704733393615, 0.16781725243108028, 0.14840558604647291, 0,10, 0
0.8817933878799974, 0.3460262518161412, 0.17208734390676853, 0.14919757818353416, 0,10, 0
0.881726867558039, 0.3455370249957212, 0.17391879799937382, 0.15193605277967412, 0,10, 0
0.881926428523914, 0.3427399165316973, 0.1717872378579569, 0.14913577014814255, 0,10, 0
0.8837889975387481, 0.33794296499409493, 0.17083798083917956, 0.14759209252791233, 0,10, 0
0.8829907536752478, 0.3391268213637506, 0.16894746647433884, 0.14515322434003208, 0,10, 0
0.10077828776691279, 2.303736140292966, 0.8944213325400786, 0.36684194226088074, 0,10, 0
0.24339785804563294, 2.0719284792864054, 0.76688635326788, 0.5117477393445818, 2,10, 2
0.31597152930220185, 1.9176352538710137, 0.7454277565424764, 0.5124195794548664, 2,10, 2
0.38635002993414486, 1.7347297590179596, 0.6617848948473829, 0.46213831755438073, 2,10, 2
0.4824718951639726, 1.5164845285414688, 0.6066133375674724, 0.41496374014758763, 3,10, 3
0.5124725603671921, 1.454694641280533, 0.5626575907944514, 0.32758737517122755, 2,10, 2
0.5529834364398324, 1.3548716990253815, 0.5203990252042369, 0.3134086674352325, 1,10, 1
0.6195037583981906, 1.2301050973460148, 0.4568505696736874, 0.2562184034537985, 4,10, 4
0.6344708308388213, 1.1084835512081848, 0.45165584244390383, 0.27170860171794364, 1,10, 1
0.6834297878001729, 1.019843975113465, 0.43748621536495125, 0.2715553206882978, 1,10, 1
0.6961351692942194, 0.9023664489496324, 0.4533983539271585, 0.30727440423121605, 2,10, 2
0.7665136699261624, 0.8229954571555306, 0.3814711972147644, 0.2399564247105277, 0,10, 0
0.7587307922570345, 0.7973260618315096, 0.34132749295960596, 0.22945832025466423, 0,10, 0
0.7516131178074902, 0.7909337528205709, 0.34779741061334674, 0.23007549505205538, 3,10, 3
0.7459588904410297, 0.7929796115875881, 0.357478448985605, 0.22992907815407387, 1,10, 1
0.7580655890374509, 0.7464298935996784, 0.34882251771648354, 0.22723052884737668, 1,10, 1
0.7629880928623695, 0.7393844742412647, 0.3340762555940115, 0.22899177375796043, 0,10, 0
0.7976451806026741, 0.6837621122200267, 0.29122503578526815, 0.21148611308505177, 1,10, 1
0.7867358478015034, 0.7018138314163955, 0.317074813336434, 0.2139272797684736, 0,10, 0
0.789263620035921, 0.6931220960299445, 0.3083282044999873, 0.210702432561045, 2,10, 2
0.7911927093727134, 0.6642364632464869, 0.2937551187190481, 0.21200949782813225, 1,10, 1
0.808022350828178, 0.6293525878621585, 0.28909031559343845, 0.2098136773176976, 0,10, 0
0.8192642852391405, 0.6045324293823581, 0.2594096984877459, 0.20068554033016778, 0,10, 0
0.8090201556575534, 0.6113271614572258, 0.2774069350728326, 0.20323301843383976, 0,10, 0
0.8088871150136366, 0.610801920090154, 0.2776550103574598, 0.20279522922203821, 2,10, 2
0.8083549524379698, 0.6143916395441108, 0.2759411645064137, 0.20277335991481815, 0,10, 0
0.8167365130047229, 0.5961472180618638, 0.2669294191737629, 0.19641578784410743, 2,10, 2
0.8307057806159782, 0.5746969970454737, 0.250471386539315, 0.1958225845232932, 0,10, 0
0.8300405773963946, 0.5611504088011128, 0.2749585478908497, 0.20882098314635758, 2,10, 2
0.8295749351426861, 0.5580066979213335, 0.2529461855468258, 0.1934585606371392, 0,10, 0
0.8299075367524779, 0.5514423428026363, 0.2572256842779667, 0.19285651031687634, 0,10, 0
0.8314375041575202, 0.5446833437097157, 0.2433499838986496, 0.19207795277169804, 0,10, 0
0.8316370651233952, 0.5410679125637343, 0.251640227561283, 0.1919611900616991, 1,10, 1
0.8334331138162708, 0.5388031193575045, 0.251349616067392, 0.1900643147796863, 0,10, 0
0.8341648373578128, 0.5286694542329359, 0.24907329763763683, 0.18876800415218445, 0,10, 0
0.8396860240803565, 0.5116311193175004, 0.24496606165627363, 0.18641574446131368, 0,10, 0
0.8414820727732322, 0.5066661088061308, 0.23711402577048343, 0.18243540421304844, 0,10, 0
0.8440763653296082, 0.49454389413976135, 0.23483350771971379, 0.1836687854455987, 0,10, 0
0.8470032594957759, 0.4891722764879658, 0.22938255300523355, 0.182392169408706, 1,10, 1
0.8487327878666933, 0.4837719294162195, 0.2306565503213482, 0.1803787693140224, 1,10, 1
0.8502627552717356, 0.47961486440840506, 0.22549009531155031, 0.17663352315178055, 0,10, 0
0.8503292755936939, 0.4760484300947835, 0.22608228035906486, 0.17558429968318273, 1,10, 1
0.8517262023548194, 0.4696239427313348, 0.22166640900423917, 0.17658519728639913, 0,10, 0
0.8539213729794453, 0.46627152187703513, 0.21868978466177244, 0.175547869277748, 2,10, 2
0.856848267145613, 0.45699126066806517, 0.2208529993347145, 0.1773986064087593, 0,10, 0
0.8563826248919045, 0.4547239579131424, 0.22157464522489534, 0.17719991988339406, 2,10, 2
0.8591099580921971, 0.4476877398357668, 0.220064747540563, 0.17604717320202795, 1,10, 1
0.8595090800239473, 0.4442837390109509, 0.2154091585476124, 0.1712446978051371, 0,10, 0
0.85777955165303, 0.45047518504081974, 0.22101740770983894, 0.17051687765525667, 0,10, 0
0.8611055677509479, 0.43953321751594854, 0.21293009603207405, 0.17334956654663283, 1,10, 1
0.8611055677509479, 0.43828759951106966, 0.20957958705963653, 0.17020969431448355, 0,10, 0
0.8610390474289895, 0.43548572412341086, 0.2154479846500511, 0.16849613302655833, 0,10, 0
0.8619703319364066, 0.4338404993612076, 0.21013446449121798, 0.16394840189903273, 0,10, 0
0.8610390474289895, 0.43351725919867123, 0.2146114099510722, 0.16600156397058977, 0,10, 0
0.8635002993414488, 0.42576779190339503, 0.21758709081952154, 0.16827556683985706, 0,10, 0
0.8633007383755738, 0.416672061177177, 0.21185647241706065, 0.16901122172753338, 0,10, 0
0.864098982239074, 0.4135349759003432, 0.20752370405734522, 0.16895902818614497, 0,10, 0
0.8668263154393667, 0.4082842326830909, 0.20567022377073244, 0.17174528303777994, 0,10, 0
0.8675580389809087, 0.4080242245231547, 0.19920444751658364, 0.16495645921858462, 0,10, 0
0.8672919576930752, 0.40587475939468814, 0.20069180760018732, 0.16591118289073567, 0,10, 0
0.8678906405907004, 0.40322576255916737, 0.20576801666584352, 0.16700594887141573, 0,10, 0
0.8693540876737843, 0.3960752571764676, 0.20352665419590604, 0.16540371877746052, 0,10, 0
0.869487128317701, 0.3991543369015192, 0.19999875160761932, 0.1619844084772747, 0,10, 0
0.8689549657420342, 0.3942564262088948, 0.2041961138602305, 0.16713646764821455, 0,10, 0
0.8717488192642853, 0.3903597061134096, 0.193032196833279, 0.16114585575019524, 0,10, 0
0.8690214860639925, 0.3909996310642778, 0.19423529249688584, 0.1586309805805929, 0,10, 0
0.8696866892835762, 0.3914561427734804, 0.1938274816557697, 0.1575127629148753, 0,10, 0
0.8697532096055345, 0.39541549079328836, 0.1979788600387711, 0.15803896167716217, 0,10, 0
0.8726135834497439, 0.38585709817281527, 0.19636872648290735, 0.15981538724489414, 0,10, 0
0.8733453069912859, 0.381226610049416, 0.19475412277192355, 0.15614831659659978, 0,10, 0
0.8754739572939533, 0.37594164133006425, 0.18979229438215, 0.15980188553325375, 0,10, 0
0.8742100711767445, 0.37369710479897866, 0.19305582860034481, 0.158734755359352, 1,10, 1
0.8752078760061198, 0.3746189128565256, 0.1941470748899697, 0.15628601615530224, 0,10, 0
0.8737444289230359, 0.37825440917432684, 0.20045751476627133, 0.1549694358566019, 0,10, 0
0.8753409166500365, 0.371892857838548, 0.1933539453368754, 0.1549057021024064, 1,10, 1
0.8739439898889111, 0.3764792153007512, 0.1958978840362918, 0.1548188382516494, 1,10, 1
0.874675713430453, 0.3741423123103867, 0.1949306143382656, 0.15198909166830302, 0,10, 0
0.8747422337524113, 0.3712150613772173, 0.19216197619786615, 0.15204694756969955, 1,10, 1
0.8748752743963281, 0.36875855959987325, 0.19141928401613073, 0.15130215294576332, 2,10, 2
0.8763387214794119, 0.3627892966020177, 0.18866311697742544, 0.15233793157114747, 0,10, 0
0.8742765914987028, 0.3617930422686429, 0.1890609091872585, 0.1536332663918181, 0,10, 0
0.8784673717820795, 0.35601359877419997, 0.18200788154598446, 0.15195419733803742, 0,10, 0
0.879132575001663, 0.3599366112165648, 0.18430205900788443, 0.1457299987015409, 1,10, 1
0.878400851460121, 0.359639714869134, 0.19070767715380288, 0.1482370658067231, 0,10, 0
0.8787999733918712, 0.35508697778267023, 0.1846838188240758, 0.14845849139304124, 0,10, 0
0.880995144016497, 0.3489268191420714, 0.17732999642211084, 0.1482405157588193, 0,10, 0
0.8794651766114548, 0.3491055386716622, 0.1800106356103062, 0.14784046261218833, 1,10, 1
0.8808621033725803, 0.3439651495975286, 0.17508695978969047, 0.14827346941121122, 0,10, 0
0.8813277456262888, 0.34517549036011846, 0.1792087839476356, 0.1463892134388591, 0,10, 0
0.8795982172553715, 0.3462608390324074, 0.18886777658412193, 0.15040190318831928, 1,10, 1
0.8823920707776226, 0.33984974074478813, 0.1759517319505818, 0.14790036221723515, 0,10, 0
0.8815938269141222, 0.3405364345915272, 0.18441751369638368, 0.14553947891753713, 0,10, 0
0.883589436572873, 0.33604560013027396, 0.17443894622145603, 0.14712279146159857, 0,10, 0
0.880795583050622, 0.33999598216341215, 0.18854700738556368, 0.14881371079257033, 0,10, 0
0.8828577130313311, 0.33698689752080685, 0.17244746924077256, 0.147053795354522, 0,10, 0
0.8827246723874144, 0.3396975151784208, 0.17676526934430353, 0.14618449005311984, 0,10, 0
0.8816603472360807, 0.3456146178498268, 0.1897630766723689, 0.14656018847877425, 0,10, 0
0.8830572739972061, 0.3356978312922633, 0.17426272151431463, 0.14862963166977528, 0,10, 0
0.881726867558039, 0.3375207065982111, 0.17662691395249794, 0.14648868226508355, 0,10, 0
0.8831237943191645, 0.33758791839327096, 0.17523977739008495, 0.1388898591363169, 0,10, 0
0.8846537617242067, 0.33209280517715695, 0.1713176610053753, 0.14370752300506817, 0,10, 0
0.10077828776691279, 2.303736140292966, 0.8944213325400786, 0.36684194226088074, 0,10, 0
0.2801170757666467, 2.0211532258078666, 0.7502383907643457, 0.4915470417294523, 12,10, 1
0.3850196234949777, 1.820714568141009, 0.6679356391628355, 0.37314339190011303, 3,10, 3
0.5114082352158584, 1.451460398358931, 0.5898489810349874, 0.37280667068550744, 1,10, 1
0.6385950908002395, 1.1933975148413756, 0.48653493162920514, 0.2665907805007251, 1,10, 1
0.5774629149205082, 1.195798976450496, 0.6160803836609119, 0.41409995320976817, 5,10, 5
0.6643384553981241, 1.059691030672195, 0.5003592816194677, 0.2972690361339682, 2,10, 2
0.7397059801769441, 0.9288402456982073, 0.4080741558928812, 0.2527174202832316, 1,10, 1
0.770704450209539, 0.8890607578343273, 0.376590220632635, 0.23636614325792793, 1,10, 1
0.7834763520255438, 0.7896678219673262, 0.3645537879011514, 0.2382260791592811, 0,10, 0
0.7782877669127919, 0.7647293456929672, 0.3722673236745386, 0.24457284108065264, 1,10, 1
0.790194904543338, 0.7118673923001843, 0.3588629702303116, 0.24336323508474478, 2,10, 2
0.7960486928756735, 0.6857627478589353, 0.3428619767852434, 0.2343659470422774, 1,10, 1
0.8049624160180935, 0.6701341538443555, 0.32343166864015915, 0.23316648902595868, 2,10, 2
0.8069580256768443, 0.652115025119632, 0.3415768848617009, 0.23621199362851944, 1,10, 1
0.8109492449943457, 0.6402838079044585, 0.3274636244304865, 0.2339542633947734, 1,10, 1
0.8181999600878068, 0.5939356343902499, 0.3140504410439034, 0.22141269376076256, 0,10, 0
0.8181334397658485, 0.589761117259503, 0.30082138077514187, 0.2195906504137497, 1,10, 1
0.8210603339320163, 0.5903140989111534, 0.30634359693420066, 0.2308093905078428, 0,10, 0
0.8200625291026409, 0.5927380806803497, 0.3139676569806769, 0.22718385589772416, 0,10, 0
0.8257832767910597, 0.5636791379609346, 0.2741681496492666, 0.2095283853465527, 1,10, 1
0.8286436506352691, 0.5432316725082238, 0.2797969090646448, 0.2098293103806136, 1,10, 1
0.8287101709572274, 0.5427482836192828, 0.3002102259558051, 0.21536259942298966, 0,10, 0
0.8311714228696867, 0.5272813787894454, 0.2800926290142058, 0.21007705983625352, 1,10, 1
0.834763520255438, 0.5068876467495799, 0.2670330321102592, 0.20503179101983637, 1,10, 1
0.8360939266946052, 0.5133013165541037, 0.2504453281361261, 0.20485628097532993, 2,10, 2
0.8370917315239805, 0.5060193060708895, 0.25241042576009326, 0.2053964322550144, 1,10, 1
0.8392869021486064, 0.49827606477844005, 0.25104970831786694, 0.19840288007703802, 1,10, 1
0.8402847069779817, 0.4899232990950759, 0.25076280717608046, 0.20110191316791184, 1,10, 1
0.8409499101975654, 0.4811546680630917, 0.24877864139553793, 0.20070713681886496, 0,10, 0
0.8424133572806493, 0.470813308996176, 0.24496838983495128, 0.19343887306832597, 0,10, 0
0.8442759262954833, 0.46730768435355363, 0.24565119707661537, 0.19425489884882738, 0,10, 0
0.8480010643251513, 0.4608782386450964, 0.23555366185011997, 0.1934484684214962, 0,10, 0
0.847934544003193, 0.4547066368130889, 0.2432397280091984, 0.19442508720649584, 2,10, 2
0.8513936007450276, 0.4477308651771491, 0.2421012538812222, 0.19140861313536153, 0,10, 0
0.8535887713696534, 0.44324866848058864, 0.23789714676667426, 0.18729865793116993, 0,10, 0
0.851659682032861, 0.44425012845094447, 0.24135151694075652, 0.1876296867540571, 1,10, 1
0.8538548526574868, 0.43756625805814225, 0.2410434919637524, 0.19226509845410408, 1,10, 1
0.8536552916916118, 0.43560125976254904, 0.23401329283528835, 0.18541923030870755, 0,10, 0
0.854253974589237, 0.43253880379997384, 0.23482976402636296, 0.1873988974856261, 0,10, 0
0.8547861371649039, 0.430647127653261, 0.23589660780577734, 0.18818330902656133, 0,10, 0
0.8551187387746957, 0.42532084275137794, 0.2299971199568766, 0.1826030360903329, 0,10, 0
0.8556509013503625, 0.4253533831330958, 0.23489257929567953, 0.18554057953910671, 0,10, 0
0.856848267145613, 0.42239220296806435, 0.2312707086272506, 0.17999615482887385, 1,10, 1
0.8601077629215725, 0.4112305029417681, 0.21620321999829378, 0.1813973681599142, 2,10, 2
0.8617042506485731, 0.41064242208873364, 0.21672336838143147, 0.1772956154784891, 0,10, 0
0.8636333399853655, 0.4082397318575849, 0.21627061397440175, 0.179435507824057, 1,10, 1
0.8619703319364066, 0.4098090668830049, 0.21515979035415078, 0.17691952040908035, 1,10, 1
0.865761990288033, 0.4056966071994631, 0.20518684693056724, 0.17755137767117948, 0,10, 0
0.8634337790194905, 0.4001880619531239, 0.21048297123782056, 0.17624136978203078, 0,10, 0
0.8639659415951573, 0.39707111870706974, 0.2102239584459167, 0.17556615705271028, 1,10, 1
0.8660945918978248, 0.39356338217975007, 0.20701842274481855, 0.17143722210451787, 0,10, 0
0.8667597951174084, 0.39018674849192886, 0.20366355409240566, 0.17087457751811275, 1,10, 1
0.8689549657420342, 0.385514142977853, 0.20009363794624346, 0.17269467012069548, 0,10, 0
0.8660280715758665, 0.38940616048573967, 0.21345718864337504, 0.1761120140274847, 1,10, 1
0.8673584780150336, 0.38343789456150223, 0.19930267728229267, 0.1703047529114584, 0,10, 0
0.8678906405907004, 0.3851200548335248, 0.20504591777247472, 0.17265811481599078, 0,10, 0
0.8703518925031597, 0.3809704895515756, 0.19519612918457163, 0.16499894943023302, 0,10, 0
0.8698197299274929, 0.37749608953684444, 0.20362396584506556, 0.1685636170354935, 0,10, 0
0.8688884454200758, 0.3814149864745632, 0.20033338258966144, 0.16544547620851038, 0,10, 0
0.8704184128251181, 0.37630118039082305, 0.19804745575313173, 0.16802483184371783, 0,10, 0
0.8716157786203685, 0.3705993407900767, 0.1878215034449299, 0.16290789258105193, 0,10, 0
0.8722809818399521, 0.3707178730975645, 0.19229562089329022, 0.16585132984627543, 0,10, 0
0.8744096321426196, 0.36527759614049043, 0.19269539207930353, 0.15966746012922495, 0,10, 0
0.8724805428058272, 0.3678579279777697, 0.1962012070596082, 0.16617727158295914, 0,10, 0
0.8739439898889111, 0.36157410613164376, 0.1864189443226696, 0.16413115165552886, 0,10, 0
0.8732787866693275, 0.36169956243734896, 0.18948918331598755, 0.16404506668299138, 0,10, 0
0.8741435508547861, 0.3605720741221883, 0.1881588099221293, 0.15918947288101643, 0,10, 0
0.8760726401915785, 0.3571088280081128, 0.18248729396496355, 0.15949880119182766, 0,10, 0
0.8751413556841615, 0.35705302849164244, 0.18952740318428468, 0.163706404442379, 0,10, 0
0.8766713230892037, 0.35647698169694586, 0.18486790792533433, 0.15990531799554797, 0,10, 0
0.8760061198696202, 0.353826921653874, 0.17668975399036532, 0.15412698719614396, 0,10, 0
0.8777356482405375, 0.35065057345165357, 0.17771764086605807, 0.15337872487839255, 1,10, 1
0.8762056808354952, 0.35766921715710326, 0.181187959599427, 0.15419344373950541, 0,10, 0
0.8775360872746624, 0.35084382893351895, 0.17620240564198292, 0.15552683511645968, 0,10, 0
0.8753409166500365, 0.3536775553211489, 0.18741929852574965, 0.1604686247170947, 0,10, 0
0.8785338921040378, 0.35023058501579496, 0.18062911256530378, 0.1564086524632287, 1,10, 1
0.8789330140357879, 0.34652029225265807, 0.18713874622250848, 0.1575055073197882, 2,10, 2
0.8775360872746624, 0.348355535824641, 0.1843833454607813, 0.15701973081136159, 0,10, 0
0.8786004124259962, 0.34546899066261405, 0.17222404351367035, 0.15277582872493523, 0,10, 0
0.879132575001663, 0.3437962711543168, 0.18625034002676685, 0.15777291909468122, 1,10, 1
0.8811281846604138, 0.34302984780147355, 0.18049608500972572, 0.15285997610521906, 0,10, 0
0.8793986562894964, 0.34460973178574167, 0.1795710150282599, 0.1532942917342275, 0,10, 0
0.8794651766114548, 0.33887001562780034, 0.17387996556284635, 0.1509544712413711, 0,10, 0
0.8783343311381627, 0.34370130924045345, 0.18772526306232834, 0.15643806897876608, 1,10, 1
0.8810616643384555, 0.34152211762036994, 0.1763525800809228, 0.1540157351435694, 1,10, 1
0.881926428523914, 0.3363430614580404, 0.17396896959441294, 0.1497566155743993, 1,10, 1
0.8800638595090801, 0.3375617829658594, 0.18065353911946957, 0.1518152662622267, 0,10, 0
0.8814607862702055, 0.3383742180530182, 0.1763911512076869, 0.148619131207794, 0,10, 0
0.8836559568948313, 0.33332095500782366, 0.17028708798631695, 0.14592219520673808, 0,10, 0
0.8831237943191645, 0.33501890084415686, 0.1757750032216475, 0.14927145452266713, 1,10, 1
0.8816603472360807, 0.3391755200379191, 0.17627958054022688, 0.1453345002284547, 0,10, 0
0.8838555178607065, 0.3326730542468664, 0.1708800095954551, 0.14552903720408167, 0,10, 0
0.8831903146411229, 0.3284016609823134, 0.17402633800229583, 0.14811487096852466, 0,10, 0
0.8839885585046232, 0.3304354675237874, 0.17239309707976333, 0.14738555991695554, 0,10, 0
0.8845872414022484, 0.33034514355884453, 0.17015848404031758, 0.14347353865378454, 0,10, 0
0.8841881194704982, 0.3306930178368903, 0.16567932040241273, 0.14396196974762374, 0,10, 0
0.8841881194704982, 0.3276504636755521, 0.17144355839637687, 0.15045858489767736, 0,10, 0
0.8830572739972061, 0.3306995249061956, 0.17591095612282304, 0.1522706503378732, 0,10, 0
0.8838555178607065, 0.3289889913227268, 0.1781693651720858, 0.14886587134709267, 0,10, 0
0.8847202820461652, 0.32831919069877613, 0.1674017545444373, 0.14812655657837845, 0,10, 0
0.10077828776691279, 2.303736140292966, 0.8944213325400786, 0.36684194226088074, 0,10, 0
0.31384287899953434, 1.9840432973734072, 0.7915075564178129, 0.4846069029706733, 3,10, 3
0.43184993015366197, 1.6653340296744348, 0.6889539763136565, 0.4652030597369612, 3,10, 3
0.522650169626821, 1.4368860292077628, 0.6276820033092211, 0.3689443435007791, 1,10, 1
0.6180403113151067, 1.2036625888050054, 0.5307358626625538, 0.2986857321055434, 2,10, 2
0.6255571076964013, 1.1934133201585333, 0.5382058020615205, 0.332313314183168, 4,10, 4
0.6394598549856981, 1.1409278625255266, 0.4983474733616693, 0.282793497731568, 2,10, 2
0.7148939000864765, 0.9751373358137263, 0.4150794527131642, 0.23100181843912126, 2,10, 2
0.7031863234218053, 0.9668876325847375, 0.4685499495858166, 0.2665798439412857, 1,10, 1
0.7219450542140624, 0.9113363586163439, 0.4196036023557288, 0.249464868288964, 1,10, 1
0.7124326481740172, 0.9214426786587918, 0.42786702323671816, 0.2805712497997463, 2,10, 2
0.7277323222244396, 0.8705001124149916, 0.4242591380737775, 0.25699963131917786, 3,10, 3
0.7231424200093128, 0.8596477167867288, 0.42433162956178694, 0.26473496031622895, 2,10, 2
0.744695004323821, 0.7896797710153324, 0.3894476351209665, 0.2525220341409213, 1,10, 1
0.7645845805893701, 0.7273454478340684, 0.35709266892602476, 0.22964364145745284, 0,10, 0
0.7713031331071643, 0.7121949427757683, 0.36746468175119273, 0.23772491096580012, 0,10, 0
0.7947848067584647, 0.679343480117561, 0.3128325775456847, 0.21654803199018458, 0,10, 0
0.7872014900552119, 0.6609337709006391, 0.3081157325207583, 0.216636931495417, 0,10, 0
0.7944522051486729, 0.6540338600168766, 0.33200558624952037, 0.22728965490237496, 0,10, 0
0.7909931484068383, 0.6467068138233744, 0.3269199906274414, 0.22291499322972416, 2,10, 2
0.804496773764385, 0.6213481852531054, 0.315856535381239, 0.2187775826624007, 3,10, 3
0.8057606598815938, 0.6123915652051806, 0.3202113534535582, 0.21236703080712893, 4,10, 4
0.8110822856382625, 0.5823904641057813, 0.3118674418761823, 0.21715455209550374, 1,10, 1
0.8121466107895963, 0.5797323820916496, 0.29532775358753577, 0.2139442325139437, 0,10, 0
0.8113483669260959, 0.5743763562823003, 0.29693436787179783, 0.20948150407299404, 1,10, 1
0.8167365130047229, 0.566802402946114, 0.2810180943796631, 0.21196373978597197, 0,10, 0
0.8166699926827646, 0.5664845001947949, 0.28849564645329595, 0.210779882555811, 0,10, 0
0.8216590168296415, 0.5493585085192259, 0.28287878505844416, 0.2100582100397035, 0,10, 0
0.8332335528503958, 0.526457354877066, 0.2586557627005564, 0.2040749699118081, 0,10, 0
0.8338987560699794, 0.526745561722077, 0.2525268117682618, 0.20222185098972958, 0,10, 0
0.8350296015432714, 0.5178483427719142, 0.2596111860244523, 0.19895826520941934, 1,10, 1
0.8386882192509811, 0.5128459373445686, 0.2534590586701691, 0.1968344875644237, 0,10, 0
0.8381560566753143, 0.504345942419995, 0.25379137550652536, 0.1985831371492926, 0,10, 0
0.846071974988359, 0.4892463118243895, 0.23903634163307294, 0.19175126470305046, 1,10, 1
0.8475354220714428, 0.4849943452272415, 0.22547857123651555, 0.18576046442290875, 0,10, 0
0.848134104969068, 0.47941463345579843, 0.2377949500802357, 0.1935135658878703, 0,10, 0
0.8491984301204017, 0.4731358187051822, 0.23342674647196426, 0.18975601818864246, 1,10, 1
0.8500631943058604, 0.4695615044558419, 0.23175685398478352, 0.19551336984737902, 1,10, 1
0.8529900884720282, 0.45811665414638986, 0.2201906168114915, 0.1873675885650471, 2,10, 2
0.8567152265016963, 0.44677339749387046, 0.21935017291644443, 0.1815961254816144, 1,10, 1
0.8559835029601544, 0.4486770492935448, 0.22402654890901272, 0.18491587838537377, 2,10, 2
0.8581786735847802, 0.44193262034746783, 0.2126046105480844, 0.18465860415310295, 1,10, 1
0.8597086409898224, 0.43839701209792636, 0.21742503925887596, 0.1794577308139103, 0,10, 0
0.8615712100046564, 0.4307686179850301, 0.21112025448844018, 0.1786623465597347, 0,10, 0
0.8619703319364066, 0.4231769147963179, 0.20434597330013018, 0.17689245609171148, 0,10, 0
0.8621698929022816, 0.41872124872018757, 0.20424890134433288, 0.17410200145056487, 0,10, 0
0.8624359741901151, 0.42643099042725996, 0.215846727101034, 0.1771191621271985, 0,10, 0
0.8630346570877403, 0.4172648134192602, 0.21376191712525902, 0.17623552095257025, 0,10, 0
0.8626355351559901, 0.4184561985820923, 0.20953591195061372, 0.17526736099801365, 0,10, 0
0.8631011774096987, 0.4170150631125259, 0.20872296617143227, 0.17485845607859896, 0,10, 0
0.8666267544734917, 0.40892393118773435, 0.2082277357211778, 0.17752269262202314, 0,10, 0
0.8656289496441163, 0.409146588543164, 0.20261585805251134, 0.1758881637364281, 0,10, 0
0.8658950309319497, 0.4032016521022532, 0.2044924604129903, 0.1707002824574479, 1,10, 1
0.8659615512539081, 0.4054741271747525, 0.2065355491932241, 0.17173329383672623, 0,10, 0
0.8667597951174084, 0.39944011593397427, 0.20146187089019904, 0.16827885935997172, 1,10, 1
0.8676910796248254, 0.3952682992388913, 0.19876874569508604, 0.17164216882925942, 0,10, 0
0.8698862502494512, 0.3904438344826693, 0.19590632784590475, 0.16779429388187306, 0,10, 0
0.8704184128251181, 0.3851584158418068, 0.1923384548653125, 0.1647953313451808, 0,10, 0
0.8693540876737843, 0.38303235847689515, 0.19779453480444797, 0.1700600380795586, 0,10, 0
0.8724805428058272, 0.3816408347711962, 0.1896673615558413, 0.1679552070412594, 0,10, 0
0.8704184128251181, 0.3799105246804132, 0.19253094200029774, 0.16951273928805727, 0,10, 0
0.8706844941129515, 0.3789286443558009, 0.19747051261148563, 0.16708597698400726, 0,10, 0
0.8709505754007849, 0.3810497089042612, 0.19688793021403647, 0.16368748435272537, 0,10, 0
0.8723475021619105, 0.37530868203531814, 0.19450832500918352, 0.161730040736052, 0,10, 0
0.8731457460254107, 0.37290929223224295, 0.19569434081508985, 0.16327295059928126, 0,10, 0
0.8741435508547861, 0.3689800834646899, 0.18829998181443883, 0.16015989339662262, 0,10, 0
0.8743431118206613, 0.3672855104922187, 0.18821937600540714, 0.16411326951496905, 0,10, 0
0.8724805428058272, 0.37043134907809233, 0.19678454445872628, 0.16822666176489012, 0,10, 0
0.8734118273132442, 0.36474548045227784, 0.19563362866001577, 0.16343696432121882, 0,10, 0
0.8730792257034524, 0.365710548093072, 0.19845613647294574, 0.16662655378762697, 0,10, 0
0.8746091931084946, 0.36699597264393957, 0.19839167709560027, 0.15922362400463283, 0,10, 0
0.8742100711767445, 0.36410543495921316, 0.18778611236687032, 0.15920430485607684, 2,10, 2
0.8768043637331204, 0.3630258290567203, 0.18909319534187305, 0.1597343026660498, 1,10, 1
0.87560699793787, 0.3640884666188807, 0.19664122795399824, 0.15751801266718524, 2,10, 2
0.8785338921040378, 0.3581165716397169, 0.18696641662952895, 0.15269223847622787, 1,10, 1
0.8780682498503293, 0.3550488079254603, 0.18033321354903212, 0.1538254173473894, 1,10, 1
0.8771369653429123, 0.35525044863883853, 0.18556013370629537, 0.15597135832209708, 1,10, 1
0.8791990953236214, 0.3573370560289794, 0.18271321367306584, 0.15058887698609202, 0,10, 0
0.879132575001663, 0.35244488450468336, 0.1779383927426013, 0.15289308482078232, 0,10, 0
0.8779352092064125, 0.3521302126697696, 0.18992446068280544, 0.15408553643419015, 0,10, 0
0.878400851460121, 0.35308941952018374, 0.18848490508493118, 0.15230717162223695, 0,10, 0
0.8780682498503293, 0.3520431363929588, 0.17566813690115254, 0.1535390457580544, 0,10, 0
0.8799308188651633, 0.3488336696076738, 0.17714129982042132, 0.1491098753806167, 0,10, 0
0.880995144016497, 0.34707112953925345, 0.17354103030341814, 0.14906713897370227, 0,10, 0
0.8815273065921639, 0.3429738197422786, 0.17047954839440707, 0.1469503662553295, 0,10, 0
0.880995144016497, 0.34192730083693706, 0.17336045771301767, 0.14748974305654128, 0,10, 0
0.8794651766114548, 0.34151777781602316, 0.17804839419812574, 0.1525691648421314, 1,10, 1
0.8808621033725803, 0.3451679619917599, 0.1798839686924142, 0.149767653419667, 0,10, 0
0.8825251114215393, 0.34181018858310985, 0.17490238835296926, 0.15171899808557654, 0,10, 0
0.8819929488458724, 0.34273827092150516, 0.1790697744093764, 0.1492633821478785, 1,10, 1
0.882658152065456, 0.3400242392949774, 0.17714289935653466, 0.14973793450480524, 0,10, 0
0.8813277456262888, 0.33722852312968915, 0.17552271533698968, 0.15005209613804435, 0,10, 0
0.8821259894897892, 0.3364284253596286, 0.1759180004364946, 0.15030933914151776, 0,10, 0
0.8829242333532894, 0.33732391756864627, 0.17410326642528237, 0.14668193256628162, 0,10, 0
0.8835229162509146, 0.33654380207146695, 0.17310852583934186, 0.14555053276980834, 0,10, 0
0.8831237943191645, 0.33781639377241685, 0.17850463425615, 0.14926980650887522, 0,10, 0
0.88452072108029, 0.3364384452845523, 0.1783768126219476, 0.1422691516220828, 0,10, 0
0.8842546397924566, 0.3325913084866104, 0.1674007880645462, 0.14423632418089508, 0,10, 0
0.8851194039779152, 0.331359648225848, 0.16835503242735045, 0.14549718069660633, 0,10, 0
0.8838555178607065, 0.3341700380359698, 0.1717793022200832, 0.14511758061293606, 0,10, 0
0.8847202820461652, 0.33306494383718865, 0.17034064948264172, 0.14734614209761346, 0,10, 0
0.10077828776691279, 2.303736140292966, 0.8944213325400786, 0.36684194226088074, 0,10, 0
0.2361471429521719, 2.0903575110422006, 0.7948782982200359, 0.5180795029756389, 3,10, 3
0.34537351160779617, 1.86441410952883, 0.733731098847332, 0.47104362837320446, 1,10, 1
0.46171755471296483, 1.631102332779909, 0.6414434299429971, 0.3627172482679222, 1,10, 1
0.5525843145080822, 1.4604674751212343, 0.5717249199973717, 0.3357442164900468, 3,10, 3
0.6212332867691079, 1.191497650118341, 0.49947629974130403, 0.25977631400953527, 1,10, 1
0.6281514002527773, 1.1436097132995986, 0.5470647314924172, 0.3415193794012819, 1,10, 1
0.6421871881859909, 1.1264441992795056, 0.5032731076596516, 0.2924416694859895, 4,10, 4
0.6832967471562562, 0.9767295524011709, 0.48735625447944153, 0.3313274035346581, 1,10, 1
0.6908135435375508, 0.9883525535394715, 0.4697106148100131, 0.2717688339569937, 1,10, 1
0.7100379165835162, 0.91327837683268, 0.406732733496181, 0.2497622803842136, 3,10, 3
0.7204150868090201, 0.8424611804357498, 0.400056308346092, 0.2551927396714871, 1,10, 1
0.7277323222244396, 0.8146773391137028, 0.39648939643759107, 0.25106601034627757, 0,10, 0
0.7784873278786669, 0.7594804818321588, 0.3433787511434705, 0.2363949701917268, 2,10, 2
0.7943856848267146, 0.7259979420463287, 0.342216508078302, 0.2303645373357444, 3,10, 3
0.8001064325151334, 0.714632031487617, 0.32335973528917394, 0.22057515817700996, 0,10, 0
0.7970464977050489, 0.7191967778760809, 0.3238688295101271, 0.22260803570117765, 2,10, 2
0.8057606598815938, 0.6860692225539385, 0.3200855245392006, 0.21741795970008745, 2,10, 2
0.8052284973059269, 0.6763764788521343, 0.3151467830624543, 0.21193582293687657, 1,10, 1
0.7933878799973392, 0.6814997676075553, 0.34539931919839206, 0.22644120690407119, 1,10, 1
0.8102840417747622, 0.6409100311648251, 0.31043472251658044, 0.21225700109112475, 0,10, 0
0.8038315705448015, 0.6337737736168488, 0.324265246141207, 0.21864703588814904, 0,10, 0
0.8140091798044302, 0.5996883782165473, 0.30105282755595403, 0.21630509032815268, 0,10, 0
0.8136765781946385, 0.591715246894309, 0.30258739282058666, 0.22024812804557073, 0,10, 0
0.8159382691412227, 0.5898770444021062, 0.2955474230487154, 0.2076069759997958, 1,10, 1
0.815073504955764, 0.5811873465002982, 0.3046432506499497, 0.21902387005766993, 4,10, 4
0.8266480409765183, 0.559462234588538, 0.2590108883153585, 0.2049514016970152, 1,10, 1
0.8301736180403113, 0.5465815053054215, 0.2629607315999233, 0.20444861078234944, 1,10, 1
0.8266480409765183, 0.5433427955426384, 0.28251273482566774, 0.21346890154095288, 1,10, 1
0.8285771303133107, 0.5316580119483856, 0.2850832551051662, 0.21121320443406863, 0,10, 0
0.8353622031530633, 0.5149764143348975, 0.24156813476191993, 0.1959738651972157, 0,10, 0
0.8349630812213131, 0.510300854594471, 0.2418825955140581, 0.19659109104115696, 1,10, 1
0.8410164305195237, 0.49980359908688726, 0.24029228795263166, 0.19419191131908548, 0,10, 0
0.8376238940996474, 0.49811109344840065, 0.24631246468103238, 0.20057869747199925, 0,10, 0
0.8463380562761924, 0.4846989635764863, 0.22489044897550248, 0.18971498059300296, 0,10, 0
0.8487327878666933, 0.47556600518530207, 0.22547501663247374, 0.189708489947971, 0,10, 0
0.8510609991352358, 0.46648826728634574, 0.22149232279862538, 0.18655597840938398, 1,10, 1
0.8480010643251513, 0.46395942703901166, 0.23046597713096337, 0.1889557182194873, 0,10, 0
0.8469367391738176, 0.46597011844572006, 0.2389024700218645, 0.19075840242070616, 0,10, 0
0.8492649504423602, 0.45974144904645303, 0.22501025449126108, 0.18598135813291897, 0,10, 0
0.846271535954234, 0.46245302886940415, 0.23120085941428745, 0.1854665179937656, 0,10, 0
0.852391405574403, 0.4534378812884248, 0.2256776158172287, 0.18960882590055153, 1,10, 1
0.851659682032861, 0.449389215044777, 0.2191424226709903, 0.18289285111157638, 0,10, 0
0.8530566087939866, 0.4460020252076897, 0.21984878655518345, 0.18392663782005716, 1,10, 1
0.8501297146278188, 0.448976694312077, 0.23732347955981914, 0.1870497027621543, 2,10, 2
0.8525244462183197, 0.44445095346494334, 0.2218346991238452, 0.17984909986582373, 1,10, 1
0.85332269008182, 0.43650550365019447, 0.21798140427169266, 0.18108345301250878, 1,10, 1
0.8541874542672786, 0.4321156015643892, 0.21957210586598008, 0.1807086834972203, 0,10, 0
0.8550522184527373, 0.4253167132750078, 0.21534991706987003, 0.17954906503092932, 1,10, 1
0.8575134703651965, 0.4237344229904991, 0.20295133236071602, 0.17452957506785616, 1,10, 1
0.857579990687155, 0.4222771279228529, 0.20798441845532914, 0.17493996949531232, 0,10, 0
0.8586443158384887, 0.41696238156759485, 0.20891521711373545, 0.17649229512442066, 0,10, 0
0.8595756003459056, 0.41613109761760875, 0.20403711747502587, 0.17709500167980552, 0,10, 0
0.8616377303266147, 0.4121519610305069, 0.2112772473754542, 0.17745210327718566, 0,10, 0
0.8607729661411562, 0.4149389759812822, 0.20645117369699345, 0.1734234106196619, 0,10, 0
0.8627020554779485, 0.4088570592794981, 0.19053235995752096, 0.16856195312320665, 0,10, 0
0.8610390474289895, 0.405438652112779, 0.20297268414593728, 0.17390933570391312, 1,10, 1
0.8610390474289895, 0.4077314675022362, 0.20347092525520039, 0.17342807851460101, 0,10, 0
0.8601077629215725, 0.4087383104302537, 0.2077815479532289, 0.17662536582160954, 0,10, 0
0.8623029335461984, 0.4066716718247576, 0.19538474609183148, 0.17084415975064546, 0,10, 0
0.8635002993414488, 0.4004061883756702, 0.19554634493992817, 0.1714890784813905, 0,10, 0
0.8650302667464911, 0.39532091750476617, 0.19357997315661687, 0.17073150141469928, 0,10, 0
0.865761990288033, 0.39554618504311606, 0.19084699879587771, 0.16459904149370747, 0,10, 0
0.8656954699660746, 0.3920028624484541, 0.19390243091324944, 0.16791398592322504, 0,10, 0
0.8652963480343245, 0.38856532914250336, 0.1946918067397111, 0.1713464298301349, 0,10, 0
0.8674915186589504, 0.39005996851212454, 0.194347609087086, 0.16946754328978017, 0,10, 0
0.8670258764052418, 0.3882635531656839, 0.18922898336899974, 0.16841412766782324, 0,10, 0
0.8680902015565756, 0.3849193581008336, 0.18608552587429, 0.16446899629127198, 0,10, 0
0.8679571609126588, 0.3833505514419489, 0.19381007733441918, 0.16520107045462276, 0,10, 0
0.870218851859243, 0.3780677836786287, 0.18842387123154045, 0.16542131179934624, 1,10, 1
0.8684893234883256, 0.3801057695074151, 0.20235710120611827, 0.16799735067293092, 0,10, 0
0.8706844941129515, 0.3771454591690594, 0.18424340362881486, 0.16147359277270126, 0,10, 0
0.8718153395862436, 0.3747902493006503, 0.18953269867778808, 0.16098194938168015, 0,10, 0
0.8714827379764518, 0.3765128559660137, 0.19266905749088714, 0.16612142005465294, 0,10, 0
0.871881859908202, 0.37583244987804515, 0.1867448297994619, 0.16257306670750193, 0,10, 0
0.8724140224838688, 0.37244849674126884, 0.18883774415405008, 0.16578540973218353, 1,10, 1
0.8729461850595357, 0.36937876687687043, 0.18910995499209612, 0.1647053497008933, 0,10, 0
0.873012705381494, 0.370291156021143, 0.1885970672745244, 0.1604291098537499, 1,10, 1
0.871881859908202, 0.37388597874938956, 0.1930466609038714, 0.1618197989329504, 1,10, 1
0.872081420874077, 0.37066066017656696, 0.18273910804081847, 0.15824601225927998, 1,10, 1
0.8734118273132442, 0.36531519750015945, 0.18662918099795361, 0.16092592101489725, 1,10, 1
0.8741435508547861, 0.36354567098916984, 0.17914244556660042, 0.15519837122357721, 0,10, 0
0.8737444289230359, 0.3658496175548555, 0.18098094374154428, 0.1553515305079236, 1,10, 1
0.8748752743963281, 0.36257804943857325, 0.18056940054550605, 0.15656371198839694, 1,10, 1
0.8750748353622032, 0.36163299162547613, 0.18253101526550122, 0.1571397877222149, 0,10, 0
0.8744761524645779, 0.35808479801175563, 0.17564325338155562, 0.155488583345845, 0,10, 0
0.8757400385817867, 0.36117577915258564, 0.17568618926233473, 0.15357971654019326, 0,10, 0
0.8760061198696202, 0.3567861819237714, 0.17718190110593857, 0.15634519137181066, 1,10, 1
0.874675713430453, 0.3585408577986076, 0.1806873026527673, 0.1563076925305495, 0,10, 0
0.8758730792257035, 0.3606102727825709, 0.17594520948044445, 0.15027652751321305, 1,10, 1
0.8761391605135369, 0.36146970921846755, 0.18216752403494157, 0.15569273209873152, 0,10, 0
0.8768043637331204, 0.358625538253215, 0.1734588105235104, 0.1516049766267743, 0,10, 0
0.8770039246989956, 0.35402440143666575, 0.1760642180092931, 0.15184973461647164, 0,10, 0
0.8760726401915785, 0.3571611960352275, 0.1824179415199411, 0.155931153405266, 0,10, 0
0.877270005986829, 0.35202404605392246, 0.17278999255453037, 0.15173577846954867, 0,10, 0
0.878400851460121, 0.3515299881424569, 0.17112143975599498, 0.15101337121729932, 0,10, 0
0.8787999733918712, 0.3517999872467523, 0.17114594287246443, 0.15021404080509776, 0,10, 0
0.8778021685624958, 0.35190395073705905, 0.17494450752127186, 0.1496842006982659, 0,10, 0
0.8796647375773299, 0.3477816194079262, 0.16907011561021018, 0.14735703728681743, 0,10, 0
0.8767378434111621, 0.3554609123044565, 0.17439409903056827, 0.1517765514789107, 0,10, 0
0.878201290494246, 0.34974469500171923, 0.16744005111399204, 0.14697967567351897, 0,10, 0
0.10077828776691279, 2.303736140292966, 0.8944213325400786, 0.36684194226088074, 0,10, 0
0.2125324286569547, 2.1040068085933648, 0.7824374072200847, 0.5269610781423089, 2,10, 2
0.299674050422404, 1.9784875681110483, 0.7405393461758517, 0.4926857172005987, 1,10, 1
0.42213796314774166, 1.7926062251739354, 0.6193742749482094, 0.34986537566065157, 3,10, 3
0.5908334996341382, 1.2864455939630806, 0.5408589450889189, 0.31536768410711935, 2,10, 2
0.6847601942393401, 1.1778715575775662, 0.47353620370870375, 0.2425565718379358, 0,10, 0
0.6489722610257433, 1.094799692418704, 0.4945950115117983, 0.29819067203989763, 1,10, 1
0.705714095656223, 0.9749090088327429, 0.43443054685613075, 0.2603589302265352, 2,10, 2
0.7457593294751547, 0.8910396496193438, 0.4056076739009157, 0.25393042332609744, 1,10, 1
0.7390407769573605, 0.8739658744914905, 0.39499812252308325, 0.26288956707491246, 2,10, 2
0.7452271668994878, 0.8218957154965378, 0.3968971571614313, 0.25134676289970065, 1,10, 1
0.7513470365196567, 0.779203725626706, 0.3969575971412153, 0.2400181133202099, 0,10, 0
0.7819463846205016, 0.7050784362790051, 0.379945908938923, 0.2552614530139095, 2,10, 2
0.7910596687287966, 0.67330502575603, 0.3551812381762748, 0.2329403773525156, 0,10, 0
0.798376904144216, 0.6363405028027062, 0.3421137139904642, 0.22878607052580424, 2,10, 2
0.800771635734717, 0.637912436414476, 0.346119080200924, 0.24555448060326612, 1,10, 1
0.8168030333266812, 0.6136980158271079, 0.3120774746765433, 0.2136829556224198, 4,10, 4
0.8196634071708907, 0.5988633706120087, 0.27227008186590407, 0.2023997219121364, 0,10, 0
0.8168695536486397, 0.5913446522859015, 0.31639414277178024, 0.23213181471363892, 0,10, 0
0.8229229029468502, 0.5746780406324331, 0.2805170781439063, 0.20545642525169253, 0,10, 0
0.8241867890640591, 0.5659968152483483, 0.2718964823366628, 0.20616981680709182, 2,10, 2
0.8255837158251846, 0.5522066829129929, 0.28612861454551003, 0.21514568879546442, 0,10, 0
0.8300405773963946, 0.5415234631598518, 0.25987287563383094, 0.20500495461391274, 1,10, 1
0.8346969999334797, 0.5353550483657966, 0.24942120988556787, 0.19571951001346308, 0,10, 0
0.8355617641189383, 0.5198322914612752, 0.2509921780284937, 0.19938342060517364, 0,10, 0
0.8380230160313976, 0.5085241632803141, 0.2531923362248265, 0.20124122978343764, 1,10, 1
0.8400186256901483, 0.5014959679978959, 0.2467239182078701, 0.19783868113557024, 2,10, 2
0.8384886582851061, 0.49946638819639483, 0.26420304882413403, 0.20291299870586146, 2,10, 2
0.8406173085877736, 0.4875697586007317, 0.2541367514503434, 0.1977800744395412, 1,10, 1
0.8421472759928158, 0.4897564308831211, 0.26098651013171, 0.1974885822774949, 0,10, 0
0.8441428856515666, 0.4789937806785263, 0.2549627019907208, 0.2000507291308746, 1,10, 1
0.8450741701589836, 0.4753146156213933, 0.24361922926969673, 0.19492271266838113, 0,10, 0
0.846071974988359, 0.4817635166369989, 0.24865977843338638, 0.19629901228082847, 1,10, 1
0.8482006252910264, 0.4687817614035336, 0.23023930576719998, 0.19246607627328913, 0,10, 0
0.8501962349497771, 0.4545205400337309, 0.2324032253559667, 0.19065257001923736, 0,10, 0
0.8504623162376106, 0.45921844065722733, 0.2303541807523392, 0.18596896949625158, 1,10, 1
0.8529235681500699, 0.4445826351175964, 0.22438467697701944, 0.18786464033922165, 0,10, 0
0.8562495842479878, 0.444108102409109, 0.22076166164259484, 0.1851870005962919, 0,10, 0
0.8573804297212798, 0.43645179302252424, 0.21401898304166245, 0.17843954382612418, 0,10, 0
0.8591099580921971, 0.43144936761697933, 0.21040836662540624, 0.17916420388596116, 0,10, 0
0.8593095190580723, 0.42580189309465943, 0.22305577631659207, 0.17906869764034153, 0,10, 0
0.8595090800239473, 0.42266025018925746, 0.2142701606379047, 0.17990315502682566, 0,10, 0
0.8615046896826981, 0.4180846179244912, 0.2084926246115931, 0.17870110225710292, 1,10, 1
0.8619038116144482, 0.4127746563627546, 0.21528350038086808, 0.17613182510447564, 0,10, 0
0.8595090800239473, 0.4116888746515727, 0.207765338184042, 0.17576273279160015, 0,10, 0
0.861305128716823, 0.40955786179204845, 0.20697617118313566, 0.17438252334059057, 2,10, 2
0.8638329009512407, 0.40769814897143974, 0.20387793233174908, 0.1691573978437953, 3,10, 3
0.864098982239074, 0.4023417683901458, 0.2087489648813947, 0.17304548979465526, 0,10, 0
0.8637663806292822, 0.40359466322675636, 0.20119561724273105, 0.1725456501922849, 0,10, 0
0.8635002993414488, 0.40090433303090506, 0.20758500364013382, 0.17397870152133485, 0,10, 0
0.8671589170491585, 0.397272913832809, 0.19770245893369023, 0.17232486668589148, 1,10, 1
0.8656954699660746, 0.3918382650391622, 0.20219830297843613, 0.17104575140339423, 1,10, 1
0.8681567218785339, 0.38910989770186355, 0.20007921287391445, 0.1671248363402551, 0,10, 0
0.8672254373711169, 0.3894598538161459, 0.2002004505637512, 0.17060382815228578, 0,10, 0
0.8684893234883256, 0.388843843585286, 0.20060360293009294, 0.16867881662978906, 0,10, 0
0.8688219250981175, 0.3842635053484542, 0.20057934702646837, 0.16782054738641605, 0,10, 0
0.8700858112153262, 0.3820640154526917, 0.19341767160994908, 0.16501273120513812, 1,10, 1
0.8707510144349099, 0.3818824136382509, 0.1987466055523549, 0.16195432273284663, 0,10, 0
0.8699527705714095, 0.3784591279582902, 0.1952137658033908, 0.16712559172608496, 0,10, 0
0.8717488192642853, 0.37830094716076856, 0.1972209111462832, 0.16422912139965423, 0,10, 0
0.8716822989423268, 0.3736292089047825, 0.18927305706645392, 0.1632965370567782, 0,10, 0
0.8727466240936607, 0.374084809589573, 0.1846464557354419, 0.1632922076412393, 0,10, 0
0.8714827379764518, 0.37684572629212343, 0.19308476671725203, 0.16358417340159698, 0,10, 0
0.8728796647375773, 0.37564817448409843, 0.18513111753700218, 0.16168619139130133, 0,10, 0
0.8717488192642853, 0.37259946735123595, 0.1901433198221093, 0.16275166151913653, 0,10, 0
0.8731457460254107, 0.37015627951219876, 0.18354808349771967, 0.1585953661170084, 0,10, 0
0.8746091931084946, 0.36748003598226986, 0.18101974875061774, 0.16088516354782928, 0,10, 0
0.8742100711767445, 0.36714538447224476, 0.18567142431765532, 0.1630601900075969, 0,10, 0
0.8732787866693275, 0.3598898151749536, 0.18646117153644212, 0.1618385050360591, 0,10, 0
0.8736113882791192, 0.3606004950579874, 0.1931306156753873, 0.16102686519323847, 0,10, 0
0.8741435508547861, 0.3629941305098023, 0.19213556956970135, 0.1594933203163892, 0,10, 0
0.8751413556841615, 0.3581292223116689, 0.18839607926298568, 0.16088868756054875, 0,10, 0
0.8758065589037451, 0.3591477854979424, 0.1892399655625065, 0.15810107032141493, 0,10, 0
0.8745426727865363, 0.35647911146680433, 0.1879537689314979, 0.1587530332727341, 0,10, 0
0.8763387214794119, 0.3527556636722784, 0.18535969269385302, 0.15721466003554466, 0,10, 0
0.8774695669527041, 0.3537584461831901, 0.1853549533401975, 0.15375007537018714, 0,10, 0
0.8766713230892037, 0.353717625332476, 0.18454842750069025, 0.15290671080430845, 0,10, 0
0.8778686888844542, 0.3503341337619153, 0.17794530580825704, 0.1529545936535555, 1,10, 1
0.8769374043770372, 0.34999232637144967, 0.18101408366155053, 0.15345294222522632, 0,10, 0
0.8776026075966208, 0.35238717727953855, 0.1816844840852248, 0.15236932445795046, 1,10, 1
0.8784673717820795, 0.3506309034482667, 0.1845874857220217, 0.15131818731037852, 2,10, 2
0.8777356482405375, 0.3482500734418449, 0.18169087423912372, 0.1531353434418168, 0,10, 0
0.8786669327479545, 0.34547598589292955, 0.17797600389119853, 0.15436057893472488, 1,10, 1
0.8800638595090801, 0.343351893859391, 0.18064692693934006, 0.1531289008136743, 1,10, 1
0.8802634204749551, 0.3426487056637214, 0.17489649052414044, 0.15165691758641917, 1,10, 1
0.8805960220847469, 0.3442606466676817, 0.17203513091456255, 0.14899612926874622, 0,10, 0
0.881726867558039, 0.3408932249173911, 0.1737345829937408, 0.1490220859860154, 0,10, 0
0.8807290627286636, 0.3433987917163948, 0.171589623408279, 0.1472439392761538, 0,10, 0
0.8817933878799974, 0.33825344848358785, 0.17659920301601634, 0.15411406249923182, 0,10, 0
0.8801303798310384, 0.3362379915787706, 0.1691761302758702, 0.14893718168243772, 2,10, 2
0.8816603472360807, 0.3384813107184849, 0.17249254357118235, 0.14431787196208054, 0,10, 0
0.8810616643384555, 0.33785733780070265, 0.17819833567660898, 0.14784121821414875, 0,10, 0
0.8817933878799974, 0.33697413894150385, 0.17982937117583966, 0.1484567106248703, 0,10, 0
0.8829907536752478, 0.33560081434955863, 0.16929776282423992, 0.1468697867788328, 0,10, 0
0.8841215991485398, 0.337673382286538, 0.1691983054486708, 0.14245065198019083, 0,10, 0
0.8844542007583317, 0.33321388312494155, 0.16959616365715205, 0.1448184090050384, 0,10, 0
0.8837889975387481, 0.3336803006891857, 0.16684815346281995, 0.13922685075779165, 0,10, 0
0.8839885585046232, 0.332955171309321, 0.176192496366617, 0.14418191475668063, 0,10, 0
0.8840550788265815, 0.3354603251383603, 0.17491423877110648, 0.14430219258842092, 0,10, 0
0.8823920707776226, 0.33247566403548434, 0.1709282295989514, 0.14812571941990027, 0,10, 0
0.8843876804363733, 0.33105084509569865, 0.1751730032748709, 0.14801644389911706, 0,10, 0
0.10077828776691279, 2.303736140292966, 0.8944213325400786, 0.36684194226088074, 0,10, 0
0.26335395463314043, 2.042447960932621, 0.754426679583633, 0.4899192535309488, 2,10, 2
0.4000532162575667, 1.7692823183951953, 0.6687993699509162, 0.41158883782981964, 1,10, 1
0.5012306259562296, 1.6164401410073082, 0.5793477480012443, 0.3375226509327085, 2,10, 2
0.44914521386283507, 1.5219315107175404, 0.6292951278263987, 0.4093057859134494, 2,10, 2
0.5279717953834897, 1.3308399671821625, 0.5603849005034853, 0.32866859292571815, 3,10, 3
0.6254905873744429, 1.1708432141810967, 0.513699789745056, 0.30022915215475576, 1,10, 1
0.6268875141355684, 1.0936262940014587, 0.5109429567494991, 0.31996597666768667, 1,10, 1
0.6450475620302002, 1.0482766950689049, 0.4934292253315, 0.3242299922087231, 2,10, 2
0.6979977383090534, 0.9573586150219922, 0.43414530846053334, 0.2440318587676627, 4,10, 4
0.7281314441561897, 0.8976917910596123, 0.4301626047264072, 0.25082218815509244, 2,10, 2
0.7071775427393069, 0.8667855177496818, 0.4375098005350349, 0.26015418730941325, 0,10, 0
0.7611255238475354, 0.8009932880885179, 0.3802471628277742, 0.24850781637694536, 1,10, 1
0.7504157520122398, 0.8220221769349922, 0.4066772437867408, 0.22962396889844824, 2,10, 2
0.7609924832036187, 0.768028001760267, 0.37113279455046266, 0.2381165721921865, 0,10, 0
0.7640524180137032, 0.7439360936609075, 0.36645435969375867, 0.2320838356903805, 1,10, 1
0.7797512139958758, 0.6950844806042253, 0.35938897969408556, 0.2374368258827872, 1,10, 1
0.7809485797911262, 0.6985170134959462, 0.35752036755693384, 0.2363005872944809, 2,10, 2
0.7869354087673784, 0.6855764835012654, 0.3306963052724221, 0.22537804203726328, 1,10, 1
0.789263620035921, 0.6636798620928274, 0.3433293259310078, 0.2293750109827539, 0,10, 0
0.8162708707510145, 0.6127365945332734, 0.27671098813762707, 0.20990601925162086, 1,10, 1
0.8085545134038449, 0.6093780788094018, 0.30072509766731254, 0.22025418780298658, 1,10, 1
0.8139426594824719, 0.6094780045244796, 0.3116009546357709, 0.21798799769187732, 1,10, 1
0.8180003991219318, 0.6055909492230784, 0.2868745368359376, 0.2107736431773706, 0,10, 0
0.8174682365462649, 0.5985888083506234, 0.29228147503249013, 0.21296829050043695, 1,10, 1
0.8182664804097651, 0.5880215430882617, 0.294897880245077, 0.2216664032173755, 0,10, 0
0.8212598948978913, 0.5787844588175278, 0.2984689090002439, 0.2179845118953835, 1,10, 1
0.8290427725670192, 0.5487540641778804, 0.2654172232382392, 0.2065307115665268, 1,10, 1
0.8279784474156855, 0.5481548987991063, 0.2581423637407145, 0.20533661519835453, 0,10, 0
0.831237943191645, 0.5398616856218648, 0.2714427151267688, 0.21077404719752607, 0,10, 0
0.8337657154260627, 0.5313423849652371, 0.2612105402835073, 0.20253919198644624, 1,10, 1
0.8353622031530633, 0.524138417819447, 0.2582203299907966, 0.20465018993078363, 1,10, 1
0.8382890973192311, 0.5144752103304009, 0.24867191738341002, 0.20018283603656495, 2,10, 2
0.8378899753874809, 0.5171772933047742, 0.2508969385503488, 0.20173252576132622, 1,10, 1
0.8375573737776891, 0.5064439613237723, 0.2483153331717066, 0.20573077370527743, 0,10, 0
0.8396860240803565, 0.5019240113110014, 0.2554342627427416, 0.20188953437950924, 1,10, 1
0.8447415685491918, 0.48200771937631887, 0.23866927136710803, 0.19763673683671995, 0,10, 0
0.8454067717687753, 0.48280430071867675, 0.24092035067390383, 0.1958160970085556, 0,10, 0
0.8447415685491918, 0.47969756038760747, 0.24510970116840178, 0.19507471268729476, 0,10, 0
0.8478680236812346, 0.4739856779884925, 0.2283458730058405, 0.18979948075837696, 0,10, 0
0.8485997472227765, 0.46460795730463067, 0.22312718555983924, 0.18411101181201497, 0,10, 0
0.8499966739839021, 0.4563234187555057, 0.21940972484695412, 0.18438245666116665, 1,10, 1
0.8529235681500699, 0.4520233434703977, 0.22457801615934891, 0.18651573969120794, 1,10, 1
0.8556509013503625, 0.44373256764349445, 0.21625817081562362, 0.1853093983224496, 0,10, 0
0.852391405574403, 0.444298777058683, 0.22205537775053114, 0.18775093582290264, 2,10, 2
0.8565821858577796, 0.4331281538057613, 0.21930153730395716, 0.187623695528656, 0,10, 0
0.8559835029601544, 0.430382754592477, 0.22847750428637603, 0.18789479007408894, 0,10, 0
0.8603073238874476, 0.4245608745014518, 0.21584759518317514, 0.1821732453518253, 0,10, 0
0.8590434377702388, 0.42197322792885267, 0.2140426340430329, 0.18149543751084693, 2,10, 2
0.8573139093993215, 0.425618141744082, 0.21923449788589455, 0.18397663864957914, 0,10, 0
0.8590434377702388, 0.4187166056059048, 0.22110496869701152, 0.18937342606624927, 0,10, 0
0.8623029335461984, 0.41263618687251324, 0.2104621343780903, 0.18332650440874332, 0,10, 0
0.8605068848533227, 0.41342793467553973, 0.21952170970964083, 0.18837777140169124, 3,10, 3
0.8603073238874476, 0.4100003619063499, 0.2130999898752702, 0.1847924140426202, 1,10, 1
0.8602408035654893, 0.4077593003094588, 0.2105455329419388, 0.1786499912446081, 0,10, 0
0.8636333399853655, 0.4043570316857746, 0.2087656984539537, 0.1768784180544724, 0,10, 0
0.8648307057806159, 0.39676893457929946, 0.20376185556572993, 0.17992903477503946, 0,10, 0
0.8658950309319497, 0.3997931503412707, 0.20157223297205365, 0.17575087405312367, 0,10, 0
0.8643650635269075, 0.39448549477057626, 0.21585650743948606, 0.18024759426135897, 0,10, 0
0.8674249983369919, 0.3908629327501261, 0.20070630568785472, 0.17370498262729916, 0,10, 0
0.8680236812346172, 0.39281571170188206, 0.20147416026170858, 0.17643673183276484, 0,10, 0
0.8653628683562828, 0.39406713586266306, 0.20223610099998882, 0.17499804292539317, 0,10, 0
0.8667597951174084, 0.3897524558239322, 0.2002194010856438, 0.1743420702622331, 0,10, 0
0.8661611122197831, 0.38690311697751767, 0.19868715835953302, 0.17111681413468705, 0,10, 0
0.8662276325417415, 0.3841502610201677, 0.2028008096754877, 0.1750207033582629, 0,10, 0
0.866892835761325, 0.38060092284730956, 0.20142295351735517, 0.17400359305265606, 0,10, 0
0.8699527705714095, 0.3796371332265099, 0.1996424701664603, 0.17085096118888804, 0,10, 0
0.8698862502494512, 0.37608667245547883, 0.19377029524902314, 0.16777578405029356, 0,10, 0
0.8713496973325351, 0.3765634076207872, 0.18945773081957662, 0.16693971393806695, 0,10, 0
0.8710836160447016, 0.3779056560838431, 0.19484553558029014, 0.16492000454593372, 0,10, 0
0.872081420874077, 0.3745925242410272, 0.19698341962817978, 0.16303998189448926, 0,10, 0
0.8700192908933679, 0.3804958966031049, 0.19421501745345998, 0.1638611481002778, 0,10, 0
0.8703518925031597, 0.37477991658804355, 0.19637829950363692, 0.16568110675405046, 0,10, 0
0.8722144615179938, 0.36894676868507237, 0.19124980621130805, 0.16396891223674465, 0,10, 0
0.8738109492449944, 0.36653427732719845, 0.1898863977191815, 0.16367608654707297, 0,10, 0
0.8744761524645779, 0.364741110205489, 0.19311155400223426, 0.16286790032146217, 0,10, 0
0.8748087540743698, 0.36044504987691434, 0.18983032775954972, 0.1608626469353904, 0,10, 0
0.8734118273132442, 0.36296482747815706, 0.1871245225937442, 0.16400870468955828, 1,10, 1
0.8760726401915785, 0.358442652705646, 0.18991802835830232, 0.16505158528298378, 1,10, 1
0.8743431118206613, 0.3615667995288752, 0.19381126401900886, 0.16557804681468313, 0,10, 0
0.8744761524645779, 0.36255764400067625, 0.19619475126037028, 0.16176945619027183, 0,10, 0
0.8761391605135369, 0.3601444214304908, 0.19060262340045064, 0.16119893396387355, 1,10, 1
0.8774695669527041, 0.3574465697879529, 0.1833984997961231, 0.15761929665954283, 2,10, 2
0.8762722011574536, 0.36093286322669715, 0.18933988279881986, 0.16268696473450617, 0,10, 0
0.8775360872746624, 0.3551090269840777, 0.18705757900616052, 0.1618889409913211, 0,10, 0
0.8787334530699129, 0.355547976265311, 0.18700577873029517, 0.15639591051936538, 0,10, 0
0.8779352092064125, 0.35041661986620054, 0.18353638846691045, 0.16091135697146125, 1,10, 1
0.8795982172553715, 0.3491743667108914, 0.18317695828321642, 0.15695961729502678, 3,10, 3
0.8795982172553715, 0.35137989034959694, 0.18261847453409213, 0.15836693537596927, 1,10, 1
0.8785338921040378, 0.35071011997112, 0.17603749700959503, 0.15445250780673236, 0,10, 0
0.8793321359675381, 0.3489472865813982, 0.17604966743331968, 0.15341233084017586, 0,10, 0
0.8788664937138295, 0.34778528972133077, 0.18263448435677948, 0.15858445191903753, 0,10, 0
0.8802634204749551, 0.3490303173213535, 0.16771851824585732, 0.1490112266017181, 0,10, 0
0.8811947049823721, 0.3481730363744273, 0.17397444610438495, 0.15202783774144216, 0,10, 0
0.881726867558039, 0.3463340347693949, 0.17716734632800285, 0.1548646321198483, 0,10, 0
0.8815273065921639, 0.34351965078063773, 0.1806492071896498, 0.15611240370992782, 0,10, 0
0.8805295017627885, 0.3465369074315706, 0.1837605092372416, 0.15417789700473483, 0,10, 0
0.8825916317434976, 0.3446496159714537, 0.17394164853595132, 0.1504402022710946, 0,10, 0
0.8822590301337059, 0.34451198702951874, 0.1743785320313372, 0.1496899094007792, 0,10, 0
0.881726867558039, 0.33943310361927354, 0.1772543907400973, 0.1534977095560239, 0,10, 0
0.8822590301337059, 0.33905432654206097, 0.16697599163853652, 0.1472065574123233, 0,10, 0
0.10077828776691279, 2.303736140292966, 0.8944213325400786, 0.36684194226088074, 0,10, 0
0.30047229428590433, 2.005195869696019, 0.7641866145955852, 0.48996809336719194, 2,10, 2
0.3633339985365529, 1.870722315754244, 0.7108558360021641, 0.4733734339344394, 2,10, 2
0.3971928424133573, 1.7717880189414084, 0.6844502634336093, 0.45968044766967625, 1,10, 1
0.4839353422470565, 1.641281592039545, 0.5984287345587351, 0.32910541410086813, 2,10, 2
0.5837823455065523, 1.2998270905351574, 0.5063647621838482, 0.29288646413553593, 1,10, 1
0.5589037450941262, 1.2848555846710055, 0.5611976252247393, 0.3903576294548337, 3,10, 3
0.685292356815007, 1.0284110910610702, 0.4588126986048306, 0.2889146595886448, 0,10, 0
0.7024545998802634, 0.9835619359943915, 0.43717098741533034, 0.2498970033345498, 3,10, 3
0.729860972527107, 0.908370464530854, 0.4306074425624333, 0.2687839671019167, 1,10, 1
0.7461584514069048, 0.8559396441090875, 0.40946986720437656, 0.25380305613108983, 0,10, 0
0.7284640457659816, 0.8319332559280336, 0.4357414391766465, 0.283169773052547, 2,10, 2
0.7616576864232023, 0.7960599386846784, 0.3728595511993706, 0.2387304473538184, 2,10, 2
0.7593959954766181, 0.811013525875747, 0.38082599373938003, 0.23209470181796024, 2,10, 2
0.7613916051353689, 0.7616654331968872, 0.37040437421506894, 0.2314304385920012, 1,10, 1
0.7824785471961684, 0.6782837860686336, 0.34348687575902753, 0.22392122325211075, 2,10, 2
0.7985764651100912, 0.6604121793169369, 0.3181088248887172, 0.21948182589449672, 0,10, 0
0.7995077496175081, 0.6531302025885651, 0.30861592910723173, 0.21626452569282711, 2,10, 2
0.8091531963014701, 0.623872555025863, 0.2915439343610799, 0.21390858287925965, 0,10, 0
0.8080888711501364, 0.608443178547028, 0.3123762871309139, 0.2104781766235915, 0,10, 0
0.8093527572673451, 0.6033500918836552, 0.3132660162630556, 0.22210060072154758, 3,10, 3
0.8078227898623029, 0.6005465036339332, 0.3297739643217524, 0.2235867675677183, 2,10, 2
0.8233885452005588, 0.5752745189029368, 0.2743833805155381, 0.20413135895219725, 0,10, 0
0.8227233419809752, 0.5705626518361557, 0.2580387308476695, 0.20206441369757788, 0,10, 0
0.8275793254839353, 0.5565008719819462, 0.2619048924770866, 0.20783835024789976, 2,10, 2
0.8268476019423934, 0.550818986020468, 0.254199641871618, 0.20213770894368505, 0,10, 0
0.8307057806159782, 0.5450943834786404, 0.25840109029486585, 0.20098036122467788, 0,10, 0
0.8317035854453536, 0.5279276104781659, 0.2389281513000703, 0.19375286253424776, 1,10, 1
0.8365595689483137, 0.5199582642020868, 0.24537799653069756, 0.19592539549940408, 1,10, 1
0.8384221379631478, 0.5116206441019945, 0.25097981819254633, 0.19580102960150694, 3,10, 3
0.8436107230758997, 0.5049733870309213, 0.24383003203430056, 0.19560587899381116, 1,10, 1
0.8430120401782745, 0.5104499728141916, 0.23373893422932024, 0.19152595247565857, 0,10, 0
0.8444754872613583, 0.4912930136846144, 0.22856022775656926, 0.19170956815106308, 0,10, 0
0.8485332269008182, 0.48691666869155725, 0.22869626502255433, 0.18720724032749242, 0,10, 0
0.8444754872613583, 0.49005269501553933, 0.24170763744693016, 0.19450397983081158, 0,10, 0
0.8482006252910264, 0.47735746331464063, 0.22648047678910183, 0.18861521414932458, 0,10, 0
0.8493979910862769, 0.47199759099984767, 0.22686597029493824, 0.18878044814978714, 0,10, 0
0.854253974589237, 0.4575792427829095, 0.21966833046737924, 0.18357769439548743, 1,10, 1
0.854453535555112, 0.4549596847703559, 0.23168691531103552, 0.18544442939106318, 1,10, 1
0.8531231291159449, 0.45485687475920283, 0.22770784895508744, 0.18598716627015094, 0,10, 0
0.854453535555112, 0.44600353852782454, 0.22153420365661172, 0.18429954048815492, 0,10, 0
0.8574469500432382, 0.43671416264726765, 0.21065936055496032, 0.17807236202588622, 1,10, 1
0.8572473890773631, 0.43949604330115616, 0.2138682010293304, 0.18002428567431777, 2,10, 2
0.8561830639260294, 0.44505890117321867, 0.21680034792984912, 0.18255695108634712, 0,10, 0
0.8562495842479878, 0.4425563185235184, 0.2117616813176425, 0.18258419006241725, 0,10, 0
0.8538548526574868, 0.44590367875988257, 0.22460201624844803, 0.18138253431951057, 1,10, 1
0.8597086409898224, 0.4352496636165682, 0.19821613841732813, 0.17244224467919028, 2,10, 2
0.8567152265016963, 0.42929045788654374, 0.21595128772730945, 0.17932888962677154, 1,10, 1
0.8638329009512407, 0.4260262208991607, 0.2082231055577016, 0.17573257046499355, 1,10, 1
0.8653628683562828, 0.4134601772478725, 0.20718569666693434, 0.17557640970983687, 0,10, 0
0.8656289496441163, 0.41123828535548096, 0.2177627527637171, 0.1743447734720646, 0,10, 0
0.8652298277123661, 0.40230747459054006, 0.20034017038274748, 0.1735555009287131, 0,10, 0
0.8658950309319497, 0.4009537356858592, 0.19989136676870217, 0.17247524010644535, 0,10, 0
0.8666267544734917, 0.3986246746929215, 0.19784442217511095, 0.16994323101064907, 0,10, 0
0.8662941528636998, 0.3944478728562832, 0.20026887380123148, 0.16849878525978265, 0,10, 0
0.8682897625224506, 0.3957377389019036, 0.19948217282690817, 0.17509833085681517, 0,10, 0
0.866493713829575, 0.3934941274082682, 0.19605411018458477, 0.17338915863561208, 0,10, 0
0.869088006385951, 0.39005748479759733, 0.1967689154026502, 0.16511146542861188, 0,10, 0
0.8699527705714095, 0.3852388975278756, 0.19205624651752298, 0.16890645941485688, 0,10, 0
0.869487128317701, 0.38879102964196005, 0.19998558556815152, 0.16614563272587748, 1,10, 1
0.8701523315372847, 0.3866297331423097, 0.19148652058148724, 0.16695878295593952, 0,10, 0
0.8709505754007849, 0.3811481658224241, 0.19362390365857254, 0.162787833486781, 0,10, 0
0.8703518925031597, 0.3808605511102265, 0.1949757685267122, 0.16586689777697378, 0,10, 0
0.8707510144349099, 0.379908224991947, 0.19357389360778615, 0.163019671594616, 0,10, 0
0.8728796647375773, 0.3760131736423198, 0.19545892570841297, 0.16037760131028786, 0,10, 0
0.8731457460254107, 0.3695932620426139, 0.19023992619782287, 0.16437991150168085, 0,10, 0
0.8723475021619105, 0.371860319175627, 0.19948750413299476, 0.1644334056292149, 0,10, 0
0.8739439898889111, 0.37011155088168174, 0.19517315588928955, 0.1607610093681897, 0,10, 0
0.8738109492449944, 0.3678942720870092, 0.19609835999301872, 0.15970943050314754, 0,10, 0
0.8763387214794119, 0.3660527836793929, 0.18791262899545658, 0.15694332818512557, 0,10, 0
0.8748752743963281, 0.36783757740670786, 0.1953945283922759, 0.16027833020695575, 1,10, 1
0.8766048027672454, 0.3615422435054284, 0.18320835207243535, 0.15716224147560212, 1,10, 1
0.8768708840550788, 0.36371048727756616, 0.18831390144727053, 0.15370728051525298, 0,10, 0
0.87560699793787, 0.3642930104627597, 0.18665986614117633, 0.15502234724594532, 0,10, 0
0.8778686888844542, 0.3574206315965508, 0.17595131649458842, 0.15555663650902904, 1,10, 1
0.8758730792257035, 0.3585533374298786, 0.18483382685134092, 0.15482547720131778, 0,10, 0
0.8789330140357879, 0.3525595250504522, 0.18172761436088725, 0.15204055961140028, 1,10, 1
0.8786669327479545, 0.3526893019116859, 0.17145128206226873, 0.14686288748087228, 0,10, 0
0.8790660546797047, 0.35113177791185907, 0.18363323423198705, 0.1547255824189797, 0,10, 0
0.8815938269141222, 0.349415662424144, 0.17898687626209875, 0.15080555538923907, 0,10, 0
0.8799308188651633, 0.3486522412283715, 0.18240806485881603, 0.1497846296781809, 3,10, 3
0.8788664937138295, 0.3544712555676319, 0.1822598367525935, 0.15260333219915057, 0,10, 0
0.8802634204749551, 0.3469986906413831, 0.17537386145864628, 0.15141850242722765, 1,10, 1
0.8799308188651633, 0.3456457132318399, 0.17549444751813734, 0.14986473093414943, 0,10, 0
0.8800638595090801, 0.34580951032585855, 0.1747727910188087, 0.15597248555851267, 0,10, 0
0.8800638595090801, 0.34677161252919747, 0.17312276879435046, 0.1496393117810109, 1,10, 1
0.8812612253043305, 0.3477488942746607, 0.17322138897847544, 0.15128258760688815, 0,10, 0
0.8805960220847469, 0.34804521850699327, 0.1745754655153282, 0.15081741143338415, 0,10, 0
0.8830572739972061, 0.34429725028810676, 0.16589191822014676, 0.1446602683477612, 0,10, 0
0.8816603472360807, 0.34252737333568156, 0.1687979009519358, 0.1465667166023921, 0,10, 0
0.8813942659482472, 0.34646847866761843, 0.1719202113582073, 0.14848994427618506, 0,10, 0
0.8831237943191645, 0.34057463370106283, 0.17161202512272347, 0.14969512337722718, 0,10, 0
0.8839220381826648, 0.3379815049250565, 0.16833665016234511, 0.14718653723757713, 0,10, 0
0.8836559568948313, 0.3374092836767787, 0.16775653360702633, 0.1446327650339331, 0,10, 0
0.8854520055877071, 0.3373093355527765, 0.17220809171665702, 0.1429938647188294, 0,10, 0
0.8834563959289563, 0.3404320085992362, 0.17568038462114252, 0.14624491126819963, 0,10, 0
0.8847202820461652, 0.33758078043216994, 0.16418392916073835, 0.14591947156631502, 1,10, 1
0.8837224772167898, 0.3354854664479279, 0.16985451168354979, 0.14750612021015497, 0,10, 0
0.8847868023681235, 0.33629046970798115, 0.16524040829235834, 0.14387513965780208, 0,10, 0
0.8841215991485398, 0.3378805689066806, 0.17267344336694837, 0.14520094347447388, 0,10, 0
0.8838555178607065, 0.3361819463030209, 0.1675504335771071, 0.1411845524679349, 0,10, 0
