acuracia,loss,frr,fpr, removed, n_clf, tp_removed
0.09825051553249518, 2.3036959122288754, 0.8944041643372586, 0.40467750686587217, 0,10, 0
0.2683429787800173, 2.0337173751606987, 0.7885194755228002, 0.5137447807391805, 2,10, 2
0.38847868023681237, 1.880414081935769, 0.6780406894125552, 0.36849221767283574, 4,10, 4
0.4218718818599082, 1.7989247593547222, 0.6391722382377484, 0.3354733472749774, 1,10, 1
0.46896826980642586, 1.635829161951845, 0.5519631882842013, 0.3195803618553393, 1,10, 1
0.5188585112751946, 1.5297632495514162, 0.5512344118438114, 0.3581197989679951, 0,10, 0
0.5783276791059668, 1.4354022536771855, 0.5329584689724655, 0.3462463570957985, 1,10, 1
0.5732056143151733, 1.4467380233691345, 0.5134001712151995, 0.2977191219226237, 3,10, 3
0.6085944255970199, 1.2069742257740832, 0.5168873055300135, 0.3457764989108882, 1,10, 1
0.7022550389143883, 1.10619292694427, 0.39725037726722695, 0.25365237008330177, 0,10, 0
0.7511474755537817, 1.133377588833125, 0.37824987273554067, 0.2502994841824023, 1,10, 1
0.74230027273332, 0.967489735082908, 0.39697425091337557, 0.2824183636128231, 0,10, 0
0.7387081753475687, 0.998460095033802, 0.3957760922705498, 0.28240754642907745, 1,10, 1
0.7361138827911927, 0.9277975399635121, 0.37710704412961826, 0.2809681870559119, 0,10, 0
0.7721013769706645, 0.9976706045676589, 0.374175425475187, 0.29138185711206865, 2,10, 2
0.7601942393401184, 0.941381522528106, 0.3755672718269896, 0.29225116752398106, 0,10, 0
0.7809485797911262, 0.8553697491193032, 0.3400312706124902, 0.2599545639218195, 2,10, 2
0.78686888844542, 0.7981766815367187, 0.3454083914825945, 0.25404215942312613, 2,10, 2
0.7889975387480875, 0.8223740036061534, 0.323357421532217, 0.2613982714429976, 0,10, 0
0.7866028071575867, 0.8272523345041592, 0.33464214958376515, 0.270292349554853, 1,10, 1
0.7877336526308787, 0.8377238271290162, 0.3177778434285426, 0.25681135188155974, 0,10, 0
0.7944522051486729, 0.8245344806573048, 0.3422585977476073, 0.2545373056280151, 1,10, 1
0.7844076365329609, 0.7965598500909477, 0.3471041223163449, 0.2538152938528066, 1,10, 1
0.7778886449810417, 0.7865207698247283, 0.32628697165101384, 0.2496954764573329, 1,10, 1
0.7635867757599947, 0.7914852714091238, 0.3616483762279257, 0.2688654926243036, 0,10, 0
0.7842080755670857, 0.7380442191068057, 0.33438935981893947, 0.26997409052377264, 0,10, 0
0.7780882059469167, 0.7423801687906402, 0.31338316041763614, 0.24668883861070948, 0,10, 0
0.7937870019290894, 0.7043520630471223, 0.30667052285836865, 0.25432830375593624, 1,10, 1
0.8043637331204683, 0.7019613018269248, 0.2901795510129104, 0.24444498248746382, 0,10, 0
0.799108627685758, 0.739170420067619, 0.2953196814611105, 0.2453652511551985, 1,10, 1
0.8019690015299674, 0.7317373882978767, 0.28650895563584755, 0.2414517589263326, 2,10, 2
0.7978447415685492, 0.7294715086522151, 0.29225979567710614, 0.24266666829670377, 0,10, 0
0.8102840417747622, 0.684895960865757, 0.27416096660063316, 0.23485049101483343, 2,10, 2
0.8041641721545932, 0.6858246978001243, 0.28590966621076047, 0.24121584284452527, 0,10, 0
0.8163373910729728, 0.6363410658309754, 0.2781687890442978, 0.23588831256151163, 0,10, 0
0.8166699926827646, 0.6289763986746227, 0.27111144643936486, 0.23198873024799366, 0,10, 0
0.8176012771901816, 0.6183820028901045, 0.28844516550107924, 0.23631940672150104, 2,10, 2
0.8222576997272667, 0.6161474835339704, 0.26666995023939416, 0.22898979450806817, 0,10, 0
0.8225903013370585, 0.6088938408700013, 0.2707772283227467, 0.23102351259029558, 3,10, 2
0.8221911794053083, 0.6039539023962124, 0.2720627497968245, 0.22447784242781116, 2,10, 2
0.8205281713563494, 0.6002894563993403, 0.2790974471404379, 0.23251221014746662, 0,10, 0
0.8253176345373512, 0.5840747051958043, 0.2521472998874832, 0.21464475661480395, 0,10, 0
0.825849797113018, 0.5821448103554152, 0.25570025345601466, 0.21595406867822528, 0,10, 0
0.8265815206545599, 0.5772043864539401, 0.25630621823086397, 0.2153630719499991, 5,10, 2
0.8307723009379365, 0.5675135003602478, 0.2558176817530663, 0.2124484919589158, 0,10, 0
0.8291758132109359, 0.5951161385296825, 0.26216154149567794, 0.2240515902757056, 0,10, 0
0.8294418944987694, 0.6024383556360523, 0.2578098545031435, 0.23024869166961523, 0,10, 0
0.831237943191645, 0.5840044547969441, 0.25709921559266524, 0.21961771141503433, 3,10, 2
0.8335661544601876, 0.5645470328775324, 0.24764362055358913, 0.21699976020665487, 0,10, 0
0.8331670325284375, 0.5507523997709487, 0.24776668672502122, 0.21488209871247455, 4,10, 0
0.8329674715625623, 0.5412080818165564, 0.2619970215704979, 0.22133514372044735, 0,10, 0
0.8336991951041043, 0.5287694781446599, 0.25673407583726954, 0.21564791288070262, 0,10, 0
0.8330339918845208, 0.5288985224996171, 0.25591141940394807, 0.21647533607585578, 7,10, 1
0.8350961218652299, 0.5350455911998102, 0.25324716203351083, 0.21934827399930817, 0,10, 0
0.8353622031530633, 0.5346151841122634, 0.25319780510956424, 0.21625824454397793, 0,10, 0
0.8358278454067718, 0.526986347846672, 0.24493298875663438, 0.21582085562587053, 6,10, 2
0.8349630812213131, 0.5237218016102673, 0.25568466491794933, 0.2157737279984707, 9,10, 2
0.8356948047628551, 0.5252221872605877, 0.2548352586260684, 0.21624341970620864, 3,10, 2
0.8374908534557307, 0.5104071046116265, 0.2456837376876183, 0.2119140003850801, 0,10, 0
0.8382225769972727, 0.5028563949377851, 0.24046886809302248, 0.21021467133756777, 0,10, 0
0.8388212598948979, 0.5029994599179358, 0.24533222539703423, 0.21143657106696456, 0,10, 0
0.8419477150269408, 0.49643900309678884, 0.2405242782524401, 0.21297315043934542, 0,10, 0
0.8410164305195237, 0.48793843656447733, 0.2412179906106139, 0.21188250261679487, 0,10, 0
0.8439433246856914, 0.48755862240545217, 0.2373156255464348, 0.20480216910300247, 0,10, 0
0.8421472759928158, 0.5156311195386871, 0.2374979926865952, 0.20787442324795183, 0,10, 0
0.8388212598948979, 0.5410762912647866, 0.23795586990968665, 0.2112887705338222, 0,10, 0
0.8417481540610656, 0.5096650406455077, 0.2312802868286134, 0.2047570635762833, 0,10, 0
0.8398855850462317, 0.5402980582826831, 0.23819588727461144, 0.21293473107280458, 0,10, 0
0.8389543005388146, 0.5521891479123089, 0.2412324545815226, 0.22055593463468695, 0,10, 0
0.8392869021486064, 0.5288433682070248, 0.24520068737703277, 0.21157837750498157, 0,10, 0
0.8396860240803565, 0.514715276886819, 0.2341961744672245, 0.21231993633839708, 0,10, 0
0.8422803166367325, 0.5003987922219133, 0.23198571601366627, 0.20185808201744324, 0,10, 0
0.8418811947049823, 0.49725217678640016, 0.242991904384461, 0.20247495243005464, 8,10, 1
0.8432781214661079, 0.4979207937655588, 0.23640713866804358, 0.19726827540070585, 0,10, 0
0.8431450808221912, 0.49653131067894707, 0.24030718166188764, 0.20306367527559682, 0,10, 0
0.8450076498370253, 0.482645542616552, 0.23273565239609442, 0.20230366897656243, 0,10, 0
0.8432116011441495, 0.5052115604652809, 0.22935364050059653, 0.2086484873146205, 0,10, 0
0.8462050156322757, 0.4958747900944968, 0.22774747615990593, 0.1986908508328563, 0,10, 0
0.8465376172420674, 0.48135806444278534, 0.23067248696620296, 0.20117517816849606, 0,10, 0
0.8466041375640259, 0.4743461487566819, 0.2300088064088762, 0.20262436305475667, 0,10, 0
0.8452737311248586, 0.4907182340304355, 0.23568064522438853, 0.2042929124217106, 0,10, 0
0.8442094059735249, 0.4792470892508349, 0.24331265926495685, 0.21270894050625241, 8,10, 2
0.8472028204616511, 0.47735305751246454, 0.2350072289107008, 0.20635166985044912, 5,10, 1
0.846271535954234, 0.47097372872571885, 0.23660635782674688, 0.20112946888383196, 0,10, 0
0.8482671456129848, 0.46198443272328243, 0.2285469188600166, 0.2036963294557067, 0,10, 0
0.8465376172420674, 0.48701609766993714, 0.2327955125141692, 0.20578601419438222, 0,10, 0
0.84886582851061, 0.46976373650641506, 0.22440765193345644, 0.19958291808655665, 0,10, 0
0.845539812412692, 0.48986047478532363, 0.23298177106763973, 0.2073732605623354, 0,10, 0
0.8466041375640259, 0.49454136796079223, 0.22935176460537238, 0.20633319232859948, 0,10, 0
0.8432781214661079, 0.4840142256882197, 0.24308521432850114, 0.21538784886330098, 0,10, 0
0.8473358611055678, 0.47870584216348117, 0.233761269122447, 0.20244098947840233, 8,10, 2
0.8478015033592763, 0.4666129743660077, 0.23131916697183758, 0.20135632343137935, 0,10, 0
0.8478015033592763, 0.4581141768380515, 0.2262185396489075, 0.20257477993036935, 0,10, 0
0.8476684627153596, 0.45626135628834175, 0.22128341802307933, 0.20117428681196284, 0,10, 0
0.8493314707643185, 0.45326479643319784, 0.21943705104601058, 0.19862843327427473, 0,10, 0
0.850728397525444, 0.44675309567929433, 0.22379044892471225, 0.19909728186233877, 13,10, 1
0.8482006252910264, 0.4681193801607319, 0.2253305458192232, 0.20072816448262615, 0,10, 0
0.8505288365595689, 0.4587962019712936, 0.22423477410578438, 0.19448252581964035, 0,10, 0
0.8504623162376106, 0.4563857425364499, 0.2228538972916609, 0.19773771020623954, 7,10, 1
0.8489988691545267, 0.44966381680413764, 0.2253433739371686, 0.19835202333686877, 1,10, 1
0.8505288365595689, 0.4446951332341585, 0.21882734386187766, 0.19865105477488487, 0,10, 0
0.10077828776691279, 2.303736140292966, 0.8944213325400786, 0.36684194226088074, 0,10, 0
0.305793920042573, 2.0728228562829627, 0.7293092890879745, 0.38732034504635426, 2,10, 2
0.4389676046032063, 1.7446358420709598, 0.6909907778905843, 0.32570218487681046, 2,10, 2
0.5117408368256502, 1.5167279073864823, 0.6303334140369461, 0.3366717070894268, 0,10, 0
0.581121532628218, 1.3569610892174082, 0.6240338986618488, 0.36776183567364, 2,10, 2
0.6607463580123728, 1.1773204546168259, 0.5175002694488738, 0.3224587608827569, 0,10, 0
0.690680502893634, 1.1164362044523721, 0.4942879205030781, 0.29519683861429924, 0,10, 0
0.6924100312645514, 1.015640394886248, 0.5107775092701413, 0.31355579353467194, 3,10, 3
0.6917448280449677, 1.0374322830954812, 0.5184217955562016, 0.35458597198371633, 1,10, 1
0.7372447282644848, 0.9402784012608515, 0.43100405419145715, 0.2759943871797805, 0,10, 0
0.7295283709173153, 0.8829645630647526, 0.44683276525373145, 0.27126727932337347, 0,10, 0
0.7537417681101577, 0.9189857750580182, 0.41684437988660933, 0.25437494982692926, 0,10, 0
0.7273332002926894, 0.8895175691368402, 0.44718981974670713, 0.30306926609887186, 2,10, 2
0.7635202554380364, 0.7905226866038684, 0.42331836582091326, 0.27726306978262144, 2,10, 2
0.7685092795849132, 0.7651159453560686, 0.3763052418927872, 0.25619164298410124, 0,10, 0
0.7740969866294153, 0.7520154018243079, 0.3894671396167047, 0.2676545546851042, 2,10, 2
0.7729661411561232, 0.7153421651702181, 0.3875398594114933, 0.26994564059350096, 0,10, 0
0.7903279451872547, 0.7070593705695654, 0.3646684465020957, 0.25255083128390055, 2,10, 2
0.7827446284840018, 0.6903790535160507, 0.34863445241871865, 0.2508324145894559, 0,10, 0
0.7871349697332535, 0.6774435511742962, 0.35531651608615256, 0.24146379667734116, 1,10, 1
0.7915253109825051, 0.6865478939174994, 0.3513405511942695, 0.26348088671055736, 1,10, 1
0.8028337657154261, 0.6688956178832779, 0.32176201885034905, 0.23145832351345763, 0,10, 0
0.7935874409632142, 0.6555123722540758, 0.3480391637809123, 0.2623854925451721, 1,10, 1
0.7984434244661744, 0.6277778058699011, 0.34217728060382063, 0.2592084247518038, 0,10, 0
0.7923235548460055, 0.6674117575789363, 0.34355077538560247, 0.2615653376359841, 2,10, 2
0.8078227898623029, 0.650321745363823, 0.28699104535042363, 0.23855528889347663, 1,10, 1
0.7988425463979245, 0.6600413030313877, 0.3158440758286983, 0.2443697675450833, 1,10, 1
0.8040311315106765, 0.6327716663794923, 0.2979088614425297, 0.2394273857028871, 1,10, 1
0.7973790993148406, 0.6289956273136801, 0.3300448124566793, 0.24724828761416923, 1,10, 1
0.8093527572673451, 0.6140167931790554, 0.2899747464659698, 0.2355065504349233, 1,10, 1
0.8073571476085944, 0.6153139796688248, 0.3011611080095484, 0.246454487014723, 0,10, 0
0.8076232288964279, 0.6191468544870208, 0.29190813912489305, 0.2409056716329818, 0,10, 0
0.8132774562628883, 0.595659218727977, 0.2734103389304414, 0.2320629374513344, 0,10, 0
0.8228563826248919, 0.5724644020250669, 0.27370726909244963, 0.23769493589088384, 1,10, 1
0.8199294884587242, 0.5861970017595554, 0.2723059075428606, 0.23659083722618449, 0,10, 0
0.8174017162243066, 0.6072995154835595, 0.27279294856508934, 0.24175322664310175, 2,10, 2
0.8231224639127254, 0.5799782165608609, 0.2760112237771071, 0.2323109387605782, 0,10, 0
0.8193973258830572, 0.5865686932625116, 0.26265148645385955, 0.2294305468824808, 1,10, 1
0.8206612120002661, 0.5806806044371247, 0.2748358321958213, 0.23527704667535992, 1,10, 1
0.8266480409765183, 0.5766092404134516, 0.2665027996240099, 0.23892446439263115, 1,10, 1
0.8307723009379365, 0.5524367949124686, 0.2530699579743907, 0.22888066935797904, 0,10, 0
0.8279784474156855, 0.5478590055168148, 0.259934969446982, 0.22325303555026949, 0,10, 0
0.825118073571476, 0.5760065369654352, 0.26705213268637934, 0.2286604364689751, 2,10, 2
0.8183995210536819, 0.5733077658511957, 0.2731271387604546, 0.2231424830419925, 0,10, 0
0.8217255371515998, 0.5670181476470955, 0.2576515261329607, 0.22473730100213882, 0,10, 0
0.8245193906738508, 0.5607903456962068, 0.26667184183867776, 0.228786415786396, 0,10, 0
0.8233885452005588, 0.5531670436913687, 0.26800154879086446, 0.23127961126489383, 0,10, 0
0.8295749351426861, 0.5376878235618524, 0.2563755305705767, 0.22858532290796624, 0,10, 0
0.8290427725670192, 0.5332694651132549, 0.2504026028794288, 0.226722350900858, 1,10, 1
0.8290427725670192, 0.533655347159424, 0.25484548729909917, 0.22636527980698876, 0,10, 0
0.8297079757866028, 0.5225036628153743, 0.2545537569510801, 0.2297348748182267, 1,10, 1
0.8311714228696867, 0.5235560156981256, 0.2439967615959118, 0.21802101474272784, 1,10, 1
0.8306392602940198, 0.519552911290048, 0.2555346610717106, 0.22578449557896904, 0,10, 0
0.8307057806159782, 0.5178840699252878, 0.2575179552236099, 0.22682226563802355, 3,10, 1
0.8330339918845208, 0.5051066700713113, 0.25440480102941626, 0.2203480613773501, 0,10, 0
0.8350296015432714, 0.505409133643432, 0.25063158791416196, 0.21638465685916805, 0,10, 0
0.8326348699527706, 0.5212053760118295, 0.24757259658789083, 0.2219825455044393, 1,10, 1
0.8329674715625623, 0.5055372552624213, 0.2411925608317187, 0.2183633095192194, 0,10, 0
0.8331670325284375, 0.5075372677152099, 0.24207756903148275, 0.2198739721639069, 3,10, 1
0.8332335528503958, 0.5118155878515583, 0.25115427913932986, 0.2244514014138729, 4,10, 0
0.8327013902747289, 0.5102901211000271, 0.24746725101124478, 0.22529781698472232, 2,10, 1
0.8335661544601876, 0.5115067174122376, 0.253370900612639, 0.22651130170817046, 0,10, 0
0.8331005122064791, 0.5017672948849715, 0.24030327337736634, 0.21878749789119786, 0,10, 0
0.836426528304397, 0.4921831316348411, 0.2321328899445562, 0.21293152610106658, 0,10, 0
0.8363600079824386, 0.5093803302438532, 0.23781286624508163, 0.21118673814836494, 4,10, 0
0.8370252112020222, 0.5071724990004145, 0.23957988445985345, 0.2169944479514784, 0,10, 0
0.836426528304397, 0.5024652833387765, 0.23956121797965213, 0.2093617835005142, 0,10, 0
0.8390873411827313, 0.48754028222428386, 0.22788578633354423, 0.21012061577258978, 0,10, 0
0.8352956828311049, 0.5042650894424725, 0.2420959469844448, 0.2158236095312256, 2,10, 1
0.8353622031530633, 0.5037995981528436, 0.23562219881212937, 0.2125483308918862, 2,10, 0
0.8354952437969799, 0.5057034258720847, 0.24090368564260065, 0.21651727228107348, 2,10, 1
0.8356948047628551, 0.5025510579795501, 0.2414150436972213, 0.2128104855967507, 1,10, 1
0.8391538615046897, 0.4871437575829795, 0.2325580099100722, 0.20870807137287495, 0,10, 0
0.8378899753874809, 0.4859824302874302, 0.23648485269927313, 0.209811889362728, 0,10, 0
0.8374243331337724, 0.4802560775595273, 0.23012741929479097, 0.21292911549376703, 0,10, 0
0.8382890973192311, 0.4835481453126296, 0.22837176025016404, 0.20621891889046826, 0,10, 0
0.8387547395729396, 0.46989545929963555, 0.22439870580591145, 0.21309640365385063, 11,10, 1
0.8412825118073571, 0.4623843356151308, 0.22956639319888564, 0.20896603802935054, 7,10, 0
0.8411494711634404, 0.46106056447000426, 0.23354119471788884, 0.20734474135784942, 2,10, 1
0.8416816337391073, 0.46593258647340435, 0.2232723804404018, 0.20286956129507733, 0,10, 0
0.8436772433978581, 0.46202729813583626, 0.22356369350742386, 0.20567564377248806, 7,10, 1
0.8428124792123994, 0.45784361142833335, 0.22028808955113222, 0.20543762938662183, 1,10, 0
0.842945519856316, 0.4623257641492446, 0.2278361926126067, 0.20377231610907717, 0,10, 0
0.8416151134171489, 0.46510456915659903, 0.23283336938140795, 0.2028440202858813, 0,10, 0
0.8407503492316902, 0.4629977459500924, 0.22538414580256166, 0.20632958685761668, 4,10, 1
0.8400186256901483, 0.4600019698143257, 0.23144108401469157, 0.20728447686987966, 5,10, 0
0.8440098450076499, 0.4559316125212558, 0.23052899952708208, 0.20515082135831278, 0,10, 0
0.8434111621100246, 0.44679563102483943, 0.22836709915637365, 0.21023320345017105, 0,10, 0
0.845539812412692, 0.446419399674687, 0.22330235583933583, 0.2009335813321587, 0,10, 0
0.8471363001396927, 0.45203816312678696, 0.2204372228474746, 0.19920722644622685, 0,10, 0
0.8474023814275261, 0.4559201279590523, 0.21878741669878626, 0.2034053502373523, 0,10, 0
0.8472693407836094, 0.44991876357968086, 0.22770725437812558, 0.1995222317282022, 0,10, 0
0.8480675846471097, 0.4454148171503719, 0.22056267384986178, 0.19714112683561286, 1,10, 0
0.847934544003193, 0.4383808388734401, 0.22423960324738895, 0.19922756510060938, 0,10, 0
0.8489323488325683, 0.4444216086613477, 0.21976902828046277, 0.19617608273025844, 0,10, 0
0.8491319097984434, 0.45083248953717026, 0.21947566644320374, 0.19673455529977077, 0,10, 0
0.8456063327346505, 0.45880706900340995, 0.2284914532193454, 0.20912805410199564, 3,10, 1
0.8502627552717356, 0.4450844211254048, 0.2128039884070757, 0.19753839880893, 0,10, 0
0.848666267544735, 0.4401487285816118, 0.21780594021118924, 0.19813102426009832, 0,10, 0
0.8497305926960687, 0.4461149461312978, 0.22055816138370024, 0.19841761461531654, 0,10, 0
0.8477349830373179, 0.4517657621013463, 0.22581410216265174, 0.19932405531597483, 0,10, 0
0.10077828776691279, 2.303736140292966, 0.8944213325400786, 0.36684194226088074, 0,10, 0
0.326215658883789, 2.012451314310792, 0.7186543275255697, 0.355636601852311, 1,10, 1
0.38109492449943455, 1.9169666588530445, 0.6626281918968036, 0.3334929610236897, 3,10, 3
0.5777289962083416, 1.433200338535838, 0.5894303257618411, 0.3697100127140667, 0,10, 0
0.623295416749817, 1.2125914843203096, 0.5423634138270733, 0.3788925044276316, 0,10, 0
0.6405241801370318, 1.1842299060444905, 0.546502530388348, 0.36813092643169654, 3,10, 3
0.6963347302600945, 1.0478331109793448, 0.4810590434911176, 0.28606361226668114, 0,10, 0
0.6971994944455531, 1.0549551993763664, 0.47027665720952305, 0.28466468642179943, 0,10, 0
0.6903479012838423, 0.9936219184987968, 0.4958188491379235, 0.34721158234264865, 0,10, 0
0.7368456063327347, 0.8918846796493455, 0.4121567663338041, 0.25710391604487864, 3,10, 3
0.7412359475819863, 0.8530994146179302, 0.41382659262782584, 0.27827806243541175, 2,10, 2
0.7517461584514069, 0.8410560501447466, 0.4022524581503101, 0.3016054483588049, 0,10, 0
0.7535422071442825, 0.8418474988512552, 0.4012818035937289, 0.26935730679351244, 0,10, 0
0.7661810683163707, 0.8097294615952414, 0.38991652783609676, 0.2644786449182153, 0,10, 0
0.7496175081487394, 0.7854736127352687, 0.40761589305508134, 0.2761931608371541, 2,10, 2
0.7620568083549525, 0.7587042422031322, 0.37980282128682036, 0.2652577748181234, 2,10, 2
0.7722344176145812, 0.7682692391692365, 0.37151636357580853, 0.25627069586038936, 1,10, 1
0.7758930353222909, 0.7308079378775822, 0.3486987274799158, 0.25102899235169135, 2,10, 2
0.7872680103771702, 0.7199127204945861, 0.3220261893347166, 0.2410500091676214, 0,10, 0
0.7687753608727467, 0.7106171461773155, 0.3851993993072099, 0.2936141522215456, 0,10, 0
0.7856715226501696, 0.6682116739872547, 0.33063161960416027, 0.24793220804926286, 0,10, 0
0.7969134570611321, 0.658907980103846, 0.32407750269636215, 0.23959533197328622, 0,10, 0
0.7897957826115879, 0.6492432009392947, 0.34571183831024294, 0.2613673566728299, 1,10, 1
0.7852058803964611, 0.6731610108752425, 0.34443919318973165, 0.2572038211400683, 1,10, 1
0.7887979777822125, 0.6561830340324302, 0.3297945291019629, 0.25732678878843773, 0,10, 0
0.7941861238608395, 0.653459617767305, 0.32899372205297617, 0.24554614163301502, 1,10, 1
0.7981108228563826, 0.6548711514035662, 0.3274536024342416, 0.2531401119281344, 1,10, 1
0.8023016031397592, 0.6210418010203875, 0.31229419443599676, 0.23933921222444807, 0,10, 0
0.8078893101842612, 0.6252265634375964, 0.29446106735719796, 0.23579361532050894, 0,10, 0
0.8115479278919709, 0.6132071229255199, 0.28429839398992096, 0.24904620056432947, 0,10, 0
0.8106831637065124, 0.6142547349524007, 0.28728404298498017, 0.24012644704199038, 0,10, 0
0.8129448546530965, 0.5938432518418582, 0.2855285924072609, 0.23600780648793415, 0,10, 0
0.8131444156189715, 0.610491339524537, 0.2925302051172208, 0.24700867198223836, 0,10, 0
0.8147409033459722, 0.5920293166016434, 0.2779396911393052, 0.23673459759224322, 1,10, 1
0.8106831637065124, 0.6561112525099386, 0.27777028567968176, 0.23907775035060322, 3,10, 3
0.8108827246723874, 0.6217068908844835, 0.27661637232222275, 0.24314862419558747, 0,10, 0
0.8116809685358877, 0.6157439592041662, 0.2842205301851704, 0.24076188008881094, 0,10, 0
0.815805228497306, 0.5906962757061912, 0.2801357381963007, 0.24333420600400102, 0,10, 0
0.8129448546530965, 0.5846026339904867, 0.2936946975584835, 0.24369676520746458, 0,10, 0
0.8206612120002661, 0.5684067126900515, 0.26356501265425153, 0.23386184697281942, 1,10, 1
0.8189982039513071, 0.5706823525743234, 0.2823999013360038, 0.23654582960175655, 1,10, 1
0.8194638462050157, 0.5706453153604052, 0.2724229160512685, 0.23481644000363733, 1,10, 1
0.8208607729661411, 0.5455073778035928, 0.26219264075661886, 0.2291859198243418, 0,10, 0
0.8209272932880995, 0.5351788617779722, 0.2532845984018017, 0.22701812496056642, 0,10, 0
0.8237211468103506, 0.5482040947488139, 0.2675131034885228, 0.22980757440084118, 1,10, 1
0.8227898623029335, 0.5406028451183623, 0.26473292966328676, 0.22281772266159316, 0,10, 0
0.8271136832302268, 0.534276179348235, 0.2529099622816207, 0.21800968655286673, 0,10, 0
0.8265815206545599, 0.5270987845992371, 0.25233196495727894, 0.21875286045189188, 2,10, 2
0.8270471629082685, 0.5286013553201552, 0.25392259609904666, 0.2251036940245486, 1,10, 1
0.8249850329275593, 0.5230005365865709, 0.24928654359034597, 0.2229638759747514, 0,10, 0
0.8278454067717688, 0.519696091724828, 0.25034332671850007, 0.22075524712468794, 0,10, 0
0.8311714228696867, 0.5214571205650687, 0.25100377633493576, 0.2293361865631204, 2,10, 2
0.8304396993281448, 0.5242153389295385, 0.24705633597014104, 0.22116674301949968, 1,10, 1
0.8242533093860174, 0.5278154076639799, 0.2580275171522084, 0.2298903101753556, 0,10, 0
0.828244528703519, 0.5224986997018367, 0.261780947425505, 0.2317954618985773, 0,10, 0
0.8290427725670192, 0.5242123387199208, 0.25210574943821595, 0.2245324036918582, 0,10, 0
0.8330339918845208, 0.5111422305713083, 0.25111547116586946, 0.22203102239133046, 0,10, 0
0.8325683496308122, 0.5216090100080147, 0.24523578037593807, 0.22192565922349095, 0,10, 0
0.8303731790061863, 0.5384237222219601, 0.24119611723344503, 0.22754650028083884, 1,10, 1
0.8268476019423934, 0.538416692048467, 0.2479981268656398, 0.2283277844870114, 0,10, 0
0.8245193906738508, 0.5262453269386241, 0.2601255292447143, 0.225179475024251, 0,10, 0
0.8283775693474357, 0.517210169563699, 0.2594489551372184, 0.22291129434852508, 0,10, 0
0.8321027073771037, 0.501677457474244, 0.2524365627228554, 0.2340547656351411, 1,10, 1
0.8346304796115214, 0.4957427960376241, 0.24576968344332623, 0.22834797390868775, 1,10, 1
0.8331670325284375, 0.49462714138530534, 0.2554376137093687, 0.22857306063987454, 0,10, 0
0.8334996341382293, 0.504540648132962, 0.2525053856612902, 0.23259759915177053, 3,10, 1
0.8338987560699794, 0.5060074135072927, 0.2469905140038593, 0.2312527643644424, 9,10, 1
0.8363600079824386, 0.4958672093289684, 0.24672800980766815, 0.22081056525209916, 1,10, 0
0.8352291625091466, 0.5032666149527472, 0.23911331041295736, 0.2186167249020783, 3,10, 1
0.8356282844408967, 0.4968313048343192, 0.2513435955590227, 0.22481240922579762, 0,10, 0
0.8360274063726468, 0.49332496964108985, 0.2507790063774183, 0.21840644672655052, 0,10, 0
0.8396860240803565, 0.4836480352328366, 0.23445801980414438, 0.21358380681650715, 2,10, 0
0.8386216989290228, 0.5022432693636307, 0.24665182555966086, 0.21442391759397667, 0,10, 0
0.8409499101975654, 0.49324994418781487, 0.24355850341414914, 0.2106359524994444, 0,10, 0
0.839220381826648, 0.49570119221850373, 0.23985342691068076, 0.218149797823459, 3,10, 2
0.8362934876604803, 0.5127171099385006, 0.24650782402701554, 0.21981375312816673, 0,10, 0
0.828444089669394, 0.5213487444826479, 0.25962540569054643, 0.23103462534090508, 0,10, 0
0.8325683496308122, 0.495739918723815, 0.24769513319965242, 0.22243208740807263, 0,10, 0
0.8306392602940198, 0.5034620049012728, 0.25884927344404013, 0.2404354069395029, 0,10, 0
0.8323687886649371, 0.5048103910697683, 0.25314139678432257, 0.2276500436018857, 0,10, 0
0.8323022683429788, 0.5145628996231598, 0.25041253885559156, 0.22408629212809125, 0,10, 0
0.828244528703519, 0.5283186508416583, 0.2640057228808477, 0.2296131419312537, 5,10, 1
0.8339652763919377, 0.5074546445514334, 0.2547917227080152, 0.22390775114330488, 0,10, 0
0.8378899753874809, 0.4882081576631663, 0.2349345606086852, 0.21608856487947228, 0,10, 0
0.8391538615046897, 0.4937860117029081, 0.23775307064169798, 0.2157355872818759, 0,10, 0
0.839020820860773, 0.49505110935470414, 0.24157504138130753, 0.21820443874579815, 2,10, 1
0.8403512272999402, 0.49174528934601763, 0.23879819869646288, 0.21036962884020427, 0,10, 0
0.8395529834364398, 0.49149661382232274, 0.24341418533655326, 0.2165614811218524, 2,10, 1
0.8398855850462317, 0.4799151353624124, 0.24057591796426958, 0.21427279239521999, 0,10, 0
0.8414155524512739, 0.4767484077752508, 0.2340902932731352, 0.21248184547392437, 0,10, 0
0.8432781214661079, 0.4651769243635257, 0.22577725464857346, 0.2093331342896306, 0,10, 0
0.8440098450076499, 0.46319239313625793, 0.23746609969611907, 0.21164365011023012, 0,10, 0
0.8454732920907337, 0.4630990688118246, 0.22448928932351214, 0.20177412267522446, 0,10, 0
0.8446085279052751, 0.4616387167254679, 0.24568486130665876, 0.21305881810803753, 0,10, 0
0.8420807556708575, 0.45581004275662107, 0.23273457986342877, 0.21037393083959535, 0,10, 0
0.8472028204616511, 0.44889953543745553, 0.21996280848266372, 0.19878032823700156, 0,10, 0
0.8464045765981507, 0.4561037353221979, 0.22310372026521155, 0.2031651848412557, 0,10, 0
0.8474023814275261, 0.4523842904039972, 0.21779760615104427, 0.1954374197215499, 0,10, 0
0.8468702188518592, 0.4451900826586505, 0.2236430474799523, 0.19957982245538844, 0,10, 0
0.8469367391738176, 0.44249997735919805, 0.22164223094432792, 0.20261537872217578, 0,10, 0
0.8493314707643185, 0.4421352659691986, 0.2182658303218927, 0.19859370893314793, 13,10, 2
0.10077828776691279, 2.303736140292966, 0.8944213325400786, 0.36684194226088074, 0,10, 0
0.2664804097651833, 2.02920665964509, 0.8175810126070544, 0.5383464643432656, 1,10, 1
0.39133905408102176, 1.852561585450017, 0.6756154757973485, 0.39850179150860376, 1,10, 1
0.4332468569147875, 1.6388587789286764, 0.6589979240325944, 0.43064856268752955, 2,10, 2
0.4651100911328411, 1.531525278762196, 0.6569522733108848, 0.4301587855032131, 2,10, 2
0.5631610456994612, 1.3405349173089396, 0.5614358245973412, 0.39050765999316717, 0,10, 0
0.6038714827379764, 1.3038839901565649, 0.5389297507328646, 0.33738133628948125, 2,10, 2
0.6497705048892437, 1.159726909909806, 0.4860681411839154, 0.3001476263471508, 0,10, 0
0.6602141954367059, 1.1008268016566012, 0.4752826555929371, 0.288004139221133, 0,10, 0
0.6922769906206346, 1.0224986918123251, 0.4496166122707768, 0.29455378498360985, 2,10, 2
0.7143617375108096, 0.9643978990667709, 0.43056477024729395, 0.2764782542090037, 0,10, 0
0.721878533892104, 0.9373604008983899, 0.4088156810088179, 0.3054565859117971, 1,10, 1
0.7160912658817269, 0.9600726114152177, 0.4263992714011364, 0.28230150938091503, 3,10, 3
0.7335861105567751, 0.8520760600485996, 0.39797444350848155, 0.3020417244519061, 0,10, 0
0.7703053282777889, 0.8099719593342033, 0.36373159998718146, 0.2813783734941755, 2,10, 2
0.7642519789795783, 0.8288576625762696, 0.3717099188717777, 0.2700118799438859, 4,10, 4
0.76904144216058, 0.7981113163735728, 0.3500218795056804, 0.2516392566792097, 0,10, 0
0.7991751480077164, 0.7088417329853343, 0.3130650728776054, 0.23939243727053852, 0,10, 0
0.7990421073637997, 0.7062962066029311, 0.32581265644916824, 0.24000243711256516, 0,10, 0
0.7986429854320495, 0.6865451423174314, 0.32824411002788945, 0.24123394198687023, 0,10, 0
0.8072241069646777, 0.6926249997728622, 0.2956334988012566, 0.23441616408206026, 0,10, 0
0.8118805295017628, 0.6749846046511356, 0.289929594773222, 0.24092496135486077, 4,10, 4
0.807290627286636, 0.6723777484435888, 0.299773523953705, 0.23944462294826582, 0,10, 0
0.8091531963014701, 0.6665034652520804, 0.29887825864791784, 0.23422655434361606, 0,10, 0
0.8096188385551786, 0.6704274224377046, 0.29247182212487904, 0.23282537595408168, 0,10, 0
0.8164039113949312, 0.6399513295937946, 0.26610998153287946, 0.22506353538923946, 1,10, 1
0.8144748220581388, 0.6186613871003539, 0.28896354484523723, 0.2332863892936536, 3,10, 3
0.8152065455996808, 0.6193179876495081, 0.29792196075501964, 0.23144620304229982, 0,10, 0
0.8196634071708907, 0.6286878159472908, 0.2795169425744987, 0.2259263956650695, 1,10, 1
0.8219250981174749, 0.5870919415283175, 0.2792844706174194, 0.23204022440385105, 0,10, 0
0.8224572606931417, 0.5801558184671279, 0.27909606188182684, 0.23094373392234357, 0,10, 0
0.8227898623029335, 0.5787041906673941, 0.2621689640670686, 0.22716924929814158, 0,10, 0
0.8210603339320163, 0.5890176058443528, 0.27992351285382727, 0.2358754463619716, 0,10, 0
0.8271802035521852, 0.5637458583240196, 0.26171029311123883, 0.219556152469528, 2,10, 2
0.8244528703518925, 0.5592712946911526, 0.2603884305945166, 0.22361122848997902, 0,10, 0
0.8274462848400186, 0.5513126631584325, 0.25345712531478876, 0.22547818805136471, 0,10, 0
0.8301736180403113, 0.5402060675155306, 0.24536880819693277, 0.2158782936230411, 0,10, 0
0.8272467238741436, 0.5411058105418983, 0.2531226571229849, 0.219212797718064, 1,10, 1
0.8279119270937272, 0.5523869230354752, 0.23828105349536252, 0.21319989082884228, 0,10, 0
0.8267810816204351, 0.5577962519704931, 0.24152662550349152, 0.21432058426167866, 0,10, 0
0.8296414554646444, 0.5534589996821145, 0.2516259311287175, 0.21941781485527734, 1,10, 1
0.8262489190447682, 0.5676992365195197, 0.2566577741062536, 0.22067930735587354, 1,10, 1
0.8302401383622696, 0.5500182925142777, 0.2448651446639346, 0.21979511837331447, 0,10, 0
0.8313044635136034, 0.5688839345837906, 0.23776820142928964, 0.2147865187671751, 1,10, 1
0.831237943191645, 0.547907527951818, 0.2383729577972179, 0.21782256196693017, 0,10, 0
0.8305062196501031, 0.542158578553157, 0.24535069198259368, 0.21822220633693892, 0,10, 0
0.83103838222577, 0.5430947217535339, 0.248442202162665, 0.22075333889752483, 1,10, 1
0.8298410164305196, 0.5291634460421362, 0.25668197398609566, 0.22501655209426377, 0,10, 0
0.828244528703519, 0.5372308178781994, 0.24946933682501776, 0.2205047779935484, 0,10, 0
0.8305727399720615, 0.5427317618853177, 0.25246790750142606, 0.22879565383106512, 0,10, 0
0.8289097319231025, 0.5517488965215349, 0.2584373901097608, 0.22490342320749876, 0,10, 0
0.8297079757866028, 0.5410597281150156, 0.24824887593585096, 0.22464547163248497, 0,10, 0
0.8321027073771037, 0.5393596840376804, 0.23619232470697982, 0.222799488023649, 1,10, 1
0.8316370651233952, 0.5445547337155842, 0.24878014808987556, 0.226063093523277, 1,10, 1
0.8295749351426861, 0.5485817051882054, 0.25488005783212087, 0.23230240231390922, 0,10, 0
0.8279119270937272, 0.5536307308715485, 0.2654677698988449, 0.2365866615236026, 6,10, 1
0.8295749351426861, 0.5343784517452512, 0.25110004553216814, 0.2265767251283546, 0,10, 0
0.8294418944987694, 0.5349182812558052, 0.260613999598769, 0.22524610215528237, 0,10, 0
0.8337657154260627, 0.5104080268273443, 0.25495758911371585, 0.2223895073552348, 0,10, 0
0.8342978780017295, 0.5068912608138325, 0.2462625376977879, 0.21925269937056618, 1,10, 1
0.8336991951041043, 0.5276962446165612, 0.2540249943321472, 0.22259530063857574, 1,10, 1
0.8360274063726468, 0.5013005000228982, 0.23874299232745078, 0.214139434911657, 0,10, 0
0.8376904144216059, 0.49525185561678703, 0.23793196278383655, 0.21375423106090097, 0,10, 0
0.8374243331337724, 0.5065929749807714, 0.24769274885739923, 0.21416265964112002, 0,10, 0
0.8378899753874809, 0.49324297363951564, 0.24845483028604126, 0.21754759728251205, 0,10, 0
0.8372247721678973, 0.498025654234929, 0.2501692372029903, 0.22109436707224528, 0,10, 0
0.8370917315239805, 0.508358299795251, 0.2470819985866194, 0.22458608846944034, 0,10, 0
0.8382225769972727, 0.5098224055873682, 0.24416973049825644, 0.22115505337522834, 0,10, 0
0.837357812811814, 0.5159279453897907, 0.23948642674599227, 0.21602106632004486, 0,10, 0
0.8380230160313976, 0.4964616665259684, 0.2321905540751403, 0.2115121659075584, 0,10, 0
0.8368256502361472, 0.49628093427242526, 0.24189170988334358, 0.2140520266553642, 1,10, 1
0.8420142353488991, 0.48189342304426436, 0.2392240374505045, 0.2139291539038991, 0,10, 0
0.8402181866560234, 0.49647636746075213, 0.23553252128941074, 0.2121706949816149, 7,10, 1
0.8380895363533559, 0.5030509830862505, 0.24922115997100772, 0.2237076857983032, 0,10, 0
0.8404842679438569, 0.4839189565280004, 0.23323861162325119, 0.2154634591985862, 0,10, 0
0.839752544402315, 0.4729216479065602, 0.24313246679672917, 0.21573598772732297, 0,10, 0
0.8394199427925231, 0.5012063330696803, 0.24063859577043323, 0.21536951567981233, 0,10, 0
0.8381560566753143, 0.500171453220147, 0.23855069660471828, 0.2175095322097216, 0,10, 0
0.8391538615046897, 0.48177209173323815, 0.2374381433393964, 0.21223948655779443, 0,10, 0
0.8311714228696867, 0.5504531976709308, 0.24756346812139932, 0.22715575009095118, 6,10, 1
0.8355617641189383, 0.5139262411537692, 0.2414272533695496, 0.21881008392233778, 0,10, 0
0.8384221379631478, 0.49496362664944105, 0.23649763655636216, 0.21677907786371609, 0,10, 0
0.8396860240803565, 0.4848083616824299, 0.22727232258464666, 0.21254123684850768, 0,10, 0
0.8422137963147741, 0.4710698560964506, 0.22183059750808753, 0.21074478091399712, 5,10, 0
0.8407503492316902, 0.4805857389508276, 0.23008172753659958, 0.20903070544125202, 0,10, 0
0.8390873411827313, 0.4838592936683104, 0.22909172511096457, 0.21045250733922746, 0,10, 0
0.8394199427925231, 0.4851610804628207, 0.22884573774437733, 0.2121343974305775, 0,10, 0
0.8369586908800638, 0.5175941403910357, 0.2330782885261626, 0.2140317407581223, 0,10, 0
0.8341648373578128, 0.4956361948931601, 0.2539584206302877, 0.22392762845093495, 5,10, 1
0.8301736180403113, 0.5333312864124468, 0.26320076248749297, 0.2334000616236735, 3,10, 1
0.831969666733187, 0.5042985979765021, 0.24291747289777518, 0.2259659009775378, 0,10, 0
0.8324353089868956, 0.5022683686522531, 0.24706170374113134, 0.2280395384533988, 4,10, 1
0.8375573737776891, 0.4937439957931127, 0.2494885511208122, 0.22535269678988842, 7,10, 1
0.8388212598948979, 0.47183571436742167, 0.23073106016574005, 0.2148043630189967, 0,10, 0
0.8374908534557307, 0.4811677163946006, 0.2486957131101574, 0.22243273865423557, 2,10, 1
0.839220381826648, 0.47515895600286306, 0.24699687972012904, 0.2166458678023723, 0,10, 0
0.842745958890441, 0.4647198607141403, 0.22799401617301726, 0.20321221777850662, 1,10, 1
0.8414820727732322, 0.46083151164591224, 0.22535401473127098, 0.2037863048475735, 0,10, 0
0.8428124792123994, 0.45965769382695465, 0.2254210831434804, 0.20479622093557753, 0,10, 0
0.8444089669394, 0.45114976478060737, 0.21596184561512247, 0.19903721307931949, 0,10, 0
0.8484001862569015, 0.44700158641596777, 0.21613127230116738, 0.19876796892372764, 0,10, 0
0.10077828776691279, 2.303736140292966, 0.8944213325400786, 0.36684194226088074, 0,10, 0
0.32022882990753676, 1.9869687447768838, 0.7764464579401684, 0.4939671206900453, 1,10, 1
0.4180137031863234, 1.717271753348252, 0.713709955098087, 0.4570472527793897, 1,10, 1
0.5759994678374243, 1.3427589076095934, 0.6236188047697677, 0.4106515407771405, 3,10, 3
0.6161777423002728, 1.2708595915247465, 0.5624882898758007, 0.32883557625532284, 0,10, 0
0.6660679837690414, 1.076563661392057, 0.5487006543477422, 0.3730046121959629, 0,10, 0
0.7204816071309785, 1.0262468539920926, 0.4545507215776297, 0.2702337277346791, 1,10, 1
0.7325883057273997, 0.9867462500068578, 0.43154132436610737, 0.2656296326669889, 0,10, 0
0.723541541941063, 0.9469222286761948, 0.43883093968456083, 0.25879118214438235, 3,10, 3
0.7532096055344908, 0.8589402329976958, 0.42899723633576414, 0.2579186214484475, 0,10, 0
0.7349165169959423, 0.8441808865135075, 0.4730087952875665, 0.3113423885513292, 3,10, 3
0.7668462715359542, 0.785529740514916, 0.38176552795591656, 0.24361251820534643, 0,10, 0
0.7639193773697864, 0.766854698545374, 0.4062646042482087, 0.2620534263938588, 2,10, 2
0.7514800771635735, 0.8010198363103406, 0.4527666396205961, 0.3126945760146449, 0,10, 0
0.7629880928623695, 0.7489151727263017, 0.41062118506139295, 0.26857438964672675, 0,10, 0
0.7770904011175415, 0.7114289558301262, 0.37299014358762617, 0.24543070545734164, 0,10, 0
0.7704383689217056, 0.683277462330081, 0.39070152698749333, 0.25057976584543223, 0,10, 0
0.7826781081620435, 0.7109385168188914, 0.3449145272814058, 0.24550195831057786, 1,10, 1
0.7823455065522518, 0.6901906300684757, 0.35883521560940806, 0.2566863856851328, 2,10, 2
0.7862036852258365, 0.6555738310172576, 0.35149494356703914, 0.24797777859656328, 0,10, 0
0.7950508880462982, 0.6252154112533858, 0.322250636060974, 0.23906593999713854, 2,10, 2
0.7988425463979245, 0.6130828359190628, 0.31705760271639705, 0.22910385628848368, 0,10, 0
0.7999733918712166, 0.6114505208303775, 0.3115893698814264, 0.23062845722250078, 2,10, 2
0.8120800904676378, 0.5733894263987076, 0.2836264931673435, 0.21980200964485713, 2,10, 2
0.8184660413756403, 0.5663818724921229, 0.283446081567192, 0.21388025049979814, 0,10, 0
0.8181999600878068, 0.5627413325372933, 0.28298717391507444, 0.21856087983015177, 0,10, 0
0.8180669194438901, 0.5535933153255912, 0.2773629643508498, 0.21614806348288684, 2,10, 2
0.8203286103904743, 0.5499508025187689, 0.275312296822136, 0.21914491105753123, 0,10, 0
0.8257832767910597, 0.5391685074830377, 0.2726540654846975, 0.2170428670432517, 2,10, 2
0.824718951639726, 0.5419549500151708, 0.2903655672428518, 0.23037755829171094, 0,10, 0
0.8289097319231025, 0.5311390870762704, 0.2589559689348264, 0.21353241594099687, 0,10, 0
0.8291758132109359, 0.5188966122011663, 0.2575594774929632, 0.20919894956028215, 0,10, 0
0.8285106099913524, 0.5211571569862354, 0.2689683321549056, 0.2158458785922313, 3,10, 3
0.8344974389676046, 0.5097201569902126, 0.2582802965202654, 0.2069822744931672, 0,10, 0
0.834031796713896, 0.5045186301033762, 0.26237169974309715, 0.21105841852696425, 3,10, 3
0.8343643983236879, 0.5020766569561105, 0.24982664479799074, 0.20358197925667984, 0,10, 0
0.833832235748021, 0.49713089200701577, 0.26002315932487485, 0.2065857090842008, 0,10, 0
0.8362934876604803, 0.5069939909235104, 0.25675037819990437, 0.20354706685235022, 0,10, 0
0.8348300405773964, 0.4994235889803, 0.257538154063004, 0.20385151077221011, 0,10, 0
0.8364930486263553, 0.4985216646443985, 0.2554089240322741, 0.20623417047544543, 0,10, 0
0.8386882192509811, 0.48529860895953586, 0.25195534892476723, 0.205267593323794, 0,10, 0
0.8403512272999402, 0.48520466391751765, 0.24631472238218305, 0.20301785899697694, 2,10, 2
0.842546397924566, 0.47396689393098146, 0.2309257121806182, 0.19697345953750503, 0,10, 0
0.8432781214661079, 0.4714573792241723, 0.23264616354829484, 0.19544651580342184, 0,10, 0
0.8416816337391073, 0.4684937958529524, 0.23663176722406548, 0.2024203439326463, 0,10, 0
0.8426129182465243, 0.48605847812955977, 0.23417592040812119, 0.20348859415494477, 0,10, 0
0.8416816337391073, 0.47971093477559484, 0.2316722851893844, 0.20212705691561478, 1,10, 1
0.846071974988359, 0.46562709460851154, 0.235436778304495, 0.19993366719911498, 0,10, 0
0.8474689017494844, 0.47154627704987523, 0.23251190588036785, 0.1975130595851231, 1,10, 1
0.8507949178474024, 0.46532941910237646, 0.2308590018997047, 0.1963564665201433, 0,10, 0
0.8494645114082352, 0.45484543329151955, 0.2377021307101591, 0.19741047629150926, 0,10, 0
0.8464045765981507, 0.481921483813931, 0.2472973686680517, 0.20731777353669456, 1,10, 1
0.8460054546664005, 0.4710622999829142, 0.24043720078136155, 0.20453423578965182, 1,10, 1
0.8489988691545267, 0.45951547987329733, 0.24030872585752064, 0.2001575261014699, 1,10, 1
0.8484001862569015, 0.4622781238095163, 0.2439161286751977, 0.20400475341136365, 0,10, 0
0.8533892104037784, 0.4455042334208029, 0.2287034670652598, 0.19504169696858742, 1,10, 1
0.85332269008182, 0.43752160539241824, 0.21929247100912863, 0.19235143018118464, 0,10, 0
0.852391405574403, 0.44949882789737483, 0.22428779604989746, 0.19376676571702262, 1,10, 1
0.851460121066986, 0.45701842342290716, 0.22752250979384658, 0.19091433630346558, 1,10, 1
0.8485332269008182, 0.46140997508219844, 0.246604199003417, 0.1948259058758917, 1,10, 1
0.8521918446085279, 0.4420901055472097, 0.24138896534776605, 0.19782491154227017, 0,10, 0
0.8553848200625291, 0.43467066943345006, 0.2207562262907579, 0.18953734741130976, 1,10, 1
0.8555178607064459, 0.4283218270975468, 0.2256579386581355, 0.1913226441270361, 0,10, 0
0.8545200558770705, 0.42691837849558684, 0.21751153571909446, 0.18629642461184315, 1,10, 1
0.8574469500432382, 0.4236237243280124, 0.22666944851149368, 0.18931770449696617, 1,10, 1
0.8574469500432382, 0.42124683763209403, 0.22471462549499718, 0.18321570323329514, 0,10, 0
0.8584447548726136, 0.4166066459954251, 0.21707537381657147, 0.18484879137223595, 0,10, 0
0.857979112618905, 0.41310402454301093, 0.22168037753713565, 0.18209336804617496, 0,10, 0
0.8609725271070312, 0.41201426196111346, 0.2088193012938907, 0.17838667501833785, 0,10, 0
0.8593760393800306, 0.41227678672243556, 0.2172353756049347, 0.1820472680261298, 0,10, 0
0.8593760393800306, 0.40769979579373994, 0.21271042274907628, 0.18153459671632993, 0,10, 0
0.8588438768043637, 0.40666206259532417, 0.21284568736207035, 0.1835392961667826, 0,10, 0
0.8604403645313643, 0.4072985545251128, 0.21285035335646593, 0.18041587650352384, 1,10, 1
0.861305128716823, 0.39743802992213667, 0.21384945163007493, 0.17712798190054277, 0,10, 0
0.8628350961218653, 0.39298654829817764, 0.20161203037293035, 0.17438871788455, 1,10, 1
0.8616377303266147, 0.39406556741073834, 0.21224222243628116, 0.17626237025497193, 0,10, 0
0.8617707709705315, 0.3942046401036412, 0.21546000297993392, 0.180116740081707, 0,10, 0
0.8636333399853655, 0.39515401783927484, 0.20790139308107186, 0.17540396929868085, 0,10, 0
0.8645646244927826, 0.39113109718966066, 0.21054256591271783, 0.17275792294337666, 0,10, 0
0.8639659415951573, 0.39022567943533015, 0.20842592343050842, 0.17455568488989304, 0,10, 0
0.8623029335461984, 0.39378966902527884, 0.220928761342817, 0.18074854427609016, 0,10, 0
0.8652963480343245, 0.38198552755260645, 0.1985367125810847, 0.16946384335140574, 0,10, 0
0.8651633073904078, 0.38334415056938037, 0.2095022785476567, 0.1725347161011307, 0,10, 0
0.8654293886782412, 0.37883060631648047, 0.1992317551679491, 0.16949880883446083, 0,10, 0
0.8665602341515333, 0.3792332017433117, 0.1945375302868216, 0.16618885908335776, 1,10, 1
0.8662941528636998, 0.3803174796333657, 0.19931909054230298, 0.16690029345877055, 1,10, 1
0.866892835761325, 0.37738058362702476, 0.19713017718305714, 0.17042075553043287, 0,10, 0
0.8685558438102841, 0.37710870337270586, 0.1942205476694786, 0.1713816412719058, 0,10, 0
0.867624559302867, 0.3770654317101219, 0.20573622615792164, 0.17053136281974418, 0,10, 0
0.8692210470298676, 0.37496333735395604, 0.19683200470290338, 0.16793188951776794, 0,10, 0
0.8678241202687421, 0.37657325204292885, 0.19750052369636406, 0.1668296666843398, 1,10, 1
0.8682232422004923, 0.37633657899065975, 0.19648228031109702, 0.1654445889765695, 0,10, 0
0.8698862502494512, 0.3714803457573785, 0.20042337612611874, 0.16313760494343618, 2,10, 2
0.8696201689616178, 0.37359516823347705, 0.19105172966455894, 0.15976201086663408, 0,10, 0
0.8696866892835762, 0.3709017058064633, 0.19386959832127965, 0.1636194155186464, 1,10, 1
0.8714162176544934, 0.36777068089413684, 0.18871592809219884, 0.16156136133787938, 0,10, 0
0.8716157786203685, 0.3655222525598036, 0.19521782019205003, 0.1619917964636407, 0,10, 0
0.8707510144349099, 0.36403208755508093, 0.18840935027839945, 0.16038756765921472, 0,10, 0
0.8723475021619105, 0.3630525643376178, 0.1857949196279605, 0.1616954515119659, 1,10, 1
0.8725470631277855, 0.36384939249673265, 0.1935122488329224, 0.15978163569032156, 1,10, 1
0.8730792257034524, 0.3663822217926685, 0.1950798752405891, 0.1566115120873337, 0,10, 0
0.10077828776691279, 2.303736140292966, 0.8944213325400786, 0.36684194226088074, 0,10, 0
0.27226767777556043, 2.0344884807990713, 0.7839757458916102, 0.5183027999463392, 3,10, 3
0.3998536552916916, 1.8490348007211046, 0.6953634747745265, 0.35288097537693736, 1,10, 1
0.455996807024546, 1.6222584755914178, 0.648209937983201, 0.379923673725702, 2,10, 2
0.5361537949843678, 1.575609017969633, 0.5868627911099021, 0.2996254402069037, 0,10, 0
0.6354021153462382, 1.2406991999135435, 0.5450303729371947, 0.30912943466434195, 3,10, 3
0.6426528304396993, 1.1571836701026752, 0.5408732193077492, 0.30898105059084396, 0,10, 0
0.6889509745227167, 1.0311897050899455, 0.4687447403963156, 0.2916864691093307, 3,10, 3
0.7257367125656888, 0.9185701485290585, 0.44267592245927717, 0.27142223384218744, 0,10, 0
0.7621898489988691, 0.8595854463140294, 0.3904735850524624, 0.23759403065494983, 0,10, 0
0.738774695669527, 0.8118772714885805, 0.4548148442351669, 0.2911992630066726, 0,10, 0
0.7521452803831571, 0.7942088316361519, 0.4272348946595255, 0.26955506172941845, 2,10, 2
0.7786203685225837, 0.7530374992717815, 0.36147552330919164, 0.24636690028976904, 3,10, 3
0.7782212465908335, 0.7486793181277167, 0.37855189017771756, 0.25642397629145447, 0,10, 0
0.7685757999068715, 0.7425415458288129, 0.38208395809773976, 0.25912270793132103, 2,10, 2
0.7701057673119138, 0.7225198008976607, 0.38229004528202126, 0.26555692036962, 0,10, 0
0.7794851327080423, 0.699772762770282, 0.39266851866790525, 0.27307829727914507, 2,10, 2
0.7849397991086277, 0.6632560348346418, 0.3735390651634589, 0.24491735965945063, 0,10, 0
0.7886649371382958, 0.6326138662064659, 0.3607597957941428, 0.2432426235043392, 0,10, 0
0.7889310184261292, 0.6620983629680002, 0.3628598286939548, 0.24971112267045703, 0,10, 0
0.7930552783875474, 0.6317399906734998, 0.3206700261714089, 0.22640033723517716, 4,10, 4
0.7958491319097984, 0.6142941855387468, 0.3310892273921193, 0.23740793673057406, 0,10, 0
0.8032328876471763, 0.6099398805350338, 0.3153338108732358, 0.23127488264190613, 0,10, 0
0.8067584647109692, 0.6125986861599566, 0.3146166712531661, 0.23749617199305034, 1,10, 1
0.8116144482139294, 0.6112053754370014, 0.3173395868182444, 0.2390198247283313, 2,10, 2
0.8091531963014701, 0.5977027433004113, 0.3017407701241794, 0.23660308269041455, 0,10, 0
0.8086875540477616, 0.6038360314050221, 0.2964628488483172, 0.24041780382123507, 1,10, 1
0.8155391472094725, 0.5665946631368233, 0.2831889359817661, 0.2276682853729483, 0,10, 0
0.8136100578726801, 0.5779373374075397, 0.2857303688022535, 0.23155212889187068, 2,10, 2
0.8144748220581388, 0.558806730198138, 0.28637048044404245, 0.22465155698138556, 0,10, 0
0.8188651633073905, 0.5489506761961167, 0.2734877075747446, 0.22451279534660643, 0,10, 0
0.8270471629082685, 0.5413872343948224, 0.2670894161879117, 0.22156108470697478, 0,10, 0
0.8242533093860174, 0.529711211659832, 0.2673412578153799, 0.21808108650760208, 1,10, 1
0.8307723009379365, 0.527341509222353, 0.2583439677221922, 0.22035227275786717, 0,10, 0
0.8342978780017295, 0.5177843029575134, 0.24945533458560848, 0.20955780683818795, 0,10, 0
0.8351626421871882, 0.5112461915729786, 0.2500869376777291, 0.21109142661094119, 3,10, 3
0.8362934876604803, 0.5154565917632862, 0.24087009184884117, 0.21058804498456088, 0,10, 0
0.8385551786070644, 0.51318670470192, 0.24786371561863707, 0.20928331675988635, 0,10, 0
0.8366926095922305, 0.5254616194589875, 0.2420734808297075, 0.2150012443759085, 1,10, 1
0.8331005122064791, 0.522467113602604, 0.25147551542710944, 0.21526515178928998, 0,10, 0
0.8351626421871882, 0.5141863847526157, 0.2538541407338419, 0.21669805279518065, 0,10, 0
0.8372912924898557, 0.5111337942457587, 0.2551492449799537, 0.22708289147104213, 1,10, 1
0.8400851460121067, 0.5103976643720327, 0.2538396259969211, 0.21804454058045908, 0,10, 0
0.83995210536819, 0.5061182829846158, 0.24696438300363938, 0.21668257890150666, 0,10, 0
0.8395529834364398, 0.4908946323679647, 0.24580500960568333, 0.21311029780012156, 0,10, 0
0.8430120401782745, 0.49030777288926963, 0.23853020706551903, 0.2099709906845568, 0,10, 0
0.8444089669394, 0.4881140518300108, 0.23750996864779672, 0.21276272942543537, 1,10, 1
0.8415485930951906, 0.4985173309821844, 0.2533260320330308, 0.21245141277998844, 0,10, 0
0.840151666334065, 0.4965311750928994, 0.25144530506442464, 0.21614340227576914, 0,10, 0
0.8468036985299009, 0.4812135695071694, 0.23430443902309825, 0.2075087401599911, 1,10, 1
0.8463380562761924, 0.47825230317857814, 0.23528353540515787, 0.20839667177969826, 0,10, 0
0.845340251446817, 0.4744390777763864, 0.24599307238657292, 0.21038100152595368, 1,10, 1
0.8448746091931085, 0.48247991094347764, 0.23229680405374414, 0.20629376558721757, 0,10, 0
0.8442094059735249, 0.48996889004799926, 0.24797576718705563, 0.2158107213361876, 0,10, 0
0.8440763653296082, 0.48821871420846513, 0.2464479269028822, 0.2119768615638933, 1,10, 1
0.8482671456129848, 0.4697997645282463, 0.23463703988026807, 0.20564583031771755, 1,10, 1
0.8465376172420674, 0.4678215806057936, 0.23942587796903003, 0.20937139352043513, 1,10, 1
0.8487993081886517, 0.4592866976022342, 0.24253218243509575, 0.2184986741883491, 4,10, 4
0.8515266413889443, 0.4525995297477073, 0.23437015119791474, 0.20879793869740046, 0,10, 0
0.8507949178474024, 0.45518139560889515, 0.23171639796938379, 0.19834467257597826, 0,10, 0
0.8511940397791525, 0.44418541066490896, 0.2164316428045262, 0.19803094758905804, 1,10, 1
0.85332269008182, 0.4374525140053788, 0.22139692554168977, 0.19390083122478555, 0,10, 0
0.8527240071841947, 0.4384543144093171, 0.2294884086530398, 0.19714823930710035, 0,10, 0
0.8550522184527373, 0.43009231563388517, 0.22266263317947757, 0.18919011043820622, 0,10, 0
0.8560500232821127, 0.4288364600314108, 0.21984978737377361, 0.18855504780543694, 0,10, 0
0.857047828111488, 0.42128343769484344, 0.21956314586117057, 0.18904607010748692, 0,10, 0
0.857979112618905, 0.4210873461829067, 0.21670701629923683, 0.18953768814409905, 0,10, 0
0.8583117142286969, 0.41508468114945013, 0.22046475338443478, 0.1908026905869202, 0,10, 0
0.860373844209406, 0.41351466346169663, 0.21324049298816547, 0.18202615188925084, 0,10, 0
0.859642120667864, 0.40784147144939076, 0.21406225542201318, 0.1820820178975899, 0,10, 0
0.8599082019556975, 0.4055854254297647, 0.20704900277086316, 0.18210911891341475, 0,10, 0
0.8594425597019889, 0.4032859342372005, 0.20471547022920117, 0.1802765980323157, 0,10, 0
0.8611720880729062, 0.40292549174566383, 0.212780431385378, 0.18043494126748236, 1,10, 1
0.8625024945120734, 0.40075178400946276, 0.21338407920779726, 0.17906299071710738, 0,10, 0
0.8609060067850728, 0.39444406934241055, 0.20252239110252332, 0.17908415499021177, 0,10, 0
0.8623694538681568, 0.39333520285541645, 0.20558564938360863, 0.17795241614997476, 0,10, 0
0.8621033725803233, 0.39052390306572643, 0.20717395524444007, 0.17677511242978272, 0,10, 0
0.86223641322424, 0.39347266778319767, 0.21079661549891152, 0.17657460169953573, 1,10, 1
0.8627685757999068, 0.3922065021983447, 0.20702887781131665, 0.176480316282813, 0,10, 0
0.8646311448147409, 0.3878929605123769, 0.2081113141407559, 0.17711150738927298, 0,10, 0
0.8640324619171157, 0.3908702944701175, 0.20657744258679153, 0.17496611814896618, 0,10, 0
0.864098982239074, 0.38501745122346553, 0.19987052417065665, 0.1752893681370172, 0,10, 0
0.8633672586975321, 0.3901376938152849, 0.2037563380619877, 0.17370668577226858, 1,10, 1
0.8646976651366992, 0.3879916790406497, 0.21718777491271443, 0.18276184646249852, 0,10, 0
0.8666267544734917, 0.3835913586610321, 0.20368737696155514, 0.17416092137428285, 0,10, 0
0.867624559302867, 0.3786623409993669, 0.19542639359658295, 0.1686818789056523, 0,10, 0
0.8675580389809087, 0.3745553065938964, 0.19782379332674027, 0.17597491391056808, 0,10, 0
0.8681567218785339, 0.37780841870747756, 0.18941298918368654, 0.16903541599671038, 1,10, 1
0.8666267544734917, 0.37944502576857353, 0.1914126029038317, 0.17010054877127334, 0,10, 0
0.8666267544734917, 0.3802954752942599, 0.19906356317148877, 0.17054447952577168, 0,10, 0
0.8696201689616178, 0.3753786874337247, 0.20314728266935003, 0.17121652533348292, 1,10, 1
0.8685558438102841, 0.37476601833486034, 0.20440803671000893, 0.17182067797231565, 1,10, 1
0.8685558438102841, 0.3803377132172361, 0.19933363267676701, 0.17096296046770004, 1,10, 1
0.8697532096055345, 0.379415442941523, 0.198511839706125, 0.1699914282672989, 1,10, 1
0.8707510144349099, 0.3748842809459167, 0.19949614988473205, 0.1716247681920685, 1,10, 1
0.871881859908202, 0.36941461086833566, 0.19452616293210612, 0.16820695545733197, 1,10, 1
0.8719483802301603, 0.36876905436322654, 0.19577182417545547, 0.16635090249487483, 0,10, 0
0.8714162176544934, 0.3657374465452741, 0.19123589490295959, 0.16625928712288643, 0,10, 0
0.8722809818399521, 0.36432217597198946, 0.18989598461670915, 0.16725087449671372, 0,10, 0
0.8723475021619105, 0.36701292425018983, 0.18483310356674248, 0.16268915156159405, 0,10, 0
0.8727466240936607, 0.3629790400115765, 0.18562627168959572, 0.16514054645928122, 0,10, 0
0.10077828776691279, 2.303736140292966, 0.8944213325400786, 0.36684194226088074, 0,10, 0
0.26149138561830637, 2.059302532830686, 0.8293425204975641, 0.5370111451547512, 3,10, 3
0.3909399321492716, 1.8013864508900326, 0.7116199393144441, 0.457696424489833, 3,10, 3
0.4873943989888911, 1.64164990463579, 0.630314641700519, 0.41083540743692665, 0,10, 0
0.5291691611787401, 1.4544728430372469, 0.6108695960698807, 0.3887619311724244, 0,10, 0
0.6375972859708641, 1.3466923013344374, 0.5076443778584566, 0.35328250994282123, 2,10, 2
0.6394598549856981, 1.2058694409705533, 0.5269331926876355, 0.35473636436633305, 2,10, 2
0.6781081620435043, 1.0859048791348642, 0.4735847764372988, 0.29415527969650823, 0,10, 0
0.6904809419277589, 1.0035298234067227, 0.47102455983790636, 0.3409872444062577, 2,10, 2
0.690680502893634, 0.9319620627903874, 0.45311026288934564, 0.3225796114650985, 0,10, 0
0.6812346171755471, 0.9077955605198279, 0.4670657151598483, 0.32907420129770787, 2,10, 2
0.7349165169959423, 0.8671086083600832, 0.41429556411147317, 0.2835956587661107, 2,10, 2
0.7430319962748619, 0.8109839416440561, 0.37072108572980916, 0.2731500671718644, 0,10, 0
0.7602607596620767, 0.8149621537747478, 0.37730608811131405, 0.2954598019218713, 2,10, 2
0.7464245326947383, 0.7858507027993671, 0.3689872576916452, 0.26898943318577206, 2,10, 2
0.7518126787733652, 0.7406893890451776, 0.36817414301259405, 0.27802083354360696, 0,10, 0
0.7748952304929155, 0.7207681604513625, 0.3375552466736629, 0.26158742528793083, 0,10, 0
0.7837424333133772, 0.694772738608995, 0.3574849655279334, 0.2819778122453647, 2,10, 2
0.8058937005255106, 0.6513351890811055, 0.30964778659352205, 0.24490357422583048, 2,10, 2
0.800971196700592, 0.6626839436892563, 0.3019583541029478, 0.23687572419448447, 2,10, 2
0.8093527572673451, 0.6304308299028775, 0.30222222977122476, 0.23813382070929395, 0,10, 0
0.8114814075700126, 0.611174804615884, 0.30112433099360314, 0.24068295766859094, 0,10, 0
0.8096188385551786, 0.6025876257843638, 0.3015904580365044, 0.23986257173020586, 0,10, 0
0.8088871150136366, 0.6142414387845834, 0.2946260780007686, 0.2291435265814964, 0,10, 0
0.8118805295017628, 0.6364879593896634, 0.28950571253995866, 0.2305956707249785, 0,10, 0
0.8161378301070977, 0.608219833937669, 0.2827121919614484, 0.22516768998394351, 0,10, 0
0.8122131311115546, 0.5927091772072811, 0.29355483283202566, 0.23304528491004348, 2,10, 2
0.8235215858444754, 0.5636376791583345, 0.2855867063704405, 0.22812001719626962, 2,10, 2
0.8155391472094725, 0.6298202048892255, 0.27933397500824936, 0.23569249207395904, 2,10, 2
0.8207277323222244, 0.5780177898251828, 0.27996794008559234, 0.2312753122740091, 0,10, 0
0.8200625291026409, 0.5672339552100267, 0.28724150400191156, 0.23266841922262185, 0,10, 0
0.824718951639726, 0.545656146733969, 0.28600772472953756, 0.23221897108831077, 0,10, 0
0.8262489190447682, 0.5413877688596742, 0.2742255680074763, 0.22296738905960706, 0,10, 0
0.8213264152198496, 0.5825474943245421, 0.2878504560907265, 0.24118537195245884, 2,10, 2
0.8190647242732655, 0.6094549606028362, 0.2851032931022155, 0.24245610782343718, 0,10, 0
0.8166699926827646, 0.6279530167243066, 0.28893082216558286, 0.24172362462076077, 1,10, 1
0.8175347568682232, 0.5851120074516271, 0.2879763207181549, 0.24200495873781186, 0,10, 0
0.8124126920774296, 0.6120909004934465, 0.2990569841987514, 0.24516538245519076, 1,10, 1
0.8189316836293488, 0.5804000787625079, 0.2873586213134958, 0.23968494269305882, 1,10, 1
0.8235881061664339, 0.5637093028823587, 0.2700039895794364, 0.23442665859737788, 0,10, 0
0.8236546264883922, 0.554091661856579, 0.2677566510038155, 0.2292089944880188, 0,10, 0
0.8241202687421008, 0.5415090164880683, 0.27240307816681536, 0.2320854756122252, 0,10, 0
0.8240537484201423, 0.5404485479484722, 0.27989461834833596, 0.22992155633392272, 1,10, 1
0.8257167564691014, 0.5383269804365056, 0.26609469736577246, 0.22290824982970414, 1,10, 1
0.8283775693474357, 0.5291032031223711, 0.2656949735650132, 0.21792491765726887, 0,10, 0
0.8254506751812679, 0.530041233474337, 0.26504533906115535, 0.22383032903388297, 0,10, 0
0.828244528703519, 0.5164675858436354, 0.2579355636167071, 0.2247119018140464, 1,10, 1
0.8286436506352691, 0.5125122097310945, 0.2627260955615317, 0.2221167171352883, 0,10, 0
0.8311049025477283, 0.5020302669615759, 0.256857580424122, 0.21997365536098706, 0,10, 0
0.8326348699527706, 0.4977960902090331, 0.25059726683681055, 0.21716949824971488, 0,10, 0
0.8355617641189383, 0.4896116595945476, 0.24954681417221194, 0.21179449109387, 0,10, 0
0.8314375041575202, 0.49770734195908195, 0.26429215706345616, 0.218244693913066, 0,10, 0
0.8325683496308122, 0.4954813851014642, 0.2564497071427005, 0.2135519205564412, 2,10, 2
0.8351626421871882, 0.4886582362432764, 0.2517038297225783, 0.21162211660614474, 0,10, 0
0.8346969999334797, 0.4964822569762477, 0.2571584568389859, 0.20899474218773106, 3,10, 3
0.8334996341382293, 0.5148690919738665, 0.26089683951593085, 0.2176602454370627, 0,10, 0
0.837357812811814, 0.49988429315616445, 0.25730035074870045, 0.2109046688234676, 0,10, 0
0.8356948047628551, 0.49188312449751115, 0.25613230766257533, 0.21143980474466648, 0,10, 0
0.8362934876604803, 0.5166795360699156, 0.2517113373096977, 0.21533692347286762, 0,10, 0
0.8349630812213131, 0.495447553688294, 0.25218664664905827, 0.21448800888516548, 0,10, 0
0.8374243331337724, 0.49126222467559594, 0.2484954349931035, 0.21482687559782448, 0,10, 0
0.8372247721678973, 0.4861571983652105, 0.24827557326769634, 0.21180838323362913, 0,10, 0
0.8386216989290228, 0.4860731876135201, 0.25616695020452845, 0.21651369611458698, 0,10, 0
0.8384221379631478, 0.48538450548664785, 0.2537661108225164, 0.21140504686968511, 0,10, 0
0.8389543005388146, 0.48310175970478053, 0.24622419995776754, 0.2102594836451642, 0,10, 0
0.8351626421871882, 0.5022560914673256, 0.24962266850217268, 0.22042835635782107, 0,10, 0
0.8400186256901483, 0.4860211820548019, 0.24305265693699385, 0.21591438310431205, 2,10, 2
0.839220381826648, 0.47520225206569605, 0.24783075196484494, 0.2119709727352738, 0,10, 0
0.8403512272999402, 0.47273123049692806, 0.2406169374389124, 0.20638697370490242, 0,10, 0
0.8386216989290228, 0.49085180751551355, 0.24875687958510886, 0.2131153422145234, 0,10, 0
0.8385551786070644, 0.4778293438893263, 0.24871004657709508, 0.21807924392906292, 0,10, 0
0.8396195037583982, 0.4748218562785631, 0.24766455566543802, 0.21561094968982128, 2,10, 2
0.8431450808221912, 0.46683536274478393, 0.24014992593179119, 0.21130995881600065, 0,10, 0
0.8398190647242733, 0.466085585328685, 0.24365189925219521, 0.21252187741218972, 0,10, 0
0.8414155524512739, 0.46615625375071273, 0.249289379851388, 0.21340863302994031, 0,10, 0
0.8404177476218985, 0.4701574818198232, 0.24114369752779907, 0.21206502589516732, 0,10, 0
0.8439433246856914, 0.4630397941231805, 0.24402760800896264, 0.20866118543021417, 0,10, 0
0.8448746091931085, 0.4608793056642716, 0.2357893802400166, 0.20451451189160122, 0,10, 0
0.8450741701589836, 0.45294570017340996, 0.23423898531877818, 0.20377166009009945, 0,10, 0
0.8436772433978581, 0.45419289344672514, 0.23599241000634374, 0.20465297236412316, 0,10, 0
0.8468036985299009, 0.4514326087536028, 0.22849439123927204, 0.1991516152316332, 1,10, 1
0.8476684627153596, 0.44460670167787897, 0.23330526532040985, 0.2049885749226496, 0,10, 0
0.8473358611055678, 0.4405733722661978, 0.2321224635660518, 0.19913787136736633, 0,10, 0
0.8468702188518592, 0.44218267831912467, 0.22880482613672234, 0.1943465073200182, 0,10, 0
0.8485997472227765, 0.4353713919357896, 0.22492092084208207, 0.19605001515984896, 0,10, 0
0.8489988691545267, 0.44199467035461304, 0.22814479284023423, 0.19958289359855602, 1,10, 1
0.8502627552717356, 0.44103305742137944, 0.226594748622053, 0.19925846816706355, 0,10, 0
0.8465376172420674, 0.4600767508066938, 0.23409407978712451, 0.20802287727321114, 1,10, 1
0.8497305926960687, 0.44675363298670406, 0.22433439701897068, 0.20113914022717633, 0,10, 0
0.8485997472227765, 0.44224717852129997, 0.22917084062044013, 0.20038453214094873, 0,10, 0
0.8498636333399854, 0.44104217467996354, 0.22778707989864383, 0.19943316790888374, 0,10, 0
0.8484001862569015, 0.45800620197006553, 0.22977565542307965, 0.206835127365065, 1,10, 1
0.8476684627153596, 0.45690794640708987, 0.22912948700252245, 0.2060395898315597, 0,10, 0
0.8482671456129848, 0.4468351111853145, 0.23343443980621628, 0.20373263304346387, 0,10, 0
0.8498636333399854, 0.4493825962282762, 0.2277710876582462, 0.20128540769251682, 0,10, 0
0.8495310317301936, 0.4404501140868842, 0.22118970512580724, 0.2035054229560491, 0,10, 0
0.8448080888711501, 0.4658281108678222, 0.22781940876085158, 0.20783057920108894, 1,10, 1
0.8470032594957759, 0.4479992673345901, 0.23022150290716245, 0.20773671230391583, 0,10, 0
0.8498636333399854, 0.4402875857033353, 0.22303460591019342, 0.1971722383958414, 0,10, 0
0.8471363001396927, 0.4701051766468098, 0.2300077089060535, 0.2058944760319595, 0,10, 0
0.840883389875607, 0.4845704546868069, 0.23820295909041744, 0.21803424932384396, 1,10, 1
0.10077828776691279, 2.303736140292966, 0.8944213325400786, 0.36684194226088074, 0,10, 0
0.21705581055012307, 2.105168326463019, 0.79904256416965, 0.5117916631444209, 1,10, 1
0.4331803365928291, 1.7217291743237284, 0.6774027323406274, 0.43390880229938394, 3,10, 3
0.5455996807024546, 1.4824267811480971, 0.5604379932090492, 0.3014223161184283, 0,10, 0
0.5706113217587974, 1.3157710020281639, 0.5933356935003177, 0.3970248373067826, 0,10, 0
0.6124526042706047, 1.286960805595607, 0.5339384795019564, 0.3460851762337841, 2,10, 2
0.6640058537883323, 1.2649015741504426, 0.4919914957466982, 0.33562119212223657, 1,10, 1
0.7014567950508881, 1.0534713783556717, 0.4489686392080327, 0.2881780932750286, 3,10, 3
0.7253375906339387, 0.92319022213875, 0.4135189942909613, 0.27267458968505226, 3,10, 3
0.7440298011042373, 0.8680949179746935, 0.3801800747323852, 0.26022197535789954, 0,10, 0
0.7615246457792856, 0.8161973568694421, 0.39438520048746484, 0.26327883116915657, 0,10, 0
0.7568017029202422, 0.8242934238933773, 0.41534557772296227, 0.2747731989490608, 0,10, 0
0.7816803033326681, 0.7466624074633567, 0.3822370857132276, 0.2594215950851783, 3,10, 3
0.785738042972128, 0.6945151931101794, 0.36232909609846314, 0.25083199496885, 3,10, 3
0.7935209206412559, 0.6726052684665776, 0.35176140002079626, 0.24272028796235506, 0,10, 0
0.7891305793920043, 0.6660518855992933, 0.3851014846577723, 0.2636713235773948, 0,10, 0
0.7969134570611321, 0.6578147426930817, 0.3433089131787089, 0.24281927043695564, 0,10, 0
0.8060932614913856, 0.6266552528657268, 0.31488465107425606, 0.23041050162673998, 3,10, 3
0.800771635734717, 0.6165574983595632, 0.3466848003410235, 0.2363800497581996, 3,10, 3
0.8040976518326348, 0.6132781692908764, 0.3335757256397924, 0.23526125434952813, 0,10, 0
0.8136100578726801, 0.598738771091764, 0.3127828367190444, 0.22935273990147345, 0,10, 0
0.8089536353355951, 0.6227684491604045, 0.3150082567773428, 0.23550565579405547, 0,10, 0
0.8079558305062197, 0.607682503950545, 0.3253933800788051, 0.23948953143457494, 3,10, 3
0.8085545134038449, 0.596324660747769, 0.33400336241061473, 0.24211247868526453, 0,10, 0
0.8125457327213463, 0.6079545576353065, 0.3137241820454303, 0.24371944866595752, 0,10, 0
0.8076897492183862, 0.5766448237657079, 0.32412437337907335, 0.24619590713550984, 0,10, 0
0.8200625291026409, 0.5932617853979537, 0.2787603678745476, 0.22205009180540333, 2,10, 2
0.8104170824186789, 0.5941283161478672, 0.31668494068463676, 0.24735244498705075, 0,10, 0
0.8171356349364731, 0.5779520076789068, 0.29416283932371345, 0.2379646464217235, 1,10, 1
0.8182664804097651, 0.5704821983211243, 0.30060389071664234, 0.23784398403884588, 0,10, 0
0.815805228497306, 0.5657973040931631, 0.3147799964724039, 0.2445323443395626, 0,10, 0
0.8148074236679306, 0.6007908143381193, 0.2945525959929, 0.2411374655697578, 1,10, 1
0.8104170824186789, 0.6202254424776737, 0.30319950558143943, 0.25210897521965214, 2,10, 2
0.8092862369453868, 0.5831041793420235, 0.3109300373207723, 0.24902807851810072, 0,10, 0
0.8220581387613916, 0.5488024823200298, 0.2624105439966417, 0.23244020117709052, 1,10, 1
0.8229894232688086, 0.5361725431696596, 0.2777584638673402, 0.2344335913687841, 1,10, 1
0.8309718619038116, 0.5215967743828644, 0.24320724318610928, 0.22036999973414456, 0,10, 0
0.832900951240604, 0.5184573544051096, 0.24549091777018173, 0.2185143671217488, 0,10, 0
0.8306392602940198, 0.5202010717348021, 0.2560991096161305, 0.21803893272353078, 0,10, 0
0.8323022683429788, 0.5111765000037055, 0.24217895708137044, 0.22032255322099661, 0,10, 0
0.8330339918845208, 0.5028082178163612, 0.24547076661841896, 0.22050085536862835, 0,10, 0
0.8305062196501031, 0.5044562690541126, 0.2662459509326841, 0.22142214192699394, 0,10, 0
0.8333665934943125, 0.49667540430278956, 0.2592991603296866, 0.2221491520884352, 1,10, 1
0.8348965608993547, 0.5074216697379083, 0.25576534055832295, 0.21650556745312055, 0,10, 0
0.8340983170358545, 0.5116664651534953, 0.25592277909154754, 0.21887971481289661, 1,10, 1
0.8355617641189383, 0.49658446025084096, 0.24435515246609488, 0.21521758198662508, 1,10, 1
0.8364930486263553, 0.4941202343149889, 0.23474884611601976, 0.20971088274010388, 0,10, 0
0.8379564957094392, 0.4900987466347303, 0.23841316369822302, 0.21301439242370915, 0,10, 0
0.839020820860773, 0.48590549687089635, 0.24089174809611025, 0.20871169576913765, 0,10, 0
0.8387547395729396, 0.48354201696017524, 0.22519031928204775, 0.208516449477956, 0,10, 0
0.8387547395729396, 0.4868938102297412, 0.2380045491483817, 0.20939015568194386, 0,10, 0
0.8380895363533559, 0.49249888321620916, 0.23862215314810334, 0.2093220898527454, 1,10, 1
0.8384221379631478, 0.5001429606272612, 0.2483680419180184, 0.22166344002238653, 1,10, 1
0.8356948047628551, 0.5074964941605729, 0.24141767437206643, 0.22073973275073178, 1,10, 1
0.836426528304397, 0.49217036407548126, 0.23623089907461542, 0.21969507243498335, 0,10, 0
0.8384221379631478, 0.485169523540334, 0.23249135959236683, 0.2116680792871489, 0,10, 0
0.839220381826648, 0.4821610514649743, 0.23955149908571208, 0.2161875206811242, 0,10, 0
0.8356282844408967, 0.4927453852151413, 0.2504075164687809, 0.2219609438997594, 0,10, 0
0.8380230160313976, 0.4863865821084126, 0.2534737961022886, 0.21989813141044043, 0,10, 0
0.8410829508414821, 0.48151496842630476, 0.23164218066680772, 0.20757921457760184, 0,10, 0
0.8402847069779817, 0.46658139341059124, 0.22507307569082685, 0.2076292510768662, 4,10, 4
0.8416816337391073, 0.46625439274497427, 0.21850275458062665, 0.20581743302435954, 0,10, 0
0.8412159914853988, 0.46490101432482145, 0.22729315864335842, 0.20652302191220573, 0,10, 0
0.8449411295150668, 0.46190184007505675, 0.21753626405419482, 0.20136576409666104, 0,10, 0
0.8446750482272334, 0.45482824794188903, 0.22817521628148438, 0.20617491201119953, 0,10, 0
0.8447415685491918, 0.4528469409081162, 0.22771415500534734, 0.20654097763920817, 0,10, 0
0.8466706578859842, 0.45406911164275143, 0.2199030013510323, 0.20196309709600896, 0,10, 0
0.8456728530566088, 0.45624456049286416, 0.2251555698648234, 0.20243428800420302, 1,10, 1
0.8457393733785672, 0.44952154469952393, 0.22880676712027131, 0.2043889821178054, 0,10, 0
0.8464710969201091, 0.4521573850932279, 0.2314188337490601, 0.20380257186580067, 0,10, 0
0.8478015033592763, 0.44677054399397825, 0.22070849234359394, 0.19984380913984112, 0,10, 0
0.848134104969068, 0.44537455266908177, 0.2207090122683604, 0.19488171170100063, 0,10, 0
0.8493314707643185, 0.43663777357601957, 0.21202285143041213, 0.19212859526950687, 0,10, 0
0.8501297146278188, 0.43276149748387094, 0.22207844731778614, 0.19461704852358772, 0,10, 0
0.8531896494379033, 0.4326541601358448, 0.22015578509163103, 0.19227863660140776, 0,10, 0
0.8532561697598616, 0.4274977631783686, 0.2128817791058949, 0.19069685407505638, 0,10, 0
0.8547196168429455, 0.4208441392657718, 0.20366630705616784, 0.1878487113575497, 0,10, 0
0.8556509013503625, 0.42206063857965254, 0.2030451991863036, 0.18900562239171934, 0,10, 0
0.8528570478281114, 0.45152234276739145, 0.206925788134339, 0.19198899158351385, 0,10, 0
0.8529235681500699, 0.43301977444521256, 0.22030247459583904, 0.1976560155567851, 0,10, 0
0.8548526574868622, 0.430773653552929, 0.21578179336008052, 0.19363258800085095, 0,10, 0
0.8547196168429455, 0.4246067938414864, 0.21296484431300222, 0.19223970520778988, 2,10, 2
0.8545200558770705, 0.423650029666824, 0.2125753151745391, 0.1862078099799047, 0,10, 0
0.8548526574868622, 0.41637356645795104, 0.20952913221119132, 0.18742728254643098, 0,10, 0
0.8559169826381959, 0.4232426805590656, 0.20784233353724815, 0.18806099210407468, 0,10, 0
0.8569813077895297, 0.42023517130951754, 0.20610553265017398, 0.18982635816089466, 0,10, 0
0.8563161045699461, 0.4249432210931536, 0.21121136567916346, 0.1893480544587414, 0,10, 0
0.8546530965209872, 0.4339210977129621, 0.20792710776036952, 0.19040238223455053, 3,10, 3
0.8549191778088205, 0.4230063092364531, 0.20303769368635893, 0.18762283969603677, 0,10, 0
0.8551187387746957, 0.4201936161305212, 0.21019462214388998, 0.1890288980174666, 0,10, 0
0.8581121532628218, 0.4214070629359493, 0.201331764961991, 0.18457788804664738, 0,10, 0
0.8565156655358211, 0.4256609382209219, 0.20450047459274637, 0.18804690532374088, 0,10, 0
0.8580456329408634, 0.4165070981203146, 0.19756560252485034, 0.18557906862974335, 0,10, 0
0.8578460719749884, 0.4169827249434669, 0.2050351383354423, 0.18721941102287817, 0,10, 0
0.8591764784141556, 0.4129739958663077, 0.20341013601155722, 0.19119617230368488, 1,10, 1
0.8585777955165304, 0.40915912683984484, 0.20154288495229103, 0.1864421208071182, 1,10, 1
0.8584447548726136, 0.4087964843522948, 0.1961967118325233, 0.1819666259774961, 0,10, 0
0.8592429987361139, 0.4070218036476348, 0.19697670562726693, 0.18423187337246374, 0,10, 0
0.8609725271070312, 0.40268529116084384, 0.19420460782679136, 0.1837633552873266, 0,10, 0
0.8601077629215725, 0.40086209342553997, 0.19445020716351313, 0.18289513196129079, 1,10, 1
0.8592429987361139, 0.4054467719522791, 0.20871586435286485, 0.18335166662261848, 0,10, 0
0.10077828776691279, 2.303736140292966, 0.8944213325400786, 0.36684194226088074, 0,10, 0
0.21805361537949844, 2.109188607928639, 0.8238446554167124, 0.5353979644417745, 3,10, 3
0.3434444222710038, 1.8485213340042204, 0.7409735519070398, 0.49582671227700104, 2,10, 2
0.4682365462648839, 1.6121116760915095, 0.6608191209233548, 0.4339983602010454, 0,10, 0
0.5581720215525843, 1.3756662761286673, 0.5702115402397645, 0.3168876752701324, 3,10, 3
0.6354021153462382, 1.2533732043075676, 0.4989756282921749, 0.2929869700391347, 0,10, 0
0.6538947648506619, 1.1404768905738318, 0.5114272742326849, 0.33394920829476216, 0,10, 0
0.6915452670790927, 1.1144043309729912, 0.46695116760294075, 0.2910086230424097, 0,10, 0
0.729661411561232, 0.9930662712083382, 0.4152594174906399, 0.2685843867518584, 2,10, 2
0.7295283709173153, 0.9199291360449764, 0.42850168042128617, 0.28197577496277026, 2,10, 2
0.7349165169959423, 0.9181203450350914, 0.4025605292929001, 0.28721926395997743, 0,10, 0
0.7419676711235282, 0.8764986283738445, 0.38260385263697944, 0.2631993367131302, 2,10, 2
0.7624559302867026, 0.8757797664237438, 0.3439592222241237, 0.23731840144790234, 0,10, 0
0.7722344176145812, 0.820357016093277, 0.3600961286758049, 0.25324656041005555, 0,10, 0
0.7685757999068715, 0.7627270185867636, 0.35512485714260267, 0.2449607966945498, 2,10, 2
0.7850063194305861, 0.7042155026716296, 0.34562908102995926, 0.24274382868066696, 2,10, 2
0.7858710836160447, 0.6892176720907289, 0.34243501299717477, 0.24559190064474623, 2,10, 2
0.7875340916650037, 0.6462190109617127, 0.3435090019536004, 0.24564821182866045, 0,10, 0
0.8050289363400519, 0.6281233778072108, 0.31588071734446, 0.2304868101519001, 2,10, 2
0.8018359608860507, 0.6278141224327549, 0.3165201899688698, 0.22270844114520333, 0,10, 0
0.816204350429056, 0.6028727281840383, 0.2747742076035229, 0.2113460086295851, 0,10, 0
0.8183995210536819, 0.6049275097363573, 0.2769041431213002, 0.21396312068174128, 2,10, 2
0.8167365130047229, 0.5821199872071577, 0.28599072684552607, 0.221618810688652, 2,10, 2
0.8168030333266812, 0.5793094060210721, 0.2819947741629607, 0.22325701598039518, 0,10, 0
0.822324220049225, 0.555029302742467, 0.2679948325833493, 0.21647778794894884, 0,10, 0
0.8188651633073905, 0.5587983474301724, 0.2702668052349756, 0.21705946504185747, 2,10, 2
0.8292423335328943, 0.5487791952067899, 0.26280262077111394, 0.21287943140584578, 2,10, 2
0.8263154393667266, 0.5470713875124134, 0.2636205713702775, 0.20404709235726132, 2,10, 2
0.8314375041575202, 0.5351809977272152, 0.2653869306784187, 0.21584773879468172, 0,10, 0
0.8313044635136034, 0.5464029829078725, 0.2698624537966943, 0.20997883618157143, 0,10, 0
0.8307723009379365, 0.528188688882183, 0.2817867689207556, 0.21550186725913673, 2,10, 2
0.8317701057673119, 0.5174475459546017, 0.25971972084785216, 0.2114715383417181, 1,10, 1
0.8362269673385219, 0.5095399756275529, 0.2569349593277177, 0.207621739730959, 0,10, 0
0.8354287234750216, 0.4945485810063871, 0.25658136640849283, 0.20595840190129644, 0,10, 0
0.8357613250848134, 0.49243103787529713, 0.249434919113625, 0.2024074187088512, 0,10, 0
0.8370917315239805, 0.502604755430346, 0.2492539045088182, 0.20722371052309208, 0,10, 0
0.8389543005388146, 0.48529805837141343, 0.25548024638160594, 0.2047700669869104, 3,10, 3
0.8388877802168563, 0.48203191451418637, 0.2465245465663584, 0.20233297372097886, 0,10, 0
0.839752544402315, 0.4798212557692275, 0.25632950546265243, 0.20512548538225697, 0,10, 0
0.8424798776026076, 0.4694902846186792, 0.2361006090376648, 0.1994477732388048, 0,10, 0
0.8426129182465243, 0.4793325776618154, 0.2389096198968461, 0.19715409204851123, 0,10, 0
0.8419477150269408, 0.46732816356913015, 0.25095905946556685, 0.20397947623213736, 0,10, 0
0.8426129182465243, 0.4831685930686409, 0.22352698812541896, 0.19215826160235927, 1,10, 1
0.8413490321293156, 0.4924837874857781, 0.24063115100721635, 0.20754887727994054, 0,10, 0
0.8434111621100246, 0.5062263678215755, 0.2399439553548748, 0.20672041233254013, 1,10, 1
0.8422137963147741, 0.4956187981183464, 0.24355261651876828, 0.20699836869771981, 1,10, 1
0.8444089669394, 0.4709124929733323, 0.2347665387894918, 0.20606460682194683, 0,10, 0
0.8445420075833167, 0.4786578583753617, 0.24261196831736653, 0.21020725898081022, 0,10, 0
0.8461384953103173, 0.46559729039040215, 0.2282299919633457, 0.19951735668006124, 0,10, 0
0.8441428856515666, 0.48006218925327665, 0.2489200709865749, 0.2097185360140715, 1,10, 1
0.8438768043637331, 0.4636215117390698, 0.24182913496101244, 0.20006027615693797, 0,10, 0
0.8470697798177343, 0.44889192807412587, 0.23574742901978699, 0.20105749959070976, 0,10, 0
0.8444089669394, 0.45960851269692343, 0.2296249864992153, 0.1976335112691154, 0,10, 0
0.842546397924566, 0.5129142269665429, 0.24525525231356154, 0.20457793606627944, 1,10, 1
0.83995210536819, 0.479912742995, 0.2408196900552405, 0.20544924951958216, 0,10, 0
0.8420142353488991, 0.474346641135644, 0.2421219163986444, 0.213687208543266, 1,10, 1
0.8420807556708575, 0.4775656389539573, 0.2387585749881912, 0.20883005045479347, 1,10, 1
0.8450741701589836, 0.4741503990040153, 0.23772285787471867, 0.2025374649763917, 0,10, 0
0.8444089669394, 0.4817556015258352, 0.23506310313999598, 0.2043291091603678, 0,10, 0
0.8476684627153596, 0.4604052772060666, 0.2227327959417357, 0.20112370004599295, 0,10, 0
0.8448080888711501, 0.4661036718810298, 0.23225952823481166, 0.2031550643011837, 0,10, 0
0.8472028204616511, 0.4630384077731812, 0.22909665005229413, 0.20548165869386104, 0,10, 0
0.8484667065788598, 0.4521662081799757, 0.2248971032639738, 0.20092899158610614, 0,10, 0
0.8464710969201091, 0.44825775428667125, 0.23204374734145616, 0.2010015199534586, 2,10, 2
0.8506618772034856, 0.439793501800043, 0.22491223734562255, 0.1977280438118657, 1,10, 1
0.8520588039646112, 0.43427531132060304, 0.21851973517608317, 0.19230020216892713, 0,10, 0
0.855185259096654, 0.43082574964540504, 0.21296563298668605, 0.186788737618577, 0,10, 0
0.8552517794186124, 0.42855735877475626, 0.2119753456550314, 0.1878648928185186, 1,10, 1
0.854054413623362, 0.4284466791467707, 0.21552362430235764, 0.18923154626294691, 0,10, 0
0.8555843810284042, 0.41955978269224176, 0.21189673744911455, 0.1878085051413042, 0,10, 0
0.8578460719749884, 0.4170236330599161, 0.21135851443709847, 0.1800117086299013, 0,10, 0
0.857979112618905, 0.41175065770498837, 0.22132561855599106, 0.1900846783852263, 0,10, 0
0.8600412425996142, 0.40735467966913247, 0.21253319836594634, 0.18373018554906165, 1,10, 1
0.8597086409898224, 0.40592704360405585, 0.21253798566251267, 0.18642909112413367, 0,10, 0
0.8584447548726136, 0.40485121824875103, 0.20447810035645816, 0.1812408288887336, 0,10, 0
0.8599082019556975, 0.4041514135252173, 0.20975959027013022, 0.18178741859885178, 0,10, 0
0.8602408035654893, 0.4051030817562363, 0.20954825957810252, 0.17855482196341893, 0,10, 0
0.8614381693607397, 0.39963529317953017, 0.2076099122343902, 0.1800246738206416, 1,10, 1
0.8617042506485731, 0.40324322228846515, 0.2096081104962236, 0.17863324890540727, 0,10, 0
0.8609725271070312, 0.3988121127062657, 0.19871547189024638, 0.17821377619349987, 1,10, 1
0.8602408035654893, 0.39663596116143585, 0.20303348314160818, 0.17984568352593297, 0,10, 0
0.8621698929022816, 0.39629304359118106, 0.20228657094368305, 0.17390523404699199, 0,10, 0
0.8641655025610324, 0.39082609864729173, 0.1952627395450742, 0.17379198126187337, 0,10, 0
0.8621033725803233, 0.3922342474045901, 0.19909607342705027, 0.17300447605188057, 1,10, 1
0.8624359741901151, 0.39162600591449875, 0.20243174570967004, 0.17551835762091733, 0,10, 0
0.8630346570877403, 0.3887075298530869, 0.19438590214664456, 0.17133051613820288, 0,10, 0
0.8634337790194905, 0.387676545143534, 0.1974881274536045, 0.17457612421747576, 0,10, 0
0.8656289496441163, 0.3839712931512346, 0.1932561856416047, 0.1732524678856911, 0,10, 0
0.8644315838488659, 0.3821688668612712, 0.19780693663391194, 0.17410248517948762, 0,10, 0
0.8654959090001996, 0.3806109628673077, 0.19401681476792632, 0.17583320498749885, 2,10, 2
0.8655624293221579, 0.38122395261238673, 0.19241221307411738, 0.16870762687048327, 0,10, 0
0.865761990288033, 0.3791332346649067, 0.19149768705219408, 0.1707824784904701, 0,10, 0
0.8652963480343245, 0.37683479928581376, 0.19362107571314535, 0.1699274934024139, 0,10, 0
0.8652298277123661, 0.3806828259358514, 0.19561742517613775, 0.16706744830864154, 0,10, 0
0.8670923967272002, 0.37727400183132503, 0.1934815790250959, 0.1672756252670492, 0,10, 0
0.866493713829575, 0.376759404867546, 0.19534110217394518, 0.169609587127908, 0,10, 0
0.8670923967272002, 0.37388949687204437, 0.1927216042075726, 0.1660127456220012, 0,10, 0
0.8688219250981175, 0.37565775726407924, 0.19189963332125892, 0.16481896474676216, 0,10, 0
0.8678241202687421, 0.3742582223385518, 0.19970314694732486, 0.1694111983474598, 1,10, 1
0.8684893234883256, 0.37445259804613285, 0.19958704592591187, 0.16716090873831022, 1,10, 1
0.8687554047761591, 0.3714208739859731, 0.20043341201354817, 0.16843271580379127, 0,10, 0
0.10077828776691279, 2.303736140292966, 0.8944213325400786, 0.36684194226088074, 0,10, 0
0.2189183795649571, 2.1364276746127735, 0.7809005157352992, 0.5230064217632466, 1,10, 1
0.2817135634936473, 2.0423368992001314, 0.7531993854572419, 0.5003015718591687, 1,10, 1
0.35834497438967605, 1.8588813820269376, 0.69038885402102, 0.4562463344786776, 2,10, 2
0.5677509479145879, 1.5502570376081641, 0.5080827163191953, 0.2756191844956646, 1,10, 1
0.5799241668329674, 1.4288187715099345, 0.4963289357051618, 0.281011380027804, 1,10, 1
0.726867558038981, 1.1073573083406592, 0.4413317520083067, 0.31351279826103906, 1,10, 1
0.717222111355019, 1.174978587129645, 0.4710527082125754, 0.33326334526617285, 0,10, 0
0.727998403512273, 1.2629265918998647, 0.44211078503657264, 0.30684207048389717, 2,10, 2
0.7067119004855984, 1.084705527140753, 0.4652951977586001, 0.30796754277496363, 0,10, 0
0.7397725004989024, 1.0667453659529857, 0.40940402309056095, 0.2665447374672273, 2,10, 2
0.7278653628683562, 0.9161649980391067, 0.4613743060834166, 0.32729222679334435, 1,10, 1
0.7518126787733652, 0.8682899153958328, 0.38972080266475373, 0.2689278246353457, 1,10, 1
0.7524778819929488, 0.8299898952811449, 0.3917215051581372, 0.27065322620726434, 2,10, 2
0.7516131178074902, 0.8006335244629155, 0.4005199362018249, 0.2958903551174556, 0,10, 0
0.7525444023149072, 0.8040431940461821, 0.3870460239054258, 0.2922133295113125, 2,10, 2
0.7478214594558638, 0.7861226107545257, 0.40174326285614886, 0.2998782102853345, 0,10, 0
0.7529435242466573, 0.752063721606184, 0.4032416260408011, 0.2986996251709125, 0,10, 0
0.759928158052285, 0.7776938837765415, 0.38015117981356844, 0.2770323828774571, 1,10, 1
0.7701057673119138, 0.7175530601170927, 0.3398712265945534, 0.2561780103032114, 0,10, 0
0.7736978646976651, 0.6968432050468194, 0.35192748417180547, 0.25694667519897346, 1,10, 1
0.7687753608727467, 0.6906980058146137, 0.37721501218031095, 0.27931848726996206, 0,10, 0
0.790194904543338, 0.6653477833912771, 0.34403686305098113, 0.26279619817006633, 1,10, 1
0.7849397991086277, 0.6718654910614542, 0.33085009310898, 0.2487816094955387, 1,10, 1
0.7907935874409632, 0.6489289745937895, 0.316033733044974, 0.2370011224538545, 1,10, 1
0.7939865628949644, 0.6244759539877488, 0.324636052761651, 0.252398870846886, 1,10, 1
0.7993747089735914, 0.6142943850556241, 0.3073633259662719, 0.24106869461232372, 1,10, 1
0.8029002860373844, 0.603567977238572, 0.29059500598816135, 0.22577374079617152, 0,10, 0
0.7919909532362137, 0.6426900290142947, 0.30585011919970506, 0.24093107077053577, 0,10, 0
0.8039646111887182, 0.6170017840647047, 0.28876073387892404, 0.23477445772090585, 1,10, 1
0.8072241069646777, 0.6125418146218685, 0.30094598213827706, 0.23843308937875896, 0,10, 0
0.8122796514335129, 0.5983954086115667, 0.2884240073104163, 0.2315569931070657, 0,10, 0
0.8146078627020554, 0.5943685357215743, 0.2839757621028706, 0.22889613341113801, 1,10, 1
0.8193308055610989, 0.5815429557078347, 0.26620198033591563, 0.22299554229672947, 0,10, 0
0.8211268542539746, 0.5798820505683498, 0.2655397310163983, 0.22632179097317287, 0,10, 0
0.8219250981174749, 0.5713481016477877, 0.26336106295920475, 0.22449063151110427, 1,10, 1
0.8255837158251846, 0.5585731031302332, 0.2586740159862637, 0.22225370346800868, 1,10, 1
0.8227898623029335, 0.5522763024557509, 0.2598679767546955, 0.21837863899601756, 0,10, 0
0.825650236147143, 0.5481905531844106, 0.2586743809950646, 0.2259821319629772, 2,10, 2
0.8237876671323089, 0.5584247060683831, 0.2631315344489979, 0.2282926940452049, 2,10, 2
0.824918512605601, 0.5496614021805036, 0.26387751130774095, 0.22548354993210937, 0,10, 0
0.8279784474156855, 0.5374152720043998, 0.25692878852108036, 0.21721113626124727, 0,10, 0
0.827512805161977, 0.550323413149065, 0.25280791800637986, 0.21939668994353057, 0,10, 0
0.830306658684228, 0.5274305486359916, 0.25868621687134563, 0.22426053651561628, 0,10, 0
0.8291092928889776, 0.5470175092807228, 0.25603292343131034, 0.22391114313335148, 0,10, 0
0.825849797113018, 0.5688643089350802, 0.24943867093760375, 0.22177042565144767, 1,10, 1
0.8257167564691014, 0.540371545090832, 0.2537709384280783, 0.22382151878016804, 0,10, 0
0.8243863500299341, 0.5478928843109592, 0.2594996736097219, 0.22218689184493953, 1,10, 1
0.8299740570744363, 0.5227543120338368, 0.2464055643636421, 0.2168187487513005, 0,10, 0
0.8314375041575202, 0.5245653216709629, 0.24804968433932303, 0.21649606654541334, 0,10, 0
0.8289762522450609, 0.5331704523431778, 0.2535924121883058, 0.21737647700222962, 0,10, 0
0.8296414554646444, 0.5342585653834753, 0.2405676443862021, 0.2173614391722289, 0,10, 0
0.8313044635136034, 0.5370646967595512, 0.2439339484776217, 0.22159152331806908, 0,10, 0
0.8287101709572274, 0.5265383678760015, 0.2552891007816442, 0.22201496658917413, 0,10, 0
0.8281114880596022, 0.5208338029541568, 0.25635779106204715, 0.21900451701662682, 5,10, 0
0.8281780083815605, 0.5489986014333295, 0.2576926506851112, 0.22487654536585303, 1,10, 1
0.8219250981174749, 0.5673476134562241, 0.2748279851235018, 0.23352900411486566, 1,10, 1
0.8272467238741436, 0.5412394214764402, 0.24501810660418927, 0.22932631677564536, 2,10, 0
0.8269141222643518, 0.5320311466826878, 0.24300149456885145, 0.22030103611299995, 0,10, 0
0.8205946916783077, 0.5947172163084827, 0.2596381301480904, 0.2339806479402567, 1,10, 1
0.8192642852391405, 0.5736305189356219, 0.267464486950445, 0.23281929511145044, 3,10, 1
0.8262489190447682, 0.540013839498841, 0.25356008040734257, 0.23546092465473786, 0,10, 0
0.8275793254839353, 0.5272878494372057, 0.2608423171550845, 0.22970264911621982, 7,10, 1
0.8274462848400186, 0.5241196696409322, 0.2582537655429515, 0.2300060016318891, 3,10, 0
0.8270471629082685, 0.5291589324319407, 0.2520086185707999, 0.22699813689095436, 2,10, 0
0.830306658684228, 0.5162075520703882, 0.2463268754697312, 0.22138049292732578, 0,10, 0
0.8304396993281448, 0.5158447232243294, 0.24044137044232283, 0.22150335281832104, 1,10, 1
0.8300405773963946, 0.5141866385533765, 0.24920616331495726, 0.22312614776799117, 0,10, 0
0.8309718619038116, 0.5180074151883458, 0.24389967939963647, 0.2219688648186189, 3,10, 0
0.8315705448014369, 0.5108343910116108, 0.23586909739995643, 0.21327009686352208, 4,10, 0
0.8324353089868956, 0.5019055984814748, 0.23958040307743597, 0.2185350240864339, 0,10, 0
0.8350296015432714, 0.49370812645765605, 0.22727668092143494, 0.21608732502187858, 0,10, 0
0.834031796713896, 0.5055796095182934, 0.22604728916036104, 0.21820354778818588, 0,10, 0
0.8352291625091466, 0.5009509481682788, 0.2375355679812133, 0.21750297923789091, 0,10, 0
0.8331005122064791, 0.5054867367085256, 0.24477880209000774, 0.22293020618086318, 4,10, 0
0.8328344309186456, 0.5054774503760368, 0.23530203896958216, 0.22057841157671057, 10,10, 1
0.8342978780017295, 0.4956097969541157, 0.2425890216366693, 0.22187945020725597, 4,10, 1
0.834763520255438, 0.4956992775982809, 0.24123479709562115, 0.219304987442192, 1,10, 1
0.8335661544601876, 0.49020038384754994, 0.2394368025313249, 0.21904462613801637, 0,10, 0
0.832900951240604, 0.49234092000671037, 0.24677922199492744, 0.21065119070399646, 5,10, 0
0.8349630812213131, 0.49026636803509555, 0.24758223459287618, 0.21239158409003647, 3,10, 0
0.8328344309186456, 0.4857705123069348, 0.2376530952805367, 0.2161446305939627, 4,10, 0
0.8342313576797712, 0.4855372122571683, 0.23803150217640856, 0.21723351043041916, 2,10, 0
0.833832235748021, 0.48455130722365386, 0.23661767188028038, 0.21306100481986948, 4,10, 1
0.8344309186456462, 0.4854771689130691, 0.23737086412030717, 0.21437241869054166, 0,10, 0
0.8351626421871882, 0.4865745584950415, 0.22851671474545796, 0.21230281250811842, 7,10, 0
0.8350296015432714, 0.48288443492276145, 0.24300414117381364, 0.21090774610688898, 1,10, 0
0.8358943657287301, 0.47996645642056585, 0.2364251584089456, 0.21146094699434903, 0,10, 0
0.8358278454067718, 0.47836739877726986, 0.23126555168944882, 0.21081922675618753, 0,10, 0
0.8352291625091466, 0.4782270227179328, 0.23093319673621562, 0.21278279608860953, 0,10, 0
0.8366926095922305, 0.49967910595029974, 0.22493212669490997, 0.20634056476340523, 5,10, 0
0.837357812811814, 0.5120562262144089, 0.22294664712042622, 0.21081851764481466, 0,10, 0
0.8363600079824386, 0.49910708204660803, 0.22221248492434298, 0.2117662250573804, 0,10, 0
0.8356948047628551, 0.5065835926201658, 0.2297739030085015, 0.21994833878480358, 1,10, 1
0.8372912924898557, 0.49426125032280677, 0.2298893940649196, 0.21853758171693008, 0,10, 0
0.8368921705581055, 0.49308237428520796, 0.22655635954546066, 0.20996569569444495, 1,10, 0
0.8323022683429788, 0.5381776551373483, 0.23765107638362107, 0.22364509346155884, 0,10, 0
0.828444089669394, 0.5426518756680766, 0.25459523724799454, 0.23359609492496264, 0,10, 0
0.8301736180403113, 0.5374501867387022, 0.23715781019228369, 0.22300105091361214, 2,10, 1
0.8291092928889776, 0.5323696141907247, 0.24152378954487394, 0.22613024494314526, 2,10, 1
0.8319031464112286, 0.5152285013677016, 0.23584986987548553, 0.22169156349305452, 1,10, 0
