acuracia,loss,frr,fpr, removed, n_clf, tp_removed
0.09825051553249518, 2.3036959122288754, 0.8944041643372586, 0.40467750686587217, 0,10, 0
0.12971462781879864, 2.3424906998442565, 0.9115843658267392, 0.4424542188476448, 9,10, 1
0.0996474422936207, 2.3819855539446495, 0.9424463317291131, 0.593975129366086, 1,10, 1
0.10024612519124593, 2.3013872743675843, 0.88033626681359, 0.5653634660259983, 2,10, 2
0.09991352358145414, 2.342871109898327, 0.9273376082964652, 0.5935540877012041, 0,10, 0
0.15811880529501762, 2.4302057084832325, 0.8221774022054186, 0.37718677084669006, 2,10, 2
0.13097851393600746, 2.258780290994357, 0.8573867784123198, 0.433962356471315, 1,10, 1
0.1806691944389011, 2.206666464641614, 0.8217595554165329, 0.30882010049734293, 2,10, 2
0.1554579924166833, 2.3847791900346436, 0.8533157823288703, 0.3830522047649456, 4,10, 4
0.20621299807091067, 2.1541352661626747, 0.782523252025161, 0.28449505767413935, 3,10, 3
0.14827379764518062, 2.5253410650918897, 0.8406315371030909, 0.40790098302675704, 4,10, 4
0.16463779684693675, 2.291195163741556, 0.8449062889538161, 0.3480543866504672, 1,10, 1
0.17674449544335794, 2.1380575456987523, 0.8158769904226197, 0.3481974888238172, 1,10, 1
0.18452737311248588, 2.1753711165492424, 0.809497822783096, 0.35829663846115783, 4,10, 4
0.1911794053083217, 2.2495552279441204, 0.8017437081656577, 0.3158093867650585, 3,10, 3
0.2225769972726668, 2.0805210959908966, 0.8060879346727551, 0.30394949854103287, 3,10, 3
0.20421738841215992, 2.149533955851279, 0.7880135576483918, 0.29214588145817283, 0,10, 0
0.21466107895962216, 2.1701433090902587, 0.7648447745622018, 0.28580676926242626, 3,10, 3
0.18858511275194573, 2.1314274514656395, 0.8105447431150695, 0.3467602172912232, 3,10, 3
0.23494977715692145, 2.125477378572016, 0.7575409030230259, 0.26694489963044493, 4,10, 4
0.2061464777489523, 2.145217049960834, 0.7902233918091909, 0.33020336978278986, 4,10, 4
0.22683429787800172, 2.188921524150432, 0.7893325228424358, 0.29412521654866486, 2,10, 2
0.19377369786469767, 2.2150678518253324, 0.7970495371024157, 0.3361017462762897, 3,10, 3
0.20734384354420277, 2.051848876510386, 0.7864165612264762, 0.3340999298136914, 5,10, 5
0.2505155324951773, 2.0155196238450643, 0.7520806639098753, 0.2579512713505311, 1,10, 1
0.21219982704716292, 2.073994096368799, 0.774518768473831, 0.340054713402242, 4,10, 4
0.21113550189582916, 2.064469539293675, 0.8149869258100605, 0.3543265399866665, 2,10, 2
0.2507816137830107, 2.0272603604137434, 0.7298552735089856, 0.27004803768775665, 3,10, 3
0.2246391272533759, 1.9750353454679166, 0.7685649480718182, 0.3141918052219501, 2,10, 2
0.23934011840617309, 2.029003699775197, 0.7977094995496659, 0.30996759274836555, 5,10, 5
0.2749950109758531, 1.918254519110786, 0.7224014354488061, 0.2522851459656879, 1,10, 1
0.2625557107696401, 2.0421632728850714, 0.7265446471610744, 0.27150931866119477, 3,10, 3
0.2819131244595224, 1.9324128173952337, 0.7084620658165183, 0.25320736848504716, 0,10, 0
0.264019157852724, 1.9503787682575515, 0.7777445844201816, 0.28794596437026887, 1,10, 1
0.2887647176212333, 1.9341218853229964, 0.7173779358694297, 0.24131818652656903, 2,10, 2
0.23674582584979711, 1.9661441946734626, 0.7572497458795446, 0.3288709726084608, 1,10, 1
0.2646178407503492, 1.9419951882181883, 0.7206306332656907, 0.2580721798896485, 3,10, 3
0.2643517594625158, 1.9622139356148693, 0.7325242789285453, 0.27377614689748164, 3,10, 3
0.24918512605601012, 1.930445988366349, 0.745606012558452, 0.31771371441379254, 3,10, 3
0.26062662143284776, 1.8826284961556752, 0.7356760389065308, 0.3029781904859804, 3,10, 3
0.2587640524180137, 1.965512868300698, 0.7256218393057022, 0.31554402428624934, 1,10, 1
0.2910264085678175, 1.983079446902066, 0.7249004880433259, 0.2512708561577025, 2,10, 2
0.2895629614847336, 1.87539116074477, 0.7010403158986618, 0.26033426140099747, 3,10, 3
0.29574935142686093, 1.879589898593172, 0.6998935940695715, 0.251884437611205, 2,10, 2
0.2986097252710703, 1.916625297127834, 0.6784735801970271, 0.24986599818866717, 4,10, 4
0.305793920042573, 1.843434911295856, 0.7087339194907617, 0.2465296152233862, 5,10, 5
0.3183662608927027, 1.9298550761373252, 0.665385208388071, 0.2467307264220281, 3,10, 3
0.2978780017295284, 1.8593373490249787, 0.6959395861855497, 0.2681048648232778, 2,10, 2
0.31597152930220185, 1.8650722914745033, 0.6680510487179773, 0.2400528761100951, 4,10, 4
0.2792523115811881, 1.94595428080463, 0.6954420279957567, 0.26447438199754253, 5,10, 5
0.35894365728730127, 1.748577582911881, 0.6395675495722117, 0.2238666954570774, 1,10, 1
0.31384287899953434, 1.7987200207579583, 0.6710375317345761, 0.25103353004599716, 2,10, 2
0.3302068782012905, 1.776576517081535, 0.6925649128845976, 0.2604871301940047, 4,10, 4
0.2988758065589037, 1.8821691000369591, 0.7087483828251975, 0.2584015516558769, 3,10, 3
0.35548460054546666, 1.7361384470952228, 0.6468331715079123, 0.22241847156858746, 2,10, 2
0.29022816470431717, 1.85816935988027, 0.7200855684505248, 0.2690077512268353, 0,10, 0
0.31637065123395197, 1.8873866248065774, 0.6655783798634419, 0.24528071817626693, 5,10, 5
0.2936207011241934, 1.891683688456289, 0.701388603811387, 0.2691374241423635, 2,10, 2
0.3175014967072441, 1.7946808525359077, 0.7195515648789432, 0.27366491182276453, 1,10, 1
0.3481008448080889, 1.7893861773793889, 0.6545035496239615, 0.2337052507983875, 4,10, 4
0.36233619370717757, 1.7034931336858827, 0.6579935468396303, 0.23099086563572427, 4,10, 4
0.3458391538615047, 1.7241868110090992, 0.6366977059980179, 0.23616839073226145, 3,10, 3
0.31823322024878603, 1.7803194534534357, 0.6719091261704664, 0.25208463462945024, 1,10, 1
0.3343311381627087, 1.7833554143916106, 0.6541334873645931, 0.2338015687673958, 3,10, 3
0.359076697931218, 1.7137703221036806, 0.6352566605252874, 0.2288164210915703, 4,10, 4
0.3270139027472893, 1.878463979133714, 0.6555430374683042, 0.25658102333714655, 4,10, 4
0.35355551120867423, 1.7081292697030184, 0.6308259037992665, 0.22893057741301454, 4,10, 4
0.32129315505887046, 1.8571958714254932, 0.670403283637585, 0.25641196549699935, 3,10, 3
0.3361271868555844, 1.8909262607635744, 0.6408204428927923, 0.23177293842275454, 2,10, 2
0.3614714295217189, 1.7460955734211854, 0.618800096059476, 0.23118617656835244, 3,10, 3
0.32069447216124525, 1.8462930919246539, 0.6795754501852737, 0.2655815322265454, 5,10, 5
0.37124991684959757, 1.6988382423196828, 0.6335463657230601, 0.2251979528863994, 1,10, 1
0.2991418878467372, 1.914512797496256, 0.6747920116303996, 0.2722947119432257, 4,10, 4
0.31211335062861706, 1.7961020203520262, 0.6779235268273698, 0.2701526374246047, 3,10, 3
0.3582784540677177, 1.786129635098229, 0.623065554127205, 0.22928157235106705, 3,10, 3
0.3143085212532429, 1.9930805643948697, 0.6541020767554242, 0.24717175673960384, 4,10, 4
0.3655956894831371, 1.7015544207285782, 0.6136255002948527, 0.22762761609338145, 2,10, 2
0.29215725404110954, 1.9557771539699806, 0.6829802431929948, 0.2714792143694887, 3,10, 3
0.37637198164039115, 1.6846640287168502, 0.6038507006149774, 0.2261054898568331, 2,10, 2
0.36985299008847206, 1.8042840715523751, 0.605746314342685, 0.2302299438457918, 6,10, 6
0.36599481141488727, 1.7008156893512314, 0.6338478906803708, 0.22936061714828135, 1,10, 1
0.34517395064192113, 1.790591919590857, 0.6362282109265228, 0.23761749878710958, 2,10, 2
0.3610723075899687, 1.7162969238500525, 0.6195581339789077, 0.2276545516631121, 4,10, 4
0.4060400452338189, 1.6107656099752206, 0.5893082916534368, 0.2160523777999687, 2,10, 2
0.26328743431118207, 2.0742960975296696, 0.7657149714024837, 0.3505556775462641, 11,10, 1
0.4037118339652764, 1.611567031970037, 0.5897083960805616, 0.2108401009022131, 1,10, 1
0.40823521585844474, 1.6190308864932015, 0.6209574150252211, 0.2204002764663562, 1,10, 1
0.3471030399787135, 1.7911016101954678, 0.650277217527078, 0.2355242409715294, 10,10, 0
0.383024013836227, 1.6509414307155081, 0.6099335615654415, 0.22674150307148327, 3,10, 3
0.3722477216789729, 1.7066685455843638, 0.6227541229963911, 0.22766076373239003, 2,10, 2
0.36772433978580454, 1.7006120663623185, 0.648969511772382, 0.23980929201509865, 4,10, 4
0.3683230226834298, 1.6905522340816834, 0.6218041950360732, 0.23069107410695625, 2,10, 2
0.38714827379764516, 1.6955193691433907, 0.6166216709289043, 0.22752024417697825, 5,10, 5
0.39705980176944056, 1.648195965798531, 0.6018684287214682, 0.22749395168797953, 1,10, 1
0.345706113217588, 1.7646857822568032, 0.635405863272569, 0.23994552347082632, 6,10, 6
0.3955298343643983, 1.6230330903860954, 0.6147864558827131, 0.22406822254611938, 2,10, 2
0.4150202886981973, 1.6001036589190702, 0.5832979183563262, 0.22321166687154625, 1,10, 1
0.39932149271602474, 1.6385223629804442, 0.6052294461741506, 0.22320181065259373, 4,10, 4
0.4328477349830373, 1.568579162287433, 0.5931284276412976, 0.21211747276248957, 2,10, 2
0.3914055744029801, 1.6336499673218925, 0.6002986836124408, 0.21939956347728645, 3,10, 3
0.42380097119670057, 1.5642386045777013, 0.5824753884601721, 0.21874317106867783, 2,10, 2
0.10077828776691279, 2.303736140292966, 0.8944213325400786, 0.36684194226088074, 0,10, 0
0.11421539280250116, 2.3078020184702845, 0.8952857445388938, 0.3125996812437261, 0,10, 0
0.10024612519124593, 2.508729407132001, 0.8836289479100113, 0.5777583523797467, 10,10, 1
0.09904875939599547, 2.567537088467278, 0.8938837418790088, 0.5792012191248178, 2,10, 2
0.12964810749684028, 2.5179805267335316, 0.8614702376758965, 0.40813944972270094, 3,10, 3
0.13483669260959222, 2.4085205791556876, 0.8611169844749575, 0.4226473545722499, 2,10, 2
0.14900552118672256, 2.3765057925572775, 0.8612233458471374, 0.37632939359668777, 4,10, 4
0.12080090467637863, 2.3356958051122114, 0.9095402500610991, 0.5267103792395814, 0,10, 0
0.1632408700858112, 2.2597093380259587, 0.8292276189724866, 0.3402493466125444, 4,10, 4
0.13403844874609194, 2.3232320465347227, 0.9033030196798526, 0.36364312289629114, 0,10, 0
0.15273065921639062, 2.23085743363711, 0.8610477253494234, 0.3543394428849828, 3,10, 3
0.15725404110955898, 2.252400984237875, 0.8449908311082038, 0.3994168595552241, 4,10, 4
0.14248652963480343, 2.3638327349043493, 0.8693907027551185, 0.39767735017556094, 1,10, 1
0.18599082019556976, 2.157899130360536, 0.8433539179098214, 0.362549574376754, 3,10, 3
0.17381760127719018, 2.2081348460836976, 0.8406569482338044, 0.32683742581698616, 4,10, 4
0.1916450475620302, 2.292724356191058, 0.7972334670873777, 0.3078085402229076, 1,10, 1
0.16204350429056077, 2.181776024739693, 0.839837238420989, 0.40484336583828523, 3,10, 3
0.18632342180536154, 2.127253899945872, 0.8119729121820686, 0.36013400996336126, 1,10, 1
0.17800838156056675, 2.1803462676050214, 0.8255540449453931, 0.32043832155909646, 4,10, 4
0.17927226767777557, 2.29378308113849, 0.8155979124471826, 0.3689860012582373, 2,10, 2
0.2020222177875341, 2.253664462553133, 0.7821281346882017, 0.30696076410971757, 1,10, 1
0.21858577795516532, 2.216422600866054, 0.7563070826874535, 0.3047365373948266, 0,10, 0
0.23388545200558772, 2.0227382390083433, 0.7464654923177411, 0.2802032641685139, 1,10, 1
0.20588039646111886, 2.1091998677676225, 0.7758955930145839, 0.3228791900610502, 1,10, 1
0.17215459322823123, 2.3622221443290394, 0.8327585472227876, 0.3840543552489662, 4,10, 4
0.16018093527572674, 2.2714579192526143, 0.875431239955336, 0.43919545628521384, 8,10, 0
0.24386350029934145, 2.018603620082408, 0.7850510685197282, 0.28660508390065614, 1,10, 1
0.2610257433645979, 1.9793705406132187, 0.7856229997780264, 0.2874341147152478, 2,10, 2
0.19350761657686424, 2.1508522645042447, 0.7965147199759679, 0.3769451813128865, 1,10, 1
0.20747688418811946, 2.17875847906352, 0.7834949651710111, 0.35350121202028134, 1,10, 1
0.24120268742100712, 2.286855886298597, 0.752705883149668, 0.2688679242713773, 2,10, 2
0.27346504357081086, 1.9651648852351435, 0.7517495339169113, 0.25837041029121655, 2,10, 2
0.19922836426528304, 2.2376691349004862, 0.8004334995990088, 0.3417488332314758, 1,10, 1
0.25883057273997206, 2.047133050040714, 0.7255797276213162, 0.2535043043561562, 1,10, 1
0.2565023614714295, 2.04854490048378, 0.7278197197804656, 0.26751215224607, 2,10, 2
0.24206745160646578, 1.9695545097259533, 0.7562323029974383, 0.2972468692185594, 2,10, 2
0.25703452404709637, 1.9440029790434288, 0.7858631823808463, 0.29648626940911216, 3,10, 3
0.2834430918645646, 1.908340530402486, 0.7098128189776804, 0.2615055169137735, 3,10, 3
0.2827113683230227, 1.9672609204455525, 0.6960462278737548, 0.2580039359755354, 6,10, 6
0.27512805161976983, 2.0132131003864844, 0.7198060258968654, 0.25039168799844946, 11,10, 1
0.25537151599813745, 2.0080756123972487, 0.7383523957911753, 0.28952576515887807, 2,10, 2
0.2533093860174283, 1.977499015107409, 0.7609559564530111, 0.2855376139550964, 2,10, 2
0.2922237743630679, 1.9411737988001967, 0.6913619594498358, 0.2628170185337182, 4,10, 4
0.24645779285571742, 1.9653924549124733, 0.7379356178945148, 0.3119356787825719, 1,10, 1
0.2875008315040245, 1.8698043792950196, 0.7065788240121401, 0.272250782842153, 3,10, 3
0.20388478680236813, 2.2201157206349653, 0.7899472763616742, 0.38151848768002083, 3,10, 3
0.31637065123395197, 1.8473587057979524, 0.672249787006704, 0.2366216817169364, 4,10, 4
0.2616244262622231, 1.9661637793460436, 0.7522947827586564, 0.3090353570747032, 10,10, 1
0.3021353023348633, 1.8890328910614387, 0.6888684667816816, 0.2510636370516854, 1,10, 1
0.325284374376372, 1.8050024746571807, 0.6817675488477954, 0.23721770660902566, 3,10, 3
0.27832102707377104, 1.886686651376259, 0.7196758295752399, 0.2935693854872988, 3,10, 3
0.2891638395529834, 1.9371950550682966, 0.7207007928424831, 0.26137007821147196, 3,10, 3
0.3610723075899687, 1.7260973019957708, 0.6456276852096995, 0.23058750902112102, 2,10, 2
0.31384287899953434, 1.8445955831526537, 0.6790338780506161, 0.246258083773522, 4,10, 4
0.3339985365529169, 1.8201762422040053, 0.6781343791897414, 0.24648810414699063, 4,10, 4
0.32275660214195434, 1.8247695465436566, 0.6947661162020715, 0.2576699627172674, 1,10, 1
0.28051619769839686, 1.9678284881068648, 0.7301567048195943, 0.2814572572393717, 2,10, 2
0.32734650435708107, 1.7712420327438372, 0.6570744205936934, 0.24994859108269066, 3,10, 3
0.3477682431982971, 1.7624392428536428, 0.6400780521663081, 0.23090442496928024, 1,10, 1
0.3071908468036985, 1.852548692522867, 0.6788692042041796, 0.25721636714321844, 3,10, 3
0.31816669992682767, 1.8198645500824187, 0.6914159212790328, 0.24801780110440683, 3,10, 3
0.3522251047695071, 1.743538916677976, 0.6493473487707138, 0.24416695562336557, 4,10, 4
0.3449078693540877, 1.729763081457486, 0.6474236508551283, 0.24750059844476408, 2,10, 2
0.34823388545200556, 1.7691147339020488, 0.6586461127569949, 0.2349610433021241, 4,10, 4
0.3669926162442626, 1.7181713603883495, 0.6418388866546654, 0.22874266409224758, 2,10, 2
0.34763520255438035, 1.75088892083424, 0.6493433496126183, 0.2324227344131518, 1,10, 1
0.3850196234949777, 1.6628732177531307, 0.6299422532100971, 0.21839998122011525, 3,10, 3
0.2970132375440697, 1.9215781286478772, 0.7409632788338942, 0.29750648727225254, 3,10, 3
0.3167032528437438, 1.8526930253585243, 0.6608520201902381, 0.24873622336721404, 2,10, 2
0.2467903944655092, 2.0196355659987235, 0.7388831548222785, 0.30163634600694966, 12,10, 0
0.2914255304995676, 1.8603095426929495, 0.7072823569796995, 0.2820066543180315, 3,10, 3
0.32920907337191513, 1.7469639860587722, 0.6489407685641368, 0.2446027620506487, 3,10, 3
0.3584114947116344, 1.7056150952217655, 0.6286049412577751, 0.23406456934818562, 4,10, 4
0.3620701124193441, 1.7463954744451275, 0.6309112530343669, 0.2274768261968357, 3,10, 3
0.31370983835561767, 1.8568930332392488, 0.6875882941064607, 0.2532519626596374, 14,10, 1
0.352025543803632, 1.7970225351262235, 0.6669593160310131, 0.23716226804794524, 2,10, 2
0.3628683562828444, 1.7351653971873793, 0.6577689247425492, 0.23337181605535523, 1,10, 1
0.3933346637397725, 1.6505493355203371, 0.6033591298528912, 0.21782486217879313, 3,10, 3
0.3346637397725005, 1.7658107029295789, 0.6828796539301989, 0.24843892402864604, 4,10, 4
0.31563892769241003, 1.80898348397618, 0.6919764850389879, 0.25898083314153164, 0,10, 0
0.3636666001463447, 1.7405660458408192, 0.6630021773985433, 0.24062976998729957, 2,10, 2
0.35468635668196635, 1.7000117013274905, 0.6322450564413464, 0.2351375660326668, 2,10, 2
0.3461052351493381, 1.726862823311729, 0.6379096119688993, 0.26121175619458564, 4,10, 4
0.33346637397725004, 1.7748972402960765, 0.6492999890567661, 0.2648141486304066, 5,10, 5
0.33379897558704186, 1.8688514810701033, 0.6449801286889293, 0.25040084343875324, 3,10, 3
0.28484001862569014, 2.013073282863362, 0.6899335370152991, 0.2970031228181, 3,10, 3
0.35102773897425665, 1.791943444319846, 0.6324180497451877, 0.2374421974605503, 2,10, 2
0.3459721945054214, 1.8202098240746414, 0.6288650211469454, 0.2357076337466723, 3,10, 3
0.35229162509146544, 1.7123458481785352, 0.6672483750477839, 0.27280437774804667, 1,10, 1
0.4089669393999867, 1.6180579134810196, 0.595851884126484, 0.21471974533738386, 2,10, 2
0.4135568416151134, 1.6099107194807623, 0.5997045757076385, 0.21225502428393256, 2,10, 2
0.35641588505288363, 1.7536336100988423, 0.6428600120197169, 0.2464408183575382, 12,10, 1
0.3563493647309253, 1.7440799787469088, 0.6328929742184236, 0.241956209335552, 2,10, 2
0.3231557240737045, 1.8283254374897837, 0.7133204014693737, 0.2809418894643107, 2,10, 2
0.36326747821459454, 1.7613299849581228, 0.6751505818311613, 0.2378735866175126, 2,10, 2
0.3809618838555179, 1.687439672911087, 0.6282147117769721, 0.22672669305566395, 2,10, 2
0.32634869952770573, 1.8900162805592173, 0.6600167489894463, 0.24036078934219124, 11,10, 1
0.41322424000532165, 1.606396628300016, 0.5887084945233633, 0.21578827804069742, 1,10, 1
0.3072573671256569, 1.9430811348126684, 0.6711395574533741, 0.26304736672857315, 6,10, 1
0.3911394931151467, 1.6571787802241944, 0.6206964668555092, 0.22066648332475697, 2,10, 2
0.39306858245193904, 1.6153898962545339, 0.602190322160018, 0.2272723794976052, 4,10, 4
0.10077828776691279, 2.303736140292966, 0.8944213325400786, 0.36684194226088074, 0,10, 0
0.11441495376837624, 2.314362792945595, 0.9084904521343872, 0.45474422199580977, 2,10, 2
0.10111088937670458, 2.4068980971187095, 0.9116167084157132, 0.5865767482064065, 4,10, 4
0.10111088937670458, 2.4824240708362235, 0.9116167084157132, 0.5865767482064065, 3,10, 3
0.14674383024013837, 2.4454738806323806, 0.8431837038442994, 0.44971148530074373, 3,10, 3
0.12572340850129715, 2.447644579405002, 0.8778387807390469, 0.4934715393720042, 0,10, 0
0.14328477349830374, 2.366049193958477, 0.8521143221284564, 0.38302247840868736, 3,10, 3
0.10277389742566354, 2.304166551630059, 0.9244700172340484, 0.5705384541825576, 2,10, 2
0.12013570145679506, 2.358553208642192, 0.8916020923814333, 0.4591452124241979, 2,10, 2
0.12432648174017162, 2.4473743620611415, 0.8868529447849851, 0.49812289646663116, 3,10, 3
0.1648373578128118, 2.2087187833798065, 0.8481053941204014, 0.35181842782316575, 4,10, 4
0.15998137430985165, 2.249846981003606, 0.836219235244958, 0.35022531862131734, 2,10, 2
0.14800771635734716, 2.332872825595724, 0.8767649906550719, 0.38658077380924305, 3,10, 3
0.18858511275194573, 2.426107097974931, 0.8156446628249282, 0.30506976643397543, 3,10, 3
0.23973924033792324, 2.1841517234406833, 0.7771322431657339, 0.2517428616638735, 5,10, 5
0.17355151998935675, 2.2930137686947343, 0.8695661788243862, 0.387975612053161, 2,10, 2
0.21213330672520456, 2.2306917268605178, 0.8189551357829186, 0.2960145240490048, 4,10, 4
0.21306459123262156, 2.125478085013736, 0.7733774330557938, 0.27249796875644333, 0,10, 0
0.2214461517993747, 2.0878093590646305, 0.7677110941014048, 0.2829771890209982, 1,10, 1
0.16523647974456196, 2.2046349003989327, 0.8223000275723007, 0.4157057681353528, 3,10, 3
0.2128650302667465, 2.1130446656762283, 0.7851409676687154, 0.33186897827881345, 2,10, 2
0.22962815140025278, 2.089493785770894, 0.8130443078312581, 0.30757332660806247, 2,10, 2
0.18911727532761258, 2.1915086114754705, 0.7988718520549759, 0.34874775668974656, 3,10, 3
0.1859242998736114, 2.0977613430913555, 0.8077587721761655, 0.34210933400107213, 3,10, 3
0.23381893168362936, 2.1139169447988855, 0.7996163084764176, 0.2845202238892692, 5,10, 5
0.21565888378899753, 2.0844339885326595, 0.8037166236305646, 0.2996060990570637, 3,10, 3
0.23401849264950442, 2.0223540125600215, 0.7737343279983869, 0.2783893450060566, 4,10, 4
0.2571675646910131, 2.0133488077028763, 0.7476796495368656, 0.24750190568332558, 1,10, 1
0.2622896294818067, 1.9574671194283444, 0.7301993000980529, 0.25891424773560584, 2,10, 2
0.16576864232022884, 2.2512011854367717, 0.8484143976931863, 0.422813357716934, 3,10, 3
0.2511142153928025, 2.0367729533165106, 0.7488573978846204, 0.2916198957224216, 4,10, 4
0.26288831237943194, 2.0568361750645354, 0.7684421449859004, 0.26224375270692496, 2,10, 2
0.2801170757666467, 1.9954904335618677, 0.7374132603213583, 0.253484461691369, 2,10, 2
0.21259894897891307, 2.028304073630253, 0.786020237766246, 0.3364869258080605, 5,10, 5
0.2318233220248786, 2.0051039433829017, 0.7654207960309417, 0.27355358854386386, 7,10, 7
0.27000598682897625, 1.9514670261031162, 0.7223887540687923, 0.25689635280842177, 2,10, 2
0.25523847535422073, 1.9954873447245183, 0.7439385126407067, 0.27611151933369027, 5,10, 5
0.29880928623694536, 1.9181690737927244, 0.7178115370752773, 0.24386935617205097, 3,10, 3
0.272001596487727, 1.972882877136509, 0.7361538502213427, 0.25078666153164647, 3,10, 3
0.23814275261092263, 2.0221671807363917, 0.7788709815879166, 0.27867074617978527, 2,10, 2
0.2297611920441695, 2.0671167143335016, 0.7976236868966337, 0.30246189712872884, 2,10, 2
0.250648573139094, 1.9647714181676847, 0.7659037144617271, 0.27282153115646035, 4,10, 4
0.26109226368655625, 1.9757823215795438, 0.7414888954618236, 0.2843983490183173, 3,10, 3
0.2845074170158984, 1.947377077141327, 0.7294279966861977, 0.24889323705106253, 3,10, 3
0.21831969666733186, 2.1722789941763105, 0.8089681400227157, 0.32921937676732527, 4,10, 4
0.21259894897891307, 2.05074821446959, 0.774800277864895, 0.36070932733487004, 2,10, 2
0.27951839286902147, 1.9597691206694807, 0.7569986282010206, 0.28991061395870266, 3,10, 3
0.23827579325483936, 1.9904686093096453, 0.7684702371742899, 0.2887450606637566, 2,10, 2
0.29149205082152596, 1.8632130318754394, 0.7069671649489083, 0.25228260665983004, 3,10, 3
0.29574935142686093, 1.8800512116338206, 0.7096989245886101, 0.25313603379740557, 0,10, 0
0.3532229095988825, 1.7930694790781911, 0.645129190016202, 0.21423963948585825, 4,10, 4
0.268476019423934, 1.9080980729158312, 0.7509336911681685, 0.27927381686901226, 4,10, 4
0.27712366127852056, 1.8719299215919314, 0.7442680598328992, 0.27884752904549664, 1,10, 1
0.25071509346105236, 1.9661546514386832, 0.7703109841819145, 0.326515784955197, 3,10, 3
0.27625889709306195, 1.9130370236954544, 0.7478586425425346, 0.28205558236472816, 2,10, 2
0.2565688817933879, 2.035747282125236, 0.7798943938655327, 0.28961576657752186, 2,10, 2
0.2909598882458591, 1.8875423421492115, 0.7240746302887606, 0.27826749780921384, 4,10, 4
0.3163041309119936, 1.8063560345212055, 0.6862635371983526, 0.2440221411085797, 6,10, 6
0.31623761059003525, 1.8152126530635733, 0.6977813805265876, 0.23873303986592076, 3,10, 3
0.3505620967205481, 1.782783832000828, 0.6606493328568456, 0.2306098033080355, 4,10, 4
0.25903013370584715, 1.924572981170914, 0.7728801956943228, 0.3165052667083242, 8,10, 8
0.32328876471762125, 1.7916894423040193, 0.6968801420687599, 0.2588462831969377, 5,10, 5
0.31829974057074434, 1.8075639558855046, 0.7190104885195134, 0.2575995799100123, 2,10, 2
0.3098516596820329, 1.827985102244736, 0.728182521429665, 0.26418781669788105, 5,10, 5
0.22743298077562696, 2.0531482713215605, 0.7736969402514449, 0.3244562561453359, 3,10, 3
0.2990753675247788, 1.9156683155446441, 0.6822446099496835, 0.24964120374709314, 5,10, 5
0.3519590234816736, 1.7577981114117898, 0.6434537375879742, 0.22259474366436133, 4,10, 4
0.32102707377103706, 1.8301112314112877, 0.65978018462077, 0.24632207399901154, 4,10, 4
0.26328743431118207, 2.008217548606187, 0.711575850737455, 0.2935852028542818, 3,10, 3
0.3351959023481674, 1.8346678827096465, 0.6472371691717008, 0.23990566970549254, 3,10, 3
0.29681367657819463, 1.9075281998834106, 0.7185161244461474, 0.2789144449011493, 3,10, 3
0.2766580190248121, 1.903739502442967, 0.7232497915790214, 0.3127634433735354, 4,10, 4
0.3213596753808288, 1.855063310554782, 0.7127682334651436, 0.2566481683843199, 3,10, 3
0.36685957560034593, 1.7046025989140166, 0.6326432872063781, 0.22669637726871233, 4,10, 4
0.3123129115944921, 1.8013357086440311, 0.6989528340409378, 0.28956733057569556, 3,10, 3
0.3313377236745826, 1.7636482031073135, 0.6690056619719787, 0.2557849828962427, 2,10, 2
0.29681367657819463, 1.8873699089827067, 0.6975208472545783, 0.26412766435079116, 4,10, 4
0.3461052351493381, 1.7572888453440665, 0.6454569536661238, 0.2343525191332903, 3,10, 3
0.35435375507217454, 1.7180857858029872, 0.6755057929688136, 0.23497818148056704, 1,10, 1
0.34743564158850526, 1.80337709190642, 0.6734304847661893, 0.23654729918585699, 4,10, 4
0.37430985165968206, 1.6899276752735353, 0.6585234964009246, 0.2297254509747919, 3,10, 3
0.34544003192975453, 1.736792251619363, 0.6779306382757346, 0.24039779654369553, 4,10, 4
0.37889975387480873, 1.689021390275645, 0.6450386401812611, 0.2198241833979069, 2,10, 2
0.3456395928956296, 1.7495760964836211, 0.6872111881234106, 0.25141891191782223, 3,10, 3
0.270139027472893, 1.9913689533569083, 0.7277312268663277, 0.29763560066075456, 4,10, 4
0.3847535422071443, 1.646586993901877, 0.613046658678978, 0.22673543647762828, 3,10, 3
0.30406439167165566, 1.8285465150554125, 0.7218689256834862, 0.30561400367054753, 3,10, 3
0.3067917248719484, 1.7857824278129184, 0.7106915955050728, 0.2895253764905475, 3,10, 3
0.3256169759861638, 1.8471460302123637, 0.6770809997561323, 0.2504268992464074, 5,10, 5
0.352956828311049, 1.724671898030207, 0.6821562020472095, 0.24003437939455047, 5,10, 5
0.33586110556775095, 1.751423055558221, 0.7011293363554045, 0.26258225751813397, 6,10, 6
0.34297878001729526, 1.7306073111440023, 0.6738354792972303, 0.2534617489053046, 2,10, 2
0.31863234218053615, 1.7761044652687372, 0.6800783641002661, 0.2908634970291427, 3,10, 3
0.33406505687487525, 1.7929207288585705, 0.6727584698241779, 0.2565861317410928, 4,10, 4
0.3655291691611787, 1.6918201578366798, 0.6158978955764659, 0.23185248807299763, 4,10, 4
0.3523581454134238, 1.7359943214940476, 0.6380596411618099, 0.23802697764565053, 3,10, 3
0.36606133173684563, 1.698652742049068, 0.6187259703697242, 0.23276640069935092, 3,10, 3
0.3327346504357081, 1.7688965818041902, 0.6468982856627724, 0.2550223615952759, 2,10, 2
0.35641588505288363, 1.7229832348919973, 0.650814429035263, 0.236050608563118, 2,10, 2
0.36220315306326084, 1.7639477366059553, 0.639434983782671, 0.24121978439025327, 3,10, 3
0.35275726734517393, 1.751463733477197, 0.656367467987143, 0.24248573494453768, 3,10, 3
0.10077828776691279, 2.303736140292966, 0.8944213325400786, 0.36684194226088074, 0,10, 0
0.15519191112884986, 2.3995661200904834, 0.8898534968367096, 0.4008371181710722, 3,10, 3
0.1426860906006785, 2.4368250955089255, 0.9061397033828746, 0.4613949483847112, 2,10, 2
0.09904875939599547, 2.3780892062931014, 0.8938837418790088, 0.5792012191248178, 3,10, 3
0.10017960486928756, 2.6226795932961613, 0.8809460096444873, 0.5294039308887778, 2,10, 2
0.10530166966008116, 2.516356516136568, 0.8845479710586062, 0.5650202506401283, 3,10, 3
0.1578527240071842, 2.5407498142624587, 0.8202880515391676, 0.39191819381248755, 2,10, 2
0.1828643650635269, 2.309822979757174, 0.8206903606091952, 0.32697709275139786, 5,10, 5
0.11461451473425131, 2.7906853226850763, 0.8979589487791909, 0.4915255007571466, 7,10, 1
0.1714228696866893, 2.2754574876214457, 0.8304513899626629, 0.3484748100800596, 4,10, 4
0.20561431517328543, 2.152191053787756, 0.8324143175410345, 0.31619332751735235, 3,10, 3
0.19703319364065722, 2.20020664196992, 0.8003065082875851, 0.31420327913550944, 2,10, 2
0.22111355018958292, 2.336876196786885, 0.768487870321958, 0.26869901815710806, 4,10, 4
0.2139958757400386, 2.2962798630295973, 0.7775703294043922, 0.2838427686863391, 1,10, 1
0.1954367059136566, 2.305659644575816, 0.7801744079675335, 0.31950147304500814, 0,10, 0
0.24545998802634206, 2.0362230207735625, 0.7681926153065333, 0.2656831682241738, 3,10, 3
0.23302068782012905, 2.0316625463901494, 0.7641278494809254, 0.27979389727444254, 3,10, 3
0.2217787534091665, 2.1474538761437203, 0.7621268487011473, 0.29107806436555106, 5,10, 5
0.26395263753076564, 2.050556786635405, 0.744999306082668, 0.2533241311342512, 3,10, 3
0.2064790793587441, 2.29330321598662, 0.7811921690287396, 0.308969712162124, 2,10, 2
0.21918446085279053, 2.102288844257044, 0.8205829598944233, 0.3274778874780694, 1,10, 1
0.2227100379165835, 2.0935468626820875, 0.771004787625577, 0.2769627988314038, 1,10, 1
0.210736379964079, 2.102012654906823, 0.7949540301767875, 0.30713768950550935, 0,10, 0
0.2378766713230892, 2.1478735533456383, 0.7575086492393255, 0.26082009678170703, 3,10, 3
0.2040843477682432, 2.062276780682632, 0.8022768886574506, 0.3405722871376033, 5,10, 5
0.25763320694472164, 2.057974349561902, 0.7606913079017187, 0.2544514244367119, 3,10, 3
0.2587640524180137, 2.0120033828400015, 0.7655716252830905, 0.26783567710841827, 2,10, 2
0.27180203552185195, 1.976909043192903, 0.7161241308238082, 0.25009194916109156, 1,10, 1
0.2082086077296614, 2.120818650649946, 0.7857188880828158, 0.315144635035278, 6,10, 6
0.27000598682897625, 2.0097243758083887, 0.755770563757973, 0.2628962084167376, 2,10, 2
0.18791990953236215, 2.370202135718179, 0.797995746206213, 0.39988213396590583, 3,10, 3
0.2950841482072773, 1.9072296637495318, 0.7262634624071457, 0.2579876186376721, 3,10, 3
0.26694605201889177, 1.9444981985329899, 0.7120991826216533, 0.27111580491244536, 3,10, 3
0.22809818399521054, 2.0110957140076593, 0.757929975839859, 0.35454214608574885, 5,10, 5
0.19556974655757334, 2.1951229083699033, 0.7906110554487498, 0.38436518542915654, 5,10, 5
0.26428523914055746, 2.0790887708428585, 0.7133021638532087, 0.28231928723823635, 1,10, 1
0.23222244395662875, 2.0161439832048424, 0.7725887559561159, 0.3389635159103422, 5,10, 5
0.30107097718352954, 1.933541460365289, 0.7450169876115998, 0.2514813201089806, 2,10, 2
0.24878600412425997, 1.9159823410732895, 0.7539346283119372, 0.33007142679047624, 5,10, 5
0.2619570278720149, 1.9749819065039564, 0.7583980290384486, 0.2989203111047914, 3,10, 3
0.29535022949511075, 1.8982040979528685, 0.688306953302489, 0.25685982642581906, 2,10, 2
0.32295616310782943, 1.8479227803646032, 0.7047589058150768, 0.24279156823390305, 2,10, 2
0.32189183795649573, 1.8417037850145348, 0.6797348291513465, 0.23937761387185838, 2,10, 2
0.2537085079491785, 2.018306713617943, 0.7436038723915094, 0.3172941872329288, 4,10, 4
0.26554912525776625, 1.9587999668587137, 0.7223472250142877, 0.29721800092150685, 2,10, 2
0.29295549790460984, 1.9019096992527789, 0.7001797518666086, 0.26729181591668516, 2,10, 2
0.21871881859908202, 2.272769282227829, 0.7748326884680702, 0.37747479680034246, 10,10, 0
0.3110490254772833, 1.835776899043397, 0.6754224049466805, 0.2507230391672305, 3,10, 3
0.3550854786137165, 1.8113810089322326, 0.6328975374898401, 0.22617476254766355, 5,10, 5
0.3033991884520721, 1.9038465494013812, 0.7093947224032143, 0.2719028141919183, 6,10, 0
0.31623761059003525, 1.8543449492719544, 0.6726875920012267, 0.24830477630573178, 4,10, 4
0.3281447482205814, 1.79425469111248, 0.6588539623637921, 0.24363082920585835, 4,10, 4
0.2960819530366527, 1.863024051526996, 0.7061982909407173, 0.2752696227146075, 2,10, 2
0.3675247788199295, 1.7326591510833924, 0.6278568347231157, 0.22557651741828072, 4,10, 4
0.3244861305128717, 1.8011519166136711, 0.6617357316617293, 0.24955465550199965, 3,10, 3
0.35674848666267545, 1.7289279276109983, 0.6439517127056004, 0.22906381781501867, 2,10, 2
0.3418479345440032, 1.7561018017842955, 0.6536500928750641, 0.23429008289766595, 3,10, 3
0.3890773631344376, 1.6684912405791639, 0.6122273331456839, 0.21953123962680376, 2,10, 2
0.354619836360008, 1.746163344497033, 0.6596987950350564, 0.2465468356427401, 1,10, 1
0.3069247655158651, 1.7881681277821626, 0.6805420109609074, 0.26147560489843974, 4,10, 4
0.364464844009845, 1.6936303894950238, 0.6461850428946267, 0.23376979561427558, 2,10, 2
0.3397858045632941, 1.7378292348616726, 0.6557317630915352, 0.24233897748497196, 2,10, 2
0.3661943723807623, 1.7138174295143906, 0.6345335804408628, 0.22659485921444752, 3,10, 3
0.36792390075167963, 1.7390229255228646, 0.6411889851600294, 0.2264224295121018, 1,10, 1
0.3718485997472228, 1.7008864811133984, 0.6470172401780461, 0.22496084550632353, 3,10, 3
0.29754540011973657, 1.840236301180814, 0.7009335738683419, 0.26775468926386126, 2,10, 2
0.2632209139892237, 1.9239512063889481, 0.7273583806802965, 0.2942794213290942, 2,10, 2
0.3143085212532429, 1.876244735243569, 0.6738394681460094, 0.2490230867299933, 2,10, 2
0.26235614980376504, 1.8344224993061942, 0.724814214696045, 0.32272039033933625, 5,10, 5
0.33359941462116677, 1.8266807821373783, 0.6473652166390932, 0.23555300466744156, 2,10, 2
0.29388678241202687, 1.8493871231846075, 0.7140953534863658, 0.26786755668751594, 2,10, 2
0.32794518725470634, 1.7877226743894463, 0.669131184815294, 0.24358438745222055, 1,10, 1
0.317301935741369, 1.8184178182522568, 0.7340126967946989, 0.26750027477022237, 2,10, 2
0.264019157852724, 1.917702711703796, 0.7346918266228559, 0.33473909405208324, 3,10, 3
0.31603804962416016, 1.803651451701724, 0.7136185410909005, 0.26400008771073935, 1,10, 1
0.28417481540610656, 1.8629656497200497, 0.7118711193096311, 0.27149377053162066, 3,10, 3
0.30586044036453136, 1.8067655701730205, 0.7102581290398285, 0.28020350248909714, 2,10, 2
0.3096520987161578, 1.8560969612380824, 0.6793139009273181, 0.25505866296862195, 1,10, 1
0.29920840816869554, 1.8357462147701162, 0.6831324379628376, 0.25529096581526634, 1,10, 1
0.31896494379032797, 1.852342888281698, 0.6658690274135733, 0.249565960122361, 1,10, 1
0.26029401982305594, 1.8575262319603136, 0.7321839248317324, 0.3292834772557897, 2,10, 2
0.3415153329342114, 1.7478523805954576, 0.6857024521825136, 0.25906209545741854, 1,10, 1
0.2718685558438103, 1.9257830134775398, 0.7380842304322883, 0.2800527879313978, 1,10, 1
0.25630280050555443, 1.9066961373483826, 0.7401154569656847, 0.30517431795179567, 1,10, 1
0.28676910796248256, 1.8301094766308001, 0.711523502959853, 0.27568773519523854, 3,10, 3
0.2733320029268942, 1.902446386551719, 0.7598825564120267, 0.2984295684996866, 1,10, 1
0.24499434577263354, 1.9664637733424073, 0.7346803226691138, 0.30923229644518124, 12,10, 0
0.3080556109891572, 1.8506817657544863, 0.6837870202655357, 0.24730395570949765, 1,10, 1
0.30466307456928093, 1.8447152224873573, 0.680592520443763, 0.2541497429778009, 2,10, 2
0.3090534158185326, 1.8912655580450592, 0.7263263808237791, 0.26421517845445286, 2,10, 2
0.2699394665070179, 1.888091565251969, 0.7216029169466333, 0.3037973619959656, 1,10, 1
0.2610257433645979, 1.8925766384562737, 0.7319953091525605, 0.30345331416482396, 3,10, 3
0.3021353023348633, 1.8524542727497677, 0.6849107680239682, 0.255268310375565, 1,10, 1
0.2681434178141422, 1.9313971421512897, 0.7091615320080956, 0.279697303616481, 3,10, 3
0.31703585445353555, 1.8791736240936658, 0.6684755487259986, 0.26416212254950944, 3,10, 3
0.24213397192842415, 1.8923207245638751, 0.755304071259769, 0.3473653003716005, 1,10, 1
0.23049291558571144, 2.061593605465243, 0.7446245397724617, 0.33398110861832103, 4,10, 4
0.27126987294618504, 1.9875595702831914, 0.7724285667946681, 0.28706620007603395, 1,10, 1
0.1969001529967405, 2.1978091857556707, 0.7935208744475843, 0.37264602266921243, 10,10, 0
0.30446351360340584, 1.9349720829468735, 0.7214132994528185, 0.25766586872150066, 4,10, 4
0.31896494379032797, 1.82680777081439, 0.6686128297800482, 0.24367369377471643, 2,10, 2
0.10077828776691279, 2.303736140292966, 0.8944213325400786, 0.36684194226088074, 0,10, 0
0.09904875939599547, 2.3593670681375696, 0.8938630471004607, 0.5788129439306552, 7,10, 0
0.09904875939599547, 2.5966400066662603, 0.8938837418790088, 0.5792012191248178, 2,10, 2
0.13317368456063328, 2.363923120719107, 0.8556722855996677, 0.3641769729764854, 0,10, 0
0.09931484068382891, 2.466567157791069, 0.8960848242622454, 0.5723045720146362, 5,10, 5
0.1442825783276791, 2.4249107123912075, 0.8487843076838841, 0.33902492515510324, 4,10, 4
0.10623295416749817, 2.434623516673283, 0.8860355502140952, 0.5625416162228896, 3,10, 3
0.1112884986363334, 2.7028174733700077, 0.8791552872849655, 0.5444349834850082, 5,10, 5
0.1318432781214661, 2.5938105816724715, 0.8572156272474283, 0.378110190944076, 4,10, 4
0.11328410829508415, 2.485179710477791, 0.877752875535618, 0.5373113949687105, 3,10, 3
0.15698795982172553, 2.234582263481464, 0.8338892521941852, 0.4075624629560003, 4,10, 4
0.15446018758730792, 2.2145421472224123, 0.8389390273257349, 0.3764895381729579, 1,10, 1
0.17208807290627287, 2.1880195832994738, 0.810363179526669, 0.3355848683657933, 1,10, 1
0.22357480210204217, 2.102511243319659, 0.7541598345721215, 0.26272781381440696, 4,10, 4
0.18379564957094394, 2.1548599239984196, 0.8060052620752036, 0.375835088796872, 2,10, 2
0.15838488658285105, 2.304710740230837, 0.8434266072331961, 0.3939823557686323, 4,10, 4
0.14960420408434777, 2.2631103737557443, 0.8299364905033622, 0.43129501361562617, 5,10, 5
0.21319763187653828, 2.1974923947071083, 0.7663591986563526, 0.3075704750933317, 3,10, 3
0.19603538881128185, 2.085002093315759, 0.7877634800308018, 0.34387650291749156, 1,10, 1
0.2281647043171689, 2.078403224676564, 0.7972639836988507, 0.2843996351243268, 5,10, 5
0.21499368056941395, 2.3611852117286727, 0.7586718203751828, 0.29134285633914164, 4,10, 4
0.27672453934677044, 1.9862826447568396, 0.7418291642574991, 0.24768218008147883, 2,10, 2
0.26155790594026473, 2.0368704596481217, 0.7561843806431306, 0.2561981578289819, 3,10, 3
0.24738907736313442, 2.0450849909431277, 0.742522369167536, 0.2581805015825493, 4,10, 4
0.26235614980376504, 2.054574709817066, 0.7454547298611222, 0.2516087739705929, 3,10, 3
0.2310250781613783, 2.029845169354903, 0.7640333524025064, 0.327854689546452, 1,10, 1
0.27938535222510474, 1.985403122091804, 0.7402563537249043, 0.24926755341943657, 4,10, 4
0.25903013370584715, 2.004930909011588, 0.7482403380122985, 0.28010129938009504, 3,10, 3
0.2834430918645646, 1.9885543478286203, 0.7299196087803508, 0.24921937320592544, 2,10, 2
0.29348766048027675, 1.9049212574415608, 0.7287600311628067, 0.25001665563415226, 2,10, 2
0.2610257433645979, 1.9851401139858327, 0.7327049744127503, 0.27188966362033623, 5,10, 5
0.24113616709904875, 2.0286967436496366, 0.7587831428443148, 0.3011985956775085, 1,10, 1
0.23155724073704517, 2.085093525671193, 0.7667606160508653, 0.29578827717799633, 3,10, 3
0.2636865562429322, 1.9605549333148364, 0.7207919933904, 0.2744182903363456, 2,10, 2
0.2664804097651833, 1.9947908314284803, 0.7622631569054247, 0.28015990243171035, 1,10, 1
0.2724672387414355, 1.9699484556526796, 0.7062911987414422, 0.26278018605787534, 2,10, 2
0.3378567152265017, 1.799282489799576, 0.6771658737277465, 0.23181662780110696, 4,10, 4
0.3017361804031132, 1.897349745951068, 0.7366851340126204, 0.28251316060648324, 3,10, 3
0.27732322224439565, 1.933072512908538, 0.7264327748612058, 0.26704712663194974, 5,10, 5
0.23634670391804696, 2.2562021360892635, 0.7534726648831842, 0.2945118780289483, 6,10, 6
0.26315439366726534, 1.9748521946801292, 0.7288982441309831, 0.2797085313888105, 3,10, 3
0.2547063127785538, 2.071338774322044, 0.7863394000755806, 0.3257594062545725, 11,10, 1
0.36200359209738575, 1.7386744522425115, 0.6615155397888143, 0.22644553096234776, 2,10, 2
0.2919576930752345, 1.8619010765193458, 0.6936686947478822, 0.273023911842974, 1,10, 1
0.2555045566420541, 2.0953811593162937, 0.7248821234275806, 0.2817322603939122, 11,10, 1
0.3528237876671323, 1.735067622190796, 0.6476730761818666, 0.22901898248321217, 3,10, 3
0.33985232488525247, 1.7930789496726098, 0.6804245148923911, 0.24119777900689698, 3,10, 3
0.3024679039446551, 1.846501525725654, 0.6811297741925745, 0.2533838468764584, 1,10, 1
0.3469034790128384, 1.7504412153619164, 0.6587315033071981, 0.249246854207542, 5,10, 5
0.24851992283642652, 2.016924072998925, 0.7400990554206716, 0.3277291651905257, 5,10, 5
0.3442426661345041, 1.761688175182305, 0.6814252910979879, 0.24689660397546348, 4,10, 4
0.357413689882259, 1.756872901433656, 0.6431813867098455, 0.22782033194347842, 2,10, 2
0.3441096254905874, 1.75973815917037, 0.647680383727691, 0.23391706894761896, 5,10, 5
0.32994079691345707, 1.8324860361873259, 0.6510774643813885, 0.24011096078991961, 4,10, 4
0.3216257566686623, 1.7932824076881335, 0.6575048219900493, 0.2493977287463498, 3,10, 3
0.360007982438635, 1.7266796611584978, 0.6334231143272302, 0.2273326684882684, 4,10, 4
0.3747089735914322, 1.6894531596633144, 0.6294093652903012, 0.22765005849135858, 2,10, 2
0.3378567152265017, 1.7412025050237763, 0.6516426962232462, 0.2578652991148517, 2,10, 2
0.29455198563161045, 1.908515532355517, 0.6986331643862022, 0.27411513645043106, 4,10, 4
0.3514268609060068, 1.7598087239735682, 0.6529933122610467, 0.23992037334910826, 5,10, 5
0.34657087740304665, 1.7535556267694443, 0.6492678094787425, 0.24048292243778632, 2,10, 2
0.38335661544601873, 1.668025467578248, 0.6052586681903862, 0.21817520655195138, 4,10, 4
0.3566154460187587, 1.7071838909353094, 0.6465773709518046, 0.2527668353951966, 3,10, 3
0.33014035787933216, 1.7989488003128329, 0.6809365774648265, 0.2536543227224202, 2,10, 2
0.39865628949644116, 1.6396153827615343, 0.609321563840281, 0.2149632290751908, 0,10, 0
0.3450409099980044, 1.7941056027436522, 0.6482764131083892, 0.24078966957192843, 2,10, 2
0.3489656089935475, 1.7369302351458664, 0.6799543846950384, 0.25677714694865433, 3,10, 3
0.35914321825317636, 1.713672208592126, 0.6709172693105794, 0.24572030310394669, 4,10, 4
0.38861172088072904, 1.6516550904088951, 0.614497489143188, 0.21717786383861537, 2,10, 2
0.3834231357679771, 1.6741077761319252, 0.6146457970334296, 0.22143177533255315, 2,10, 2
0.32288964278587107, 1.846890794761419, 0.6593800179607006, 0.25131702008908696, 4,10, 4
0.34291225969533695, 1.7927337921191886, 0.6450214914098353, 0.23936569432839166, 2,10, 2
0.33359941462116677, 1.8704660923019432, 0.655198811011022, 0.25210367303046216, 4,10, 4
0.3824918512605601, 1.6631431476819114, 0.6219616841292025, 0.23251176260994572, 2,10, 2
0.3836226967338522, 1.6725587050427317, 0.5934579846633246, 0.22354029170919354, 3,10, 3
0.40584048426794384, 1.6194259367175963, 0.6087193537815743, 0.22010401947795294, 2,10, 2
0.34683695869088005, 1.896985783262567, 0.6533699815036882, 0.2583933738899384, 2,10, 2
0.3944655092130646, 1.6413151353254676, 0.6235995508339469, 0.2230541935842617, 3,10, 3
0.3737111687620568, 1.6937408384401815, 0.6573160109425842, 0.25241309551655755, 1,10, 1
0.4081686955364864, 1.611121332110945, 0.573244803366241, 0.2103152134941332, 3,10, 3
0.39499767178873146, 1.6697967946995267, 0.5953550384239018, 0.21654019917106987, 6,10, 6
0.34171489390008647, 1.873904656772722, 0.6376860848358612, 0.23913058226404846, 3,10, 3
0.38082884321160115, 1.6956016583909517, 0.6049087653499982, 0.22999540592971204, 5,10, 5
0.37577329874276594, 1.7005118747895203, 0.6230690984814656, 0.22850966117985924, 2,10, 2
0.3892104037783543, 1.6270983973254718, 0.5935392989768477, 0.22136371843092498, 2,10, 2
0.3862169892902282, 1.6504549066814478, 0.6024963902298065, 0.22808105014734537, 1,10, 1
0.3773697864697665, 1.689537902584866, 0.6383370507663526, 0.23445955372677538, 1,10, 1
0.3819596886848932, 1.7037028472174, 0.5944851270412423, 0.22509939858197178, 3,10, 3
0.36606133173684563, 1.7057686253677369, 0.6620774611160158, 0.24963733780950634, 6,10, 6
0.3708507949178474, 1.6918689104037823, 0.6292174092348443, 0.24313869982878494, 3,10, 3
0.392869021486064, 1.6465463056770824, 0.5846736182187244, 0.21659822046685523, 0,10, 0
0.4162841748154061, 1.58432931143478, 0.5793608934698071, 0.21840954188149497, 3,10, 3
0.33093860174283246, 1.8441792931364325, 0.6569415285498975, 0.27572859694366153, 4,10, 4
0.409765183263487, 1.6214727587581101, 0.5971494426296926, 0.22298268249332115, 3,10, 3
0.38322357480210206, 1.6197048378214345, 0.5947882505232357, 0.23275319672698608, 3,10, 3
0.3894764850661877, 1.6264514150630134, 0.606643193518616, 0.23135174296571825, 3,10, 3
0.4098982239074037, 1.5836244142853253, 0.5740500452643729, 0.22503618566710215, 3,10, 3
0.3171688950974523, 1.9180236539836217, 0.6627101668749639, 0.29629918277553335, 1,10, 1
0.3694538681567219, 1.6427387401173152, 0.6046865888967806, 0.2389577523303524, 3,10, 3
0.3995875740038582, 1.6489503067969355, 0.5748357191912258, 0.21684269221431424, 3,10, 3
0.39692676112552383, 1.6163417452079352, 0.5909476984748383, 0.22543477198410414, 1,10, 1
0.10077828776691279, 2.303736140292966, 0.8944213325400786, 0.36684194226088074, 0,10, 0
0.15026940730393135, 2.302748509496302, 0.8294021792781041, 0.3491288464983387, 0,10, 0
0.09878267810816205, 2.5112307624157766, 0.9000015148416551, 0.5851382153222023, 2,10, 2
0.10796248253841549, 2.4996744258305608, 0.9048872817567569, 0.5373480308385475, 2,10, 2
0.10111088937670458, 2.455434938093419, 0.9217968032133628, 0.5560687746764659, 4,10, 4
0.18885119403977915, 2.2990373674048357, 0.8025743007447121, 0.280128506596497, 1,10, 1
0.18359608860506885, 2.2871822811113516, 0.8183288978163684, 0.3140907282537014, 5,10, 5
0.10776292157254042, 2.444564502308851, 0.8932086404630859, 0.4648188979231638, 4,10, 4
0.15020288698197298, 2.4742800543893955, 0.8473196451803707, 0.4177107418259485, 2,10, 2
0.16536952038847869, 2.2802590583760542, 0.8301098108845385, 0.3784596276817884, 2,10, 2
0.1479411960353888, 2.3626508502627788, 0.8447560054508156, 0.4436751622873531, 3,10, 3
0.20468303066586843, 2.1638405501846463, 0.8003181444151801, 0.3083728552060838, 4,10, 4
0.2112685425397459, 2.1097326534344574, 0.795631040615188, 0.31812410622773957, 2,10, 2
0.20321958358278455, 2.2299537341933933, 0.7924670125776039, 0.2965781888082569, 2,10, 2
0.2351493381227965, 2.0792690612222593, 0.753853478055701, 0.26633510336250643, 2,10, 2
0.2072773232222444, 2.0778395544286816, 0.7782842488376001, 0.3174593665491636, 3,10, 3
0.19716623428457394, 2.21643210224213, 0.7860100334684883, 0.3188318345476664, 5,10, 5
0.18266480409765185, 2.1679977823269625, 0.8091228417191343, 0.3475669680768476, 4,10, 4
0.17913922703385884, 2.311612352141044, 0.811371312606965, 0.35389676906447254, 3,10, 3
0.19922836426528304, 2.111875190721303, 0.783005803539753, 0.3126436310967858, 2,10, 2
0.23973924033792324, 2.0678699713247166, 0.750410220482746, 0.27408361600405234, 3,10, 3
0.18725470631277855, 2.2602970503701316, 0.8092511866299545, 0.362721771265239, 8,10, 1
0.24971728863167697, 2.1124970645895975, 0.7355986353429251, 0.2545706854402718, 3,10, 3
0.18918379564957094, 2.223463226551584, 0.7955308575723958, 0.38078958975597854, 4,10, 4
0.180469633473026, 2.193813915703259, 0.8067624211222271, 0.4004496751499324, 3,10, 3
0.23401849264950442, 2.0618673146488677, 0.7441004700911076, 0.3077556252646337, 4,10, 4
0.24319829707975787, 2.079654273536084, 0.7416785867400582, 0.2930376891541641, 3,10, 3
0.2189183795649571, 2.1706293812354294, 0.7862840180191638, 0.3005871947495577, 4,10, 4
0.2936207011241934, 1.8840270745637673, 0.695092972230472, 0.24862598593884144, 1,10, 1
0.22922902946850263, 2.0540060353591945, 0.781647306244938, 0.3147003689349707, 2,10, 2
0.2173218918379565, 2.0821860809331882, 0.7819506296978307, 0.3554858446421574, 2,10, 2
0.2537085079491785, 1.9802562117929476, 0.7446120671527227, 0.3100101201976048, 2,10, 2
0.3025344242666135, 1.9316091077049233, 0.6847595680758666, 0.23799578931813264, 3,10, 3
0.22769906206346038, 2.111159203270869, 0.7552012874140364, 0.2983635779419574, 2,10, 2
0.24339785804563294, 2.083486936289116, 0.7503425856004757, 0.3140956007933741, 14,10, 1
0.29215725404110954, 1.8695163558059638, 0.6830038124774065, 0.2496037503046907, 4,10, 4
0.3140424399654094, 1.8332821744879046, 0.6729896027437495, 0.2504900435119353, 5,10, 5
0.3219583582784541, 1.8083821664208275, 0.6611107484193284, 0.24099638071640128, 3,10, 3
0.2590966540278055, 1.9590882224264414, 0.7389201402123229, 0.2995813740088015, 0,10, 0
0.28597086409898226, 1.8842804248319656, 0.7265304517825215, 0.2570948815523559, 3,10, 3
0.26860906006785074, 1.9623101944715797, 0.7622153089016167, 0.2774124623115462, 4,10, 4
0.2555710769640125, 1.9583603694022935, 0.7304726313047547, 0.2880595111419335, 3,10, 3
0.29328809951440166, 1.8979337046081843, 0.6842929759583933, 0.25525969195158377, 1,10, 1
0.31384287899953434, 1.8658539198543675, 0.6757074918321312, 0.23841214981998982, 3,10, 3
0.29069380695802566, 1.8689273567321985, 0.725801637416715, 0.26295629432587353, 3,10, 3
0.3349963413822923, 1.7526544563897013, 0.6506770646639337, 0.24157190601178744, 1,10, 1
0.2991418878467372, 1.9545546671032294, 0.6804004914941038, 0.24769017526683867, 11,10, 1
0.3303399188452072, 1.7876628904945953, 0.6752069102428826, 0.24187601488365157, 2,10, 2
0.35435375507217454, 1.7585137245450153, 0.6622709534281053, 0.23394346807197158, 2,10, 2
0.2711368323022683, 1.969816461220351, 0.7268227371741578, 0.31659547285746226, 3,10, 3
0.3193640657220781, 1.8026095299194065, 0.6881984682504811, 0.25752586310491316, 3,10, 3
0.30040577396394597, 1.8330921409872805, 0.6928866533770186, 0.2655539307608857, 3,10, 3
0.3043304729594891, 1.7981908070738186, 0.6791899690220075, 0.2878007789162959, 5,10, 5
0.3563493647309253, 1.7497054071199756, 0.6338729933374458, 0.22446711833848934, 3,10, 3
0.3144415618971596, 1.8451490751412198, 0.677023609486276, 0.25397977256844795, 4,10, 4
0.3250848134104969, 1.8621421254839732, 0.6723536638588051, 0.23733655401113868, 10,10, 1
0.36705913656622097, 1.698980050730323, 0.6530024101925715, 0.23650816434271252, 3,10, 3
0.3479012838422138, 1.7613030718542229, 0.6359252980249385, 0.23307049979902728, 3,10, 3
0.34031796713896095, 1.777783226637373, 0.6405260723444305, 0.23527165079947396, 2,10, 2
0.37238076232288964, 1.6801739787259264, 0.6299280566443978, 0.2315254240177365, 2,10, 2
0.341448812612253, 1.7825911680561954, 0.6460966206173943, 0.23505796706440582, 4,10, 4
0.32375440697132973, 1.7626037270580073, 0.6596793277847455, 0.25911260805304254, 3,10, 3
0.3437105035588372, 1.7812593009007918, 0.659128721919841, 0.24535891116613964, 2,10, 2
0.3049956761790727, 1.8821616788602102, 0.7096210499812017, 0.2648418879083143, 2,10, 2
0.3587440963214262, 1.780622146544418, 0.6264160150698376, 0.23706897977138636, 6,10, 6
0.3375906339386683, 1.8167828136116717, 0.648031457882337, 0.2580347423379831, 3,10, 3
0.351094259296215, 1.7601695309766616, 0.6385382181654025, 0.23294348184625185, 3,10, 3
0.356482405374842, 1.7306965364920501, 0.632903002208886, 0.23309521671223823, 2,10, 2
0.3175680170292024, 1.810270699846176, 0.7269348631335478, 0.28319351133010895, 3,10, 3
0.3365263087873345, 1.7340009178246898, 0.6623074666391732, 0.26520519870660714, 2,10, 2
0.3720481607130979, 1.6944641445781436, 0.6221707031857199, 0.227611032864679, 3,10, 3
0.3450409099980044, 1.7341588288238328, 0.658022892678731, 0.2432806800065154, 3,10, 3
0.30685824519390675, 1.835282483288749, 0.7067182985214682, 0.268902629435802, 3,10, 3
0.36712565688817933, 1.695081016486541, 0.6546487094545203, 0.24049044772531258, 2,10, 2
0.3691877868688884, 1.684861424971125, 0.6179276796517279, 0.22853958269412325, 0,10, 0
0.33805627619237677, 1.8117003708568342, 0.6634513597762929, 0.2543440235920357, 3,10, 3
0.38940996474422934, 1.6830603234969965, 0.6051201514417444, 0.23190742766150343, 6,10, 1
0.3763054613184328, 1.6615393335754378, 0.6501692247064789, 0.2382548305743033, 1,10, 1
0.33872147941196035, 1.7148230055783598, 0.6576416257108961, 0.2535551649387285, 3,10, 3
0.37524113616709903, 1.6856854721167318, 0.6528614510689645, 0.23693298019992884, 3,10, 3
0.36991951041043036, 1.6878080074538777, 0.6090613847198444, 0.23704969283553268, 2,10, 2
0.3953967937204816, 1.6388635126567686, 0.6116959874822295, 0.21966931121651645, 2,10, 2
0.4096986629415286, 1.6012879669743607, 0.6039402117996467, 0.2150872879808775, 2,10, 2
0.3910729727931883, 1.6374120485030874, 0.5924451014784801, 0.22227091084103556, 3,10, 3
0.38129448546530964, 1.6733130301864119, 0.6194843137567659, 0.2250605496472523, 3,10, 3
0.4136233619370718, 1.6270402863592965, 0.604462334831077, 0.21946936113410623, 3,10, 3
0.37557373777689085, 1.693175219794848, 0.6374198252544727, 0.23281312955685077, 7,10, 0
0.39519723275460655, 1.658288576657969, 0.6001840323055129, 0.2165152169225124, 0,10, 0
0.37763586775759994, 1.6882265898164444, 0.6219886220366865, 0.22614052645143382, 3,10, 3
0.31816669992682767, 1.7897120006459286, 0.6722125177436005, 0.28017745050288706, 2,10, 2
0.347568682232422, 1.791333908672494, 0.6329100406083514, 0.2702852640668574, 2,10, 2
0.350162974788798, 1.7122653448985325, 0.6531905736148083, 0.26430111306425547, 2,10, 2
0.35641588505288363, 1.7247635256044325, 0.6449998436280993, 0.261048779568567, 3,10, 3
0.34444222710037914, 1.7445802367231942, 0.6619157084113343, 0.24481025395583192, 3,10, 3
0.3488990886715892, 1.7247429417174536, 0.6298253399607094, 0.260485208449258, 6,10, 6
0.35468635668196635, 1.804136238562516, 0.6289805077021425, 0.2337013709677418, 3,10, 3
0.363533559502428, 1.7051235038740291, 0.6161411747043646, 0.23513827824991151, 4,10, 4
0.313776358677576, 1.7936972439435794, 0.6708115294302226, 0.2659969712899786, 3,10, 3
0.36060666533626023, 1.695645161884508, 0.6507562436379133, 0.2381255431353576, 2,10, 2
0.34823388545200556, 1.7223175543733424, 0.6489163524314298, 0.26238522540239023, 3,10, 3
0.34989689350096453, 1.7121373216687805, 0.684237484136787, 0.2607655625433946, 3,10, 3
0.10077828776691279, 2.303736140292966, 0.8944213325400786, 0.36684194226088074, 0,10, 0
0.11508015698795983, 2.3430610664398506, 0.8789939085270358, 0.4441158651007675, 0,10, 0
0.12226435175946251, 2.399661994500605, 0.8759101907393847, 0.5070910747496029, 3,10, 3
0.1064990354553316, 2.3607494205341504, 0.890604829042646, 0.5348222681217092, 4,10, 4
0.13131111554579925, 2.6796324705122823, 0.8514605249421267, 0.41322886512820955, 2,10, 2
0.14494778154726268, 2.3521409400294644, 0.8930948046515419, 0.38898842279541623, 2,10, 2
0.13117807490188252, 2.5456854715038344, 0.8535687398450125, 0.42541249480791143, 5,10, 5
0.10151001130845473, 2.5865047716066716, 0.8792134690290476, 0.5378168216832756, 5,10, 5
0.12758597751613118, 2.4158261994683383, 0.8543442993558058, 0.40478166520488323, 2,10, 2
0.18964943790327946, 2.3353255187284363, 0.8098013393782066, 0.30979725533587055, 2,10, 2
0.18412825118073572, 2.2274163609087716, 0.7967805035910955, 0.32609813477948896, 3,10, 3
0.21838621698929023, 2.2247586471468423, 0.7624864179436566, 0.2600804731389463, 5,10, 5
0.1924432914255305, 2.2126958721183474, 0.8037282179782781, 0.2896835822360002, 3,10, 3
0.1366327413024679, 2.6823445821323055, 0.8444809831428042, 0.44550100054290737, 2,10, 2
0.2074103638661611, 2.2520177301862225, 0.7845874529669681, 0.28514105247955757, 2,10, 2
0.22670125723408502, 2.1816574421097386, 0.7692310867128179, 0.267294542297795, 3,10, 3
0.28869819729927493, 2.0097670621328914, 0.7407102430687468, 0.22929400633202754, 5,10, 5
0.24692343510942594, 2.056460195467761, 0.7939331608950055, 0.2722937529295076, 3,10, 3
0.2217787534091665, 2.0779086904501014, 0.8150275292978618, 0.2908829731307664, 2,10, 2
0.22723341980975187, 2.1071050126046815, 0.8047188526303317, 0.28280137846487496, 0,10, 0
0.20228829907536752, 2.171261051344965, 0.8435173353451197, 0.351830009854036, 1,10, 1
0.16430519523714496, 2.3882019687541858, 0.8654889108057635, 0.3927117078393207, 3,10, 3
0.2198496640723741, 2.188943112331863, 0.7785055691766581, 0.2950880788468377, 3,10, 3
0.22071442825783277, 2.191192117460884, 0.7628730260026824, 0.294491866548818, 2,10, 2
0.14627818798642986, 2.3596797101321054, 0.8415654286302059, 0.4194498341080503, 2,10, 2
0.25264418279784473, 2.1524260048181767, 0.7688621157261997, 0.2751354730924691, 3,10, 3
0.22550389143883456, 2.077658310878509, 0.764931915214164, 0.28869569548214474, 6,10, 6
0.2575666866227633, 1.9759597448042463, 0.7280060380955014, 0.2527395354827857, 2,10, 2
0.23914055744029802, 2.119848501019743, 0.7465260634545366, 0.26250028880024046, 3,10, 3
0.19078028337657155, 2.20529252554492, 0.7984275936799176, 0.348229999822944, 2,10, 2
0.2587640524180137, 1.9630121299981484, 0.72949484190214, 0.2833217664562759, 3,10, 3
0.26335395463314043, 2.0452870682891966, 0.719670599062939, 0.2712692596293191, 4,10, 4
0.22902946850262756, 2.125638045072714, 0.7553496837127311, 0.3102069183833228, 2,10, 2
0.29648107496840287, 1.9349832846175044, 0.7104591098239136, 0.23827957007456163, 5,10, 5
0.29614847335861105, 1.9681933164628278, 0.7364264827810463, 0.25469166863094905, 3,10, 3
0.2911594492117342, 1.8875050876126798, 0.7498728040620916, 0.2604244009495659, 2,10, 2
0.2512472560367192, 2.0447558959761296, 0.7576585736499036, 0.2963184767010808, 4,10, 4
0.24625823188984236, 2.03692176799483, 0.7572890248085636, 0.29058284790278954, 2,10, 2
0.2502494512073438, 2.024571282862586, 0.7908494482181276, 0.30584121012621573, 3,10, 3
0.25138029668063594, 1.9768121736413473, 0.7329485297665903, 0.2900499347956912, 4,10, 4
0.3188984234683696, 1.8520507496813057, 0.6849992724663352, 0.23369922186561606, 4,10, 4
0.2954167498170691, 1.8886608067528974, 0.6838821902007668, 0.249802403739657, 4,10, 4
0.25623628018359607, 1.9161518234807893, 0.7336125873371162, 0.3061444743007215, 3,10, 3
0.3402514468170026, 1.7822050772716858, 0.6745635019293259, 0.2332490949827357, 3,10, 3
0.3051952371449478, 1.9165956923159615, 0.6925137703520218, 0.24525034711906613, 3,10, 3
0.2918246524313178, 1.8512808293954648, 0.7109083893168932, 0.28395020510798724, 2,10, 2
0.30386483070578063, 1.9497526080905103, 0.6881031512162754, 0.2512423347528926, 3,10, 3
0.2919576930752345, 1.8929994960931265, 0.7082315279541689, 0.2518135551675151, 3,10, 3
0.30406439167165566, 1.8661552239168526, 0.7019182713161556, 0.26113110077582635, 2,10, 2
0.23701190713763054, 1.9813704302129667, 0.7615068650414729, 0.33993536552617065, 1,10, 1
0.25743364597884655, 1.9497406365612442, 0.7330356539360819, 0.28310149823923164, 5,10, 5
0.24991684959755206, 2.0446569449267353, 0.7854852164582821, 0.29689094334936394, 1,10, 1
0.2569014834031797, 1.9895877582694785, 0.7680602095130751, 0.30113741867226557, 3,10, 3
0.31211335062861706, 1.9116752463123607, 0.6811081848594853, 0.242981786591218, 1,10, 1
0.22031530632608262, 1.982590610190541, 0.7795920179392215, 0.36514794106657084, 3,10, 3
0.29335461983636, 1.8711571195188543, 0.7281756516172826, 0.263941902362941, 0,10, 0
0.24818732122663473, 2.050849615714749, 0.7311887425820067, 0.31050055449921926, 3,10, 3
0.2198496640723741, 2.072074768306617, 0.7590145750938749, 0.3360017932627203, 2,10, 2
0.28623694538681566, 1.9713693197906068, 0.7011222200363436, 0.24488913902285125, 3,10, 3
0.2536419876272201, 1.9413009049736525, 0.7403019067405071, 0.2937796136492523, 2,10, 2
0.2366127852058804, 1.975443589697656, 0.7813063388074905, 0.3599355033254291, 2,10, 2
0.2539080689150536, 2.068978261144339, 0.7564691174659302, 0.2840508361959031, 5,10, 5
0.27878666932747953, 1.9313680702068448, 0.7080371152812656, 0.2631300660227216, 1,10, 1
0.25849797113018025, 1.9902260088955483, 0.7260653395119846, 0.2948607839106032, 2,10, 2
0.18266480409765185, 2.0887830879372973, 0.8161223854084833, 0.34341228748708985, 7,10, 1
0.20162309585578395, 2.1295888030718544, 0.7891752255949457, 0.3630563449734705, 4,10, 4
0.20548127452936873, 2.0979356475653685, 0.7911815629058215, 0.3519418822477172, 3,10, 3
0.23794319164504757, 2.074471746064038, 0.7718826983229018, 0.32949718977721326, 2,10, 2
0.23967272001596487, 1.982673532998642, 0.8014534197747735, 0.33319819199238254, 3,10, 3
0.200891372314242, 2.2043921285010475, 0.7821559439131182, 0.34851554107888477, 15,10, 1
0.2664138894432249, 1.927272090764053, 0.7323596492996302, 0.2689138807344921, 3,10, 3
0.24366393933346636, 1.9796469855223684, 0.7482688100554603, 0.29699626487824804, 1,10, 1
0.25424067052484534, 1.8874826394519604, 0.7437821394077783, 0.3209158204927513, 1,10, 1
0.2789862302933546, 1.9827621402334787, 0.7127232204002961, 0.25194509824731526, 3,10, 3
0.22264351759462517, 2.0627946519355276, 0.7568394010019809, 0.31504746446057025, 3,10, 3
0.19423934011840618, 2.1045602729860864, 0.7951377387505443, 0.34156291517737974, 1,10, 1
0.19670059203086543, 2.113056762017216, 0.7824053952862339, 0.35457334406348373, 1,10, 1
0.24200093128450742, 2.033107226610041, 0.7382616580488158, 0.28700907554918753, 1,10, 1
0.18419477150269406, 2.264160827709229, 0.8054006188334017, 0.36706900069519527, 2,10, 2
0.2839752544402315, 1.9310507434717967, 0.7339151786052553, 0.2766267564710134, 2,10, 2
0.24605867092396727, 2.0117696998782764, 0.7353921374077815, 0.2876218832277683, 2,10, 2
0.2528437437637198, 1.9989748321682252, 0.7315813878840259, 0.28957650516119576, 1,10, 1
0.27785538482006256, 1.9434759760104372, 0.7245040101929193, 0.26577793361438246, 0,10, 0
0.24605867092396727, 1.9568993210245382, 0.7532767247978751, 0.2960269112054087, 0,10, 0
0.26149138561830637, 1.9586870415651783, 0.7146260374872929, 0.28679464667448334, 3,10, 3
0.16769773165702123, 2.135806338357916, 0.8524727813668715, 0.4592379260113399, 1,10, 1
0.1976983968602408, 2.1256446785288627, 0.8278623149440737, 0.413771004985434, 2,10, 2
0.28663606731856583, 1.99618733810235, 0.7256810557851965, 0.24329548674873197, 2,10, 2
0.2545067518126788, 2.1237044434010417, 0.729059848070267, 0.26095161031373326, 6,10, 1
0.24545998802634206, 2.148445097972539, 0.7650001399147022, 0.26794985186248205, 15,10, 1
0.24559302867025876, 2.1463503962123593, 0.7795544327547428, 0.3020521164964973, 4,10, 4
0.24778819929488458, 1.985301074253413, 0.7471455520276704, 0.3222715015038966, 5,10, 5
0.2353488990886716, 2.0178154509462285, 0.7697179546868389, 0.3332616728328507, 4,10, 4
0.20621299807091067, 2.0903907860974025, 0.8359005978946855, 0.35441677450527836, 4,10, 4
0.23701190713763054, 2.08074572655221, 0.8074980074098602, 0.2869785211546917, 2,10, 2
0.21858577795516532, 2.0746610931378595, 0.8099837453008358, 0.3583170577906579, 5,10, 5
0.21439499767178874, 2.285431138731513, 0.8001679174755058, 0.30770584703983306, 15,10, 2
0.2032861039047429, 2.23784884012111, 0.7812181191947782, 0.3647361511625633, 3,10, 3
0.21007117674449544, 2.2381415884191704, 0.7942998521918446, 0.3012806498533657, 7,10, 3
0.23162376105900354, 2.1358604518539184, 0.753282273553997, 0.27971205501755514, 2,10, 2
0.22663473691212666, 2.05613992569539, 0.8208607365314474, 0.3475033676492317, 4,10, 4
0.10077828776691279, 2.303736140292966, 0.8944213325400786, 0.36684194226088074, 0,10, 0
0.09904875939599547, 2.5080289380053817, 0.8938837418790088, 0.5792012191248178, 11,10, 0
0.10390474289895563, 2.395782149306697, 0.9047493227890517, 0.3966891922735653, 3,10, 3
0.09904875939599547, 2.393166512585936, 0.8938837418790088, 0.5792012191248178, 3,10, 3
0.09991352358145414, 2.5645935626624072, 0.9273376082964652, 0.5940889094332217, 4,10, 4
0.21439499767178874, 2.3055734552801357, 0.8248077876167268, 0.2790013463773469, 3,10, 3
0.14055744029801104, 2.60019081826617, 0.8605777568421825, 0.3785423598938217, 3,10, 3
0.14940464311847268, 2.404802531687901, 0.8299192542415459, 0.36259965130785105, 1,10, 1
0.1450808221911794, 2.3705019446528857, 0.8374920739629178, 0.40898886506698395, 7,10, 7
0.10297345839153861, 2.4134353934223762, 0.8899935092134456, 0.5601452327405374, 3,10, 3
0.19397325883057273, 2.2246277494946933, 0.8100412192320364, 0.2937543454212443, 2,10, 2
0.1816004789463181, 2.232779511761968, 0.8257930530473111, 0.3163068501296282, 2,10, 2
0.18712166566886185, 2.2543607352935, 0.811520541042559, 0.3115220744767274, 2,10, 2
0.18539213729794451, 2.323991798033442, 0.8090327238286079, 0.2891007225823643, 2,10, 2
0.17228763387214793, 2.1990142163898563, 0.8196017790597804, 0.4206516934981779, 1,10, 1
0.17541408900419078, 2.154340125677361, 0.8271216781741955, 0.3637672894492966, 2,10, 2
0.24526042706046697, 2.078831694316921, 0.7502390486327299, 0.2589323671861117, 2,10, 2
0.13896095257101043, 2.4039565588450515, 0.8591331471270865, 0.4640088569209882, 12,10, 0
0.20049225038249185, 2.19197029319422, 0.8034067072914388, 0.32533417449973434, 0,10, 0
0.20894033127120334, 2.2927466310926965, 0.8083723751406708, 0.28269462207505613, 0,10, 0
0.17188851194039778, 2.1679243593843034, 0.8139774811193871, 0.3748720993947148, 1,10, 1
0.16530300006652032, 2.1739680863882676, 0.8282493150971157, 0.38828146952447185, 2,10, 2
0.18266480409765185, 2.1864675977649877, 0.8113492861382439, 0.36428521563837024, 2,10, 2
0.1909798443424466, 2.071938842211878, 0.8337205579164432, 0.37233993089583456, 5,10, 5
0.17388412159914854, 2.114644386613233, 0.8322441445327248, 0.3237551938362235, 1,10, 1
0.2533093860174283, 2.0879691058723604, 0.7560632705738157, 0.25044326966552793, 1,10, 1
0.17388412159914854, 2.23506684218593, 0.840493919757497, 0.3294759890866424, 2,10, 2
0.1975653562163241, 2.131229893355394, 0.7982509931557297, 0.3513360610799277, 4,10, 4
0.2306924765515865, 2.0972972113017367, 0.8151299088042134, 0.30576638736842093, 2,10, 2
0.17721013769706645, 2.2671728643211373, 0.8479683598045803, 0.34868954361195564, 1,10, 1
0.24479478480675845, 2.0669456323424016, 0.7914450914683645, 0.2730575352983673, 1,10, 1
0.24353089868954966, 2.046454048716585, 0.7592853118959959, 0.28401268861930595, 1,10, 1
0.23914055744029802, 2.0270411041431116, 0.7927383807182343, 0.27349109185081555, 2,10, 2
0.16643384553981241, 2.3153482628478854, 0.8444036237585858, 0.37032866942905174, 1,10, 1
0.23561498037650502, 2.0182162201318135, 0.7959261355068614, 0.2922533998470089, 1,10, 1
0.23934011840617309, 2.043491565621336, 0.7454229716100916, 0.26021416648297113, 1,10, 1
0.1932415352890308, 2.062303113174527, 0.8326712318673657, 0.3920487963811204, 4,10, 4
0.18911727532761258, 2.0750167675815416, 0.7887415621483805, 0.35231964747628924, 3,10, 3
0.24087008581121533, 2.033089213137188, 0.7566821331536044, 0.2986578581302711, 1,10, 1
0.23315372846404578, 2.068915259161689, 0.747295512273496, 0.28470388140845343, 2,10, 2
0.22789862302933547, 2.0571784337488532, 0.7697125847475048, 0.30239392387806713, 1,10, 1
0.20029268941661676, 2.142923350435828, 0.7998126451190929, 0.3363250448658858, 1,10, 1
0.17195503226235614, 2.19032794402474, 0.8084251498761581, 0.37052749746590974, 3,10, 3
0.14647774895230492, 2.202665336114366, 0.8644715403415016, 0.40609554150859645, 1,10, 1
0.25710104436905473, 2.060728031452771, 0.7299678364490875, 0.26537010243980214, 1,10, 1
0.2611587840085146, 2.0053407787713655, 0.731711671068551, 0.262206073873074, 1,10, 1
0.29515066852923566, 1.9222599523300452, 0.7014366694581817, 0.24097366033522696, 1,10, 1
0.23934011840617309, 2.000997326172319, 0.7690626314401083, 0.28280757139047474, 4,10, 4
0.2743963280782279, 1.9527975011354022, 0.7449406030152381, 0.2702418421121344, 3,10, 3
0.26075966207676443, 2.0272808609025916, 0.7538584088384934, 0.2790474841163422, 1,10, 1
0.2505155324951773, 1.9535646205619923, 0.7443990982942641, 0.2946980454509072, 3,10, 3
0.2753941329076033, 1.993950784920076, 0.7535457920585676, 0.25729211997365076, 3,10, 3
0.23528237876671323, 2.001036388732268, 0.7847329078564107, 0.30274032094242503, 1,10, 1
0.22344176145812547, 2.0889416509764818, 0.7857680592427064, 0.28861975939725626, 1,10, 1
0.25763320694472164, 1.9605467654722526, 0.7321930971872217, 0.2967958639699642, 1,10, 1
0.2475886383290095, 1.9890157210567567, 0.7384924123879444, 0.2815821247344595, 2,10, 2
0.23860839486463115, 2.1742801858637693, 0.7671737914828953, 0.26645875184015727, 13,10, 1
0.2966806359342779, 1.8755149378959253, 0.7350379655491256, 0.25794160097534735, 2,10, 2
0.1607130978513936, 2.299511820413923, 0.8457065033188358, 0.3818649918216317, 3,10, 3
0.2547728331005122, 1.9595773433295662, 0.781692121629304, 0.29961411424395545, 5,10, 5
0.20069181134836692, 2.418972008111178, 0.7870021721809356, 0.3460403062028273, 14,10, 1
0.233752411361671, 2.1424074307582672, 0.7482352715641635, 0.320588805097499, 2,10, 2
0.27000598682897625, 2.0014924402088807, 0.7174188821436144, 0.2683387103334682, 1,10, 1
0.23561498037650502, 2.1286085914912865, 0.7586139683889251, 0.2782587235869919, 12,10, 0
0.3041974323155724, 2.000094049091722, 0.681055252752961, 0.23919139765084807, 2,10, 2
0.2825118073571476, 1.9846989159803543, 0.7396870304217704, 0.2583436726565214, 2,10, 2
0.31637065123395197, 1.8683237109142712, 0.7049851015623131, 0.24064722639764774, 2,10, 2
0.26169094658418146, 1.9056261329128144, 0.7455732123007427, 0.2924452705906678, 4,10, 4
0.22949511075633605, 2.052270969869229, 0.7941955559850736, 0.29544197448247106, 4,10, 4
0.23142420009312845, 1.9788598652403964, 0.7782460574721174, 0.32141289401326084, 2,10, 2
0.2620235481939733, 1.9664694284168394, 0.7270397017107568, 0.2873476072555537, 3,10, 3
0.25849797113018025, 1.9991541591017639, 0.7713283493513456, 0.2768686009228013, 10,10, 1
0.2546397924565955, 1.9330831128688326, 0.7374467957216966, 0.29304376708459234, 3,10, 3
0.25597019889576267, 1.9774419965996504, 0.7405324726821938, 0.3045493480170844, 2,10, 2
0.2786536286835628, 1.938754416896635, 0.7049454147311436, 0.266020667132902, 2,10, 2
0.26209006851593164, 1.9147177290069537, 0.7310434740489835, 0.2788186001951551, 1,10, 1
0.22803166367325217, 2.045699929388937, 0.7659153058791347, 0.3114040155332123, 3,10, 3
0.2941528636998603, 1.9565865320969997, 0.7019122177965531, 0.25387661199956346, 2,10, 2
0.26215658883788995, 1.9648779427121834, 0.7397919817465364, 0.29082468497371416, 2,10, 2
0.3019357413689882, 1.88654729531037, 0.6916666025826441, 0.2441406006327016, 2,10, 2
0.2594292556375973, 1.890060955527093, 0.7236725493376065, 0.2873463412934272, 1,10, 1
0.2997405707443624, 1.8374288931646596, 0.737503340063886, 0.2890857980613227, 3,10, 3
0.2093394532029535, 2.353932396888828, 0.7775634652352558, 0.3109862512808173, 13,10, 1
0.26029401982305594, 1.8976808573357051, 0.7290872839181961, 0.31246545595642394, 1,10, 1
0.21851925763320695, 1.9829749111476427, 0.781431993105613, 0.3570080219974106, 0,10, 0
0.2508481341049691, 1.9026119829270922, 0.7673914942123703, 0.3613914844775501, 1,10, 1
0.26348699527705716, 2.0337783406334773, 0.7478691556670423, 0.27556587138451716, 9,10, 0
0.18472693407836094, 2.456532499102754, 0.8124265129644084, 0.3779419820628924, 8,10, 2
0.28690214860639923, 1.8939171102060763, 0.7110893164309651, 0.2740865878440305, 2,10, 2
0.29574935142686093, 1.8692664263221959, 0.6842185965113375, 0.2531935345424184, 3,10, 3
0.23914055744029802, 1.909556651530941, 0.743669507242604, 0.31125145289315836, 0,10, 0
0.26940730393135104, 1.9582282684246302, 0.7082369804557119, 0.2707789240839393, 0,10, 0
0.24386350029934145, 1.9964433070992087, 0.7429367741273392, 0.32241440425331597, 3,10, 3
0.3361271868555844, 1.8191413675756232, 0.6926243593744995, 0.23250562816135412, 0,10, 0
0.28051619769839686, 1.9045373217844483, 0.7163322202576154, 0.2825489334896574, 2,10, 2
0.3113816270870751, 1.8902551602446565, 0.6751458412120719, 0.23841931971022792, 1,10, 1
0.343111820661212, 1.777301989418934, 0.6665706004832471, 0.22592713498587177, 2,10, 2
0.3126455132042839, 1.8454560577861485, 0.6920589206987746, 0.2561194137515597, 2,10, 2
0.30572739972061463, 1.8275791141655855, 0.7261464900474074, 0.2707764049436736, 3,10, 3
0.29009512406040044, 1.8943155497810142, 0.729577210902523, 0.26590686363753663, 0,10, 0
0.23448413490321293, 1.9530734585159863, 0.7599760024755919, 0.36890481215499354, 2,10, 2
0.10077828776691279, 2.303736140292966, 0.8944213325400786, 0.36684194226088074, 0,10, 0
0.0996474422936207, 2.415374842120178, 0.9424463317291131, 0.593975129366086, 0,10, 0
0.0996474422936207, 2.5514893190657584, 0.9424463317291131, 0.593975129366086, 2,10, 2
0.11754140890041907, 2.3535149101883337, 0.8721866343669479, 0.3876367278185021, 3,10, 3
0.0996474422936207, 2.6324862487530396, 0.9424463317291131, 0.593975129366086, 4,10, 4
0.134238009711967, 2.3867096826716634, 0.8609921761783198, 0.4388195177285126, 4,10, 4
0.134238009711967, 2.3855294676064287, 0.8607837478749238, 0.43328003734821185, 3,10, 3
0.1965675513869487, 2.26243265122542, 0.8389047514278282, 0.30751814351270046, 3,10, 3
0.10024612519124593, 2.4523523121007638, 0.9419194138267408, 0.5920133460104757, 5,10, 5
0.10117740969866294, 2.7129748810025927, 0.9115473836772707, 0.5856312703370561, 3,10, 3
0.17102374775493914, 2.3822316608845746, 0.8309280263761633, 0.33336186694085684, 4,10, 4
0.1828643650635269, 2.295576842425311, 0.8134314456214766, 0.3436841001132326, 1,10, 1
0.1656356016763121, 2.3271309010387617, 0.8158490016043959, 0.37206060370131844, 4,10, 4
0.17827446284840018, 2.1814646856367554, 0.8159734973135895, 0.3371664720295425, 2,10, 2
0.2085412093394532, 2.1868552568746584, 0.7867992158610493, 0.3001869455583395, 5,10, 5
0.22550389143883456, 2.149058288128435, 0.77517651293402, 0.28548617306790475, 1,10, 1
0.20714428257832768, 2.168330198231789, 0.8151584543785948, 0.30809461782551145, 2,10, 2
0.20341914454865961, 2.1906173941515434, 0.7834666748640791, 0.2983757080268793, 5,10, 5
0.21885185924299874, 2.1149960252400177, 0.7673783911232083, 0.292823654347431, 4,10, 4
0.17834098317035854, 2.1695741744092354, 0.8157784055225821, 0.3587083651459184, 3,10, 3
0.19104636466440497, 2.197068660652408, 0.8074803728331338, 0.34483539335922936, 3,10, 3
0.24333133772367457, 2.150141917583924, 0.7715658361380826, 0.2727989771280491, 1,10, 1
0.2082086077296614, 2.2447474118534507, 0.7976872247194065, 0.3223940026479905, 2,10, 2
0.27319896228297746, 1.9870458766902301, 0.7182007573771059, 0.2418137773508218, 4,10, 4
0.24612519124592563, 2.0015714689102952, 0.7482941790242752, 0.2602649173140776, 1,10, 1
0.21998270471629083, 2.116635956741938, 0.7843243522223466, 0.3040782049839936, 2,10, 2
0.26634736912126655, 2.00865395288541, 0.7656656275454293, 0.25312044598249456, 1,10, 1
0.24725603671921773, 2.0597295064253855, 0.7673988084818779, 0.28027764730877186, 3,10, 3
0.23248852524446217, 2.1101792779228434, 0.7545376133634683, 0.29829185683734993, 3,10, 3
0.27413024679039444, 1.9564953865638903, 0.7317648198222162, 0.24397214025305897, 2,10, 2
0.2658152065455997, 2.0073110529570446, 0.7280018708175998, 0.2579101561497573, 1,10, 1
0.25849797113018025, 1.97410064288411, 0.7649428313061623, 0.2830715277507614, 4,10, 4
0.29248985565090135, 1.9244534028374982, 0.7055062290339873, 0.24924824725174063, 2,10, 2
0.2839752544402315, 1.9412114746610396, 0.7087627858825749, 0.24878007154490425, 1,10, 1
0.2557706379298876, 2.055396196102022, 0.7365186427262767, 0.27124593104038364, 3,10, 3
0.11088937670458325, 3.348668520535035, 0.9003973043008314, 0.5496333750665644, 12,10, 1
0.2789862302933546, 1.9433709694732888, 0.7401466645298035, 0.2560672476257747, 5,10, 5
0.19982704716290828, 2.5538910918211832, 0.8295416630084547, 0.35886234361793234, 15,10, 1
0.2565023614714295, 2.020207954041458, 0.778510252370668, 0.30092206123001936, 1,10, 1
0.24452870351892503, 2.112865181047902, 0.7942469998336061, 0.29144928938415005, 2,10, 2
0.29714627818798645, 1.8856322295090986, 0.7224663583618605, 0.25435922361256846, 3,10, 3
0.20135701456795052, 2.1205313947159063, 0.8203927833019794, 0.3983926966945551, 4,10, 4
0.289829042772567, 1.8940398016966706, 0.7531758037048385, 0.27420980042457854, 3,10, 3
0.3005388146078627, 1.8665701161282255, 0.6835588506410457, 0.2483514192893652, 3,10, 3
0.22743298077562696, 2.0955938271464984, 0.7720116885642325, 0.3573686953146486, 3,10, 3
0.2769906206346039, 1.916651456081121, 0.7234435269314881, 0.2714065418974511, 3,10, 3
0.2803166367325218, 1.9191983206659657, 0.7160580422451269, 0.2645261944554639, 0,10, 0
0.2775893035322291, 1.9437995960471683, 0.7618098776308564, 0.299335365831257, 3,10, 3
0.26089270272068116, 1.9553410158791418, 0.7341190926283078, 0.30406733969620275, 3,10, 3
0.3282777888644981, 1.8312985048928137, 0.6703232522353285, 0.2370155068535064, 5,10, 5
0.2989423268808621, 1.8644985947047992, 0.7371012115935349, 0.2818770058270752, 5,10, 5
0.31823322024878603, 1.8063743824529161, 0.6860193355801862, 0.2473030161675219, 2,10, 2
0.3248187321226635, 1.8255574355612003, 0.6702322498804578, 0.24219721485627976, 2,10, 2
0.2697399055411428, 2.0065983697005807, 0.7617471943338086, 0.29109104116797246, 5,10, 1
0.26840949910197565, 2.064462260114594, 0.7077114136783392, 0.2703051595478633, 2,10, 2
0.3268143417814142, 1.7995310245235547, 0.6917528250681833, 0.2548973081786745, 3,10, 3
0.3319364065722078, 1.7705378106537593, 0.6956202478854395, 0.2509382720026394, 3,10, 3
0.34291225969533695, 1.8691275347724754, 0.6640279545192905, 0.2308203128273772, 5,10, 5
0.3142420009312845, 1.807695265078524, 0.6671051930339023, 0.25316589685544333, 6,10, 6
0.31071642386749154, 1.896083228869455, 0.6697030320559709, 0.2557982633562581, 4,10, 4
0.34716956030067186, 1.7431745390025932, 0.6640034161094641, 0.2426827154086649, 0,10, 0
0.34736912126654695, 1.7705074028840981, 0.6476189716477072, 0.2382010064634638, 3,10, 3
0.3053282777888645, 1.9238155128080308, 0.7128814146257412, 0.2682328242060421, 1,10, 1
0.34577263353954635, 1.7585637358057598, 0.6426146641808645, 0.2345476097934841, 1,10, 1
0.3473026009445886, 1.8002736688578096, 0.67695189992844, 0.23916577883097564, 3,10, 3
0.30892037517461585, 1.9943335398219821, 0.7141113778360371, 0.24950222220990412, 9,10, 1
0.313776358677576, 1.8074229819963914, 0.6774141540773807, 0.2659762831599892, 4,10, 4
0.36346703918046963, 1.7236917611725244, 0.6440932002605656, 0.23247941429032326, 3,10, 3
0.30546131843278124, 1.8846641134626572, 0.6725392684391689, 0.25526008953099844, 3,10, 3
0.3745094126255571, 1.7055369680440728, 0.6306149774332144, 0.22371228261426299, 1,10, 1
0.39992017561364995, 1.645126991250007, 0.6182159987155391, 0.21895206149622262, 4,10, 4
0.31637065123395197, 1.8568295749790382, 0.7134076366238524, 0.2716181004926662, 5,10, 5
0.30685824519390675, 1.8715909799994692, 0.7116925785836785, 0.26492269159418536, 11,10, 0
0.32388744761524646, 1.8213485719906564, 0.6630141965259864, 0.24905905267265563, 1,10, 1
0.2928224572606931, 1.8372930427275358, 0.7038755054654596, 0.29494426785602945, 5,10, 5
0.3499634138229229, 1.7145791814322957, 0.6339858429170067, 0.23496085677198836, 1,10, 1
0.32122663473691215, 1.8232977927496339, 0.6796654964661797, 0.24781158860209057, 2,10, 2
0.32355484600545464, 1.7795057731863269, 0.6579094895552605, 0.2511879816254311, 3,10, 3
0.2819131244595224, 1.973869491930312, 0.6993742887676041, 0.26822205377072483, 8,10, 0
0.3379897558704184, 1.7871973839838935, 0.6606033346014626, 0.2379461056196299, 5,10, 5
0.33240204882591634, 1.7546762704833383, 0.661659629716621, 0.24109427539863618, 3,10, 3
0.359076697931218, 1.7006166641630354, 0.6742214834477785, 0.24994178775724418, 4,10, 4
0.38082884321160115, 1.6815880479065948, 0.6253299975752331, 0.2229208426194554, 1,10, 1
0.34271269872946186, 1.7338624472206305, 0.6762468267436923, 0.24873440496602406, 4,10, 4
0.3402514468170026, 1.8093208744532174, 0.6458737186485973, 0.2402450406406045, 1,10, 1
0.34876604802767247, 1.7564681523048273, 0.6268518759207555, 0.23519868336728927, 1,10, 1
0.3505620967205481, 1.7699018456267317, 0.6344355059056995, 0.23258234788888654, 3,10, 3
0.36685957560034593, 1.72438425152576, 0.622732172873938, 0.22538224416809172, 0,10, 0
0.3684560633273465, 1.6892334643987048, 0.6263749149970493, 0.2325759455298275, 1,10, 1
0.3686556242932216, 1.6951226226656861, 0.6255012905228482, 0.2273668821291657, 3,10, 3
0.38847868023681237, 1.657616172080775, 0.6269230384124476, 0.22498526820548923, 2,10, 2
0.3632009578926362, 1.738213638434873, 0.6527342657711606, 0.23133103619153453, 2,10, 2
0.3587440963214262, 1.750358906636685, 0.6595241513209216, 0.23476387860938763, 2,10, 2
0.4025809884919843, 1.609428116473214, 0.5941979564214193, 0.21862983287079746, 3,10, 3
0.33379897558704186, 1.800660073406276, 0.6503723773102004, 0.24992061334668392, 4,10, 4
0.35435375507217454, 1.729506602984246, 0.6478269766494417, 0.24395676604088973, 5,10, 5
0.36991951041043036, 1.7561794536592543, 0.6376106323766655, 0.23350587898577863, 2,10, 2
0.33539546331404246, 1.7504428720978582, 0.6763116363436833, 0.26824303520550585, 3,10, 3
0.3132441961019091, 1.8503005000300046, 0.6994950896214956, 0.26148300889987214, 0,10, 0
0.32774562628883125, 1.842477872084534, 0.6768758788716873, 0.2533901389972622, 4,10, 4
0.357413689882259, 1.719553041142324, 0.6308675171690376, 0.24219601484624, 4,10, 4
0.10077828776691279, 2.303736140292966, 0.8944213325400786, 0.36684194226088074, 0,10, 0
0.14787467571343046, 2.3143302968802395, 0.8324706990489872, 0.3698073117367555, 0,10, 0
0.09958092197166234, 2.358039067001358, 0.8933638062721464, 0.581032249103546, 1,10, 1
0.12040178274462848, 2.377026675728071, 0.8949387619176651, 0.3667122861139432, 2,10, 2
0.1514667730991818, 2.560346190098207, 0.831086547993348, 0.39328374456682097, 3,10, 3
0.11780749018825251, 2.507803202952119, 0.8751248235051727, 0.35132212336682295, 3,10, 3
0.09991352358145414, 2.470013255750412, 0.9273376082964652, 0.5940889094332217, 3,10, 3
0.1273864165502561, 2.35773217680449, 0.8912064911883785, 0.5172301132143815, 1,10, 1
0.16337391072972793, 2.2460919812491165, 0.8301846053126494, 0.3182853285757303, 3,10, 3
0.1462116676644715, 2.3120679877550234, 0.851502334302068, 0.4113149981297919, 3,10, 3
0.16783077230093793, 2.3093366685808436, 0.8117660195735177, 0.3138142101575875, 3,10, 3
0.14494778154726268, 2.43044628554108, 0.841043462067612, 0.3559267978277507, 1,10, 1
0.19550322623561497, 2.218386447327362, 0.8010470863080573, 0.31588476430002443, 4,10, 4
0.15938269141222644, 2.2078397872244486, 0.8318185342744906, 0.40627135957743166, 2,10, 2
0.1634404310516863, 2.1991226978345773, 0.8723716723782278, 0.4225756116060779, 4,10, 4
0.15392802501164105, 2.2791306692263107, 0.8490037047093176, 0.3348269692031035, 1,10, 1
0.161710902680769, 2.2894666918156856, 0.8189172883252587, 0.37341647871659317, 2,10, 2
0.2061464777489523, 2.2109178715358673, 0.7821400953086253, 0.3030378878760307, 1,10, 1
0.13802966806359343, 2.3188548929509087, 0.8464894367969671, 0.41123115465173854, 2,10, 2
0.17408368256502363, 2.3040916451054687, 0.8345910994654008, 0.30978019812827357, 3,10, 3
0.17441628417481542, 2.2547774670850904, 0.8190215213790353, 0.3502936155900156, 3,10, 3
0.12286303465708774, 2.464156332038512, 0.9019838997553581, 0.4797689224209467, 1,10, 1
0.15998137430985165, 2.5727678247255565, 0.8327312556107622, 0.33885232154720524, 3,10, 3
0.16822989423268808, 2.4064947519839692, 0.8117239868091641, 0.35504839223275264, 2,10, 2
0.17913922703385884, 2.321316586460316, 0.8114051376566573, 0.31617890048840186, 1,10, 1
0.16217654493447747, 2.1603902710266776, 0.8386422125694614, 0.3672750797652609, 5,10, 5
0.1844608527905275, 2.238284700146646, 0.8411005447084321, 0.3221762331222831, 3,10, 3
0.13164371715559103, 2.2593146194552403, 0.8527313172564931, 0.49653113562626805, 3,10, 3
0.161710902680769, 2.2044961355502184, 0.8437191742415782, 0.3857268766758994, 3,10, 3
0.17574669061398257, 2.2158591727617933, 0.820022061875405, 0.36300929475562926, 2,10, 2
0.1261225304330473, 2.465460457987694, 0.8710718282679933, 0.43422467027802175, 1,10, 1
0.15951573205614314, 2.2614604672422622, 0.8284043573815585, 0.40069118310149515, 2,10, 2
0.1538615046896827, 2.289595238607198, 0.8450156747086801, 0.3923556828259024, 3,10, 3
0.15359542340184926, 2.5309360160375953, 0.8249120322527412, 0.37737735085908164, 9,10, 2
0.16803033326681302, 2.3172204213561725, 0.8352109981769951, 0.3822367115808983, 3,10, 3
0.15585711434843344, 2.1991075042763812, 0.8418780823093519, 0.4230686011730336, 2,10, 2
0.16184394332468569, 2.1910470792500707, 0.8427264495730032, 0.38625865471788257, 2,10, 2
0.13916051353688552, 2.3682263381608206, 0.8525573002493532, 0.4874264038718734, 2,10, 2
0.18525909665402782, 2.2796635707600075, 0.8017331266668183, 0.3186144533346381, 0,10, 0
0.15825184593893435, 2.3536607941681615, 0.8396675390799886, 0.40966151859422434, 0,10, 0
0.1707576664671057, 2.2165708423279353, 0.8251042918567506, 0.334404642103782, 2,10, 2
0.15100113084547329, 2.7198017092928044, 0.8360820425491917, 0.42694380402414195, 11,10, 2
0.16796381294485466, 2.1422088239107797, 0.8133459555428566, 0.3798453578042425, 10,10, 2
0.176012771901816, 2.1720433837043336, 0.8252399004106352, 0.3380663970370427, 5,10, 5
0.14474822058138762, 2.3935273364458873, 0.8613177652141476, 0.39782941607876393, 0,10, 0
0.18964943790327946, 2.2647331734938447, 0.8110429211900534, 0.335784496609776, 4,10, 4
0.18426129182465242, 2.1790911694181374, 0.8358542872313477, 0.33546308663928026, 5,10, 5
0.21865229827712365, 2.0981674890496618, 0.809200726591916, 0.31197544911004493, 0,10, 0
0.1323089203751746, 2.311672675937091, 0.863173466362736, 0.432238676715191, 0,10, 0
0.21599148539878932, 2.1157045071253338, 0.7622539004266342, 0.2742880512057274, 0,10, 0
0.16576864232022884, 2.3749691230335817, 0.8391146993412951, 0.33287097443626573, 0,10, 0
0.10190913324020488, 2.267651778831855, 0.8962265843109302, 0.5781451694590357, 0,10, 0
0.09991352358145414, 2.4657024092868696, 0.9273376082964652, 0.5940889094332217, 0,10, 0
0.15233153728464047, 2.5662651326709787, 0.8210344411105766, 0.38054510513425066, 15,10, 3
0.13463713164371716, 2.3188734949210015, 0.850014187917064, 0.40549057169697633, 0,10, 0
0.11075633606066654, 2.3138007005594976, 0.8665193470499998, 0.4680663822146478, 0,10, 0
0.16064657752943523, 2.348245182223229, 0.8399798330214782, 0.38376021705006275, 0,10, 0
0.10017960486928756, 2.3676573369409923, 0.8835487229879121, 0.5795707629818735, 0,10, 0
0.09878267810816205, 2.346553599414954, 0.9000015148416551, 0.5851382153222023, 0,10, 0
0.09904875939599547, 2.40250341536034, 0.8938837418790088, 0.5792012191248178, 0,10, 0
0.09904875939599547, 2.4457124809079134, 0.8938837418790088, 0.5792012191248178, 0,10, 0
0.09904875939599547, 2.60261675951161, 0.8938837418790088, 0.5792012191248178, 0,10, 0
0.13849531031730195, 2.2994732422353836, 0.8417988926764199, 0.4060516017919821, 0,10, 0
0.10017960486928756, 2.3889363104574044, 0.8835487229879121, 0.5795707629818735, 0,10, 0
0.09904875939599547, 2.5152236111489374, 0.8938837418790088, 0.5792012191248178, 0,10, 0
0.09904875939599547, 2.7448392359866105, 0.8938837418790088, 0.5792012191248178, 11,10, 0
0.10111088937670458, 2.5163283806031775, 0.9116167084157132, 0.5865767482064065, 0,10, 0
0.09904875939599547, 2.4438919700532984, 0.8938837418790088, 0.5792012191248178, 0,10, 0
0.10111088937670458, 2.4724263598372866, 0.9116167084157132, 0.5865767482064065, 0,10, 0
0.10051220647907935, 2.371702191049861, 0.8777699163158681, 0.5791818732179302, 0,10, 0
0.10024612519124593, 2.4457817413227563, 0.88033626681359, 0.5666097256202227, 0,10, 0
0.09904875939599547, 2.5840203644851405, 0.8938837418790088, 0.5792012191248178, 0,10, 0
0.09878267810816205, 2.3720964521560206, 0.9000015148416551, 0.5851382153222023, 0,10, 0
0.09904875939599547, 2.4374051316011407, 0.8938837418790088, 0.5792012191248178, 0,10, 0
0.09878267810816205, 2.3415433275226203, 0.9000015148416551, 0.5851382153222023, 0,10, 0
0.09958092197166234, 2.4435067159928288, 0.8933638062721464, 0.581032249103546, 0,10, 0
0.09878267810816205, 2.466849071239034, 0.9000015148416551, 0.5851382153222023, 0,10, 0
0.09878267810816205, 2.613486534272618, 0.9000015148416551, 0.5851382153222023, 0,10, 0
0.10111088937670458, 2.4394516726735347, 0.9116167084157132, 0.5865767482064065, 0,10, 0
0.09878267810816205, 2.4216833194556813, 0.9000015148416551, 0.5851382153222023, 0,10, 0
0.09904875939599547, 2.426388515022822, 0.8938837418790088, 0.5792012191248178, 0,10, 0
0.09904875939599547, 2.476552194601554, 0.8938837418790088, 0.5792012191248178, 0,10, 0
0.09904875939599547, 2.470728530860317, 0.8938837418790088, 0.5792012191248178, 0,10, 0
0.09878267810816205, 2.3670155952958964, 0.9000015148416551, 0.5851382153222023, 0,10, 0
0.09878267810816205, 2.4258091774623107, 0.9000015148416551, 0.5851382153222023, 0,10, 0
0.10024612519124593, 2.572743992577736, 0.88033626681359, 0.5666097256202227, 0,10, 0
0.09904875939599547, 2.566306409797435, 0.8938837418790088, 0.5792012191248178, 0,10, 0
0.09958092197166234, 2.395567390341915, 0.8933638062721464, 0.581032249103546, 0,10, 0
0.10097784873278787, 2.402575437817865, 0.8896953824485279, 0.5773287117487882, 0,10, 0
0.10051220647907935, 2.413229952908114, 0.8777699163158681, 0.5791818732179302, 0,10, 0
0.10024612519124593, 2.4005790476328612, 0.88033626681359, 0.5666097256202227, 0,10, 0
0.09878267810816205, 2.4374372823378097, 0.9000015148416551, 0.5851382153222023, 0,10, 0
0.09958092197166234, 2.384467332653202, 0.8933638062721464, 0.581032249103546, 0,10, 0
0.10017960486928756, 2.4790498804904932, 0.8835487229879121, 0.5795707629818735, 0,10, 0
0.10111088937670458, 2.436713790922102, 0.9116167084157132, 0.5865767482064065, 0,10, 0
0.09991352358145414, 2.432011582914373, 0.9273376082964652, 0.5940889094332217, 0,10, 0
0.09991352358145414, 2.3896837986087336, 0.9273376082964652, 0.5940889094332217, 0,10, 0
0.09878267810816205, 2.6014540728905446, 0.9000015148416551, 0.5851382153222023, 0,10, 0
0.10111088937670458, 2.4179993556152124, 0.9116167084157132, 0.5865767482064065, 0,10, 0
0.09878267810816205, 2.499286606387449, 0.9000015148416551, 0.5851382153222023, 0,10, 0
0.09958092197166234, 2.4627675819736368, 0.8933638062721464, 0.581032249103546, 0,10, 0
