acuracia,loss,frr,fpr, removed, n_clf, tp_removed
0.09825051553249518, 2.3036959122288754, 0.8944041643372586, 0.40467750686587217, 0,10, 0
0.2396061996940065, 2.088698793019013, 0.8004331072755356, 0.530450450088191, 0,10, 0
0.4718951639725936, 1.8131462202682425, 0.6741205301980177, 0.3710106570607802, 0,10, 0
0.6395928956296149, 1.3879927910097636, 0.5502641284891173, 0.2948155506988789, 0,10, 0
0.605068848533227, 1.3334524857778238, 0.5941624662757377, 0.36625979981417783, 0,10, 0
0.6570877403046631, 1.233949929386078, 0.5074390257212031, 0.32568649599227784, 0,10, 0
0.6778420807556709, 1.0718213713289955, 0.4908327200563587, 0.3297953587664898, 0,10, 0
0.6648040976518327, 1.0755178965755767, 0.5219998913420708, 0.35727736264508, 0,10, 0
0.676578194638462, 1.0639357951244897, 0.5248039112144007, 0.3592592512550038, 0,10, 0
0.6953369254307191, 0.9999607687210507, 0.501455941940277, 0.35760571114891676, 0,10, 0
0.7319231025078161, 0.9479994407434879, 0.445372429156331, 0.32303142112580085, 0,10, 0
0.7398390208208607, 0.9011221894173082, 0.44340456118702093, 0.30424782523125676, 0,10, 0
0.7478214594558638, 0.9082582203243497, 0.4144806272643771, 0.3166881331253283, 0,10, 0
0.7472892968801969, 0.9261869527204392, 0.4279560041497533, 0.30324788987991175, 0,10, 0
0.7124991684959755, 0.8709401152054438, 0.4683634125053696, 0.3531045508379367, 0,10, 0
0.703119803099847, 0.8865677794979757, 0.48780571284470825, 0.3445245789695414, 0,10, 0
0.747488857846072, 0.8713162074482326, 0.43394143880988695, 0.32448332950884945, 0,10, 0
0.7401051021086942, 0.8425180159347115, 0.4156112342409586, 0.3111859233796866, 0,10, 0
0.7315239805760659, 0.8389055406843747, 0.4264184618627885, 0.3232560117670509, 0,10, 0
0.7422337524113617, 0.8378252640525709, 0.43948143684727176, 0.33397204111659007, 0,10, 0
0.7567351825982838, 0.8029608196671971, 0.38811777644637374, 0.31978217251867935, 0,10, 0
0.7504822723341981, 0.8066281424834395, 0.4072877580585532, 0.3269317269619913, 0,10, 0
0.7466240936606133, 0.7850711602145326, 0.40739020733899983, 0.32970052695994456, 0,10, 0
0.7593959954766181, 0.7668206898769631, 0.4047204960433223, 0.3203484603101171, 0,10, 0
0.7663806292822457, 0.7462032813874695, 0.3582502624780647, 0.30804907092781153, 0,10, 0
0.7724339785804564, 0.7368228067273314, 0.36498137849410256, 0.30953744306559583, 0,10, 0
0.764385019623495, 0.7473859038312185, 0.36887853381603664, 0.3020253614910743, 0,10, 0
0.7556043371249916, 0.7407574233752369, 0.37814582422542775, 0.30671975169058485, 0,10, 0
0.7609259628816604, 0.7297586098636473, 0.3414703016894928, 0.2854036260978798, 0,10, 0
0.7871349697332535, 0.7144714511960463, 0.3199144267830358, 0.283798092169053, 0,10, 0
0.774230027273332, 0.7173061060280356, 0.36443447227245407, 0.2999101293881181, 0,10, 0
0.7601942393401184, 0.7295564665612242, 0.3826824789823629, 0.31982962372440477, 0,10, 0
0.792988758065589, 0.7250141800381057, 0.3150424297796912, 0.2749821560444701, 0,10, 0
0.7825450675181268, 0.7313394447152536, 0.36377585597823675, 0.30119126087785913, 0,10, 0
0.777023880795583, 0.713183028457028, 0.3610804353857573, 0.307509690118007, 0,10, 0
0.7756269540344575, 0.7346159764442862, 0.35951171915027297, 0.31226156702115554, 0,10, 0
0.7794186123860839, 0.7142767612615589, 0.33697132802434554, 0.2964162340373769, 0,10, 0
0.7752278321027074, 0.7112149381636532, 0.3542655454148828, 0.3038552017252435, 0,10, 0
0.7684427592629548, 0.7193848366219167, 0.3728217705389036, 0.30875126248836426, 0,10, 0
0.7761591166101244, 0.7003773622908221, 0.33584594298018394, 0.29680386240687945, 0,10, 0
0.7709040111754141, 0.7025791063890994, 0.3631947227670543, 0.3059392320329236, 0,10, 0
0.7650502228430786, 0.7298968910593351, 0.3759083545749855, 0.3138112269123715, 0,10, 0
0.7633206944721612, 0.7069520243809111, 0.37121962216907683, 0.31133629539863533, 0,10, 0
0.7611255238475354, 0.7102985576032976, 0.3758905118755909, 0.3155050313781823, 0,10, 0
0.7745626288831238, 0.7173325160735058, 0.36281482333685344, 0.30684111130657993, 0,10, 0
0.779618173351959, 0.70664865476309, 0.3484635240781687, 0.2947796342636168, 0,10, 0
0.7754939133905409, 0.6947840888464756, 0.3432509254129835, 0.2950604480593066, 0,10, 0
0.7701057673119138, 0.6865807740879879, 0.3555616371386459, 0.31143671783536375, 0,10, 0
0.7631876538282445, 0.6899651413838057, 0.36993455773284845, 0.309760234740556, 0,10, 0
0.7753608727466241, 0.6900282555930641, 0.3404608724635446, 0.2973794113013416, 0,10, 0
0.7685757999068715, 0.6840060367304321, 0.341658381459617, 0.3008270894618408, 0,10, 0
0.7685757999068715, 0.6948944147823474, 0.35860406705092673, 0.30901233046977467, 0,10, 0
0.7687753608727467, 0.681266616301599, 0.3487252155103105, 0.30782168731979237, 0,10, 0
0.7639193773697864, 0.6973343554480176, 0.3675088247420151, 0.3090247244113278, 0,10, 0
0.7652497838089536, 0.7045072309022741, 0.3727445769045153, 0.3082077849508727, 0,10, 0
0.7756269540344575, 0.6857500659651952, 0.3434354283219537, 0.30283992198197424, 0,10, 0
0.7762921572540411, 0.6735814503491455, 0.33102282852316717, 0.2969918736858103, 0,10, 0
0.783143750415752, 0.6683052940954817, 0.3245294726769582, 0.29039881863688577, 0,10, 0
0.789064059070046, 0.6782621659478888, 0.3228703228484445, 0.29051345079300517, 0,10, 0
0.7850728397525444, 0.6775703986512392, 0.3350591134089165, 0.2919767752176789, 0,10, 0
0.7701057673119138, 0.6771664929815492, 0.33938406035577506, 0.30806878837343893, 0,10, 0
0.7746291492050822, 0.6730733780527414, 0.33756017178983533, 0.29862726091567354, 0,10, 0
0.7697066453801636, 0.672381291162103, 0.3587126965165403, 0.30577113382969406, 0,10, 0
0.7756269540344575, 0.6761889286574089, 0.3277384541057185, 0.2960989769997119, 0,10, 0
0.7758930353222909, 0.6854636033558847, 0.32625147994097636, 0.2920722210269855, 0,10, 0
0.7788864498104171, 0.6703532380476591, 0.3293084871421496, 0.29265600338056635, 0,10, 0
0.7789529701323754, 0.6647185887387594, 0.32883444184739724, 0.2977433177281565, 0,10, 0
0.7908601077629216, 0.6583812659204688, 0.3060707803880836, 0.29005340790483586, 0,10, 0
0.7822789862302933, 0.6508916166061054, 0.32840317858776125, 0.2942135222682538, 0,10, 0
0.7856050023282113, 0.6469288698685823, 0.32725987904885506, 0.2921680802865204, 0,10, 0
0.7878001729528371, 0.6521901556224265, 0.31711328917007203, 0.2905858367511581, 0,10, 0
0.7942526441827978, 0.651139454603797, 0.3059630334610823, 0.28007427778605976, 0,10, 0
0.7969799773830906, 0.6369854486472913, 0.3006860792831847, 0.2719717896375709, 0,10, 0
0.792057473558172, 0.6544338666440636, 0.3004015626654748, 0.28742342927407394, 0,10, 0
0.7923900751679638, 0.6561654003484146, 0.3010214296824529, 0.28406722890855723, 0,10, 0
0.7919244329142553, 0.648812051073738, 0.30086779294190596, 0.28030565140515934, 0,10, 0
0.7927226767777557, 0.6474837600336731, 0.300679575362384, 0.280132482250318, 0,10, 0
0.7933878799973392, 0.644681476511984, 0.3076343523412087, 0.277602272779632, 0,10, 0
0.789263620035921, 0.6485882743854262, 0.32061653694015346, 0.28796377331016765, 0,10, 0
0.7862036852258365, 0.6569135037969551, 0.32905092590609586, 0.2941202655585994, 0,10, 0
0.7919909532362137, 0.6400825685524507, 0.3092672791889583, 0.2804676218255301, 0,10, 0
0.7732322224439566, 0.6596766783786113, 0.3449793860563948, 0.2950304312018675, 0,10, 0
0.7830772300937937, 0.6439253073480573, 0.33585124547970624, 0.3046441327576015, 0,10, 0
0.7949178474023815, 0.638097739725707, 0.30840301050011587, 0.2791856863708423, 0,10, 0
0.7935209206412559, 0.6366591267895634, 0.29561296541672, 0.28336896484315227, 0,10, 0
0.7926561564557972, 0.6300888757488816, 0.31153649360137775, 0.28065909496212416, 0,10, 0
0.7856050023282113, 0.6172062227629691, 0.31253530388510703, 0.2918292843467976, 0,10, 0
0.7921239938801303, 0.6239184946583453, 0.3173541434196954, 0.2852746233300746, 0,10, 0
0.7882658152065456, 0.6360552468645361, 0.3198236774476626, 0.2915070867248796, 0,10, 0
0.7850728397525444, 0.6311753712415035, 0.312319826083926, 0.2915864417110193, 0,10, 0
0.7874675713430453, 0.6191169891882806, 0.31748093622889556, 0.29238584842890825, 0,10, 0
0.7882658152065456, 0.6301259756895753, 0.30213947688676834, 0.28007833101780166, 0,10, 0
0.7861371649038781, 0.6344645500472823, 0.31836589198110793, 0.2960477393227463, 0,10, 0
0.7935209206412559, 0.625208426641764, 0.30243082339518546, 0.28035632791459586, 0,10, 0
0.795583050621965, 0.6244641958497229, 0.30407103503539706, 0.2722060210069861, 0,10, 0
0.7953169693341315, 0.6202485135233854, 0.3054890991719078, 0.28646972636450996, 0,10, 0
0.7947182864365063, 0.6221359752275194, 0.30610274285947137, 0.2761723426626163, 0,10, 0
0.78646976651367, 0.6134185005928754, 0.3179884528866431, 0.28859332730709825, 0,10, 0
0.7960486928756735, 0.6044873419614187, 0.30584408794119333, 0.27626692726382074, 0,10, 0
0.7964478148074237, 0.5959097411255633, 0.29860414341969543, 0.2771293981070179, 0,10, 0
0.7964478148074237, 0.6067206241259402, 0.3018488875316962, 0.2742032783360307, 0,10, 0
0.11394931151466774, 2.303256273777163, 0.8782375117738448, 0.2859734570475049, 0,10, 0
0.2659482471895164, 2.0278364612711552, 0.7854665226844897, 0.5026962289456298, 0,10, 0
0.403445752677443, 1.7437400888753953, 0.679185648050624, 0.4389167859134172, 0,10, 0
0.5304995676179073, 1.494093906113799, 0.6003477709251619, 0.34573214794096374, 0,10, 0
0.5929621499368057, 1.3498042509530224, 0.5178573965245082, 0.29736256527034816, 0,10, 0
0.6042040843477683, 1.2787516265350507, 0.5243531748647297, 0.33757062867793863, 0,10, 0
0.6446484400984501, 1.2355422475312974, 0.4982436793608227, 0.31687737665794585, 0,10, 0
0.6431184726934078, 1.1403053865885275, 0.5193426780465267, 0.3540575281360679, 0,10, 0
0.6712565688817934, 1.1283857994321043, 0.4804456104819227, 0.3253515595460057, 0,10, 0
0.7250715093461052, 1.0757704690437764, 0.44471884255393584, 0.2864640854208508, 0,10, 0
0.7097053149737245, 0.9724355115117955, 0.4050753358116863, 0.2831663534882406, 0,10, 0
0.6854253974589237, 0.9583159071251874, 0.46657481146804664, 0.3435823090286425, 0,10, 0
0.7325217854054413, 0.9111000078216456, 0.4076003180628909, 0.2808307210403667, 0,10, 0
0.7303931351027739, 0.890229765222263, 0.4275778891837955, 0.31793531213802967, 0,10, 0
0.754007849397991, 0.7978232137535773, 0.39369281459652855, 0.2740456211306679, 0,10, 0
0.7585312312911594, 0.7991993438391088, 0.3790868426343834, 0.2800191651403013, 0,10, 0
0.7530100445686158, 0.8014975967053451, 0.40128601553478005, 0.30329360131856936, 0,10, 0
0.7945852457925896, 0.7907806090315594, 0.351192495169743, 0.2709708682924346, 0,10, 0
0.791857912592297, 0.7142015483918885, 0.36805625975619916, 0.2818554874831234, 0,10, 0
0.7799507749617508, 0.7180208630286193, 0.35665495154315485, 0.29016882342437517, 0,10, 0
0.7724339785804564, 0.7292350160445504, 0.3603672225578085, 0.2967970808196877, 0,10, 0
0.7989755870418412, 0.6775213224360442, 0.3489591175820205, 0.284819031356613, 0,10, 0
0.8050954566620102, 0.6406706864256028, 0.3502649705911373, 0.28336675843363646, 0,10, 0
0.8029668063593428, 0.6654546974024915, 0.3597411401899857, 0.2859691297846006, 0,10, 0
0.8013703186323422, 0.6672997167653787, 0.32278555901995043, 0.25966779578235344, 0,10, 0
0.7949178474023815, 0.6858658034151308, 0.32689403281412494, 0.27765000510876875, 0,10, 0
0.7970464977050489, 0.6890067426431241, 0.3101998483263879, 0.2809590456922109, 0,10, 0
0.8003725138029668, 0.6475618526156215, 0.301508687981029, 0.2702936682067047, 0,10, 0
0.8024346437836759, 0.6389551771718454, 0.3161012536043057, 0.2666862534260422, 0,10, 0
0.8026342047495509, 0.6297328395693094, 0.3092357501854815, 0.2634290446200499, 0,10, 0
0.8009046763786337, 0.6705676977664418, 0.31071772742794507, 0.2750565105776744, 0,10, 0
0.7963147741635069, 0.6553708670436525, 0.297973323169116, 0.25870574818348924, 0,10, 0
0.8032994079691346, 0.6312368371838857, 0.3073465598166348, 0.253998576864711, 0,10, 0
0.7934544003192976, 0.6215990223769287, 0.3144572573280479, 0.2567797753226679, 0,10, 0
0.8008381560566753, 0.6067032454264938, 0.3155176583953889, 0.2682538193630039, 0,10, 0
0.7991751480077164, 0.6142243753482993, 0.31094350590760755, 0.2616600530492161, 0,10, 0
0.8027672453934677, 0.5932249698324833, 0.28956283573494745, 0.255594549194547, 0,10, 0
0.803565489256968, 0.6347456507332335, 0.3087635891022721, 0.26785642002284543, 0,10, 0
0.8082219117940531, 0.6216896618414326, 0.30338199286418005, 0.2606862954563216, 0,10, 0
0.8108827246723874, 0.5964579063088946, 0.28409255528860466, 0.2544149719647527, 0,10, 0
0.8112818466041376, 0.5746536863730144, 0.2808954832944166, 0.25142717847712354, 0,10, 0
0.8108827246723874, 0.5978485324598395, 0.2992288210407944, 0.2554576739172952, 0,10, 0
0.8092862369453868, 0.6009852287958858, 0.2833621446873722, 0.2586781484395885, 0,10, 0
0.8153395862435974, 0.5749585727855591, 0.27151773908919075, 0.26218501472096895, 0,10, 0
0.8165369520388479, 0.5615592586018278, 0.2788231564498143, 0.24531413177549363, 0,10, 0
0.8120135701456795, 0.5874196696986269, 0.29851937954769114, 0.25919207319949444, 0,10, 0
0.8092862369453868, 0.6010552137691055, 0.29797870752470584, 0.2561410356958673, 0,10, 0
0.8068249850329275, 0.5900675355864211, 0.2939849306438633, 0.2569253156858508, 0,10, 0
0.810616643384554, 0.5996468307362891, 0.3002886538337794, 0.2537336765808301, 0,10, 0
0.8053615379498437, 0.5912063613348335, 0.3028415064029826, 0.26544258547377375, 0,10, 0
0.8067584647109692, 0.5944151866044385, 0.3014346754796717, 0.26807085332684927, 0,10, 0
0.8076897492183862, 0.6202131482692967, 0.30260678296322047, 0.25004893643969295, 0,10, 0
0.8052284973059269, 0.6153511880603225, 0.3012183231712352, 0.2671618562175403, 0,10, 0
0.8076232288964279, 0.5798958964657797, 0.2986722203560889, 0.2616243474700942, 0,10, 0
0.8122796514335129, 0.5619173508574028, 0.2957828893475378, 0.26423904969489703, 0,10, 0
0.8118140091798044, 0.5854301261400179, 0.29138671518185144, 0.2560740210069807, 0,10, 0
0.8082219117940531, 0.6099597237326175, 0.2976145990629962, 0.2589003102449533, 0,10, 0
0.8081553914720947, 0.6017863106147163, 0.3073809363136246, 0.269922002087948, 0,10, 0
0.8046298144083017, 0.5983519418585656, 0.2993462227570747, 0.2636005044621801, 0,10, 0
0.803565489256968, 0.5965492569965488, 0.306736503634835, 0.2692046618765816, 0,10, 0
0.8056941395596354, 0.5853569502365492, 0.30364384869406874, 0.259365658259903, 0,10, 0
0.8074236679305528, 0.5824906327462017, 0.2908676727797563, 0.25832395542938685, 0,10, 0
0.8052284973059269, 0.580074652586335, 0.30070238518468323, 0.25564262648320846, 0,10, 0
0.8093527572673451, 0.5744681062139029, 0.2753056775764582, 0.25186862491333434, 0,10, 0
0.8123461717554713, 0.563470942778072, 0.2800101166665947, 0.24834260680717757, 0,10, 0
0.8129448546530965, 0.5582523369757831, 0.2849095696161164, 0.24084553190669972, 0,10, 0
0.810816204350429, 0.576823603927245, 0.29183899057279017, 0.25113691422325873, 0,10, 0
0.8092862369453868, 0.5653755775801387, 0.2944903102333882, 0.2599885115228991, 0,10, 0
0.8077562695403446, 0.5855344924580697, 0.2829976056426576, 0.2611951609022645, 0,10, 0
0.8090866759795118, 0.5695859513031406, 0.285534524736728, 0.25529971714124305, 0,10, 0
0.8102840417747622, 0.5672548182288981, 0.28695868102527256, 0.2579778320700846, 0,10, 0
0.8140091798044302, 0.5456615271592071, 0.281169980253392, 0.252471818896373, 0,10, 0
0.8148074236679306, 0.5578550242474792, 0.2790479982949148, 0.25020175514064213, 0,10, 0
0.8094857979112619, 0.5853444179654059, 0.2836192759572284, 0.2553656733781095, 0,10, 0
0.8065589037450941, 0.5946225952560875, 0.2988390017185087, 0.26700348718811784, 0,10, 0
0.8047628550522185, 0.5850722985623058, 0.29163982263474886, 0.26766558731091306, 0,10, 0
0.807091066320761, 0.563191324314905, 0.2852202731584791, 0.2621892553940393, 0,10, 0
0.812479212399388, 0.5551073859811159, 0.27965841071000447, 0.25961706538623763, 0,10, 0
0.8130113749750549, 0.5673254533166349, 0.280038791265268, 0.2643479193080991, 0,10, 0
0.8104170824186789, 0.5683383675420851, 0.2821606251089311, 0.2628014219331106, 0,10, 0
0.8078893101842612, 0.5779143816786697, 0.2915442345076303, 0.26106618632255296, 0,10, 0
0.8045632940863434, 0.60888783713877, 0.29252490012584603, 0.25922354607270814, 0,10, 0
0.8020355218519257, 0.5903772592820218, 0.29751573472591375, 0.2687991019989751, 0,10, 0
0.8054945785937604, 0.5883729321638379, 0.28388757042956964, 0.27025352556651827, 0,10, 0
0.8083549524379698, 0.565536898625916, 0.27644710878882234, 0.25360860418663206, 0,10, 0
0.8087540743697199, 0.5733152305745157, 0.2743925601732257, 0.25147756851896647, 0,10, 0
0.806159781813344, 0.5545836783628669, 0.2904546761189793, 0.2623838929148173, 0,10, 0
0.8084879930818866, 0.5616307087750926, 0.2860069448090243, 0.2606712412685735, 0,10, 0
0.8064923834231358, 0.5666678630643027, 0.283417375783167, 0.2592023830158008, 0,10, 0
0.8064923834231358, 0.593564150757402, 0.288003642460719, 0.25790018688263033, 0,10, 0
0.8052284973059269, 0.6075728964309282, 0.28514919711919395, 0.27090076226006654, 0,10, 0
0.8013037983103838, 0.5957501861564238, 0.2902126578311041, 0.2731110252473825, 0,10, 0
0.8024346437836759, 0.5901633866476355, 0.2935468612992421, 0.27200386594315235, 0,10, 0
0.8014368389543005, 0.5889141373106977, 0.29288549172709677, 0.26767174470028754, 0,10, 0
0.8031663673252178, 0.5756814212412447, 0.29195406382619427, 0.2715143406462242, 0,10, 0
0.80429721279851, 0.5704915923363373, 0.2942055767054901, 0.27525145852255795, 0,10, 0
0.8034324486130513, 0.5552749470042787, 0.2856722912289959, 0.2606877469433478, 0,10, 0
0.8082219117940531, 0.5586434799760447, 0.28570853956404685, 0.2609673540757281, 0,10, 0
0.8052284973059269, 0.5790837357307769, 0.2830155040281299, 0.26603462578444587, 0,10, 0
0.8029002860373844, 0.5722210677991469, 0.28529511503210214, 0.26822670722104786, 0,10, 0
0.8074901882525112, 0.5589501810658188, 0.2849648377265067, 0.26570753531886926, 0,10, 0
0.10716423867491519, 2.3039882983988824, 0.8960011037030909, 0.3382354225222384, 0,10, 0
0.23588106166433845, 2.1067466921695477, 0.8000696812492905, 0.5162851280541654, 0,10, 0
0.3671921772101377, 1.8416961022598601, 0.6789385216996827, 0.3458818040729741, 0,10, 0
0.5036253575467305, 1.6952537775098155, 0.6057733644879346, 0.3847466984531032, 0,10, 0
0.46803698529900883, 1.5386889361816247, 0.6251452694525309, 0.4105021620714629, 0,10, 0
0.5825849797113019, 1.2951873389691864, 0.564162990635789, 0.35928045864561653, 0,10, 0
0.6805694139559636, 1.1270260918005877, 0.4792321687757886, 0.2834221577530423, 0,10, 0
0.7572673451739507, 1.2032623064385746, 0.40609554203241127, 0.31242740335204583, 0,10, 0
0.689017494844675, 1.050928432226646, 0.473051157947396, 0.3519925162252957, 0,10, 0
0.7616576864232023, 1.0320929710220847, 0.415015188118955, 0.27125389457466303, 0,10, 0
0.7500166300804896, 1.0091331299038888, 0.4208952573486567, 0.30860174435559534, 0,10, 0
0.7313244196101909, 0.9277967247244451, 0.4328435963792764, 0.3301483799135145, 0,10, 0
0.7024545998802634, 0.9001308761914966, 0.4421861798226644, 0.3380584189698576, 0,10, 0
0.7592629548327013, 0.8720839208979377, 0.3894080413609231, 0.31896934942340527, 0,10, 0
0.7462914920508216, 0.8880750799416179, 0.4061442057334368, 0.3249684657808796, 0,10, 0
0.7669793121798709, 0.8160837411435663, 0.3819766600572191, 0.28849866665484186, 0,10, 0
0.7696401250582052, 0.7696918740117851, 0.38947946610793466, 0.3104135986939129, 0,10, 0
0.771635734716956, 0.7803382467307286, 0.3853600342390142, 0.2955898674017523, 0,10, 0
0.7851393600745028, 0.7270721471039094, 0.34356505913170315, 0.2671403521001457, 0,10, 0
0.7941861238608395, 0.7180025729117558, 0.347118807961687, 0.2631970686989372, 0,10, 0
0.7888644981041708, 0.7070800753886498, 0.3628905782062262, 0.2798603215260604, 0,10, 0
0.7896627419676712, 0.7894583254199985, 0.348523299824658, 0.2773790186175003, 0,10, 0
0.8002394731590501, 0.7603590542226654, 0.34252873395161065, 0.29459026171146663, 0,10, 0
0.7905940264750881, 0.7481944419541863, 0.3532549409030071, 0.3029106834822413, 0,10, 0
0.7849397991086277, 0.7368827796521515, 0.35445646286565186, 0.30136068772562224, 0,10, 0
0.791126189050755, 0.6995560839737346, 0.3378383228149233, 0.28932327164898014, 0,10, 0
0.787600611986962, 0.6922036159241306, 0.34652689661787184, 0.2922991570921745, 0,10, 0
0.7979112618905075, 0.7063826475538579, 0.32451681183802683, 0.27393616117829767, 0,10, 0
0.7827446284840018, 0.6980153343295258, 0.355015190872873, 0.30409708350998726, 0,10, 0
0.7943191645047561, 0.6705332547156113, 0.3207361286741417, 0.27562075596984614, 0,10, 0
0.8018359608860507, 0.6651599365868722, 0.2952291146161523, 0.26422933808445725, 0,10, 0
0.8010377170225504, 0.6989138152407174, 0.3105301453271563, 0.2622564829705567, 0,10, 0
0.7984434244661744, 0.6759974866101585, 0.324902694885966, 0.26393148283511314, 0,10, 0
0.7887979777822125, 0.6871503684701019, 0.3428871090611766, 0.2980582919202883, 0,10, 0
0.797445619636799, 0.6574613882229754, 0.32399924794145535, 0.2728866209216989, 0,10, 0
0.7891970997139626, 0.6617666795731983, 0.340174151089172, 0.2887098662335095, 0,10, 0
0.7864032461917115, 0.6616705194976142, 0.33648625728834813, 0.2728700329699906, 0,10, 0
0.792988758065589, 0.6472375092209202, 0.32050044151731605, 0.277913501330934, 0,10, 0
0.80429721279851, 0.6363158925982009, 0.3054165668235297, 0.259683287150736, 0,10, 0
0.7981108228563826, 0.6441370351607026, 0.3305345976284527, 0.2710562064657993, 0,10, 0
0.7956495709439234, 0.6249464681500876, 0.33189785458344806, 0.2760265276971823, 0,10, 0
0.7957160912658817, 0.631254718490334, 0.3270558428639918, 0.2778216734013498, 0,10, 0
0.7994412292955498, 0.6181854214070924, 0.31658445676428276, 0.2703744175427904, 0,10, 0
0.8120135701456795, 0.6063750429968457, 0.305359358417671, 0.2633440656147198, 0,10, 0
0.8146743830240138, 0.5966921311293437, 0.2856758374083117, 0.2542598074812895, 0,10, 0
0.8130778952970132, 0.5856996359634757, 0.29680837933715315, 0.25355108134806703, 0,10, 0
0.8122131311115546, 0.6067759658734696, 0.29137144030556095, 0.25268018871589687, 0,10, 0
0.816936073970598, 0.5913644188807167, 0.27490890328435114, 0.26411610322947426, 0,10, 0
0.8184660413756403, 0.5766153745993494, 0.2755182033737756, 0.25420698840469647, 0,10, 0
0.818599082019557, 0.57207126910097, 0.27629319729569635, 0.2454522540840066, 0,10, 0
0.8139426594824719, 0.5840318439952709, 0.28917231353610917, 0.25996002511820193, 0,10, 0
0.8059602208474689, 0.6080904994085208, 0.2939539476251807, 0.274659746898853, 0,10, 0
0.8166699926827646, 0.5873299606841905, 0.2759761208565101, 0.2467253570750087, 0,10, 0
0.8210603339320163, 0.5756029985832067, 0.2726934753363661, 0.24832348250165664, 0,10, 0
0.8201955697465576, 0.5620973512767308, 0.28093823689428143, 0.2505709094078471, 0,10, 0
0.8217255371515998, 0.5520811659345412, 0.2649315100544061, 0.237704554571877, 0,10, 0
0.8185325616975986, 0.5650218800753098, 0.2872827810313742, 0.2577967543563859, 0,10, 0
0.8200625291026409, 0.5692842664907664, 0.28929607628518356, 0.2533858140975277, 0,10, 0
0.8172021552584314, 0.5776563163250468, 0.2954659159765925, 0.258653299502342, 0,10, 0
0.8206612120002661, 0.5601635135947868, 0.2833530297723813, 0.25217978240540145, 0,10, 0
0.8205946916783077, 0.5592694074514719, 0.27382590751275104, 0.2472002526996302, 0,10, 0
0.8177343178340983, 0.5776738202938805, 0.2861584188165546, 0.2498394962720699, 0,10, 0
0.8194638462050157, 0.5608463562756735, 0.2761805436191802, 0.24255074530290716, 0,10, 0
0.8200625291026409, 0.5731381013543851, 0.28046733346164976, 0.24468220057396703, 0,10, 0
0.8152730659216391, 0.5847433819876209, 0.2845953924079466, 0.2519655449040357, 0,10, 0
0.8114814075700126, 0.6034444409495617, 0.3010774557113918, 0.2605129277191374, 0,10, 0
0.8135435375507217, 0.5974776386830606, 0.27491234963438965, 0.2530854543818473, 0,10, 0
0.8206612120002661, 0.563588834583676, 0.2765559588287026, 0.255083840709489, 0,10, 0
0.8211268542539746, 0.545263272811765, 0.26686695996861, 0.23562476972382068, 0,10, 0
0.8191312445952238, 0.5444224199052001, 0.27554414877064143, 0.24728126082489285, 0,10, 0
0.8205946916783077, 0.5493994224461674, 0.28114076570795277, 0.25416401123902166, 0,10, 0
0.8241867890640591, 0.5403761435746126, 0.2625310854003174, 0.24660884089649102, 0,10, 0
0.8231889842346837, 0.5415723562437683, 0.27909541979878927, 0.2514301911754179, 0,10, 0
0.8224572606931417, 0.5394910167975707, 0.2621696508015636, 0.24608302339646862, 0,10, 0
0.8240537484201423, 0.5345494858150406, 0.26594831218571163, 0.2452641773297418, 0,10, 0
0.827512805161977, 0.5172096107713018, 0.25036628903704317, 0.22456981639505957, 0,10, 0
0.8245859109958092, 0.5392797783879455, 0.2732622708330895, 0.24049278706229982, 0,10, 0
0.8183330007317235, 0.5646563504680621, 0.27153387800966977, 0.24574583856355264, 0,10, 0
0.8205281713563494, 0.5381943383935194, 0.27079072824464645, 0.24553507129090163, 0,10, 0
0.8174017162243066, 0.5822921141607255, 0.28174081806886203, 0.2546846624382586, 0,10, 0
0.8195968868489324, 0.559857950566609, 0.27127218533414305, 0.2433708106007045, 0,10, 0
0.8190647242732655, 0.5542024778048644, 0.2706370022555163, 0.24873189086083602, 0,10, 0
0.8201290494245992, 0.5505686132750451, 0.27831656864807014, 0.2509455426154963, 0,10, 0
0.8220581387613916, 0.5399061784083141, 0.2704027876553706, 0.24385399222901685, 0,10, 0
0.8217255371515998, 0.5433309414289478, 0.2672074309089984, 0.2427168875733776, 0,10, 0
0.823987228098184, 0.5444832161874472, 0.26560865087021424, 0.2492897452547634, 0,10, 0
0.818599082019557, 0.5669415002385171, 0.2737518597335538, 0.2574422040023581, 0,10, 0
0.8207277323222244, 0.5301460754848611, 0.27485072369989405, 0.2548172414124399, 0,10, 0
0.8224572606931417, 0.5238269844210114, 0.26943842694892595, 0.246136554480947, 0,10, 0
0.8165369520388479, 0.5536455455761113, 0.27885657140514825, 0.25048739502824807, 0,10, 0
0.8128783343311382, 0.5798680562663784, 0.2794886379396968, 0.2588116761377065, 0,10, 0
0.8046963347302601, 0.5881760815316123, 0.3177348265345318, 0.28427284141084636, 0,10, 0
0.8158717488192643, 0.5539542889482805, 0.2750788422491363, 0.2596296220178933, 0,10, 0
0.8209272932880995, 0.5312404501297965, 0.2782904346720304, 0.2529035124700467, 0,10, 0
0.8235215858444754, 0.5349492543021763, 0.26698950704676166, 0.2564855359370287, 0,10, 0
0.8253176345373512, 0.5318859541954175, 0.24467019860929715, 0.2340237951390183, 0,10, 0
0.8217920574735582, 0.5395230346798013, 0.26547364628313097, 0.24783895410464685, 0,10, 0
0.8267145612984766, 0.5212203794118496, 0.252405541462128, 0.23231383822905477, 0,10, 0
0.8264484800106433, 0.5097649698270197, 0.2641354969526188, 0.23416741273652378, 0,10, 0
0.8261158784008514, 0.5093872598481537, 0.2539424210238326, 0.24344119035261677, 0,10, 0
0.8183995210536819, 0.5435250585868133, 0.285750112347393, 0.2536595558738616, 0,10, 0
0.08574469500432381, 2.303874821432303, 0.9143083597889177, 0.3982548148185971, 0,10, 0
0.3613383888778022, 2.0580934658582155, 0.6909714178684554, 0.3591156396695213, 0,10, 0
0.39399986695935607, 1.8462566827844338, 0.6664268175610993, 0.44636989346947, 0,10, 0
0.5330938601742833, 1.574025554942417, 0.572356380324351, 0.3961586398614717, 0,10, 0
0.5824519390673851, 1.5503754932263618, 0.5407100628963427, 0.37112793304634706, 0,10, 0
0.5980176944056409, 1.402211476635538, 0.5564544327930356, 0.37308066786590716, 0,10, 0
0.7138295749351427, 1.2871825009726172, 0.4741606502725943, 0.32924430414299766, 0,10, 0
0.6988625024945121, 1.1270118936719018, 0.4585764524991772, 0.3373127411930586, 0,10, 0
0.7053149737244728, 1.1675636114863988, 0.46611470542715444, 0.3427376875849502, 0,10, 0
0.7272001596487727, 1.156714133439893, 0.44639584234251467, 0.32575054174822987, 0,10, 0
0.7293288099514401, 1.060899256014842, 0.4230446462322771, 0.31421920481925164, 0,10, 0
0.6963347302600945, 1.0079646371389863, 0.46297593944483334, 0.32687821494155306, 0,10, 0
0.7034524047096388, 1.0343605848337776, 0.44490560277011504, 0.30674233896790176, 0,10, 0
0.7359143218253177, 0.9930381944001232, 0.4335110889677741, 0.32224852280525357, 0,10, 0
0.7154925829841017, 0.9459378273910704, 0.4142175582568852, 0.31619461620576655, 0,10, 0
0.71555910330606, 0.9591477830487701, 0.41917327736694254, 0.31338162831031896, 0,10, 0
0.7124991684959755, 0.9358289117585931, 0.42896163715530233, 0.3149651252937117, 0,10, 0
0.7297279318831903, 0.8976270806576259, 0.39679868046805866, 0.31578611917499844, 0,10, 0
0.7158917049158517, 0.904990284973844, 0.40047234991487923, 0.30448685354652893, 0,10, 0
0.7272001596487727, 0.8754230471599126, 0.4116508113495311, 0.32070667985253837, 0,10, 0
0.7186190381161445, 0.8943323469231671, 0.4187324959261611, 0.31145338113829857, 0,10, 0
0.7156921439499767, 0.9265564534239678, 0.412264557707087, 0.3212892336347607, 0,10, 0
0.7353821592496508, 0.8784523820337431, 0.4025855838754845, 0.3193584360662178, 0,10, 0
0.7276658019024812, 0.8764140425940666, 0.4093856123671947, 0.3266435814019987, 0,10, 0
0.7190181600478946, 0.8831444662761893, 0.39085975911584775, 0.30117698668330434, 0,10, 0
0.7370451672986097, 0.8509995259726449, 0.39434198678136534, 0.31925988888209145, 0,10, 0
0.732455265083483, 0.84303708200352, 0.3959871806492253, 0.3271882162715461, 0,10, 0
0.7258032328876471, 0.848270524536144, 0.38219078919400695, 0.30655474476817807, 0,10, 0
0.7360473624692343, 0.812483337156229, 0.38204629092836734, 0.3089776160725933, 0,10, 0
0.7391738176012772, 0.8313428364350409, 0.3786204781547685, 0.30188908537166, 0,10, 0
0.7283310051220648, 0.8287577260815645, 0.3724348462074587, 0.30206382219650635, 0,10, 0
0.7354486795716091, 0.8218454874913808, 0.372371942003417, 0.3023944998707704, 0,10, 0
0.7570012638861172, 0.8103619609297282, 0.36947809616235505, 0.3029926045266161, 0,10, 0
0.7586642719350761, 0.8072781356158493, 0.3718081591885729, 0.3107261025762482, 0,10, 0
0.7456262888312379, 0.8225680743143094, 0.3871081020922563, 0.30383129140139425, 0,10, 0
0.7581321093594093, 0.8096541485990705, 0.3470937553519801, 0.2951793314493452, 0,10, 0
0.7581321093594093, 0.8086099220266451, 0.3470937553519801, 0.29485115808704365, 0,10, 0
0.7695736047362469, 0.7946881381051852, 0.35568122442045946, 0.29805127351449034, 0,10, 0
0.7622563693208275, 0.7606454886929142, 0.33981427997516256, 0.2949755475167439, 0,10, 0
0.7519457194172819, 0.7761291277009946, 0.3708992431757321, 0.29774012306078906, 0,10, 0
0.7693075234484135, 0.7421676379805027, 0.34096625043430207, 0.29683711944045316, 0,10, 0
0.7645180602674116, 0.7486990474012843, 0.34969753650358043, 0.29979907705061437, 0,10, 0
0.7650502228430786, 0.756196042968617, 0.3485546793607233, 0.301721903723699, 0,10, 0
0.7650502228430786, 0.7514414715044279, 0.3485546793607233, 0.29269432355241337, 0,10, 0
0.7595290361205348, 0.7514287497592597, 0.3596088797231035, 0.30010687216019194, 0,10, 0
0.7520787600611987, 0.7637393244730887, 0.3712420523766965, 0.30305428700218623, 0,10, 0
0.7654493447748287, 0.7501030717202767, 0.3443358326734299, 0.29682151698483084, 0,10, 0
0.7657154260626622, 0.7572330217938119, 0.3401364252696882, 0.2947357639664677, 0,10, 0
0.7633206944721612, 0.7491402333152508, 0.34646435195043956, 0.2965179109672449, 0,10, 0
0.760859442559702, 0.7559575269439127, 0.3595247454478421, 0.30314331784179005, 0,10, 0
0.7784208075567086, 0.7215779611264669, 0.3455621941040514, 0.29543894584648434, 0,10, 0
0.7854054413623361, 0.7165072070122831, 0.3308655980100073, 0.29138407491783974, 0,10, 0
0.762921572540411, 0.7129823596523849, 0.3446281233724743, 0.30062724540793545, 0,10, 0
0.7626554912525777, 0.7269405016072118, 0.3487846571048125, 0.2957721246087117, 0,10, 0
0.7635202554380364, 0.719793311693482, 0.3395397921580716, 0.29340399919056176, 0,10, 0
0.7661810683163707, 0.7167313011280102, 0.33139179821532655, 0.28838954427505337, 0,10, 0
0.7926561564557972, 0.6872547819426278, 0.3159228771576634, 0.28921143004402167, 0,10, 0
0.7713031331071643, 0.6813808872180325, 0.31755787384973233, 0.284076996786939, 0,10, 0
0.7809485797911262, 0.7123352510512535, 0.32401184413764333, 0.28373677203200587, 0,10, 0
0.7889310184261292, 0.7075363169581051, 0.31680298967051923, 0.2800454720081646, 0,10, 0
0.7863367258697532, 0.7002178413681249, 0.3277866646667585, 0.29076532540604644, 0,10, 0
0.7767577995077496, 0.6995755891099086, 0.3183062186421949, 0.2877576092578754, 0,10, 0
0.7881992948845873, 0.6922108139743935, 0.3197663596338892, 0.2867839464173017, 0,10, 0
0.7862702055477948, 0.6923135626977153, 0.3245203599147692, 0.2871807852499646, 0,10, 0
0.7879332135967538, 0.6902642775963089, 0.31469672491727385, 0.28374242976079267, 0,10, 0
0.7869354087673784, 0.6922175090858558, 0.326396517719336, 0.28392744024864547, 0,10, 0
0.7801503359276258, 0.6827528534365686, 0.33090979205561916, 0.28606778517107495, 0,10, 0
0.7865362868356283, 0.6762131366500749, 0.32606844031747684, 0.285651091514068, 0,10, 0
0.7836093926694605, 0.6601265425236523, 0.33702527183165587, 0.29377247513739, 0,10, 0
0.7937204816071309, 0.6555124777374196, 0.31447514775230045, 0.2870526033831776, 0,10, 0
0.7940530832169228, 0.6573455452039235, 0.3120946067186923, 0.27768518136801035, 0,10, 0
0.7943191645047561, 0.64667506443335, 0.3154964541008258, 0.28330471684257186, 0,10, 0
0.7943191645047561, 0.6736173710817185, 0.3154964541008258, 0.28033070806751925, 0,10, 0
0.792257034524047, 0.6789932018550464, 0.3153023149066866, 0.2802912069222088, 0,10, 0
0.792789197099714, 0.6774040531293658, 0.3203420945310119, 0.2866730974753066, 0,10, 0
0.7942526441827978, 0.6680283890161804, 0.3133322906094433, 0.28612426841866645, 0,10, 0
0.7940530832169228, 0.6531144734125958, 0.3169145182373365, 0.2802152438829836, 0,10, 0
0.7905275061531298, 0.6462778409887173, 0.31958968306131136, 0.28258575093333116, 0,10, 0
0.7940530832169228, 0.6472752709316817, 0.312537921405451, 0.2794500317158793, 0,10, 0
0.7919244329142553, 0.6702916855063057, 0.31861635277800004, 0.2925325465996471, 0,10, 0
0.794851327080423, 0.6591413245240575, 0.311546579414109, 0.28130457972060813, 0,10, 0
0.7941196035388811, 0.6608070699655694, 0.30731150631111137, 0.28127162434905084, 0,10, 0
0.7940530832169228, 0.6726186931622644, 0.3109761694319343, 0.27731139305073105, 0,10, 0
0.7943856848267146, 0.6539117036802355, 0.3072949542357358, 0.2790133344441178, 0,10, 0
0.788531896494379, 0.6435993720295169, 0.3173499193127132, 0.28675947853117995, 0,10, 0
0.7925896361338389, 0.6482615199197007, 0.316611995479525, 0.27957177767256824, 0,10, 0
0.7934544003192976, 0.6450431909150623, 0.3159681539635905, 0.2811297753819728, 0,10, 0
0.7943191645047561, 0.6499953945566332, 0.3133101453055819, 0.283173727239763, 0,10, 0
0.7949178474023815, 0.6452713224322267, 0.3098799127474423, 0.2783332113602334, 0,10, 0
0.7941861238608395, 0.6320319358757347, 0.30274895727610995, 0.2806219978290054, 0,10, 0
0.7947182864365063, 0.6499314589301646, 0.30215944874542494, 0.2846852182231327, 0,10, 0
0.7943191645047561, 0.6567971475460034, 0.31188194831607774, 0.28327624331591805, 0,10, 0
0.7951174083682565, 0.6700113378367369, 0.31028433288870455, 0.29355141697336706, 0,10, 0
0.7947848067584647, 0.6481401345359955, 0.309198409784386, 0.28412009982593694, 0,10, 0
0.794651766114548, 0.6511434261388616, 0.31205555264152884, 0.281210694208656, 0,10, 0
0.7949843677243398, 0.6354782025529044, 0.31149645410082577, 0.2807549781624898, 0,10, 0
0.7949843677243398, 0.6466850446154809, 0.31149645410082577, 0.28561370075551834, 0,10, 0
0.794651766114548, 0.6610257666323726, 0.31106173092926054, 0.28559213296204555, 0,10, 0
0.7944522051486729, 0.6539927452319139, 0.3034726680313741, 0.2805727703259229, 0,10, 0
0.7941196035388811, 0.645816700428779, 0.3127565330336857, 0.2848058686125004, 0,10, 0
0.7938535222510477, 0.6185720327287203, 0.30092398286310346, 0.274636597871777, 0,10, 0
0.08295084148207277, 2.302701109684625, 0.9080530596658302, 0.41212291724289735, 0,10, 0
0.32548393534224707, 2.0246742886237055, 0.7424207235298238, 0.32836432937861226, 0,10, 0
0.4032461917115679, 1.7727323651535818, 0.7095867066360847, 0.4701374805687458, 0,10, 0
0.4564624492782545, 1.5682863573335135, 0.6584421035731378, 0.3725575077125105, 0,10, 0
0.5161976983968602, 1.4275744633083391, 0.6099748609913468, 0.4017582459980477, 0,10, 0
0.6238940996474422, 1.2476608517242034, 0.5315416284918669, 0.34257227357654124, 0,10, 0
0.6521652364797446, 1.137368826148762, 0.46785339842431073, 0.315336564203661, 0,10, 0
0.6805694139559636, 1.0223082244609447, 0.42495511124811647, 0.2953599213433864, 0,10, 0
0.7135634936473092, 0.9592844430468546, 0.4383922013618609, 0.3064857927026441, 0,10, 0
0.706844941129515, 0.9104202519307729, 0.4605601315683036, 0.3271653850530447, 0,10, 0
0.7249384687021885, 0.9330228330046743, 0.450301358025931, 0.27385600929372383, 0,10, 0
0.7452271668994878, 0.8511107637450033, 0.4068698251266019, 0.2682210091293461, 0,10, 0
0.7392403379232355, 0.855712665557701, 0.4099949333649138, 0.2923420646552229, 0,10, 0
0.7431650369187787, 0.8404750178874355, 0.4103214413536636, 0.2617618625916548, 0,10, 0
0.7436971994944456, 0.8152361324326226, 0.4239879596450924, 0.29999904234107316, 0,10, 0
0.7512805161976984, 0.8460012095023376, 0.415271336316644, 0.3014090366905509, 0,10, 0
0.7558704184128251, 0.7943392051216583, 0.3904554546769025, 0.2749251601601143, 0,10, 0
0.7601942393401184, 0.7490939896790163, 0.3966521200221432, 0.26465297212159217, 0,10, 0
0.7844741568549192, 0.7178574144756265, 0.3607609402483927, 0.26293685992199506, 0,10, 0
0.7721013769706645, 0.7565499176621288, 0.3857099954855156, 0.2762839942157895, 0,10, 0
0.7778886449810417, 0.6986746841910955, 0.3546149677203043, 0.2797947214738162, 0,10, 0
0.7847402381427526, 0.6896874717588699, 0.3662407080259778, 0.27788749543488556, 0,10, 0
0.7855384820062529, 0.687628355643857, 0.3462109408616248, 0.25234725421370763, 0,10, 0
0.795583050621965, 0.6781764843399611, 0.3498578691933799, 0.2751802136917637, 0,10, 0
0.7983103838222577, 0.669756010095964, 0.33331330718825475, 0.260689628318233, 0,10, 0
0.7845406771768776, 0.6868517280578627, 0.3345236550573531, 0.2633834519458099, 0,10, 0
0.8015033592762589, 0.6374133727984708, 0.30648063827967825, 0.25057119350996404, 0,10, 0
0.7927226767777557, 0.6682906947688144, 0.33013240275091316, 0.26143439977441557, 0,10, 0
0.8052284973059269, 0.6319870564634417, 0.33247678044249485, 0.2665566900028083, 0,10, 0
0.8058271802035522, 0.6158751647408491, 0.320736912191004, 0.24760348260962328, 0,10, 0
0.7936539612851726, 0.6462177876149043, 0.33916275806710244, 0.2746348804365177, 0,10, 0
0.791126189050755, 0.6329538066802729, 0.3282574877111776, 0.26127352711060703, 0,10, 0
0.8003725138029668, 0.6444059289405605, 0.3156793029221132, 0.251514095176007, 0,10, 0
0.7963812944854654, 0.6455987119167309, 0.3197484595022992, 0.255212792450915, 0,10, 0
0.7865362868356283, 0.6690996866775452, 0.3444205106140735, 0.28287775399476983, 0,10, 0
0.7795516530300006, 0.6287452397281864, 0.3391811619771387, 0.2758324984957201, 0,10, 0
0.7969799773830906, 0.6453227383789422, 0.33670109759707506, 0.27586902992077234, 0,10, 0
0.7983103838222577, 0.6277788796712775, 0.335653745019287, 0.2758993207744386, 0,10, 0
0.798177343178341, 0.6239983969959092, 0.33682556246253087, 0.28317740091367083, 0,10, 0
0.7973790993148406, 0.6280903331006514, 0.3198962148349165, 0.2637514661099382, 0,10, 0
0.8080888711501364, 0.5992333754896931, 0.29084264933775833, 0.24912220111256012, 0,10, 0
0.8033659282910929, 0.6044877633046677, 0.3096123502447805, 0.24849059997457604, 0,10, 0
0.8011707576664671, 0.6120964570650438, 0.3096558389992086, 0.24549283954227516, 0,10, 0
0.8065589037450941, 0.6028328576042004, 0.2933344427419186, 0.2519304203058815, 0,10, 0
0.8056941395596354, 0.6089313774456963, 0.30837116546232224, 0.27180883981820914, 0,10, 0
0.8056276192376771, 0.5994534039978738, 0.3125621956716824, 0.2571895652410161, 0,10, 0
0.8088205946916783, 0.5890589664079475, 0.29964718424695497, 0.25682112034903937, 0,10, 0
0.8056941395596354, 0.5945802617664965, 0.2984281961679788, 0.25248148592844166, 0,10, 0
0.8084879930818866, 0.6025695722963033, 0.30267560510900593, 0.24119111501508203, 0,10, 0
0.810616643384554, 0.5981939927231518, 0.2949048584354198, 0.25783207168554995, 0,10, 0
0.8086210337258032, 0.6087405587398106, 0.3058532729489159, 0.26256356960599037, 0,10, 0
0.8099514401649704, 0.5869424401119553, 0.3010865894778345, 0.2598040294068316, 0,10, 0
0.8106831637065124, 0.5754062771363099, 0.29340259343967534, 0.24474768576766803, 0,10, 0
0.809685358877137, 0.5854739218428854, 0.2861606409038162, 0.2507708922109482, 0,10, 0
0.8117474888578461, 0.5862504643830324, 0.2983006864467773, 0.25350205935354575, 0,10, 0
0.8128118140091798, 0.5747064789284556, 0.29139667503587624, 0.2396466645841376, 0,10, 0
0.8136765781946385, 0.5750303971820412, 0.2919105292801938, 0.24853476551079634, 0,10, 0
0.8131444156189715, 0.5708107292001953, 0.2902558771313737, 0.24339250508154614, 0,10, 0
0.8181999600878068, 0.5451096045247101, 0.2799562638156519, 0.23637588537319482, 0,10, 0
0.8175347568682232, 0.5434333833028623, 0.28288741189725797, 0.24871110526188495, 0,10, 0
0.8129448546530965, 0.5770744355449566, 0.28853392761731045, 0.2482678101091451, 0,10, 0
0.8144083017361804, 0.5798886673785979, 0.28791293624658665, 0.2497363410419329, 0,10, 0
0.816004789463181, 0.5600037064461895, 0.2840946842670505, 0.24406445923656972, 0,10, 0
0.8113483669260959, 0.5865134006602062, 0.29353647741999395, 0.25753412252266766, 0,10, 0
0.8088205946916783, 0.5865084067958939, 0.3080006931742205, 0.25621546387393834, 0,10, 0
0.8164039113949312, 0.5545496676600743, 0.27912484796167136, 0.23900517707826696, 0,10, 0
0.8160713097851393, 0.5531690396034669, 0.28677009232972567, 0.24355340980073695, 0,10, 0
0.8188651633073905, 0.5405476141954062, 0.2915046366595117, 0.24581283514319918, 0,10, 0
0.8175347568682232, 0.5297492168225866, 0.28727748916605, 0.23996295865568457, 0,10, 0
0.8179338787999734, 0.5441820967471599, 0.2887359622469136, 0.24445532310694523, 0,10, 0
0.8102840417747622, 0.5818750910138071, 0.30223208989552947, 0.2522267889892119, 0,10, 0
0.8179338787999734, 0.5502462090443428, 0.28154895931140383, 0.24812879403609628, 0,10, 0
0.8165369520388479, 0.5589538566060164, 0.2869753780251631, 0.2543114845479679, 0,10, 0
0.8143417814142221, 0.5669707948304981, 0.29286876225577724, 0.25258086979700795, 0,10, 0
0.8096188385551786, 0.5814847648617081, 0.30004582031733723, 0.26174646071544333, 0,10, 0
0.8054945785937604, 0.5959117890144172, 0.3076638190080563, 0.26456755929920617, 0,10, 0
0.8043637331204683, 0.5942722682595157, 0.30503952796420875, 0.2647203778339192, 0,10, 0
0.8052950176278854, 0.581682588295052, 0.30373375377743167, 0.2681283165717979, 0,10, 0
0.8083549524379698, 0.5664223657129014, 0.3030052566323781, 0.2579542209542843, 0,10, 0
0.8065589037450941, 0.5839620838745165, 0.2936083414144952, 0.2551353928098817, 0,10, 0
0.8084879930818866, 0.5815367313277838, 0.29741142030504003, 0.2680251115174075, 0,10, 0
0.8054280582718021, 0.5761342692298969, 0.2991071083893501, 0.2527291263656097, 0,10, 0
0.8079558305062197, 0.5643426237979785, 0.2962497695346604, 0.2682853461393278, 0,10, 0
0.8127452936872215, 0.5516243984358331, 0.2879836942039352, 0.25255069610991215, 0,10, 0
0.8058271802035522, 0.5833291463025928, 0.3033628073535818, 0.2682968743756853, 0,10, 0
0.8106831637065124, 0.5641035070231882, 0.2882527427813057, 0.26117712230916057, 0,10, 0
0.8170025942925564, 0.5548013226837135, 0.2805997207071859, 0.2486289992260488, 0,10, 0
0.815805228497306, 0.5454825096549794, 0.28640417854693534, 0.25344219211574726, 0,10, 0
0.8185325616975986, 0.5413576474156121, 0.2789477602619209, 0.24223334580644465, 0,10, 0
0.8144748220581388, 0.5498930043053798, 0.28116027120304943, 0.24801473626703227, 0,10, 0
0.8160713097851393, 0.5531256346969127, 0.2777285800054479, 0.24099655635112033, 0,10, 0
0.8146078627020554, 0.5467337902060371, 0.29608524029714656, 0.25644759380936955, 0,10, 0
0.8174682365462649, 0.5495009828559969, 0.2929256284093259, 0.2500195660907621, 0,10, 0
0.8160713097851393, 0.5443365724794423, 0.2815918183935771, 0.25268534070889925, 0,10, 0
0.8130778952970132, 0.567175901288272, 0.29304637968646036, 0.2634275759904239, 0,10, 0
0.8160713097851393, 0.5523307085225442, 0.286481148938218, 0.2526430926109906, 0,10, 0
0.8161378301070977, 0.5417011388029422, 0.28049795148598156, 0.25561085338147504, 0,10, 0
0.8206612120002661, 0.533470105884295, 0.2798637194656048, 0.24728335767580262, 0,10, 0
0.8170691146145147, 0.5489559306163965, 0.27931284899865255, 0.24137092664602847, 0,10, 0
0.8184660413756403, 0.5462434880285714, 0.27077772393110444, 0.24369275220902387, 0,10, 0
0.8172021552584314, 0.5416108107678405, 0.2764284156175338, 0.2433138230761253, 0,10, 0
0.12000266081287833, 2.3031622965099694, 0.8614644767613069, 0.30152783188820687, 0,10, 0
0.19590234816736513, 2.1295810045179695, 0.8490133834109777, 0.5245033023104415, 0,10, 0
0.3321359675380829, 1.8960920186285994, 0.7392969306985073, 0.47153263997861117, 0,10, 0
0.5004323820927293, 1.7108813461387362, 0.616936832693223, 0.37004317150501087, 0,10, 0
0.447083083882126, 1.6410218487124275, 0.6593774873428443, 0.4391744129652023, 0,10, 0
0.516530300006652, 1.5479034829756155, 0.5886814434336145, 0.4040348908365701, 0,10, 0
0.6567551386948712, 1.4399505522087745, 0.45250928339900365, 0.3014319825562089, 0,10, 0
0.6061331736845607, 1.3074700815693214, 0.49159925346425765, 0.32984881242867453, 0,10, 0
0.5896361338388878, 1.2143964337247348, 0.4927663522381687, 0.35450322794613187, 0,10, 0
0.7468236546264884, 1.194057823660177, 0.3892889860474023, 0.3068455408230676, 0,10, 0
0.6855584381028405, 1.0617074293997861, 0.4377510188475974, 0.33235511103231924, 0,10, 0
0.7154925829841017, 0.9941086057048174, 0.42060648259835537, 0.3085390296018715, 0,10, 0
0.7392403379232355, 1.0347478749669248, 0.4004181411734748, 0.3210522320524226, 0,10, 0
0.7323222244395663, 0.959626502126668, 0.3937587690758926, 0.3155045110412429, 0,10, 0
0.6919443890108428, 0.9791009372280762, 0.4400184577277077, 0.33847969609387335, 0,10, 0
0.7201490055211868, 0.9280476208275602, 0.41376868150410223, 0.33037513184962164, 0,10, 0
0.7176212332867691, 0.9117415502235405, 0.40157963470184777, 0.314707982064478, 0,10, 0
0.7412359475819863, 0.8995495499674235, 0.41017866131316966, 0.334620944280107, 0,10, 0
0.7428324353089869, 0.8950601063145173, 0.38649417214376464, 0.3169153003386426, 0,10, 0
0.757333865495909, 0.8772095518308827, 0.3703240507657435, 0.3181427555870712, 0,10, 0
0.7478879797778222, 0.884422811098325, 0.3778640890817866, 0.3185780016004316, 0,10, 0
0.7278653628683562, 0.9019114749905643, 0.3944126570850364, 0.32216162249560687, 0,10, 0
0.7287966473757733, 0.9066415490251887, 0.3899855936997792, 0.31826627833399973, 0,10, 0
0.727998403512273, 0.884491369122094, 0.39963696181350966, 0.32976194886418897, 0,10, 0
0.7464245326947383, 0.8684224925858386, 0.38571384916723894, 0.3162083794454602, 0,10, 0
0.7572008248519922, 0.8545699057690801, 0.3641381391156543, 0.30383214110438, 0,10, 0
0.757333865495909, 0.8380968874283341, 0.35463068611084764, 0.30641026931355736, 0,10, 0
0.7697066453801636, 0.8455220668833511, 0.3482248134290753, 0.3025657452070573, 0,10, 0
0.7548060932614914, 0.8231099574136174, 0.3671045449825277, 0.30092135829520306, 0,10, 0
0.7728996208341649, 0.8063881243255081, 0.3433266613999331, 0.30169909024686975, 0,10, 0
0.7230093793653961, 0.8059328600391185, 0.39885062492321766, 0.3357420198274106, 0,10, 0
0.7256701922437304, 0.7795135768984645, 0.391677653317854, 0.33703874009625195, 0,10, 0
0.7715692143949977, 0.7799214616753881, 0.34176813554307595, 0.30372175408749774, 0,10, 0
0.7628550522184527, 0.7810625994569501, 0.3456310630240319, 0.30143825966822785, 0,10, 0
0.7368456063327347, 0.7911715784000877, 0.3749152087741501, 0.32070478690639226, 0,10, 0
0.7820794252644183, 0.7752695193354764, 0.3171988434007875, 0.28545988622597834, 0,10, 0
0.7809485797911262, 0.7781053989964457, 0.32789332296252366, 0.28450566260443266, 0,10, 0
0.781281181400918, 0.7945088037780926, 0.33262817144737206, 0.29219667833884955, 0,10, 0
0.7819463846205016, 0.7832985096800965, 0.32095885790435197, 0.2868778418430422, 0,10, 0
0.7603272799840352, 0.7845443224667805, 0.33926906048215144, 0.29553747348333625, 0,10, 0
0.7828111488059603, 0.7588688034782498, 0.32156536666247204, 0.2882088017398452, 0,10, 0
0.7912592296946718, 0.7314295109825523, 0.31645631642067845, 0.2811280528499639, 0,10, 0
0.7957826115878401, 0.7392228583577807, 0.30611464762137613, 0.2801439395490726, 0,10, 0
0.7842745958890441, 0.747433920841511, 0.3171346618634857, 0.2912468624623435, 0,10, 0
0.7881327745626289, 0.7389799237107336, 0.3130761194501046, 0.2903818957561186, 0,10, 0
0.7879997339187121, 0.7435714126696861, 0.3122522479727925, 0.28199264379189826, 0,10, 0
0.7827446284840018, 0.7525748947184531, 0.32879796986527304, 0.28748038089292205, 0,10, 0
0.792789197099714, 0.7444949108930198, 0.31024572759947017, 0.2847232224711222, 0,10, 0
0.7728331005122064, 0.7541690734922338, 0.315049353979086, 0.2826903188820377, 0,10, 0
0.7863367258697532, 0.7337453650024077, 0.3131544680160352, 0.28291342561659166, 0,10, 0
0.78686888844542, 0.7308450787758316, 0.2968449442065114, 0.2765171754630839, 0,10, 0
0.7903944655092131, 0.7310351475783392, 0.2968672625960864, 0.2783242939293404, 0,10, 0
0.792789197099714, 0.7197893187752855, 0.2963173303277076, 0.2734005589828149, 0,10, 0
0.7846071974988359, 0.7432488907065893, 0.3090888920992694, 0.2946214125844144, 0,10, 0
0.7870019290893367, 0.7209704731505429, 0.31144913841350047, 0.2807940727802507, 0,10, 0
0.7840085146012107, 0.7237237194758512, 0.3168596581769614, 0.2891693464371312, 0,10, 0
0.7866028071575867, 0.742453336219758, 0.3118234419205473, 0.2843708109906366, 0,10, 0
0.7870684494112952, 0.7203562292577643, 0.3068364925953627, 0.27963635498530265, 0,10, 0
0.792988758065589, 0.7217698110439158, 0.3024974492857312, 0.27704697286559954, 0,10, 0
0.7932548393534224, 0.7225683404495978, 0.3063289364260418, 0.2852848828845391, 0,10, 0
0.7917913922703386, 0.7240394678681975, 0.3017052341695962, 0.2827443808276109, 0,10, 0
0.7928557174216723, 0.7273173219931689, 0.2923832012571864, 0.27319752757831006, 0,10, 0
0.7841415552451274, 0.7148222669391031, 0.31517214708845825, 0.28323562070557706, 0,10, 0
0.7856050023282113, 0.7040213035453161, 0.3143451038817951, 0.28229878714100354, 0,10, 0
0.7860041242599615, 0.7039094034479986, 0.30810684896841617, 0.2876794026647118, 0,10, 0
0.7861371649038781, 0.6806996757869795, 0.30954592768904826, 0.2847036465177176, 0,10, 0
0.7899288232555045, 0.6989198451428494, 0.29388156516984704, 0.27819249869066043, 0,10, 0
0.7862036852258365, 0.7210161242692672, 0.29827351563508286, 0.28199792385062106, 0,10, 0
0.7866028071575867, 0.7144163305316441, 0.3118234419205473, 0.28498559875586404, 0,10, 0
0.7866028071575867, 0.7089210540436117, 0.3118234419205473, 0.2844516240710881, 0,10, 0
0.7862036852258365, 0.7255848772326771, 0.31500526010236546, 0.28739393447268424, 0,10, 0
0.7962482538415486, 0.7093008491932379, 0.29965361175071714, 0.2806693091518415, 0,10, 0
0.7930552783875474, 0.7025877317294554, 0.3049869450840505, 0.28380648955016363, 0,10, 0
0.7933878799973392, 0.7316828968270188, 0.303471793568899, 0.2789848366054738, 0,10, 0
0.7846737178207942, 0.7316772285321801, 0.3221175595676061, 0.2857523964515048, 0,10, 0
0.7852058803964611, 0.7079830299268981, 0.30874735871172077, 0.2816356659643209, 0,10, 0
0.7923900751679638, 0.7165318822076302, 0.30534624202905064, 0.2833118438969334, 0,10, 0
0.7949178474023815, 0.6999928687772335, 0.3099120520930863, 0.2837737097729453, 0,10, 0
0.791126189050755, 0.68171349317594, 0.302117160001876, 0.2798101850859352, 0,10, 0
0.7931883190314641, 0.6843148791205234, 0.2959841972111235, 0.2815300766363566, 0,10, 0
0.792257034524047, 0.6734013940855879, 0.29338240503794355, 0.27573164508159503, 0,10, 0
0.7917913922703386, 0.6551944732847964, 0.3019627462653436, 0.27806625966528187, 0,10, 0
0.7862702055477948, 0.6447128244297071, 0.31250526010236546, 0.27959715455111744, 0,10, 0
0.7878001729528371, 0.6498762117100673, 0.30506458560247707, 0.28264089155199074, 0,10, 0
0.7900618638994212, 0.6531736686636191, 0.298349697983704, 0.2731640494966785, 0,10, 0
0.7907935874409632, 0.6487198886154187, 0.3034581312291752, 0.2828093448712254, 0,10, 0
0.7951839286902148, 0.6266849651935454, 0.30235674932111134, 0.27658848399101393, 0,10, 0
0.7887314574602541, 0.6313894390071317, 0.30540446386147296, 0.28078009214486743, 0,10, 0
0.7927226767777557, 0.6381761070453543, 0.3005584269030003, 0.2773969741521296, 0,10, 0
0.7957160912658817, 0.6250972628207481, 0.2959885076731725, 0.27492644729964044, 0,10, 0
0.7917913922703386, 0.6241665427424179, 0.3048632017255507, 0.2933783458473613, 0,10, 0
0.7939865628949644, 0.650020785929817, 0.30443587788339244, 0.2820557930018372, 0,10, 0
0.7970464977050489, 0.6448871560635947, 0.2945978997558491, 0.27560467090625496, 0,10, 0
0.7915253109825051, 0.6486245846334768, 0.3050756744538216, 0.2814065503448396, 0,10, 0
0.7951174083682565, 0.6171467512389109, 0.2988968339639379, 0.2797207504861743, 0,10, 0
0.7973125789928823, 0.6385058812219725, 0.2976180216982796, 0.2776617850472805, 0,10, 0
0.7971130180270073, 0.6436904012513179, 0.29786216790044984, 0.2761061927241981, 0,10, 0
0.795583050621965, 0.6540712809869046, 0.29944183823012016, 0.2796050212088847, 0,10, 0
0.7947182864365063, 0.6328972105837363, 0.3066662700402552, 0.282705786727409, 0,10, 0
0.7987760260759662, 0.6407111051065405, 0.2984699770435245, 0.27394580906895016, 0,10, 0
0.7951174083682565, 0.7066684189090365, 0.2946081467909554, 0.2766275833301527, 0,10, 0
0.10177609259628817, 2.302748982654014, 0.8766034750880426, 0.5309596255800985, 0,10, 0
0.29109292888977584, 2.1125308752757763, 0.7206929266259741, 0.47354638963555956, 0,10, 0
0.4393002062129981, 1.9489745902363305, 0.6220953649431968, 0.3395453934620592, 0,10, 0
0.5293687221446152, 1.4765430102369521, 0.6088126628541651, 0.37522649638625744, 0,10, 0
0.5771303133107164, 1.3757883130697197, 0.5665283160962464, 0.3808666065195061, 0,10, 0
0.661145479944123, 1.1807683485384237, 0.5109086365621934, 0.3030679746152288, 0,10, 0
0.625889709306193, 1.1472722738250525, 0.554934956857841, 0.3697733920540105, 0,10, 0
0.7166234284573937, 1.1193964809784205, 0.45482287714469877, 0.3136896778673971, 0,10, 0
0.6260227499501098, 1.1099087531842984, 0.5640469068210207, 0.3780169486797024, 0,10, 0
0.6413224240005322, 1.0422662184131064, 0.5343992011182896, 0.3659685799135309, 0,10, 0
0.7198164039113949, 0.9256444191876414, 0.4394810615872814, 0.2731675790178026, 0,10, 0
0.7162908268476019, 0.9231146400381044, 0.46084611881436116, 0.32926605485684896, 0,10, 0
0.7220115745360207, 0.9356157825422763, 0.4553180327352808, 0.3291920605534433, 0,10, 0
0.7478879797778222, 0.8668817756780551, 0.4192244081586987, 0.30091029910074935, 0,10, 0
0.7338521918446085, 0.8914623924425167, 0.44877154119752505, 0.31344341037983314, 0,10, 0
0.7649171821991618, 0.8432276896534685, 0.37972118117669773, 0.28629104335406536, 0,10, 0
0.7813477017228764, 0.8085820182075095, 0.347898803881804, 0.2857471455877527, 0,10, 0
0.7546730526175747, 0.8025694590353138, 0.386959827941627, 0.30283151911563677, 0,10, 0
0.7611255238475354, 0.7521251836928672, 0.3720253125955303, 0.30280888596285804, 0,10, 0
0.7554712964810749, 0.7366044590361899, 0.3904866140699043, 0.31082996456922657, 0,10, 0
0.7588638329009513, 0.7276036480292556, 0.3702561816476457, 0.3070426729001266, 0,10, 0
0.7631876538282445, 0.757305369721891, 0.35078725066089744, 0.2812463229839767, 0,10, 0
0.7626554912525777, 0.7594182161770542, 0.35737889239491305, 0.3061581422021482, 0,10, 0
0.7813477017228764, 0.767193302052331, 0.33982977793536134, 0.28466280306749114, 0,10, 0
0.7564691013104503, 0.7441547892746952, 0.3591160053358193, 0.2916502403440014, 0,10, 0
0.7651832634869953, 0.7515596691867501, 0.3360620197046638, 0.2907168784962816, 0,10, 0
0.7655823854187455, 0.710721444085324, 0.34245941383380435, 0.29729229845904903, 0,10, 0
0.7776225636932083, 0.7515964813226633, 0.3435769064401048, 0.29733117695657496, 0,10, 0
0.771436173751081, 0.727956165632786, 0.33412442072425114, 0.2952813962498489, 0,10, 0
0.7691744828044967, 0.7037237723691617, 0.3490238922359087, 0.29780656178777515, 0,10, 0
0.7647176212332868, 0.7086499624515208, 0.35950008271209916, 0.2982113273738062, 0,10, 0
0.7738974256635403, 0.7053713451920626, 0.3605858078969589, 0.30432435590499024, 0,10, 0
0.7587307922570345, 0.6939781292127319, 0.3508384433070896, 0.29987382721874734, 0,10, 0
0.7639858976917449, 0.6966344000721182, 0.33883540623764946, 0.2888657981298065, 0,10, 0
0.7588638329009513, 0.6894324233367944, 0.34876570054250244, 0.29657241983449634, 0,10, 0
0.7830772300937937, 0.704720703016998, 0.32616229437699923, 0.2879320413665446, 0,10, 0
0.77755604337125, 0.6937250156193572, 0.32381691400829005, 0.283289453141382, 0,10, 0
0.7696401250582052, 0.6930403544400937, 0.32565512997277596, 0.285890848810966, 0,10, 0
0.783343311381627, 0.6693358913526575, 0.3208658725824749, 0.28708492281574466, 0,10, 0
0.764385019623495, 0.661604809735761, 0.33666350560045205, 0.2896980808611714, 0,10, 0
0.7790194904543338, 0.6557105235454133, 0.3322775236929251, 0.2853883690943612, 0,10, 0
0.7637863367258697, 0.6645254460217312, 0.334147810269094, 0.2906027141151451, 0,10, 0
0.7770904011175415, 0.6650738450360026, 0.3239706453860468, 0.28897037765470085, 0,10, 0
0.7873345306991286, 0.6552279167864659, 0.32453481501591164, 0.29274732977680834, 0,10, 0
0.7887979777822125, 0.6486009860647153, 0.3203957849066837, 0.28620705279568415, 0,10, 0
0.7659149870285372, 0.6430523378154517, 0.321347585320059, 0.28499109183500837, 0,10, 0
0.7853389210403778, 0.644875465838303, 0.3231485737054877, 0.27680193632487665, 0,10, 0
0.7881327745626289, 0.6554290653218419, 0.3089046296672797, 0.2830614796728751, 0,10, 0
0.783875473957294, 0.6497105611578712, 0.32601086584680117, 0.2916574391903191, 0,10, 0
0.7790860107762921, 0.6578324204474327, 0.3337195109486775, 0.2881433538467391, 0,10, 0
0.7837424333133772, 0.6547749636205353, 0.3222153476395183, 0.2871563708412129, 0,10, 0
0.7895962216457127, 0.6524943661501283, 0.30512566353537235, 0.2767896308269644, 0,10, 0
0.7854719616842946, 0.6620921639621161, 0.31193946363684366, 0.28436317644103953, 0,10, 0
0.7842745958890441, 0.6493758803428669, 0.3226547413354368, 0.2825174424100282, 0,10, 0
0.789064059070046, 0.655129616517945, 0.3035503205448275, 0.27550022751785175, 0,10, 0
0.7880662542406706, 0.6416940155346709, 0.3200563477301118, 0.28379564683908365, 0,10, 0
0.7876671323089204, 0.6469351265991272, 0.31242233131322117, 0.2866876384239362, 0,10, 0
0.7889975387480875, 0.6516271737899287, 0.3159500885120987, 0.2812148033387459, 0,10, 0
0.7721013769706645, 0.637437695264972, 0.31395652703231003, 0.2882419330953822, 0,10, 0
0.7702388079558306, 0.6390027043997669, 0.32906753553048906, 0.2908760494427403, 0,10, 0
0.7720348566487062, 0.6413751067905621, 0.3282567058701554, 0.29495835109092544, 0,10, 0
0.7896627419676712, 0.6454826670846562, 0.3081635870091025, 0.2774904281455278, 0,10, 0
0.7916583516264218, 0.6535410877430841, 0.3196167556763271, 0.28057835948735155, 0,10, 0
0.7883323355285039, 0.6320834217204884, 0.3219755531776285, 0.2831553857059075, 0,10, 0
0.7873345306991286, 0.631114778126251, 0.32249286187101733, 0.28529187128877836, 0,10, 0
0.7903279451872547, 0.6217089410836818, 0.3163316168740691, 0.28160811051884305, 0,10, 0
0.7899953435774629, 0.607412032827966, 0.30459752500723386, 0.283599242527158, 0,10, 0
0.7860706445819198, 0.6338577277915205, 0.316030511301898, 0.28367172484733766, 0,10, 0
0.7907935874409632, 0.632225856040112, 0.29584427825398707, 0.2723283608107411, 0,10, 0
0.792988758065589, 0.6428853938365289, 0.29992139582667987, 0.2731898624452377, 0,10, 0
0.7893301403578793, 0.6314133153890924, 0.313753366072698, 0.280443570891191, 0,10, 0
0.7895297013237544, 0.6180097500500085, 0.30449579031512225, 0.28301615080589343, 0,10, 0
0.7895962216457127, 0.6038239696596197, 0.31258494025276556, 0.2790920519757393, 0,10, 0
0.785937603938003, 0.5931795791471449, 0.31405549803659466, 0.29317052614763844, 0,10, 0
0.7899288232555045, 0.5921099353976474, 0.305753369163078, 0.2790017616776437, 0,10, 0
0.7965143351293821, 0.5976933521272397, 0.2988379096534617, 0.27897363027175276, 0,10, 0
0.7950508880462982, 0.5933934104786589, 0.30661758271671685, 0.2819971647946435, 0,10, 0
0.7967138960952571, 0.6064014574647643, 0.29556270265980805, 0.2745864815638396, 0,10, 0
0.7939865628949644, 0.6066615031331263, 0.302348816436821, 0.2798616936511882, 0,10, 0
0.7937870019290894, 0.6227399099607378, 0.30627109613415104, 0.27920862281325265, 0,10, 0
0.7907935874409632, 0.6282929752474214, 0.3174117893159194, 0.2824725010215447, 0,10, 0
0.7871349697332535, 0.6347496237434691, 0.32410619811853164, 0.28459496032468623, 0,10, 0
0.7837424333133772, 0.6200815301763211, 0.3236997380129392, 0.2890330678761615, 0,10, 0
0.7930552783875474, 0.6011908663496914, 0.3074781590790444, 0.28007110575397665, 0,10, 0
0.787600611986962, 0.6014322133442084, 0.3172570595331928, 0.28010226783823766, 0,10, 0
0.7830107097718353, 0.5922244855923268, 0.3211212026644551, 0.29377874782850083, 0,10, 0
0.7903279451872547, 0.5895580620791484, 0.3110998014210309, 0.2870873108358394, 0,10, 0
0.7921239938801303, 0.5974812735796436, 0.3124962309502038, 0.2822327609818039, 0,10, 0
0.7955165303000067, 0.5913544025905041, 0.3008142371949247, 0.2789358992952086, 0,10, 0
0.7905940264750881, 0.6028925149987072, 0.30232780617290306, 0.28002095288018936, 0,10, 0
0.7851393600745028, 0.6039925923366921, 0.31652137004848185, 0.2919083528115727, 0,10, 0
0.7844076365329609, 0.6175993262590085, 0.31809279861991047, 0.28623948697791585, 0,10, 0
0.7927226767777557, 0.6013033569806979, 0.3005318078671288, 0.27612076704773414, 0,10, 0
0.7954500099780483, 0.6184877054669098, 0.30834428172520356, 0.28347750843525166, 0,10, 0
0.790194904543338, 0.6101713805929972, 0.30418339361953456, 0.28190610982482395, 0,10, 0
0.7915253109825051, 0.6252426537209461, 0.31081770920829777, 0.27769095509579783, 0,10, 0
0.7910596687287966, 0.6190683385426182, 0.3062115849404088, 0.2794085577811047, 0,10, 0
0.7889310184261292, 0.6166476579704391, 0.31133299469834186, 0.28121664237054783, 0,10, 0
0.7836093926694605, 0.6230280666803922, 0.3147287942447765, 0.2908885820920225, 0,10, 0
0.7961817335195902, 0.5882139846223837, 0.30984408794119334, 0.2779746085305539, 0,10, 0
0.7955165303000067, 0.6068517193054669, 0.3008142371949247, 0.2879073604766675, 0,10, 0
0.10037916583516264, 2.3025328853542217, 0.8903022821833936, 0.39372473370392824, 0,10, 0
0.2952837091731524, 2.0563336688506504, 0.7406057392198971, 0.4294953061855841, 0,10, 0
0.4054413623361937, 1.739968754697574, 0.673597543966053, 0.41265790847043504, 0,10, 0
0.5384154859309519, 1.4558861978941975, 0.5910411687102919, 0.3023529283590339, 0,10, 0
0.5831171422869686, 1.3687401485893234, 0.5111641969187191, 0.29161069956499686, 0,10, 0
0.5877735648240537, 1.2987989162733058, 0.4933400491245552, 0.2836286662814993, 0,10, 0
0.6083283443091865, 1.2010790399605118, 0.500341342095696, 0.2810587421268948, 0,10, 0
0.6222976119204416, 1.1482055394269135, 0.47302755053824214, 0.28966638934905353, 0,10, 0
0.7200824851992284, 1.1362287155993425, 0.420980063585776, 0.2645159340453453, 0,10, 0
0.6661345040909998, 1.0475494504660072, 0.4355018511143259, 0.28648644248573346, 0,10, 0
0.6570877403046631, 1.082471900733558, 0.437563591420829, 0.26123508029082015, 0,10, 0
0.7062462582318898, 0.8694700628667371, 0.41505451081360384, 0.2836687134288915, 0,10, 0
0.7086409898223908, 0.8541638289722661, 0.408977379187242, 0.26622469039602714, 0,10, 0
0.7739639459854986, 0.8756968667547311, 0.37657893859550723, 0.28928018803554845, 0,10, 0
0.7589303532229096, 0.7510485471079945, 0.3979426778691385, 0.29389897675947085, 0,10, 0
0.7769573604736247, 0.7308963097052898, 0.3597462609136412, 0.2651229250545375, 0,10, 0
0.7577329874276592, 0.7080479190945758, 0.38725662496600854, 0.2905150646599537, 0,10, 0
0.774429588239207, 0.7541901433424171, 0.32404097351764016, 0.24546351266095193, 0,10, 0
0.7963812944854654, 0.8046047600225453, 0.33185733881404544, 0.25693746780762194, 0,10, 0
0.7989090667198829, 0.7128990590367529, 0.3342628983934906, 0.2544971903127507, 0,10, 0
0.8010377170225504, 0.654525742781403, 0.3261433172893373, 0.2422993838746617, 0,10, 0
0.7935874409632142, 0.7205124133202884, 0.3626346222305434, 0.28124943705359673, 0,10, 0
0.7994412292955498, 0.6692866069816128, 0.3326536827031175, 0.24887147268187534, 0,10, 0
0.7959156522317568, 0.7296400601700678, 0.33668742588217254, 0.25654397845690957, 0,10, 0
0.8001064325151334, 0.6779143989202249, 0.30307318638940084, 0.24938997732368048, 0,10, 0
0.7927226767777557, 0.669813980154375, 0.35355038670815964, 0.2652579132388778, 0,10, 0
0.7983103838222577, 0.6462502514256535, 0.3286124788896923, 0.26527545483977055, 0,10, 0
0.7985099447881328, 0.6529680658934811, 0.31842834496609235, 0.24906316962403413, 0,10, 0
0.7979112618905075, 0.6752615129665243, 0.3210531574401091, 0.26372888776574294, 0,10, 0
0.8024346437836759, 0.6495681296885837, 0.3122246233374658, 0.24630645725955694, 0,10, 0
0.8024346437836759, 0.618183692800704, 0.32009298762650024, 0.25875250135056793, 0,10, 0
0.8023681234617176, 0.6067323165151702, 0.31965993244402546, 0.2504180367167324, 0,10, 0
0.8120135701456795, 0.6011293170112636, 0.2993523542562133, 0.23998307519574305, 0,10, 0
0.8075567085744695, 0.6058777927734185, 0.3143368155266405, 0.2510014170061141, 0,10, 0
0.8023016031397592, 0.6281687880914769, 0.3142334558992132, 0.24716658699370486, 0,10, 0
0.8098183995210537, 0.5968833294140073, 0.30179508306926095, 0.24131770184762724, 0,10, 0
0.8085545134038449, 0.6047423999648902, 0.3043924276112779, 0.24311354689067907, 0,10, 0
0.8079558305062197, 0.5894346694369449, 0.31934214805611194, 0.255999297855119, 0,10, 0
0.81321093594093, 0.5692340768701756, 0.2988385304429135, 0.2440181784862743, 0,10, 0
0.819530366526974, 0.5571669849931137, 0.27648774412800825, 0.23999350683755755, 0,10, 0
0.8171356349364731, 0.557729910311169, 0.2845303816362384, 0.23649736902117596, 0,10, 0
0.8128783343311382, 0.5768670005598838, 0.3044181223860992, 0.24308205837619667, 0,10, 0
0.8160713097851393, 0.5672164296860913, 0.29469686521615157, 0.23814760337769372, 0,10, 0
0.8151400252777223, 0.5613110921024249, 0.30048428180204817, 0.24353656024874362, 0,10, 0
0.8192642852391405, 0.5720872535879891, 0.2701256129559765, 0.23786615962050764, 0,10, 0
0.8174682365462649, 0.5701203405991553, 0.28669292440763733, 0.23895923171595815, 0,10, 0
0.8100844808088871, 0.6018508440297583, 0.29177800954517463, 0.24694945231792154, 0,10, 0
0.8112153262821792, 0.5980785132235495, 0.2774507559644478, 0.24387251219114742, 0,10, 0
0.804496773764385, 0.6114713880502415, 0.31461102952451536, 0.25887792905649337, 0,10, 0
0.8063593427792191, 0.587087257661348, 0.30912580149389, 0.2557723338249447, 0,10, 0
0.8053615379498437, 0.5808832965500702, 0.3046334339392541, 0.24843674770724516, 0,10, 0
0.8114148872480543, 0.5743335554245015, 0.2915340832635844, 0.24928582318761325, 0,10, 0
0.8091531963014701, 0.5968326552914713, 0.2979218806528053, 0.2637782024970261, 0,10, 0
0.8125457327213463, 0.5801157472715781, 0.2965283951573807, 0.2582706424672308, 0,10, 0
0.8056941395596354, 0.5945695360697669, 0.31004365601182193, 0.26453168625585294, 0,10, 0
0.8136765781946385, 0.5770384529347711, 0.29515207029301954, 0.2622934817475626, 0,10, 0
0.8197299274928491, 0.5474929880756897, 0.2607498683949078, 0.24261327656424353, 0,10, 0
0.8127452936872215, 0.5723406092249719, 0.2919314119856202, 0.2606817765313097, 0,10, 0
0.8118140091798044, 0.5685605133503014, 0.29674594693158785, 0.2515533240219119, 0,10, 0
0.8134770172287634, 0.5842535131034305, 0.2815648614226383, 0.25382663362228297, 0,10, 0
0.8191312445952238, 0.5574303480090957, 0.26800824918692867, 0.2449801270823696, 0,10, 0
0.8142752610922637, 0.5713362059501229, 0.29148581676488317, 0.25440845695598774, 0,10, 0
0.8087540743697199, 0.5783046527266626, 0.29053852445659734, 0.25648739468864823, 0,10, 0
0.8098183995210537, 0.5961962184043058, 0.26966386055571023, 0.24813645543803248, 0,10, 0
0.8120800904676378, 0.5687341373382457, 0.29307119625557515, 0.2523945078883443, 0,10, 0
0.8062928224572606, 0.5851878939262029, 0.2985984403105864, 0.26438959765329395, 0,10, 0
0.8072241069646777, 0.5876217486283641, 0.2882683987251767, 0.2640933963268307, 0,10, 0
0.806159781813344, 0.5890775808988051, 0.2925264751697631, 0.2675351983441908, 0,10, 0
0.8143417814142221, 0.5614824958973079, 0.2735924253398159, 0.24576864693003148, 0,10, 0
0.81321093594093, 0.5679914025085001, 0.2931518902845717, 0.2630806913461171, 0,10, 0
0.8131444156189715, 0.5574610530507678, 0.2908090974371266, 0.25236701080413315, 0,10, 0
0.8136100578726801, 0.5642303399744643, 0.2827184811036321, 0.25641635510314326, 0,10, 0
0.8116144482139294, 0.5490670588158562, 0.2932557163481488, 0.2677380049594203, 0,10, 0
0.815073504955764, 0.5452175633568392, 0.2801770951396741, 0.2521508551264018, 0,10, 0
0.8196634071708907, 0.5400367409288942, 0.2543433922989982, 0.24259666880197198, 0,10, 0
0.8178008381560566, 0.5535227826311063, 0.26971815442794467, 0.24451356713015474, 0,10, 0
0.8149404643118473, 0.5508765580279329, 0.2933654739107144, 0.25628151102402164, 0,10, 0
0.8197964478148074, 0.5398064365807181, 0.2627800793299658, 0.2420167487610532, 0,10, 0
0.8182664804097651, 0.5535437208596315, 0.2668293571802282, 0.23856856454753889, 0,10, 0
0.8170025942925564, 0.5649191666657334, 0.27342256168662793, 0.2519719899111435, 0,10, 0
0.8176012771901816, 0.5494509326925449, 0.2694890431242135, 0.24610919609391133, 0,10, 0
0.8163373910729728, 0.541963724027115, 0.2773703637070468, 0.2588232518025989, 0,10, 0
0.8156721878533892, 0.5440820557420905, 0.29553395119901443, 0.25233427802377234, 0,10, 0
0.8174682365462649, 0.5401736005620251, 0.2831936852633142, 0.24663420183722948, 0,10, 0
0.8148074236679306, 0.5635817936418606, 0.2782834911887809, 0.24936618199314406, 0,10, 0
0.8189316836293488, 0.5297586118816915, 0.26041229192510074, 0.2422062189535591, 0,10, 0
0.8181334397658485, 0.5356714136554088, 0.2698290099289077, 0.2457100707026937, 0,10, 0
0.8194638462050157, 0.5219361186318052, 0.2687011525944672, 0.23956826267960568, 0,10, 0
0.8180003991219318, 0.5333961833119045, 0.27244328598050294, 0.24593882004443643, 0,10, 0
0.8153395862435974, 0.5682674657759633, 0.28054999274625964, 0.25602218690780515, 0,10, 0
0.8189982039513071, 0.5249568784230249, 0.26898871426940324, 0.24499563611702377, 0,10, 0
0.8209272932880995, 0.5228990143999321, 0.27051964345362767, 0.24413488818504256, 0,10, 0
0.822324220049225, 0.5155714501932284, 0.25693549339594823, 0.23205453296032022, 0,10, 0
0.8243863500299341, 0.5079826949430548, 0.2588234698555248, 0.23680708198397737, 0,10, 0
0.823987228098184, 0.5159978826008261, 0.2565495710540824, 0.22989171827749336, 0,10, 0
0.8147409033459722, 0.5534787879647854, 0.2790698869407495, 0.25294418755163056, 0,10, 0
0.8137430985165969, 0.5598916031280293, 0.27602024703383676, 0.25433469683526266, 0,10, 0
0.8200625291026409, 0.5340896305799561, 0.2642156839272837, 0.2410745633925454, 0,10, 0
0.8172686755803898, 0.5433499255768923, 0.26397806434489507, 0.2448695287112418, 0,10, 0
0.8234550655225171, 0.5166381247609562, 0.244238437367036, 0.23625085345349212, 0,10, 0
0.8245193906738508, 0.5023657595760839, 0.26651660276930195, 0.24105289550518916, 0,10, 0
0.10264085678174682, 2.305146837348687, 0.8751789411798983, 0.47707020697546754, 0,10, 0
0.31370983835561767, 2.074288486351964, 0.747695787623391, 0.33338473333616564, 0,10, 0
0.3537550721745493, 1.9145920804412369, 0.7161703113177473, 0.47606343758610437, 0,10, 0
0.43025344242666136, 1.6947270368241918, 0.6627526366141606, 0.4615950115916175, 0,10, 0
0.5085478613716491, 1.486507218967716, 0.6361970227308955, 0.432179734866478, 0,10, 0
0.6616111221978315, 1.29319742378208, 0.4903679200844718, 0.2862632620213835, 0,10, 0
0.6527639193773698, 1.1389910257024631, 0.5358101396003822, 0.3691646150249207, 0,10, 0
0.6636067318565821, 1.107987689358749, 0.4936841143473408, 0.3272563055051117, 0,10, 0
0.7472227765582385, 0.8819033040433142, 0.45663961132405, 0.3198733154504794, 0,10, 0
0.7126987294618506, 0.8942968503064568, 0.48912391325095605, 0.34250159957383686, 0,10, 0
0.7503492316902813, 0.8704831874175414, 0.4449399206706735, 0.2847305972416501, 0,10, 0
0.7685092795849132, 0.8938998361909573, 0.4103647631001507, 0.2986854050353022, 0,10, 0
0.7637863367258697, 0.8836820746279412, 0.4180426886601743, 0.3123095560994588, 0,10, 0
0.7575999467837424, 0.8444662586378086, 0.404522849423693, 0.30790835700489116, 0,10, 0
0.7666467105700792, 0.8252825065084317, 0.39980510413706766, 0.2978357236100079, 0,10, 0
0.7605268409499102, 0.7555302635304467, 0.39742989917233196, 0.29249421481681365, 0,10, 0
0.7724339785804564, 0.7384886242654994, 0.3774848671432198, 0.29970569535426966, 0,10, 0
0.7701722876338721, 0.7284396849854113, 0.38759723464115126, 0.2950423357899241, 0,10, 0
0.7757599946783742, 0.7052516712281488, 0.38012572503345493, 0.2882891249535374, 0,10, 0
0.7827446284840018, 0.6896182233564808, 0.3579589610421073, 0.28724948697905495, 0,10, 0
0.7810816204350429, 0.6946885953863629, 0.35218574566474253, 0.26596835262272195, 0,10, 0
0.7759595556442493, 0.668563509204596, 0.3807997279383084, 0.297193361288586, 0,10, 0
0.7822789862302933, 0.6753144312673754, 0.32970966974370824, 0.27449250183724166, 0,10, 0
0.782944189449877, 0.6624117187748643, 0.3307497068738403, 0.27612167025509476, 0,10, 0
0.7847402381427526, 0.6612883825750294, 0.33280841164579444, 0.26610625170515845, 0,10, 0
0.782944189449877, 0.640864102392689, 0.3231308830402611, 0.2741963841072888, 0,10, 0
0.7854719616842946, 0.6391810824879096, 0.30973199444086696, 0.27765971684720225, 0,10, 0
0.7844076365329609, 0.6318169891063841, 0.33380643228143325, 0.28362860846772375, 0,10, 0
0.7884653761724206, 0.6482168557360555, 0.3119606448697858, 0.2727601687887019, 0,10, 0
0.7950508880462982, 0.6178214150140857, 0.2964194096663967, 0.26026936450120586, 0,10, 0
0.8088205946916783, 0.6015739537731949, 0.27874158736071514, 0.24739568071007878, 0,10, 0
0.8090201556575534, 0.5970241879681079, 0.28477510595433375, 0.251359534117072, 0,10, 0
0.8095523182332203, 0.5968308678135805, 0.29242956561112265, 0.257561354603959, 0,10, 0
0.8037650502228431, 0.6288167338151385, 0.2890424622948429, 0.25422778205161256, 0,10, 0
0.8048293753741768, 0.6251609441177093, 0.29509367083321836, 0.2599763642078211, 0,10, 0
0.8120800904676378, 0.5927096114354112, 0.28109953245632335, 0.2506999147335565, 0,10, 0
0.8052284973059269, 0.5904581915073904, 0.2932101680127362, 0.24208361966279207, 0,10, 0
0.8074901882525112, 0.5876389219127003, 0.2807927539651445, 0.24458413991814376, 0,10, 0
0.8081553914720947, 0.5760271247801924, 0.28008765551530407, 0.2428945264195529, 0,10, 0
0.8096188385551786, 0.5773583147987753, 0.2886444478423859, 0.24215495250121863, 0,10, 0
0.8118140091798044, 0.5771286346885935, 0.2770807895659304, 0.2340470597825509, 0,10, 0
0.8118140091798044, 0.5835154717625554, 0.28087574625951606, 0.24728980714224583, 0,10, 0
0.8114148872480543, 0.5841099279786355, 0.28694810348384353, 0.24872101326906698, 0,10, 0
0.8120800904676378, 0.5752239496575147, 0.2782889435200275, 0.24140316646773222, 0,10, 0
0.8158717488192643, 0.568118096799231, 0.2687871447987135, 0.24180209479332368, 0,10, 0
0.8062928224572606, 0.587192141321648, 0.28817256779735556, 0.25297530507254684, 0,10, 0
0.8070245459988027, 0.5840761472568106, 0.28544470067498906, 0.2509602584603564, 0,10, 0
0.815073504955764, 0.5745753979936673, 0.26460331547914706, 0.24580390503939684, 0,10, 0
0.8151400252777223, 0.554678876620839, 0.27271848050711783, 0.24838803445252872, 0,10, 0
0.8144748220581388, 0.5550376091476171, 0.2760328806593165, 0.2434367696044495, 0,10, 0
0.8165369520388479, 0.5619590261439438, 0.2630149325189158, 0.23655539104728165, 0,10, 0
0.8184660413756403, 0.5665557260654991, 0.2647365276487068, 0.24451871720038387, 0,10, 0
0.8126787733652631, 0.5989238586459249, 0.27148743241877893, 0.2512845820000601, 0,10, 0
0.8130778952970132, 0.5757950804601533, 0.27995988745009154, 0.25275440375367325, 0,10, 0
0.807290627286636, 0.5816935165299782, 0.28501830257542937, 0.2538117642094939, 0,10, 0
0.8126787733652631, 0.5728154061569763, 0.2761095342674681, 0.24807209764319157, 0,10, 0
0.8179338787999734, 0.5597765117713183, 0.27391299307984984, 0.24748210309358037, 0,10, 0
0.8207277323222244, 0.5448804220626213, 0.26426568946326207, 0.2395531448508547, 0,10, 0
0.8207942526441828, 0.5455195802680957, 0.26466101037166356, 0.23963545171350023, 0,10, 0
0.8176677975121399, 0.5647855324259761, 0.2735726422199656, 0.2411868531253675, 0,10, 0
0.8183330007317235, 0.5505299134754623, 0.26551457527635086, 0.239654566362185, 0,10, 0
0.8204616510343911, 0.5321398801425861, 0.2660513717907578, 0.2458149197357048, 0,10, 0
0.8196634071708907, 0.531888656142558, 0.2640876567082861, 0.235526290187529, 0,10, 0
0.8218585777955165, 0.526088820729121, 0.2656339834190633, 0.24171606432789688, 0,10, 0
0.8227233419809752, 0.5282689845195637, 0.2682301336145721, 0.23852760737278017, 0,10, 0
0.8227233419809752, 0.5216236734513894, 0.25230957700501877, 0.23539662147634818, 0,10, 0
0.8247854719616843, 0.5180315123112489, 0.2526830312080186, 0.23032124542388785, 0,10, 0
0.8243863500299341, 0.5158421341150298, 0.2605686204664927, 0.23198704723231814, 0,10, 0
0.8243198297079758, 0.5206357786280144, 0.2544347577443673, 0.23183033691820082, 0,10, 0
0.8260493580788931, 0.5156754145635989, 0.25052931061083766, 0.23234951104877694, 0,10, 0
0.8235881061664339, 0.5305287755545467, 0.258053693022034, 0.23838572479746303, 0,10, 0
0.824918512605601, 0.5269604442885537, 0.25253856929697643, 0.23468126462850492, 0,10, 0
0.8263154393667266, 0.5245650695358209, 0.24528857417034, 0.22968190943191094, 0,10, 0
0.8203951307124326, 0.5433329866811938, 0.25926418700268905, 0.239699618207447, 0,10, 0
0.8175347568682232, 0.5591273831773359, 0.2706818461092309, 0.2516246726986826, 0,10, 0
0.8191312445952238, 0.5466355196391076, 0.26746404654440326, 0.2369743751981559, 0,10, 0
0.8189316836293488, 0.5456867178988398, 0.2633575663793667, 0.23462899649618701, 0,10, 0
0.8239207077762256, 0.5324314648999625, 0.25245045828709817, 0.23259443925451045, 0,10, 0
0.8227233419809752, 0.5270204246371062, 0.26005940257914445, 0.23523456164496154, 0,10, 0
0.8234550655225171, 0.5256677891216759, 0.25972600814418734, 0.22708466482641054, 0,10, 0
0.818599082019557, 0.5525468155877219, 0.2696553510033635, 0.2471753586213443, 0,10, 0
0.8211268542539746, 0.5163218267536448, 0.2547493669562561, 0.23450649773405374, 0,10, 0
0.821193374575933, 0.5220484508145465, 0.2722762855529916, 0.24621388553666612, 0,10, 0
0.8231889842346837, 0.5177080095639801, 0.2554603469518214, 0.2348294006860672, 0,10, 0
0.822324220049225, 0.525349294342636, 0.25569185186362414, 0.23726620210394223, 0,10, 0
0.8216590168296415, 0.5228505157540123, 0.27045733802084065, 0.24005550449677546, 0,10, 0
0.8242533093860174, 0.5109456334958044, 0.2537811442357686, 0.23426098260395467, 0,10, 0
0.8245859109958092, 0.5036558446924196, 0.25158534317277764, 0.23050402337040193, 0,10, 0
0.8265150003326016, 0.5026184350669219, 0.25336594535028545, 0.22996338373321756, 0,10, 0
0.8250515532495177, 0.5080338281015379, 0.2526371569654087, 0.23716959186769365, 0,10, 0
0.8231224639127254, 0.5297291540442317, 0.2539750131946322, 0.23420999532750605, 0,10, 0
0.8181334397658485, 0.5508901880508646, 0.26286210925123304, 0.2364425668416149, 0,10, 0
0.8176012771901816, 0.5498539787283585, 0.26783169924835876, 0.24768785179075745, 0,10, 0
0.8191977649171822, 0.5387491524494432, 0.2674232021581707, 0.24541142464209176, 0,10, 0
0.8207277323222244, 0.5332643296437589, 0.2638727939791512, 0.2409426316860136, 0,10, 0
0.8195968868489324, 0.5408012620659794, 0.26055068302789763, 0.2430360276047344, 0,10, 0
0.8201290494245992, 0.526061364311497, 0.2576986214242374, 0.24096716673994475, 0,10, 0
0.8208607729661411, 0.5287702145473063, 0.26101416037211034, 0.23975967110953011, 0,10, 0
0.8200625291026409, 0.5267138991713486, 0.25182078703210004, 0.24032615090220322, 0,10, 0
0.8203286103904743, 0.5372244355470724, 0.2474312495420916, 0.2329049814359705, 0,10, 0
0.819530366526974, 0.5477876733990622, 0.254608317958271, 0.23859555966293997, 0,10, 0
0.0927958491319098, 2.3045255709002137, 0.9262971160546577, 0.4364002883503404, 0,10, 0
0.19556974655757334, 2.167492981181604, 0.8083122155408339, 0.5364565030088098, 0,10, 0
0.38588438768043637, 1.8010995396248304, 0.7087526489821572, 0.4854091850354238, 0,10, 0
0.5127386416550256, 1.4323491541954867, 0.6245732149362792, 0.41676342517897697, 0,10, 0
0.5763320694472162, 1.3117931306454833, 0.5524589077445747, 0.40718359305696344, 0,10, 0
0.5860440364531364, 1.242138906024438, 0.5551022818014283, 0.39580603400700276, 0,10, 0
0.6636732521785406, 1.308515619310875, 0.47939906252518555, 0.32130268778402976, 0,10, 0
0.6233619370717755, 1.177387331072126, 0.5288996865889125, 0.3758006902053675, 0,10, 0
0.7188185990820195, 1.0158061174073139, 0.4073035542506161, 0.2910269486536332, 0,10, 0
0.7523448413490321, 0.995731749032259, 0.4050613981328214, 0.2931514447398383, 0,10, 0
0.6842280316636733, 0.9786026484603763, 0.44862279848475134, 0.29119276036800074, 0,10, 0
0.7442958823920708, 0.9577278421014747, 0.3746530740042652, 0.2579657038513572, 0,10, 0
0.7472227765582385, 0.9519525808878173, 0.3937090738016363, 0.30943379535502213, 0,10, 0
0.7808820594691678, 0.9117172754854821, 0.35979770853478243, 0.2747500155148764, 0,10, 0
0.7848732787866693, 0.8802898214564475, 0.3441781226084862, 0.282014707335455, 0,10, 0
0.7902614248652964, 0.8171903745750835, 0.3534134097121811, 0.27503158735996464, 0,10, 0
0.7806824985032927, 0.8551535287164838, 0.3537472976056619, 0.2862907711133578, 0,10, 0
0.7878666932747954, 0.7882327555237626, 0.32428701648265673, 0.2749500777203725, 0,10, 0
0.7806824985032927, 0.7276665110584599, 0.3558175159433247, 0.2900693142879461, 0,10, 0
0.7869354087673784, 0.7114171418821823, 0.3373855098424706, 0.28737327947426805, 0,10, 0
0.7870684494112952, 0.690930789539412, 0.33200902238617513, 0.2652209359139744, 0,10, 0
0.7968469367391738, 0.7148669104667418, 0.30766314987983445, 0.2557711951717356, 0,10, 0
0.7973790993148406, 0.7334566656250435, 0.286644293957107, 0.25512376704103845, 0,10, 0
0.7940530832169228, 0.7375605492665843, 0.3057152412075193, 0.26367802389831896, 0,10, 0
0.7849397991086277, 0.7043778685018889, 0.3605877599810611, 0.29528075099594714, 0,10, 0
0.7900618638994212, 0.7138749609590689, 0.3148470949594091, 0.27548661648667033, 0,10, 0
0.7887314574602541, 0.7074491519300415, 0.3349143634353379, 0.2875411688556445, 0,10, 0
0.7844741568549192, 0.7261696865057057, 0.35051092800267925, 0.2944037833390903, 0,10, 0
0.7882658152065456, 0.6884841378762808, 0.30460853035460955, 0.2657347313702909, 0,10, 0
0.7867358478015034, 0.703924532617076, 0.3340286132465538, 0.28177138450057293, 0,10, 0
0.7847402381427526, 0.7056004761360504, 0.34419195188411356, 0.2846369817519447, 0,10, 0
0.789263620035921, 0.6598793468750385, 0.3229027664605894, 0.2789079652054567, 0,10, 0
0.7878001729528371, 0.6353100110959914, 0.31917240332033314, 0.2670113284686175, 0,10, 0
0.7962482538415486, 0.6351744099221539, 0.3009890976020907, 0.26414440104171555, 0,10, 0
0.7903279451872547, 0.6621145780638382, 0.31324052245092165, 0.2744549090863813, 0,10, 0
0.7964478148074237, 0.6454638952187411, 0.2969344250087777, 0.2552713744658791, 0,10, 0
0.7944522051486729, 0.6643122760290449, 0.29487629382545133, 0.26386335333041705, 0,10, 0
0.7908601077629216, 0.6758662117273976, 0.3186849790624509, 0.2717079712195795, 0,10, 0
0.7867358478015034, 0.6724910688686229, 0.3270750025906958, 0.27703916007718893, 0,10, 0
0.789463181001796, 0.6729149766624304, 0.31800988724391616, 0.2733121848883979, 0,10, 0
0.7893966606798377, 0.658894027412825, 0.32672367475619885, 0.2828876700699438, 0,10, 0
0.7856715226501696, 0.6661344361806991, 0.3308799539031844, 0.2828773370062408, 0,10, 0
0.7881992948845873, 0.6616790042606225, 0.31793394163974487, 0.27361557960881144, 0,10, 0
0.7964478148074237, 0.6576545067837043, 0.29723656697878154, 0.2716525960622984, 0,10, 0
0.7995742699394665, 0.6552261081350805, 0.28528647757289755, 0.2574975432515587, 0,10, 0
0.8012372779884255, 0.6143465191634881, 0.2827136336735955, 0.25932750349279393, 0,10, 0
0.7967804164172154, 0.620978649506233, 0.2980068161087032, 0.2639029320251337, 0,10, 0
0.8011707576664671, 0.6352696537616729, 0.2841218601512497, 0.26189309860657756, 0,10, 0
0.800039912193175, 0.620931494924531, 0.28793523960914263, 0.2639484050392398, 0,10, 0
0.7967804164172154, 0.6412465551248238, 0.2993752661750053, 0.268688655840316, 0,10, 0
0.7965143351293821, 0.621768627807069, 0.29595938054973864, 0.26371910930678466, 0,10, 0
0.8043637331204683, 0.6175822016322888, 0.2746402873120124, 0.2522107683848845, 0,10, 0
0.8023681234617176, 0.6337128072775692, 0.28498362036317465, 0.2658207164325191, 0,10, 0
0.8018359608860507, 0.6102700341893534, 0.287499417046095, 0.2615063068042959, 0,10, 0
0.803565489256968, 0.5887658653970116, 0.27679208883446493, 0.2580600482366032, 0,10, 0
0.8054280582718021, 0.593333574741565, 0.2937976337845944, 0.2643658047327635, 0,10, 0
0.8063593427792191, 0.5812705803333861, 0.2690207932212422, 0.2544687983734771, 0,10, 0
0.809884919843012, 0.5695784180621243, 0.2663805289051766, 0.24608218419284356, 0,10, 0
0.8107496840284707, 0.5591999333320363, 0.2771202864571134, 0.2504512079037543, 0,10, 0
0.8103505620967205, 0.554389499157624, 0.27256267796759026, 0.24369797027664764, 0,10, 0
0.8133439765848467, 0.5741342343484483, 0.2623939404886051, 0.24948027239160112, 0,10, 0
0.8148739439898889, 0.5748199415791079, 0.2660835276033193, 0.2453727678835826, 0,10, 0
0.8116809685358877, 0.5719340435485962, 0.26508067650307376, 0.24756325105132096, 0,10, 0
0.812479212399388, 0.5797243389198111, 0.26234648659992366, 0.24763051646820838, 0,10, 0
0.8126122530433048, 0.565256205523396, 0.2759693872610305, 0.25319428364552815, 0,10, 0
0.816936073970598, 0.5606144377256026, 0.2614553238430203, 0.2400007743242336, 0,10, 0
0.8148074236679306, 0.552597022491751, 0.27099998939701103, 0.24456983006661923, 0,10, 0
0.8144083017361804, 0.5380918435474439, 0.27390212878238673, 0.24154164741930897, 0,10, 0
0.8178008381560566, 0.5332811006092861, 0.26476766586483197, 0.2435178939723155, 0,10, 0
0.8199294884587242, 0.544636987592004, 0.2682882491682355, 0.24345895558342615, 0,10, 0
0.8180003991219318, 0.5644340506378485, 0.266798406971279, 0.24445361494561652, 0,10, 0
0.822324220049225, 0.5470157621899603, 0.26604553339898923, 0.2405456966164893, 0,10, 0
0.8148074236679306, 0.5583209070254298, 0.26696534455651344, 0.24570413982600123, 0,10, 0
0.8175347568682232, 0.5679816711228712, 0.264727935374688, 0.24335176523037108, 0,10, 0
0.8181999600878068, 0.5500229468265737, 0.2711892325745691, 0.24528488116034164, 0,10, 0
0.8217920574735582, 0.533749871503135, 0.2583529499821121, 0.23827331473465868, 0,10, 0
0.8161378301070977, 0.5520726531439576, 0.27177374662482684, 0.25000744029670807, 0,10, 0
0.8152065455996808, 0.5609437734239517, 0.2666819479914955, 0.24634660803002417, 0,10, 0
0.8102175214528038, 0.585933308047361, 0.282061140944057, 0.2585617222924008, 0,10, 0
0.809685358877137, 0.5632313659836538, 0.27545199372891144, 0.256128811005602, 0,10, 0
0.8176677975121399, 0.5383415392754409, 0.2714312164346418, 0.2483585937821515, 0,10, 0
0.8187321226634737, 0.5273012554115181, 0.26296352432758774, 0.24026499501645954, 0,10, 0
0.8170025942925564, 0.5363235041169929, 0.271089251087237, 0.24536708809868135, 0,10, 0
0.8134770172287634, 0.5719598528079013, 0.27428088101354536, 0.25351213975066417, 0,10, 0
0.8160713097851393, 0.5591808416996112, 0.27153151658928637, 0.261491599478896, 0,10, 0
0.818798642985432, 0.5526432919964295, 0.25805004850556174, 0.24698274224808156, 0,10, 0
0.815805228497306, 0.5765399825244818, 0.2671810956178803, 0.2501280289759842, 0,10, 0
0.8125457327213463, 0.5852199972351435, 0.26987612113689347, 0.24967019737748886, 0,10, 0
0.8154061065655558, 0.5536914620763607, 0.2658466109497927, 0.2481316405593427, 0,10, 0
0.8156721878533892, 0.5457655819349535, 0.2741186830715953, 0.24719352645800882, 0,10, 0
0.8176677975121399, 0.5397096532742717, 0.25915299958017174, 0.2508940748173196, 0,10, 0
0.8175347568682232, 0.5555087423848147, 0.25885928111267636, 0.24075869625279317, 0,10, 0
0.8162708707510145, 0.5646524983799024, 0.2571145190571131, 0.24016602655013922, 0,10, 0
0.8156721878533892, 0.5720769170896811, 0.2770149370038507, 0.25856930871372996, 0,10, 0
0.8102840417747622, 0.5772911890867715, 0.2815584547037701, 0.26061744549019106, 0,10, 0
0.8158717488192643, 0.5488909279835241, 0.27863287389139985, 0.2516799959459247, 0,10, 0
0.8187321226634737, 0.5422313728072886, 0.26944609056523444, 0.2505481318613767, 0,10, 0
0.809884919843012, 0.5957240545829858, 0.28388548784915024, 0.2688237133533924, 0,10, 0
0.8152065455996808, 0.5600507838851861, 0.275590074974985, 0.25437336507048086, 0,10, 0
0.8113483669260959, 0.5894047663220257, 0.2672881998868079, 0.24551683776614525, 0,10, 0
0.8029668063593428, 0.6032605247187126, 0.2783539721951315, 0.2639292425158312, 0,10, 0
