acuracia,loss,frr,fpr, removed, n_clf, tp_removed
0.09825051553249518, 2.3036959122288754, 0.8944041643372586, 0.40467750686587217, 0,10, 0
0.0996474422936207, 2.334554344334384, 0.9424463317291131, 0.593975129366086, 3,10, 3
0.1009113284108295, 2.389407016968827, 0.8802371431736968, 0.50515537720623, 1,10, 1
0.10111088937670458, 2.361214113411516, 0.9116167084157132, 0.5865767482064065, 1,10, 1
0.09904875939599547, 2.5598076636393308, 0.8938837418790088, 0.5792012191248178, 2,10, 2
0.18725470631277855, 2.294903202129205, 0.8261835147559582, 0.2998138493667481, 2,10, 2
0.10137697066453802, 2.3721253724819187, 0.9113624291981987, 0.5858849329026488, 2,10, 2
0.12332867691079624, 2.475311353091969, 0.8670563934572448, 0.43540043180968174, 2,10, 2
0.19823055943590767, 2.430270505242502, 0.7689781136502712, 0.30912466002046685, 12,10, 1
0.18293088538548527, 2.334245897946002, 0.8176525904136689, 0.3171104270899803, 1,10, 1
0.1779418612386084, 2.200256561048253, 0.8100817865550092, 0.34611506248005247, 2,10, 2
0.19071376305461318, 2.2967578045687325, 0.8166379713273072, 0.3327371233641776, 1,10, 1
0.1707576664671057, 2.273165867225239, 0.8281241664548883, 0.38198808272451, 1,10, 1
0.11827313244196101, 2.4133655081618883, 0.8716351483242426, 0.5102027392097489, 0,10, 0
0.17993747089735915, 2.19557059022518, 0.8009594177543292, 0.36685796863206427, 2,10, 2
0.17481540610656557, 2.2876503991345594, 0.8732018427310527, 0.37823959432371196, 2,10, 2
0.1772766580190248, 2.4465849921429443, 0.821987040738007, 0.28979517675477906, 14,10, 1
0.15246457792855717, 2.2248456169172317, 0.8461489185859108, 0.42839775546810777, 1,10, 1
0.1843278121466108, 2.2644969487526474, 0.8151968585330053, 0.3260666290454452, 2,10, 2
0.21466107895962216, 2.0083723760849383, 0.7727947944964917, 0.2939208496177122, 0,10, 0
0.24180137031863233, 2.0165293529973662, 0.7551377463131139, 0.2676969201429776, 0,10, 0
0.23268808621033726, 2.093396377398536, 0.7486145669128446, 0.2847052280510175, 0,10, 0
0.19829707975786603, 2.38447611890141, 0.8049141986057371, 0.34978541510876715, 11,10, 1
0.20069181134836692, 2.0427459286753704, 0.7895770007791865, 0.31135657219603563, 2,10, 2
0.26408567817468237, 1.9816749063761245, 0.7534726094371629, 0.26566692486499593, 1,10, 1
0.24938468702188518, 1.9883158035853392, 0.7644584752155889, 0.28605135445096186, 0,10, 0
0.26295483270139025, 1.9615110845565162, 0.7337213014422188, 0.2701539597205218, 1,10, 1
0.22357480210204217, 2.102568327609408, 0.7649052881924762, 0.31063655573132304, 1,10, 1
0.3153728464045766, 1.905437297940151, 0.6911789592432704, 0.22251867687378435, 1,10, 1
0.2571675646910131, 1.9851685611619483, 0.7814620460757541, 0.3073284939823012, 0,10, 0
0.27080423069247656, 1.9967363890294407, 0.7332783646416964, 0.26502809866264415, 3,10, 3
0.28197964478148074, 1.9179530814404038, 0.7030860510799612, 0.25756067906289376, 0,10, 0
0.3284773498303732, 1.8479157900894299, 0.679022139944692, 0.22420235870937444, 1,10, 1
0.27732322224439565, 1.9400677502091865, 0.7277725704797515, 0.2575860611209278, 0,10, 0
0.29069380695802566, 1.9356669052143753, 0.7222165797488167, 0.257802028377391, 0,10, 0
0.29122596953369256, 1.9450379728929952, 0.728706918089045, 0.2577984296184734, 1,10, 1
0.27931883190314644, 1.9541642175878204, 0.6969330338747348, 0.26632863491200537, 0,10, 0
0.29089336792390075, 1.9250808670866049, 0.6934294266395882, 0.24411293366342807, 0,10, 0
0.2877669127918579, 1.886611915438394, 0.6949336371354576, 0.255206352962866, 0,10, 0
0.28018359608860505, 1.9132121763154513, 0.7060822820258841, 0.2620664047408292, 0,10, 0
0.2522450608660946, 2.0195094393231092, 0.7256513799615495, 0.27972375359891605, 0,10, 0
0.2709372713363933, 2.032227903441946, 0.7201534717629064, 0.26799517328012673, 1,10, 1
0.3268808621033726, 1.796565824399362, 0.6956113845113177, 0.2513007769182169, 1,10, 1
0.3175680170292024, 1.8386130615130145, 0.6811336411702338, 0.24862829548934368, 1,10, 1
0.34257965808554514, 1.763105130870447, 0.6618293087905885, 0.2297954181638216, 1,10, 1
0.31158118805295015, 1.9346857289627848, 0.6580801263074734, 0.24296531191148904, 0,10, 0
0.3213596753808288, 1.8721121914101433, 0.6841361032736272, 0.24909297137642714, 1,10, 1
0.32854387015233155, 1.8062385525808422, 0.6917166006395825, 0.24358600452104845, 0,10, 0
0.3313377236745826, 1.8345487910513472, 0.6802750822114977, 0.2413309258652339, 1,10, 1
0.2530433047295949, 2.0368366790566785, 0.7313369104456894, 0.2912753561192507, 1,10, 1
0.2624226701257234, 2.07732132517125, 0.730369162921634, 0.2793283901180505, 11,10, 1
0.3187653828244529, 1.8337211339391095, 0.6694103244206758, 0.24711258807377587, 0,10, 0
0.3548193973258831, 1.7776695160299434, 0.6569721772940756, 0.23156226255334708, 1,10, 1
0.34011840617308586, 1.7791590517920695, 0.6484802280296996, 0.23741435781760875, 0,10, 0
0.36566220980509545, 1.7238814542847527, 0.6616974440100154, 0.23547536346798645, 0,10, 0
0.28577130313310717, 1.931706364013625, 0.7040715399564934, 0.2689220390089614, 0,10, 0
0.3677908601077629, 1.7166156915847806, 0.638917496128921, 0.2317892094487951, 0,10, 0
0.2410696467770904, 2.0590355773800537, 0.7480352810918669, 0.32924687575070016, 1,10, 1
0.3363932681434178, 1.746190585825945, 0.6522348100798488, 0.23952026685549538, 0,10, 0
0.37863367258697533, 1.692804384556096, 0.6433126782507024, 0.2289615206898087, 0,10, 0
0.3611388279119271, 1.7266289274912827, 0.6658111742912901, 0.2394635888408823, 0,10, 0
0.31237943191645046, 1.8839144553690068, 0.6820805835581468, 0.2594513207009078, 0,10, 0
0.35069513736446484, 1.7795552937406223, 0.6771729841417239, 0.24789224400275284, 0,10, 0
0.3876139160513537, 1.6838898157398199, 0.6146110068021876, 0.2214299712148073, 0,10, 0
0.3196966673318699, 1.8882950338637416, 0.6631879943307663, 0.24187665083445886, 0,10, 0
0.34098317035854453, 1.8014645406798293, 0.6685815036486192, 0.24229597219646837, 0,10, 0
0.31257899288232555, 1.9019153237205053, 0.7156909224108435, 0.2754685691055131, 1,10, 1
0.32801170757666465, 1.7652733266851204, 0.6642699292641409, 0.24896115626659232, 0,10, 0
0.37663806292822455, 1.6918825184211341, 0.6329061094189727, 0.2243468651687584, 0,10, 0
0.3753076564890574, 1.6947692783877402, 0.6312167965604968, 0.22280399178423171, 0,10, 0
0.36599481141488727, 1.7008864905003467, 0.6503480912652954, 0.2344103502244693, 0,10, 0
0.30286702587640524, 1.859965978044716, 0.6793477256180438, 0.25553326704514334, 0,10, 0
0.30685824519390675, 1.960043983311819, 0.6731577375397916, 0.2515946178980427, 0,10, 0
0.37823455065522515, 1.6871085136262496, 0.6233882068896386, 0.22852414198460774, 0,10, 0
0.38415485930951904, 1.6589975970716269, 0.6186638546213639, 0.22720505802791874, 0,10, 0
0.38003059934810085, 1.6870467639864304, 0.621961815968626, 0.22872444157539756, 0,10, 0
0.37843411162110024, 1.680778949351548, 0.6214647391075723, 0.22800837765453416, 0,10, 0
0.3882791192709373, 1.6532652341495975, 0.6153090429214891, 0.2242673843808484, 1,10, 1
0.3415153329342114, 1.74425503519182, 0.6572927878010499, 0.25041337599253033, 1,10, 1
0.3572806492383423, 1.728739759420941, 0.6191611946440204, 0.2385058499882164, 2,10, 2
0.3433113816270871, 1.8204511267743344, 0.6309741222421462, 0.23307177791050776, 0,10, 0
0.299474489456529, 1.866174931393171, 0.6880387071803764, 0.28397300566289213, 1,10, 1
0.3657287301270538, 1.7337879770731708, 0.6180641899953823, 0.22758891063173944, 0,10, 0
0.3545533160380496, 1.7287421845167783, 0.6575520431652316, 0.25159832661178266, 2,10, 2
0.37251380296680636, 1.6867244490606614, 0.6515557438622559, 0.24201891081436183, 0,10, 0
0.4324486130512872, 1.5546240753390186, 0.5782940841147612, 0.20715235111052321, 0,10, 0
0.3477682431982971, 1.7503698547516628, 0.6348633829210322, 0.2449526790393222, 0,10, 0
0.3542207144282578, 1.7381937167916575, 0.6477414118046967, 0.24213625889607246, 0,10, 0
0.40683828909731923, 1.6045694596912303, 0.6138427554835344, 0.21776595464473616, 0,10, 0
0.3894764850661877, 1.6283122490644693, 0.6258255421403238, 0.23237446541473758, 0,10, 0
0.38149404643118473, 1.667635872353458, 0.6269549767123519, 0.23216551339745536, 0,10, 0
0.3600745027605934, 1.7572562463117172, 0.6649460927024491, 0.24541861451460176, 0,10, 0
0.36233619370717757, 1.771909061581172, 0.6456449231422458, 0.23988693479657475, 1,10, 1
0.3088538548526575, 2.0191228721365913, 0.6834382908061346, 0.2553351156848711, 12,10, 0
0.3797645180602674, 1.7141482401816406, 0.6130512565271151, 0.2241423470018561, 1,10, 1
0.39320162309585577, 1.6205455062255836, 0.6018869394090934, 0.22357289982490264, 0,10, 0
0.34091665003658617, 1.794865867928506, 0.6755013154488873, 0.26528904726840535, 0,10, 0
0.3961285172620235, 1.640416745071912, 0.6144900918285026, 0.22859918556524356, 0,10, 0
0.3523581454134238, 1.7191871992704961, 0.6346125740678376, 0.2469999694386626, 0,10, 0
0.33546198363600077, 1.8155892223713483, 0.6531140983180924, 0.2448208797230722, 0,10, 0
0.37963147741635067, 1.6860804058547458, 0.6166625403295497, 0.2372616897578958, 1,10, 1
0.10077828776691279, 2.303736140292966, 0.8944213325400786, 0.36684194226088074, 0,10, 0
0.13117807490188252, 2.29636923003433, 0.8542325551764111, 0.4636837830800373, 4,10, 4
0.10111088937670458, 2.4706165805228064, 0.9116167084157132, 0.5865767482064065, 3,10, 3
0.12878334331138164, 2.4145664884636027, 0.8610899966758354, 0.3789444026035618, 1,10, 1
0.14102308255171955, 2.4056417106241947, 0.8635213549252161, 0.4119532659706689, 1,10, 1
0.09991352358145414, 2.434788759252883, 0.9273376082964652, 0.5940889094332217, 3,10, 3
0.1261225304330473, 2.3016253947371106, 0.8952777862554657, 0.5050775430924509, 3,10, 3
0.16975986163773032, 2.283477980957483, 0.8264846754870508, 0.34808512703136707, 2,10, 2
0.17867358478015033, 2.3352776349070608, 0.8140370698626647, 0.3293110991718632, 0,10, 0
0.2072773232222444, 2.142798218899665, 0.7908597004751214, 0.3026140858476416, 1,10, 1
0.18053615379498436, 2.327064848442575, 0.8092372474940233, 0.3009918982637469, 1,10, 1
0.16004789463181002, 2.219183966558089, 0.8212090054053968, 0.3960764195914578, 3,10, 3
0.20561431517328543, 2.1813149738238815, 0.7824318643246033, 0.2986999110316785, 1,10, 1
0.18106831637065124, 2.159730640553924, 0.8146266805669309, 0.34828241222367673, 0,10, 0
0.18565821858577797, 2.210709060974276, 0.8145061204543168, 0.3673262492359989, 1,10, 1
0.16463779684693675, 2.348032273805634, 0.8434057228673727, 0.34076856746823, 2,10, 2
0.23169028138096187, 2.132016414064122, 0.7603037195631098, 0.26198259389397893, 0,10, 0
0.21293155058870486, 2.1259874823560008, 0.7989913793462659, 0.2937914308978674, 1,10, 1
0.1940397791525311, 2.1737850059659185, 0.7982343910920647, 0.3657633504131749, 0,10, 0
0.18579125922969467, 2.3254242790623163, 0.8027955884650609, 0.3324434384957354, 2,10, 2
0.24625823188984236, 2.140981809378289, 0.7564858604417425, 0.26768531114032884, 1,10, 1
0.2189183795649571, 2.1205076046160642, 0.769476292031656, 0.3220046817062652, 1,10, 1
0.19423934011840618, 2.2898461168904127, 0.7912863799936052, 0.3488596131648364, 11,10, 0
0.22490520854120935, 2.0958179889471955, 0.762100477862541, 0.2725967097041291, 6,10, 1
0.2443956628750083, 2.126652112230287, 0.7403585332009552, 0.2655951306034592, 2,10, 2
0.23428457393733787, 2.157654457702724, 0.7505901291019714, 0.3015979678060208, 0,10, 0
0.19330805561098915, 2.199206533791546, 0.7992447435775135, 0.35955082110141945, 3,10, 3
0.2688086210337258, 2.0311044388400066, 0.720209508210014, 0.2449087315409384, 0,10, 0
0.22763254174150202, 2.035004117177139, 0.7636642219128482, 0.32702095619791494, 0,10, 0
0.21865229827712365, 2.043173774925208, 0.777881958681902, 0.3155527594577435, 2,10, 2
0.2200492250382492, 2.113818405599625, 0.7730772566668055, 0.3169512137266795, 0,10, 0
0.2609592230426395, 2.0812619435353437, 0.735879052882295, 0.26712692800697513, 0,10, 0
0.24991684959755206, 1.9911732082515072, 0.7461804607107778, 0.3069934333610983, 0,10, 0
0.25297678440763655, 2.084210553807127, 0.7574246778773299, 0.2746066408506687, 0,10, 0
0.29089336792390075, 1.944260105824729, 0.6971483726888372, 0.24210100525972097, 0,10, 0
0.22457260693141753, 2.038806271512994, 0.7926363645608235, 0.36185534621029086, 0,10, 0
0.2545067518126788, 2.0191925458943607, 0.7522544841717287, 0.30550689440541917, 0,10, 0
0.31191378966274197, 1.8419338981247089, 0.6948068455057838, 0.24347324216972552, 0,10, 0
0.2751945719417282, 1.9723876594688288, 0.7155370717618914, 0.2640301407799378, 0,10, 0
0.2678773365263088, 1.9574401674454285, 0.7115382684622046, 0.26932479744435733, 0,10, 0
0.2553049956761791, 1.9567773067641145, 0.7393589226362209, 0.31640076813484197, 1,10, 1
0.30220182265682166, 1.8565312168765178, 0.6825295813565522, 0.2483360228619573, 2,10, 2
0.26042706046697267, 1.9861657720641257, 0.7302816711819223, 0.30521456802188285, 0,10, 0
0.27080423069247656, 1.9490992703841752, 0.7166894410858389, 0.2776515174353573, 3,10, 3
0.26574868622364134, 1.9150247727830214, 0.7292629770069502, 0.29489423586638913, 0,10, 0
0.28138096188385553, 1.9145760917440746, 0.7000939255384053, 0.266911027977558, 0,10, 0
0.3339320162309586, 1.7830224808307733, 0.646890361943951, 0.2388651062849627, 3,10, 3
0.32714694339120604, 1.8400024776983537, 0.6772275482874062, 0.24779237622217234, 0,10, 0
0.261424865296348, 2.0736754284578747, 0.7597119577288204, 0.28019018850661903, 10,10, 1
0.30300006652032196, 1.8488561137326185, 0.6905184149760872, 0.25667191372058623, 0,10, 0
0.24925164637796848, 1.9757622795117906, 0.7545633563597899, 0.31717326908302473, 0,10, 0
0.2839087341182731, 1.9606690158159172, 0.7034300072804973, 0.27537650446771994, 0,10, 0
0.31384287899953434, 1.8775140191535231, 0.6816087494132161, 0.24882735611562634, 0,10, 0
0.3415153329342114, 1.7767133156757888, 0.6510162257178361, 0.23836464724625844, 0,10, 0
0.35608328344309187, 1.7812505000993448, 0.6247457214638001, 0.2251044411525177, 0,10, 0
0.32934211401583185, 1.8114917060169624, 0.6440596403116902, 0.24276787720649426, 0,10, 0
0.34943125124725605, 1.7561094369021892, 0.6274384331503372, 0.2393660189814388, 0,10, 0
0.31929754540011973, 1.8079271189779735, 0.673085446976365, 0.2542757246687045, 0,10, 0
0.2648839220381827, 1.8832973396864146, 0.726803424955193, 0.3122728000512272, 0,10, 0
0.2806492383423136, 1.873738025721696, 0.7075381168263974, 0.3132731983260253, 1,10, 1
0.3402514468170026, 1.7443916056842168, 0.6666087739992494, 0.24219570917398417, 0,10, 0
0.3333333333333333, 1.764737426183946, 0.6553839247636857, 0.23758855898237438, 0,10, 0
0.3341315771968336, 1.7757168119537976, 0.6562958785835801, 0.2481576509776474, 0,10, 0
0.32102707377103706, 1.7802219333655342, 0.6779065237588765, 0.26713554420400154, 0,10, 0
0.32435308986895495, 1.7852313882811122, 0.6706606897116884, 0.2478715915378773, 0,10, 0
0.2618239872280982, 1.918312790131867, 0.7268181130579066, 0.30575090109531, 0,10, 0
0.29009512406040044, 1.927987946816042, 0.6958593923022502, 0.2760948937326668, 0,10, 0
0.3416483735781281, 1.7111305528864496, 0.6499456853526802, 0.2429340763331716, 0,10, 0
0.3201623095855784, 1.8491869313979525, 0.6531414349888013, 0.2507777366636974, 0,10, 0
0.38229229029468503, 1.653086988912691, 0.6189697014632787, 0.22392302339262674, 0,10, 0
0.3703851526641389, 1.6640227517011612, 0.6275323921043331, 0.22875985706254018, 0,10, 0
0.34271269872946186, 1.8125726939345963, 0.6492174426115274, 0.24242359246995968, 0,10, 0
0.3608062263021353, 1.7432311983460764, 0.6286451761694783, 0.2258809481047614, 0,10, 0
0.37843411162110024, 1.6735901775584838, 0.6285857314886509, 0.22137855399773143, 0,10, 0
0.21239938801303798, 2.203219658979954, 0.7944367712337201, 0.359662351917181, 14,10, 1
0.2147941196035389, 2.6088674299556214, 0.7853172850653636, 0.3456019879686292, 12,10, 1
0.31078294418944985, 1.9317272873840068, 0.6782482334014839, 0.2538389061160037, 0,10, 0
0.35269074702321557, 1.7717082965453688, 0.6512368338674304, 0.23867626247198406, 0,10, 0
0.3542207144282578, 1.7687489968319816, 0.631787636446209, 0.2306196511356326, 0,10, 0
0.3509612186522983, 1.7687605844439762, 0.6547378965670532, 0.23247177175695322, 2,10, 2
0.3097851393600745, 1.8445472683687414, 0.7093843924544546, 0.2646900793211724, 1,10, 1
0.3809618838555179, 1.6553546282971587, 0.6235005253510603, 0.23604589823115144, 2,10, 2
0.2611587840085146, 2.0952939010749163, 0.7502216237191821, 0.3266304418561321, 13,10, 1
0.3345306991285838, 1.7776472004006456, 0.6607058781690418, 0.27362914621185563, 0,10, 0
0.36546264883922036, 1.7025203489300924, 0.6395389513600711, 0.2353081965929262, 0,10, 0
0.37823455065522515, 1.6790470574857754, 0.6047247019921905, 0.22973858412904263, 1,10, 1
0.40557440298011044, 1.6052453000432263, 0.5948061999858006, 0.22021060582658922, 0,10, 0
0.3661943723807623, 1.708078888291205, 0.6079081041217481, 0.2293439623881564, 0,10, 0
0.27792190514202086, 1.9699048332600888, 0.7310800858503502, 0.288552422738513, 0,10, 0
0.3630679172487195, 1.702846963163511, 0.6190065710516369, 0.23803308668157602, 0,10, 0
0.37457593294751546, 1.6587752853750366, 0.6347747923265934, 0.23259393127844788, 0,10, 0
0.3831570544801437, 1.6497129366512524, 0.6002018228121798, 0.22202105315240986, 0,10, 0
0.3717820794252644, 1.6693392192810697, 0.6099269315333867, 0.2347485325248577, 0,10, 0
0.3260826182398723, 1.790218969451301, 0.6652454930335651, 0.2659867131262614, 0,10, 0
0.43577462914920506, 1.5463097519061924, 0.5697508629691701, 0.20735757725578213, 1,10, 1
0.3393866826315439, 1.809265378170493, 0.6530661858699303, 0.25985882241747793, 0,10, 0
0.36100578726801036, 1.7020295613703, 0.6328573072462159, 0.23825961103576654, 0,10, 0
0.3998536552916916, 1.6215531994905061, 0.5901172483609041, 0.2174450720771427, 0,10, 0
0.30812213131111554, 1.867414338575541, 0.6928126393470947, 0.2711071243836198, 0,10, 0
0.370584713630014, 1.6629530447604912, 0.6283405683628395, 0.23990831555289863, 0,10, 0
0.38635002993414486, 1.6885147382103975, 0.6222836757271529, 0.23769654021914058, 0,10, 0
0.10077828776691279, 2.303736140292966, 0.8944213325400786, 0.36684194226088074, 0,10, 0
0.10104436905474623, 2.3350279032807384, 0.9415523020045825, 0.5686693253645143, 0,10, 0
0.09991352358145414, 2.5195485373889186, 0.9273376082964652, 0.5940889094332217, 4,10, 4
0.10144349098649637, 2.5207163520989475, 0.9113147008354797, 0.5846936831629426, 2,10, 2
0.1053681899820395, 2.336445834801153, 0.8935188634664794, 0.5734654201263132, 2,10, 2
0.12286303465708774, 2.3294961756276313, 0.893196845154849, 0.39854400271243245, 1,10, 1
0.09991352358145414, 2.418717373894779, 0.9273376082964652, 0.5938569255972568, 2,10, 2
0.1937071775427393, 2.2169441396284664, 0.7998078606408495, 0.2963883571903476, 0,10, 0
0.20960553449078695, 2.191336529678208, 0.8023023676939619, 0.2937263242764676, 1,10, 1
0.11488059602208475, 2.3730760317778765, 0.9107440777695619, 0.546473273996787, 8,10, 0
0.14707643184993016, 2.495659364383552, 0.8921883834462854, 0.45081579536858074, 3,10, 3
0.19423934011840618, 2.1981597763965652, 0.8394726296178737, 0.3077742563350048, 2,10, 2
0.13556841615113416, 2.379937930869333, 0.8524889542718441, 0.4760335108128003, 1,10, 1
0.2182531763453735, 2.1944800190072984, 0.7849369816601586, 0.27269167742137673, 1,10, 1
0.1831969666733187, 2.1335609145549244, 0.8103039915389312, 0.34075725464689655, 0,10, 0
0.14740903345972195, 2.314313980064127, 0.8565241566554802, 0.42943871839672343, 2,10, 2
0.16650036586177078, 2.3625596213830824, 0.8468916520268561, 0.391406429879414, 1,10, 1
0.21605800572074768, 2.142125169681962, 0.7690736403173187, 0.2758455834718589, 2,10, 2
0.24273265482604936, 2.106604273722239, 0.7436019807992373, 0.2505209558549553, 1,10, 1
0.17128982904277257, 2.3281531605361776, 0.8484302497901122, 0.4265176284802682, 1,10, 1
0.241734849996674, 2.0629982101515223, 0.7851068275258422, 0.2661764027142645, 0,10, 0
0.1956362668795317, 2.251353825446272, 0.803496172109583, 0.31346907338661717, 0,10, 0
0.23135767977117008, 2.1481304565014767, 0.7514045058793901, 0.2778446344878775, 0,10, 0
0.1819330805561099, 2.1864342498523954, 0.8028152970006046, 0.37781206995593114, 0,10, 0
0.24027140291359012, 2.0511211474732565, 0.7493517478488019, 0.2719851267338424, 1,10, 1
0.27000598682897625, 2.0154609662135394, 0.7295266904662274, 0.25381806402871127, 2,10, 2
0.2609592230426395, 1.9707439013947066, 0.7727450772828063, 0.2717281246680311, 2,10, 2
0.24000532162575666, 2.0328689982578965, 0.7623704659323223, 0.3024375692306463, 2,10, 2
0.22377436306791726, 2.114464132421659, 0.7659505906363401, 0.29434221818994727, 0,10, 0
0.26741169427260025, 2.0087682631196104, 0.7271494349411854, 0.2561223003183814, 1,10, 1
0.2833100512206479, 1.93230795688213, 0.7433063859169168, 0.24451092700945037, 0,10, 0
0.24785471961684294, 2.0283559096523254, 0.7312988313236833, 0.27106397130688525, 0,10, 0
0.2712033526242267, 1.971400086163507, 0.7433909614142393, 0.26197514614374806, 0,10, 0
0.2810483602740637, 1.9706982362177576, 0.7646335557818744, 0.26873311855801557, 0,10, 0
0.24592563028005054, 2.0264485673138237, 0.7446988339233326, 0.2800395053399793, 0,10, 0
0.3035987494179472, 1.9259724377642164, 0.6882243431865066, 0.22953275088366298, 0,10, 0
0.27605933612718686, 1.9567422627141866, 0.7190887434723625, 0.2514383006743721, 0,10, 0
0.21545932282312247, 2.1643981028957566, 0.7990859329839242, 0.31516917727674426, 6,10, 1
0.27240071841947716, 2.0039055016887235, 0.7115768396247618, 0.2751107439627828, 0,10, 0
0.27107031198031, 2.1223733626994465, 0.7153038160718804, 0.2623192737476997, 1,10, 1
0.26654693008714164, 2.002467693171085, 0.7103166899371521, 0.2682995124363981, 0,10, 0
0.3385884387680436, 1.8331531274186266, 0.6708295140479816, 0.22542523136562212, 0,10, 0
0.2781879864298543, 1.932379851963621, 0.7553230046716516, 0.2718177962611798, 2,10, 2
0.2899620834164837, 1.880966479253493, 0.7288699824776818, 0.2567397643671096, 1,10, 1
0.2536419876272201, 2.035213361130276, 0.7755278990369838, 0.2966178075634913, 1,10, 1
0.2853056608793987, 1.982322997281804, 0.7530464377482725, 0.259532455975657, 0,10, 0
0.27260027938535225, 2.0750394929476714, 0.763269109761276, 0.2591537263594393, 8,10, 1
0.25217854054413624, 2.1488587931784804, 0.7546231211996944, 0.2666755843092245, 0,10, 0
0.28803299407969135, 1.9684048131606873, 0.7150784344572345, 0.255844335434839, 1,10, 1
0.3258165369520388, 1.8481477182667023, 0.6672147068060345, 0.2403970943969917, 0,10, 0
0.3149072041508681, 1.863366800648148, 0.6819699964233604, 0.23610869821463512, 0,10, 0
0.3404510077828777, 1.800176621002803, 0.672223069440173, 0.23369256128567842, 0,10, 0
0.2946185059535688, 1.887580315339417, 0.7115665666318151, 0.2602760475281985, 0,10, 0
0.33725803232887647, 1.8074724665323607, 0.6708235967601227, 0.22870921977846614, 0,10, 0
0.27872014900552117, 1.986080796938016, 0.7301452159565592, 0.280278404938499, 1,10, 1
0.35901017760925963, 1.7351414621637578, 0.6610573993953593, 0.22700121575043508, 0,10, 0
0.2804496773764385, 1.9067337451325375, 0.705845192865132, 0.27410996661510395, 1,10, 1
0.3118472693407836, 1.8859204358523425, 0.6747804562891028, 0.24580868385133034, 1,10, 1
0.3764385019623495, 1.7386627582457619, 0.6388359521647913, 0.2177012338670294, 0,10, 0
0.37297944522051485, 1.7193236854657168, 0.6511390723375061, 0.22382297684406702, 0,10, 0
0.33366593494312513, 1.7861472716657716, 0.6492758744494102, 0.23789669748832423, 0,10, 0
0.3552185192576332, 1.7616232098941038, 0.6453791511220018, 0.23008771818642354, 0,10, 0
0.3610723075899687, 1.7334641318339308, 0.6264070323880104, 0.22471437539497066, 0,10, 0
0.3540211534623828, 1.7768084063470813, 0.6511125457895739, 0.22666302405391017, 0,10, 0
0.3425131377635868, 1.8243799039222108, 0.6331981126435585, 0.23591489230979223, 0,10, 0
0.36991951041043036, 1.6985643061503262, 0.6319028814486136, 0.22994222340446818, 0,10, 0
0.34238009711967005, 1.7631231387646575, 0.6815207741438958, 0.24330205931916624, 0,10, 0
0.34437570677842083, 1.7647803950050447, 0.6415368248750045, 0.2420181135867883, 0,10, 0
0.34191445486596156, 1.7907392568358451, 0.6756218714788039, 0.24171069282363578, 0,10, 0
0.3343311381627087, 1.7999761168379305, 0.6547574494440681, 0.2472306531287758, 0,10, 0
0.3059934810084481, 1.8589037148005503, 0.7218336866286934, 0.2848586518282615, 0,10, 0
0.3465043570810883, 1.8176813100234863, 0.6461889769887069, 0.23565036484814203, 0,10, 0
0.3785006319430586, 1.6863037510731973, 0.6458748579822858, 0.22533215476076277, 0,10, 0
0.3166367325217854, 1.8389588841094329, 0.6628982949714577, 0.2571983252108506, 0,10, 0
0.3831570544801437, 1.7075445685650403, 0.6075421546103297, 0.2201390557141622, 0,10, 0
0.3534224705647575, 1.7534904185882516, 0.6263800724795566, 0.2316366509184911, 1,10, 1
0.38814607862702055, 1.679177205858216, 0.6114159755246074, 0.220200694704385, 0,10, 0
0.3436439832368789, 1.758549165473539, 0.6587561158583111, 0.24657083171725888, 0,10, 0
0.27951839286902147, 1.9342206496048266, 0.7075113482307748, 0.2775364266703546, 15,10, 0
0.32741302467903943, 1.9103833487518675, 0.6594807376230727, 0.2321207756260594, 2,10, 2
0.31417548060932615, 1.8816227190058237, 0.6881918425978583, 0.24185816446639283, 2,10, 2
0.3015366194372381, 1.853100212392856, 0.6741526444849777, 0.26092376173893367, 0,10, 0
0.2918246524313178, 1.8613406469513776, 0.7536233022742997, 0.2837679847949693, 0,10, 0
0.27765582385418747, 1.9981590490690337, 0.7052755575073729, 0.3187743989252876, 1,10, 1
0.34098317035854453, 1.8154945356129157, 0.6630013438566631, 0.23121664062969355, 0,10, 0
0.2626222310915985, 1.9300554934684637, 0.7546192295247418, 0.3397997240641105, 0,10, 0
0.3596753808288432, 1.7485683218991772, 0.623839744732368, 0.2304647620531025, 0,10, 0
0.3303399188452072, 1.7470451501036233, 0.6592340928254384, 0.26101769595884694, 0,10, 0
0.3459721945054214, 1.7999981531564453, 0.6528207162913935, 0.23923017412449984, 0,10, 0
0.34238009711967005, 1.8014313830259134, 0.6371610363464327, 0.2359009486784323, 0,10, 0
0.32002926894166167, 1.8979311253146196, 0.6554699914047194, 0.24757247905766128, 1,10, 1
0.35468635668196635, 1.8021471247216752, 0.6246226338204413, 0.23242945142472476, 2,10, 2
0.3461052351493381, 1.7691222012641703, 0.6718759871561195, 0.2395239109251666, 0,10, 0
0.34191445486596156, 1.7819915185635702, 0.6560868006670887, 0.2337539237823344, 0,10, 0
0.3969932814474822, 1.6376649246996593, 0.6213985313884893, 0.21882151810119782, 0,10, 0
0.3448413490321293, 1.7057923526672087, 0.6461889811807211, 0.2483465478972694, 0,10, 0
0.3464378367591299, 1.8389116867901933, 0.6565275628079559, 0.22962776924066833, 0,10, 0
0.29754540011973657, 1.894878996758295, 0.720771348296539, 0.3054592809621115, 0,10, 0
0.34191445486596156, 1.7931544060840472, 0.6669310954176779, 0.24539478238737317, 0,10, 0
0.41016430519523717, 1.6212645097541085, 0.6239819146631121, 0.21720697427371424, 0,10, 0
0.3612718685558438, 1.7246934668043452, 0.6352535108121221, 0.23491652208334127, 0,10, 0
0.10077828776691279, 2.303736140292966, 0.8944213325400786, 0.36684194226088074, 0,10, 0
0.09904875939599547, 2.3689809700277507, 0.8938837418790088, 0.5792012191248178, 14,10, 0
0.11155457992416683, 2.349377273331698, 0.8833438996154044, 0.4560801821511866, 2,10, 2
0.09904875939599547, 2.6073607770790637, 0.8938837418790088, 0.5792012191248178, 13,10, 0
0.1233951972327546, 2.5017723216352636, 0.8794677623729915, 0.44110890720516704, 2,10, 2
0.13623361937071776, 2.5086949412189763, 0.9002812392960994, 0.3931128592327057, 2,10, 2
0.09991352358145414, 2.5030314180496203, 0.9273376082964652, 0.5940889094332217, 3,10, 3
0.11827313244196101, 2.3962264508217115, 0.8989049659188104, 0.43899310689180304, 1,10, 1
0.0996474422936207, 2.6417294732984935, 0.9424463317291131, 0.593975129366086, 5,10, 5
0.12505820528171357, 2.410411033477801, 0.8647628548392885, 0.3794124042355822, 1,10, 1
0.14574602541076298, 2.255265968982897, 0.8636842242678009, 0.37956453523743144, 0,10, 0
0.1707576664671057, 2.3464722464456216, 0.851974063094034, 0.31798615132001307, 1,10, 1
0.18073571476085945, 2.372478658176187, 0.8085664494852266, 0.28405598740178917, 1,10, 1
0.15073504955763986, 2.2470422180669716, 0.8562781216923596, 0.3780075251846219, 2,10, 2
0.1498702853721812, 2.3414286290592976, 0.8337319582788867, 0.35917783949531407, 1,10, 1
0.1642386749151866, 2.2173800949508586, 0.874455850810585, 0.4053662351516354, 1,10, 1
0.18825251114215394, 2.214627430886714, 0.8183755802887385, 0.3079584588131976, 2,10, 2
0.1702920242133972, 2.1763033418370554, 0.8257867433659959, 0.39759687096313406, 1,10, 1
0.1691611787401051, 2.2194537964281444, 0.8258466350234549, 0.3723066474858414, 1,10, 1
0.16909465841814675, 2.2089891906334302, 0.8373783245690555, 0.3560598120919003, 1,10, 1
0.16656688618372914, 2.1798262165262496, 0.8282480202409951, 0.39986274435916186, 1,10, 1
0.17335195902348166, 2.207880696303226, 0.8213350362194154, 0.3380099414631341, 1,10, 1
0.22171223308720814, 2.1679767340606046, 0.7894181996221096, 0.2538560113631926, 0,10, 0
0.1867225437371117, 2.182590935180773, 0.8075871958834717, 0.32699837482341815, 1,10, 1
0.21219982704716292, 2.1515386797770732, 0.8190324636753616, 0.2884660468143469, 1,10, 1
0.19078028337657155, 2.189424666295879, 0.8227646669620874, 0.32496677725501755, 1,10, 1
0.21146810350562098, 2.1348324792435696, 0.7995932744004137, 0.31476211739916965, 1,10, 1
0.22137963147741635, 2.15070739220155, 0.772964488494987, 0.273308815308683, 1,10, 1
0.22982771236612784, 2.113009783375218, 0.8122522552572579, 0.28805526357782324, 2,10, 2
0.21259894897891307, 2.120536645174201, 0.799968196079032, 0.3027423034731967, 0,10, 0
0.2000931284507417, 2.186919245690252, 0.7800592595121438, 0.297716369571983, 1,10, 1
0.2238408833898756, 2.1189448359261127, 0.7687836393669327, 0.27909874545857577, 0,10, 0
0.19876272201157455, 2.1564437020469676, 0.820390822854126, 0.296409203005229, 0,10, 0
0.20641255903678574, 2.1463295988699382, 0.7876912801256607, 0.28191652893997154, 0,10, 0
0.22244395662875008, 2.1291560746750684, 0.8044726948627852, 0.2785878854080199, 0,10, 0
0.2145945586376638, 2.0833356780364496, 0.81482617027688, 0.3021047417615049, 0,10, 0
0.2658152065455997, 2.0119920710972394, 0.7239884454035308, 0.2419074068625668, 0,10, 0
0.2450608660945919, 1.9991619789750246, 0.7646517363355264, 0.25960941030992507, 2,10, 2
0.2026209006851593, 2.148614156815548, 0.7972596390249744, 0.3562118787111143, 1,10, 1
0.2681434178141422, 1.9435770717446204, 0.7590285327715516, 0.2559650681756455, 1,10, 1
0.21918446085279053, 2.115377487788092, 0.7797763532108614, 0.2818657340860595, 0,10, 0
0.20528171356349365, 2.103805804239937, 0.7928142063767502, 0.3578772640698222, 1,10, 1
0.20242133971928425, 2.2641669660420076, 0.7913893346805577, 0.36732531394168483, 2,10, 2
0.23428457393733787, 2.0874702351036833, 0.8073135341881102, 0.2990091379779736, 1,10, 1
0.23488325683496308, 2.072138377952931, 0.7813638148854695, 0.2815064587816652, 0,10, 0
0.2617574669061398, 1.9708651477234462, 0.7580154560912229, 0.2682544187489278, 0,10, 0
0.18273132441961018, 2.1691752170593386, 0.8113711388615115, 0.40395010135573123, 0,10, 0
0.22809818399521054, 2.008446935692892, 0.7760697208671743, 0.3228594689473322, 0,10, 0
0.2445952238408834, 2.05423270892591, 0.7822631018067224, 0.2752403922637088, 0,10, 0
0.2609592230426395, 1.9664446766969805, 0.7430380600174644, 0.2658158978812553, 0,10, 0
0.2410696467770904, 1.9857765425546499, 0.7787814550910843, 0.30575135861230907, 1,10, 1
0.2900286037384421, 1.9046399166608914, 0.701910715507749, 0.2310793253571376, 0,10, 0
0.23940663872813145, 1.9761693122314294, 0.7606680238684688, 0.2870750177372257, 0,10, 0
0.2978780017295284, 1.9283705897723924, 0.6892107314013155, 0.23764969117690019, 1,10, 1
0.21432847734983038, 2.0651088910038453, 0.8160022388032079, 0.34253147167871034, 1,10, 1
0.2899620834164837, 1.9083066439268586, 0.7115876851521912, 0.2614998538489938, 0,10, 0
0.23767711035721412, 2.063500717836393, 0.7584623982255358, 0.3251948387025179, 0,10, 0
0.30226834297878, 1.9058167627651852, 0.7088920515030233, 0.24343991953542815, 1,10, 1
0.2139958757400386, 2.0919382266895044, 0.7795081425827626, 0.32376258969703886, 0,10, 0
0.26328743431118207, 1.9133103855481082, 0.7370818875843375, 0.30539608577606087, 0,10, 0
0.26980642586310116, 1.9211031956554672, 0.7197870423105259, 0.2938539535814083, 0,10, 0
0.23807623228896427, 1.9808493946802035, 0.760524775128739, 0.3142599023246563, 0,10, 0
0.2664804097651833, 2.036214414359265, 0.7238155175715449, 0.2676274424473627, 0,10, 0
0.26248919044768176, 1.969804547208199, 0.7490149284329803, 0.2714444851381387, 0,10, 0
0.3359276258897093, 1.7998269984249202, 0.687769297504891, 0.23023024735766973, 1,10, 1
0.3047295948912393, 1.8496448907168304, 0.7227876525335993, 0.2524600400986737, 0,10, 0
0.3239539679372048, 1.8169760809130737, 0.6906032741813505, 0.23796518852212578, 0,10, 0
0.29661411561231954, 1.895784001705501, 0.7377730499888502, 0.25275344267795724, 0,10, 0
0.28849863633339984, 1.9022142518179657, 0.7124185974775123, 0.2585179756959824, 0,10, 0
0.2991418878467372, 1.9094325591329486, 0.6896857947200982, 0.25717440184867457, 0,10, 0
0.3017361804031132, 1.876928696333906, 0.741590651489945, 0.2800988776168167, 0,10, 0
0.2998736113882791, 1.9062673963013106, 0.7423560603767205, 0.27505953085707296, 1,10, 1
0.29854320494911196, 1.9070379321846207, 0.7351471825946646, 0.26320028433339226, 0,10, 0
0.2868356282844409, 1.8585549992477157, 0.7133451393854523, 0.28111944147684137, 0,10, 0
0.30526175746690615, 1.8543525684439301, 0.7001165271659344, 0.27005800127312324, 0,10, 0
0.352025543803632, 1.7563164197803058, 0.6601638867337758, 0.2255965236542408, 2,10, 2
0.3532229095988825, 1.7636319049312819, 0.6640879868475673, 0.22219017273928293, 0,10, 0
0.34211401583183665, 1.7936289082829255, 0.6811612981842979, 0.23275031005955596, 0,10, 0
0.3339320162309586, 1.7784693121755464, 0.693782158050403, 0.24276572786355907, 0,10, 0
0.3292755936938735, 1.8058431631674399, 0.664728380908426, 0.23444934393595043, 1,10, 1
0.30127053814940463, 1.8988554254278311, 0.6809344791091498, 0.2605773724385438, 0,10, 0
0.30120401782744627, 1.8530073562068377, 0.6998677982920573, 0.26638556316001105, 0,10, 0
0.34497438967604604, 1.7830616929366077, 0.6674918281597173, 0.23053780542051258, 0,10, 0
0.35515199893567484, 1.7567082541372567, 0.6592422390981079, 0.23117369237434446, 0,10, 0
0.3469034790128384, 1.7441840853581987, 0.6584326544069049, 0.23389414750331358, 0,10, 0
0.29900884720282045, 1.8177821443960798, 0.7022744234827971, 0.2772012565223586, 1,10, 1
0.2632209139892237, 1.9431575191442834, 0.7614437940855667, 0.30266782929615066, 7,10, 1
0.36360007982438636, 1.7403460363047427, 0.6560744102770982, 0.217979800021801, 0,10, 0
0.3206279518392869, 1.8744987341578607, 0.6943991535103246, 0.2474646007563332, 1,10, 1
0.2935541808022351, 1.8969409382050682, 0.7315177127979983, 0.2765124296424876, 1,10, 1
0.319164504756203, 1.8577699045026992, 0.6769853327062992, 0.2471785472411968, 1,10, 1
0.3392536419876272, 1.7804054044831865, 0.6618369528701415, 0.23376746874321014, 0,10, 0
0.28437437637198165, 1.9314746186479175, 0.702327177141685, 0.3129919030310832, 0,10, 0
0.2834430918645646, 1.9189575878967824, 0.709541391029127, 0.29092158350754166, 0,10, 0
0.36167099048759394, 1.7121298193816596, 0.6309749445991608, 0.2266982673879819, 0,10, 0
0.3315372846404577, 1.8807347974751925, 0.6543067603649422, 0.23950394498884145, 0,10, 0
0.343111820661212, 1.8454087760061797, 0.6590674899273142, 0.23672499648025053, 0,10, 0
0.365396128517262, 1.7060872895655135, 0.6203337452771024, 0.22871116174784334, 1,10, 1
0.3665269739905541, 1.760936003106246, 0.6193190702033519, 0.22330780218496266, 0,10, 0
0.34131577196833635, 1.742064150207764, 0.6774844739665139, 0.2482591513252968, 0,10, 0
0.3359941462116677, 1.8439912869847321, 0.7023594370414705, 0.26162247187229587, 0,10, 0
0.10077828776691279, 2.303736140292966, 0.8944213325400786, 0.36684194226088074, 0,10, 0
0.10051220647907935, 2.3616630102372778, 0.8921145179489891, 0.5768484559634405, 11,10, 0
0.09904875939599547, 2.6386548177905564, 0.8938837418790088, 0.5792012191248178, 3,10, 3
0.09878267810816205, 2.455338007444426, 0.9000015148416551, 0.5851382153222023, 2,10, 2
0.15140025277722344, 2.5395596151238373, 0.8360676440520923, 0.4207526707978066, 2,10, 2
0.11614448213929356, 2.4024127021779846, 0.8692458242575921, 0.5394150123033283, 2,10, 2
0.11527971795383489, 2.4083244996434683, 0.867452674184588, 0.4174491356736273, 2,10, 2
0.1656356016763121, 2.365282454494151, 0.8390193826696621, 0.350264299418654, 3,10, 3
0.15665535821193374, 2.268033102871391, 0.8353483219810187, 0.4125476040969023, 8,10, 1
0.16543604071043705, 2.378611168964953, 0.8086160226015885, 0.3563053866426165, 1,10, 1
0.18153395862435975, 2.2611437737089286, 0.8027335386568147, 0.2895561191853478, 2,10, 2
0.1650369187786869, 2.290735363266405, 0.8566394188610906, 0.3643168279892855, 0,10, 0
0.19384021818665603, 2.2656485404922586, 0.7990196873645249, 0.3158229101746516, 1,10, 1
0.16124526042706047, 2.2557229699825547, 0.8366133427121585, 0.39557688831153287, 2,10, 2
0.16377303266147808, 2.4129869427433084, 0.8348853056851182, 0.3701077909729649, 1,10, 1
0.13417148939000864, 2.443212932188465, 0.8726795927261971, 0.41482409430199807, 1,10, 1
0.18805295017627885, 2.1377326299637796, 0.7909883435798112, 0.3462087804501996, 1,10, 1
0.1450808221911794, 2.4764645328495085, 0.8461357648250011, 0.3939822120901769, 12,10, 1
0.18100179604869288, 2.200526730478036, 0.8186494466518246, 0.3528860602566757, 1,10, 1
0.22829774496108562, 2.156595522253716, 0.7647635474024845, 0.2654942659876958, 0,10, 0
0.23887447615246457, 2.0462953971585756, 0.7503358945402486, 0.2614158116208726, 1,10, 1
0.23322024878600411, 2.1604428749982767, 0.7558353186097969, 0.26823778408621624, 2,10, 2
0.1873212266347369, 2.2761124832016546, 0.796378446877832, 0.34438868713559556, 1,10, 1
0.17654493447748287, 2.2442407120971524, 0.8029182869220926, 0.3705059758009082, 0,10, 0
0.2085412093394532, 2.1473709819157554, 0.7629108596327306, 0.29064876573205567, 2,10, 2
0.2029535022949511, 2.1951370673099375, 0.78006666082443, 0.32695999845883783, 0,10, 0
0.21998270471629083, 2.2339868626059753, 0.757574824504188, 0.2818620037029811, 2,10, 2
0.19091332402048825, 2.1307189247370766, 0.8053503613166231, 0.37279658998714943, 0,10, 0
0.28211268542539747, 2.0147537054522644, 0.7312248166493083, 0.23764379276325015, 1,10, 1
0.2112685425397459, 2.100808558591205, 0.7759242048935469, 0.3121947061733635, 1,10, 1
0.24180137031863233, 2.0912063618758747, 0.7490027260446928, 0.26448260044442085, 0,10, 0
0.16856249584247987, 2.3750832157978587, 0.838248674213814, 0.39190722608247214, 1,10, 1
0.2010244129581587, 2.0731895986109574, 0.7913698233863468, 0.37012614021530565, 0,10, 0
0.2189183795649571, 2.0863009683031017, 0.7731580441416473, 0.32330419673925237, 1,10, 1
0.2632209139892237, 2.024329371032209, 0.7274831512767753, 0.26117277113907833, 0,10, 0
0.26129182465243134, 2.149216013056848, 0.7252300888529399, 0.2461240317619394, 0,10, 0
0.2712033526242267, 1.9694350656338304, 0.7533365536577351, 0.24844597375982094, 0,10, 0
0.23687886649371384, 2.1222501732981436, 0.7483733604871735, 0.2871968344354234, 0,10, 0
0.2680768974921839, 1.9868068169795736, 0.7559416078311421, 0.2627560407278965, 1,10, 1
0.191977649171822, 2.339137378974739, 0.8044184473943499, 0.32767037420206147, 13,10, 1
0.24991684959755206, 1.9898538784987752, 0.7537950646825777, 0.3011180143708297, 0,10, 0
0.2501829308853855, 1.9807332716864883, 0.7575979425550713, 0.29698552549787005, 2,10, 2
0.25969533692543073, 1.993618766946532, 0.7731255046209417, 0.29267299759710874, 1,10, 1
0.2080755670857447, 2.2344299484308725, 0.7799623593359177, 0.3396232305349753, 1,10, 1
0.2680768974921839, 1.904309215869509, 0.7757368050492331, 0.2945916632635347, 1,10, 1
0.2741967671123528, 1.9330020218617758, 0.7178683165888483, 0.2838052108059157, 0,10, 0
0.2904942459921506, 1.9203975537512692, 0.7491210512174835, 0.24539812998885163, 0,10, 0
0.2708707510144349, 1.9036985613296173, 0.7163445754872622, 0.2750087868321738, 1,10, 1
0.261225304330473, 2.0103933671761327, 0.7230319188313941, 0.27098486765585234, 0,10, 0
0.246191711567884, 1.9795556495204416, 0.74589505681177, 0.3324794920874735, 0,10, 0
0.2632209139892237, 2.1864316818390286, 0.7254538273560742, 0.26372308854902904, 1,10, 1
0.28703518925031596, 1.9763443397324234, 0.698650502352193, 0.2536092258240559, 0,10, 0
0.2954167498170691, 1.8652855455538377, 0.719731427636909, 0.26862972500032695, 0,10, 0
0.366327413024679, 1.7744635008436584, 0.6505626099474422, 0.21336189956873391, 0,10, 0
0.33665934943125125, 1.8191631585072117, 0.6730059693975637, 0.23086796411282992, 0,10, 0
0.30466307456928093, 1.845375641814679, 0.712585769836489, 0.2664979235209853, 0,10, 0
0.3220248786004124, 1.905657353368196, 0.6560992899259378, 0.23871214515523306, 1,10, 1
0.30991818000399124, 1.8361721423534563, 0.6708192524415388, 0.24616315379630307, 0,10, 0
0.28317701057673117, 1.9136248560379359, 0.7130041172633471, 0.2859802999408144, 1,10, 1
0.2845074170158984, 1.9372150606260736, 0.7091024058720143, 0.2783295797536317, 1,10, 1
0.28849863633339984, 1.873753607140277, 0.7040369327208111, 0.2789110009848704, 0,10, 0
0.29761192044169493, 1.8246197504296413, 0.7136191459297714, 0.2742132343468999, 0,10, 0
0.3211601144149538, 1.7887882120371548, 0.6849051897624373, 0.25895439363907646, 0,10, 0
0.31151466773099185, 1.80983280158801, 0.7111499458661555, 0.2636394553175984, 0,10, 0
0.26741169427260025, 1.9199752051269017, 0.745896716927023, 0.32220918575315893, 0,10, 0
0.3078560500232821, 1.8361688832089087, 0.7244114743450885, 0.26492437103987354, 0,10, 0
0.25663540211534625, 2.067152633449239, 0.7480531343812511, 0.3046164136263472, 0,10, 0
0.27492849065389474, 1.982861090053748, 0.7452802644062441, 0.27503013421375155, 0,10, 0
0.3808953635335595, 1.6954976183476977, 0.6372907025053106, 0.21596243426077394, 0,10, 0
0.3316703252843744, 1.7675398176423582, 0.6606138707126668, 0.2515041339903382, 0,10, 0
0.3268808621033726, 1.78445061006835, 0.6484355428537119, 0.2450505906368995, 0,10, 0
0.31736845606332736, 1.8042055948193911, 0.682440808434105, 0.2713169084819554, 0,10, 0
0.34989689350096453, 1.7600848151127164, 0.6566135297594548, 0.24350622962061916, 0,10, 0
0.3266813011374975, 1.824555377887092, 0.6690560335460496, 0.2452031776910202, 0,10, 0
0.35328942992084084, 1.7176648023928154, 0.6569842191918849, 0.23415698353366995, 0,10, 0
0.34271269872946186, 1.7702453608011872, 0.6430512485554742, 0.23472474137602645, 0,10, 0
0.3639326814341781, 1.7444960860140126, 0.6434842358442786, 0.22172928294514765, 1,10, 1
0.29248985565090135, 1.8915813108535058, 0.6899767599547993, 0.29470795745879086, 1,10, 1
0.36020754340451006, 1.7433573175319566, 0.6460972516248726, 0.22527493762458378, 1,10, 1
0.3683895430053881, 1.6867753397734082, 0.6331471658246522, 0.2278853073906607, 0,10, 0
0.38847868023681237, 1.668022355413291, 0.6096789128284887, 0.21798392108716413, 1,10, 1
0.3489656089935475, 1.7787394071381812, 0.6272949009189, 0.22864755048803037, 0,10, 0
0.3725803232887647, 1.6935037266650632, 0.6272207623699836, 0.21969478083326746, 0,10, 0
0.29954100977848735, 1.8462501702900698, 0.7182622195274533, 0.30162172437941465, 2,10, 2
0.3742433313377237, 1.6738318073819325, 0.6145066925775352, 0.2247818921984463, 1,10, 1
0.3113816270870751, 1.8126192894562716, 0.6870041476071245, 0.28340182403130865, 0,10, 0
0.3718485997472228, 1.6937837130666722, 0.6328305130015849, 0.22452180378272904, 0,10, 0
0.37843411162110024, 1.670143895264055, 0.6446698509676746, 0.22665013660827465, 0,10, 0
0.3945985498569813, 1.6386346555391345, 0.6360817985239526, 0.22469816045763555, 0,10, 0
0.4095656222976119, 1.6090099346627418, 0.6031700074990037, 0.2129230257124118, 0,10, 0
0.39034124925164637, 1.6433178545519445, 0.6153858538398266, 0.22173784723786175, 0,10, 0
0.32102707377103706, 1.7951682631885633, 0.6565363536972487, 0.24332506248734767, 0,10, 0
0.25703452404709637, 2.0755813921202857, 0.73463813114337, 0.33077898637415587, 11,10, 1
0.36100578726801036, 1.771246004687854, 0.6528483724118523, 0.24207454715091214, 0,10, 0
0.3789662741967671, 1.6945912001284902, 0.6321748623599374, 0.23162993888308317, 0,10, 0
0.38874476152464577, 1.6609142752934112, 0.6100160705928215, 0.22488778972594514, 0,10, 0
0.37776890840151667, 1.7150830274987647, 0.6141511634100525, 0.22074802509704544, 1,10, 1
0.38162708707510146, 1.6734329600684825, 0.6112370125793996, 0.2257384471077644, 0,10, 0
0.3602740637264684, 1.7686675346033274, 0.6202256807001362, 0.23385208315860617, 0,10, 0
0.30020621299807093, 1.9518410760128972, 0.6824152613012713, 0.29533997714119, 0,10, 0
0.3290760327279984, 1.791488803131633, 0.6592515132781461, 0.27271085801804845, 0,10, 0
0.10077828776691279, 2.303736140292966, 0.8944213325400786, 0.36684194226088074, 0,10, 0
0.10111088937670458, 2.3103377541754764, 0.8895247656581224, 0.5762944402329817, 0,10, 0
0.09904875939599547, 2.4120013525265067, 0.8938837418790088, 0.5792012191248178, 2,10, 2
0.10131045034257966, 2.4079493124201288, 0.879264722129856, 0.5599598155627397, 3,10, 3
0.14820727732322225, 2.412516419008758, 0.8450473712524312, 0.3711994779364654, 2,10, 2
0.12179870950575401, 2.4031521187946403, 0.8628129062692896, 0.3805442277473249, 2,10, 2
0.17208807290627287, 2.2750550195191153, 0.8135522588265885, 0.36118039930385065, 1,10, 1
0.11148805960220848, 2.321314442310791, 0.8803789858092145, 0.5550864750733635, 3,10, 3
0.16723208940331272, 2.257288998617968, 0.8200013231651812, 0.3653083561747954, 2,10, 2
0.16829641455464645, 2.2232807886098533, 0.8286264218423702, 0.33934051426999945, 1,10, 1
0.17215459322823123, 2.3170073611178195, 0.8120568198719578, 0.33823260074188327, 2,10, 2
0.18120135701456794, 2.1835947806492766, 0.8630937644072264, 0.36167951382816016, 1,10, 1
0.22297611920441696, 2.0948163329115697, 0.7993279295654371, 0.27614793875833316, 0,10, 0
0.16896161777423002, 2.1330747446486997, 0.85245558344771, 0.35440916984352794, 1,10, 1
0.10902680768974922, 2.7948994271267376, 0.9193956032874355, 0.5688575676923913, 13,10, 0
0.15572407370451674, 2.302096125200616, 0.851557145427217, 0.3564136201149378, 4,10, 4
0.19011508015698797, 2.1602658412179445, 0.8104056189267643, 0.31156859351457145, 0,10, 0
0.21951706246258232, 2.1397044991634884, 0.7749995425969007, 0.286239975218219, 1,10, 1
0.23129115944921175, 2.0957225383077405, 0.7525282670693976, 0.2777206273676409, 0,10, 0
0.19417281979644782, 2.0843794315187054, 0.8217627695022003, 0.3352567230269817, 1,10, 1
0.24446218319696666, 2.016598214093205, 0.7448940586923948, 0.2794704389416587, 1,10, 1
0.22829774496108562, 2.050011634231922, 0.7614263566161683, 0.30726730877071384, 0,10, 0
0.2134637131643717, 2.105522983351574, 0.7803111861557827, 0.3461292834425621, 1,10, 1
0.23847535422071442, 2.0520997593354173, 0.7577681838669892, 0.2825542190551916, 0,10, 0
0.2501829308853855, 2.0168518974404686, 0.7449368654829348, 0.2605006985190091, 2,10, 2
0.18951639725936273, 2.1747279562864414, 0.8125727878660524, 0.3452501083741064, 1,10, 1
0.22503824918512605, 2.113180225915889, 0.7580714034256395, 0.2947159843494098, 2,10, 2
0.2345506552251713, 2.181887703686348, 0.7571489020811566, 0.26323274522994355, 7,10, 0
0.23135767977117008, 2.037258481032547, 0.777589852083675, 0.2841555985871949, 2,10, 2
0.25231158118805297, 2.0889968342971543, 0.7986023386816595, 0.28244827421746427, 0,10, 0
0.29328809951440166, 1.9540823566765317, 0.696249637684986, 0.23674860670462866, 0,10, 0
0.23016031397591966, 2.094387843977911, 0.8073256866712012, 0.3067089220916964, 0,10, 0
0.25237810151001133, 1.9798122995042329, 0.7516066464069513, 0.2764031739269543, 0,10, 0
0.27938535222510474, 1.9502723305111025, 0.7234342762628436, 0.26045925025697647, 0,10, 0
0.1908468036985299, 2.187559350836359, 0.8473939015629038, 0.37871838990391515, 0,10, 0
0.2155923634670392, 2.137372008066949, 0.8360787240184752, 0.3511924364306023, 0,10, 0
0.25310982505155327, 2.0441573248297793, 0.7348320522204297, 0.26682693261972057, 0,10, 0
0.2949511075633606, 1.9458636000929879, 0.7206741498072744, 0.2418692228309682, 0,10, 0
0.25357546730526176, 2.012579372862035, 0.7292551563110807, 0.27764714057279, 0,10, 0
0.2209805095456662, 2.091185112617801, 0.8004536453222909, 0.3197467202108035, 1,10, 1
0.2733985232488525, 1.9579716201437722, 0.7306404482967334, 0.2680434226236598, 7,10, 0
0.28949644116277523, 1.8869070004006945, 0.7027893009312911, 0.25691912210564544, 2,10, 2
0.24652431317767579, 2.0513395490260495, 0.786195025284968, 0.3024553118836381, 12,10, 0
0.21313111155457992, 2.259705913538293, 0.8282715757107906, 0.33011452733689106, 8,10, 1
0.26954034457526777, 2.099283547507847, 0.7225872031862436, 0.2693015027501314, 1,10, 1
0.2757932548393534, 1.965029902383016, 0.7695194326989666, 0.28176583784097686, 1,10, 1
0.23162376105900354, 2.058188791193307, 0.7959951537861133, 0.2953621987580817, 2,10, 2
0.3135102773897426, 1.8615178196803543, 0.709754581708024, 0.2499555709134869, 1,10, 1
0.2577662475886383, 2.0321265010271357, 0.7300993662532425, 0.2883552567135718, 0,10, 0
0.2527107031198031, 1.9548442389134326, 0.7444037563474951, 0.3177258662565162, 0,10, 0
0.29681367657819463, 1.8704968529955908, 0.7280743085668889, 0.2585757308467353, 0,10, 0
0.2700725071509346, 1.9813699669318705, 0.7337456538491146, 0.27745143834649555, 0,10, 0
0.31304463513603403, 1.871533466411955, 0.6685869419346423, 0.25045592235762587, 0,10, 0
0.32614913856183064, 1.8862187642343171, 0.685828828347941, 0.2289346641958084, 0,10, 0
0.3469034790128384, 1.7702936795782696, 0.654344835915579, 0.23451352807533735, 0,10, 0
0.2585644914521386, 2.0523230958498777, 0.7095084851315456, 0.29250371248529605, 0,10, 0
0.26794385684826716, 2.0011788519207276, 0.72250327668703, 0.2767934483650903, 0,10, 0
0.2807822789862303, 1.8790728793441278, 0.7252882137668254, 0.2813000135954479, 0,10, 0
0.32960819530366525, 1.8335934042264497, 0.6782322944380402, 0.2383286292991543, 0,10, 0
0.3528237876671323, 1.794139335792729, 0.6487959102142439, 0.2270777022158271, 1,10, 1
0.27492849065389474, 1.9624169053653435, 0.7305062868558794, 0.2731750699188207, 0,10, 0
0.26701257234085013, 2.0204113359681815, 0.7414886529875937, 0.2689439751071584, 0,10, 0
0.3667265349564292, 1.7297863013007038, 0.6512051689489822, 0.22365611264835386, 0,10, 0
0.32694738242533095, 1.843178739308962, 0.6641474881918176, 0.2418947653583594, 0,10, 0
0.3305394798110823, 1.8405299754721005, 0.6530853241629255, 0.23722732077674205, 0,10, 0
0.31450808221911797, 1.8458788809926259, 0.6807228364882311, 0.25540021204752617, 0,10, 0
0.3071908468036985, 1.8719200400811171, 0.6804308965952295, 0.25930735458325443, 0,10, 0
0.3653296081953037, 1.7314452210173972, 0.6360990970203427, 0.2272326057137581, 0,10, 0
0.3638661611122198, 1.7647546903523097, 0.6444686466196249, 0.22973448202756647, 0,10, 0
0.30685824519390675, 1.8752244233754012, 0.6805559631141481, 0.2552183737090809, 0,10, 0
0.32102707377103706, 1.857640518977924, 0.6643894833606804, 0.24276336761741787, 0,10, 0
0.3693873478347635, 1.7053922033384081, 0.6372197984864231, 0.22345918266270692, 0,10, 0
0.3613383888778022, 1.7187846863487084, 0.625966276413303, 0.22582656723732, 0,10, 0
0.3175680170292024, 1.8565124853130095, 0.6648451237927536, 0.25422599733806844, 0,10, 0
0.3566819663407171, 1.7600481277005224, 0.6242358134717986, 0.235778244624557, 0,10, 0
0.28098183995210535, 1.959176232854557, 0.694280330816061, 0.2794385088604159, 12,10, 1
0.3250182930885385, 1.8980580287537778, 0.6652085568160524, 0.24175679108387166, 1,10, 1
0.317301935741369, 1.8616531571812087, 0.6631840781624773, 0.25542365267524053, 10,10, 1
0.37071775427393067, 1.7389015027333707, 0.6111785180485905, 0.22410829430731774, 0,10, 0
0.3073904077695736, 1.9950461041794116, 0.6689696780840089, 0.26607627420816304, 3,10, 3
0.36439832368788666, 1.6985087837080497, 0.6355683789438346, 0.23622758862576196, 1,10, 1
0.29375374176811014, 1.8873452805916897, 0.735912444976638, 0.2924778326562608, 0,10, 0
0.33632674782145944, 1.7680072006744387, 0.6457846175833007, 0.24456592722591936, 0,10, 0
0.31484068382890973, 1.834109949582289, 0.676127144719873, 0.29654938229942585, 0,10, 0
0.35169294219384023, 1.7406068127425156, 0.6506218142420305, 0.23673572274738397, 0,10, 0
0.35974190115080157, 1.6927856328587232, 0.64751393693067, 0.2421354140863347, 1,10, 1
0.40251446817002595, 1.6291439385996331, 0.6093182525537135, 0.21634286619708298, 0,10, 0
0.3925364198762722, 1.6502588970479728, 0.6234909431535377, 0.22136349150020374, 0,10, 0
0.39772500498902413, 1.6594686122590225, 0.6105692353144331, 0.21811486373146974, 0,10, 0
0.2940198230559436, 1.894067653075137, 0.7293159430686289, 0.32063175189409554, 0,10, 0
0.38269141222643516, 1.6681168426723052, 0.6195528246874574, 0.22399026822320592, 0,10, 0
0.3653296081953037, 1.7004665853219627, 0.6214892230762404, 0.23983624895639197, 0,10, 0
0.39646111887181534, 1.645537397915483, 0.6194601068356227, 0.21971744044427663, 0,10, 0
0.34417614581254574, 1.7239178995285445, 0.6598311269298671, 0.24362182520051168, 0,10, 0
0.3787001929089337, 1.6776931675163753, 0.6197959250620043, 0.226481452966757, 0,10, 0
0.35182598283775696, 1.754586247064266, 0.6391457122047254, 0.2391398975535647, 0,10, 0
0.4204749550987827, 1.5795963633088606, 0.5859429624507805, 0.20950798407486673, 0,10, 0
0.36971994944455533, 1.7010415673844712, 0.6396549850914869, 0.2278899806913837, 0,10, 0
0.38528570478281116, 1.681503421342564, 0.62884519773602, 0.22505459458935084, 0,10, 0
0.3611388279119271, 1.7067905312815026, 0.625428023338299, 0.25289448052296876, 0,10, 0
0.36991951041043036, 1.7173671830703992, 0.6169878739623218, 0.2338786563045984, 0,10, 0
0.10077828776691279, 2.303736140292966, 0.8944213325400786, 0.36684194226088074, 0,10, 0
0.0996474422936207, 3.0019440417495353, 0.9424463317291131, 0.593975129366086, 12,10, 0
0.10643251513337325, 2.408154254520137, 0.9066689702785365, 0.399397937530385, 3,10, 3
0.16297478879797778, 2.3578038026589816, 0.8559522737194283, 0.3752496656614968, 2,10, 2
0.10550123062595623, 2.442846492371984, 0.8954440895009763, 0.5455784189936572, 1,10, 1
0.12306259562296282, 2.455164206176273, 0.8754597422679609, 0.5263532725627817, 4,10, 4
0.16304130911993614, 2.47511227652039, 0.8439374935627884, 0.33095139002253277, 2,10, 2
0.15698795982172553, 2.4260475904746643, 0.871718234930676, 0.3411295240364942, 2,10, 2
0.14481474090334598, 2.454724537000394, 0.8459384918539326, 0.41285157049915755, 1,10, 1
0.19071376305461318, 2.2622072030579203, 0.8225490232682918, 0.2801846076212997, 3,10, 3
0.1561231956362669, 2.244148426337259, 0.8505407729645406, 0.34471842055555535, 1,10, 1
0.18346304796115212, 2.261577104503964, 0.8169360821227687, 0.3248222558419494, 1,10, 1
0.19430586044036452, 2.2516645200474725, 0.8021108076156288, 0.29239531286726034, 0,10, 0
0.18519257633206945, 2.236420102793641, 0.805935779458124, 0.30968494454758577, 2,10, 2
0.20754340451007783, 2.254247151734007, 0.7980785527915069, 0.2694411514736158, 3,10, 3
0.19942792523115813, 2.210864045552085, 0.8136890038579248, 0.2943471885667699, 0,10, 0
0.20155657553382558, 2.2031221467482944, 0.8158661094926432, 0.36290543816818305, 0,10, 0
0.1836626089270272, 2.203212191520444, 0.8382442873603937, 0.38207017059435944, 0,10, 0
0.19024812080090467, 2.152182866747029, 0.8053248486179598, 0.353633591016592, 2,10, 2
0.2206479079358744, 2.0655536183354255, 0.7752723763650389, 0.29538760770336764, 0,10, 0
0.2273664604536686, 2.055771032378384, 0.764427722569635, 0.30834689350302485, 2,10, 2
0.27911927093727135, 2.0233571095824407, 0.7396731223033676, 0.24428205194362276, 0,10, 0
0.23322024878600411, 2.045894305599209, 0.7728666307775781, 0.2728175140802899, 1,10, 1
0.22390740371183396, 2.176325571310621, 0.7635145319409418, 0.31063742702546515, 2,10, 2
0.18831903146411227, 2.2196795118748764, 0.8043202903949682, 0.3570347301793831, 1,10, 1
0.2443956628750083, 2.081185349846032, 0.7572605291448979, 0.2690476163843295, 0,10, 0
0.2555710769640125, 2.0064960721247544, 0.748823453261099, 0.2628247321161762, 1,10, 1
0.23667930552783875, 2.0468443992973238, 0.7487150155050578, 0.2846129483061809, 0,10, 0
0.2763254174150203, 1.9874244178871128, 0.7543796963452231, 0.26954984426191936, 0,10, 0
0.22743298077562696, 2.0646329902884157, 0.7751942618004503, 0.2910107356079397, 2,10, 2
0.26395263753076564, 2.016429842021947, 0.7689843848371255, 0.27351377194483045, 2,10, 2
0.1996274861970332, 2.4634013392102068, 0.8108007422413425, 0.3589509199344152, 15,10, 1
0.2635535155990155, 1.9714801492828544, 0.7167154957271888, 0.2649234546528855, 0,10, 0
0.2627552717355152, 2.0528471392008116, 0.7210310426435161, 0.25983801333008794, 0,10, 0
0.31703585445353555, 1.8605648539288826, 0.6917225532083616, 0.23469402380621734, 0,10, 0
0.23129115944921175, 2.0368919427294316, 0.7820066624955093, 0.3010558530243701, 1,10, 1
0.3018027007250715, 1.9044131481115398, 0.6806031464537011, 0.24073152500326334, 0,10, 0
0.2705381494046431, 1.9064918939584998, 0.7358858938120143, 0.2830087390708067, 0,10, 0
0.30931949710636597, 1.9096431385723012, 0.7116060259097278, 0.23461618604232817, 0,10, 0
0.3043304729594891, 1.862319980258516, 0.7263993760563849, 0.25554449576250043, 1,10, 1
0.22616909465841814, 2.1271386790785463, 0.7568151323551008, 0.3039939060714117, 7,10, 0
0.2972127985099448, 1.9243257469318271, 0.692907891054564, 0.2454382394288901, 2,10, 2
0.28610390474289893, 1.9044677417752336, 0.7015230505501691, 0.26915605377264185, 0,10, 0
0.32614913856183064, 1.8129229002637095, 0.6830547590854613, 0.23563430938805421, 0,10, 0
0.3153063260826182, 1.8590198722276146, 0.6789562441011769, 0.23904746032359733, 0,10, 0
0.201822656821659, 2.2630331692734553, 0.7961825415580556, 0.341422224284928, 10,10, 0
0.2788531896494379, 1.8860259241114308, 0.7371881884621813, 0.26591494372786584, 1,10, 1
0.24240005321625757, 2.001991352278149, 0.8042173223829675, 0.3117991469750903, 1,10, 1
0.24971728863167697, 1.994635611035062, 0.7300573369029948, 0.28582986278898564, 1,10, 1
0.2755936938734784, 1.9870995119137733, 0.705769295638874, 0.2625207534059539, 2,10, 2
0.32182531763453737, 1.8473230223273325, 0.6536729273107852, 0.24149905327208765, 0,10, 0
0.29634803432448614, 1.8891259659068564, 0.6975390805145965, 0.251371999938519, 0,10, 0
0.33320029268941664, 1.80331116078151, 0.6529474407701973, 0.2380405755456022, 0,10, 0
0.31277855384820064, 1.8208643074962008, 0.6815264033283569, 0.24595328565330343, 0,10, 0
0.2161910463646644, 2.0208756501332243, 0.7776978948555126, 0.34699814643375054, 13,10, 0
0.3278121466107896, 1.8194228757671165, 0.6640794245279935, 0.24082381347943027, 2,10, 2
0.2884321160114415, 1.8276080132256343, 0.7163128386042069, 0.2956370248824974, 0,10, 0
0.33586110556775095, 1.8406115598976116, 0.6576637400298837, 0.23172612264095577, 0,10, 0
0.32149271602474555, 1.774011352365066, 0.6976326617345991, 0.26429369296137706, 0,10, 0
0.34351094259296217, 1.7422771449813204, 0.6851115670661947, 0.2515165454702479, 0,10, 0
0.33732455265083483, 1.7501622646708042, 0.6794370829212388, 0.2518592378445216, 0,10, 0
0.3313377236745826, 1.7807385455520854, 0.6535427973924051, 0.2403375500261017, 0,10, 0
0.3295416749817069, 1.7823995371754755, 0.6678126020997789, 0.24761516381981338, 0,10, 0
0.2936872214461518, 1.8637855232796776, 0.7035183075696919, 0.27142771106036706, 0,10, 0
0.3241535289030799, 1.807487575800319, 0.6753881236592473, 0.2456381082423793, 0,10, 0
0.33546198363600077, 1.8099859534231066, 0.648089423505752, 0.24094343052557876, 0,10, 0
0.32249052085412094, 1.802811584649571, 0.6533619451898389, 0.25149428914839045, 0,10, 0
0.30665868422803166, 1.899725778309011, 0.6768621928716918, 0.2627901853852635, 0,10, 0
0.35854453535555114, 1.7333611264038822, 0.6261728728657575, 0.23712518581247033, 0,10, 0
0.36266879531696933, 1.6982873277195372, 0.6377366255961208, 0.2299772522356991, 0,10, 0
0.3426461784075035, 1.758140828056281, 0.6421074042364101, 0.23467725835169298, 0,10, 0
0.35308986895496575, 1.7790999414915574, 0.6368608287476363, 0.22842665962932082, 0,10, 0
0.2992749284906539, 1.9363397338397805, 0.7064340142254517, 0.26649766974901956, 11,10, 1
0.34816736513004726, 1.7857748401551192, 0.6769436191682341, 0.24682358152267284, 0,10, 0
0.37091731523980576, 1.709349916555889, 0.6246859846165403, 0.22843793988953262, 0,10, 0
0.35714760859442557, 1.7480132305569764, 0.6342739628235637, 0.23651958061906916, 1,10, 1
0.3469699993347968, 1.7940281351304281, 0.6485830899511386, 0.2339250333602667, 1,10, 1
0.38023016031397594, 1.7036685937497538, 0.6253769756984394, 0.23104930417085584, 0,10, 0
0.33792323554846004, 1.8356149786287683, 0.6495319875221669, 0.23841470300131914, 0,10, 0
0.2434643783675913, 2.341720479617161, 0.7972955484960645, 0.3341935738453399, 15,10, 1
0.3489656089935475, 1.7482703033172307, 0.6709221562757386, 0.2468910946066632, 1,10, 1
0.3811614448213929, 1.6730768794296331, 0.6364803737758011, 0.22141278639204984, 1,10, 1
0.37637198164039115, 1.69859754571751, 0.6389104526164797, 0.22372270965557045, 0,10, 0
0.409765183263487, 1.6041138175113436, 0.6077943505463934, 0.2124730440388127, 0,10, 0
0.39040776957360473, 1.6490466586766204, 0.604325549279331, 0.22283305683437324, 1,10, 1
0.38309053415818534, 1.6589923771848494, 0.6302043649659105, 0.22283998383574447, 1,10, 1
0.36100578726801036, 1.6972514198319701, 0.6722701449758164, 0.2563099630007081, 0,10, 0
0.35049557639858975, 1.7381193579732084, 0.6838490431992988, 0.2555718900111202, 0,10, 0
0.3362602274995011, 1.8083778546821616, 0.7102723423013301, 0.2550247456320559, 1,10, 1
0.3683895430053881, 1.739970630673776, 0.6282051214060798, 0.23275193913382652, 0,10, 0
0.3523581454134238, 1.733049643707396, 0.6292858422249931, 0.23339626663517735, 0,10, 0
0.3751080955231823, 1.7239704998831449, 0.6117102043543564, 0.23347489334044103, 0,10, 0
0.3901416882857713, 1.6368143860371394, 0.605729041031258, 0.22924903725663026, 0,10, 0
0.23894099647442293, 2.3804259049220273, 0.7322128409438458, 0.3239115089221615, 14,10, 1
0.3422470564757533, 1.7993126812650004, 0.6357867720081327, 0.2420868250662451, 0,10, 0
0.40357879332135965, 1.631970150095018, 0.6095553718094017, 0.21850632488555605, 0,10, 0
0.399188452072108, 1.6510221812637917, 0.6264211278762761, 0.2204101810271921, 0,10, 0
0.3920707776225637, 1.6284876589027142, 0.6112659872622723, 0.22442710653901415, 0,10, 0
0.40331271203352625, 1.6634270584147934, 0.6082357564413943, 0.22410045552116054, 0,10, 0
0.3026009445885718, 1.8693680503884333, 0.7236220036687132, 0.2890713463849693, 0,10, 0
0.38927692410031267, 1.6855976696238977, 0.6063168801854047, 0.22563007157490925, 0,10, 0
0.10077828776691279, 2.303736140292966, 0.8944213325400786, 0.36684194226088074, 0,10, 0
0.09978048293753741, 2.3200492385633846, 0.9271712379925513, 0.5746645572968982, 0,10, 0
0.14441561897159583, 2.3572900662805667, 0.8732963568736523, 0.3970888294711885, 5,10, 5
0.10111088937670458, 2.3402677927078748, 0.9116167084157132, 0.5865767482064065, 0,10, 0
0.09991352358145414, 2.532454931758989, 0.9273376082964652, 0.5940889094332217, 3,10, 3
0.17854054413623363, 2.319383290279794, 0.8394404392931957, 0.3144519870981624, 2,10, 2
0.13490321293155058, 2.4183623720958374, 0.9173850075316604, 0.3950552050865778, 1,10, 1
0.14135568416151134, 2.366787111070083, 0.8417087316729155, 0.3609734017319075, 4,10, 4
0.1736180403113151, 2.365705363924756, 0.7995071945000005, 0.299577851419774, 1,10, 1
0.13723142420009313, 2.417692369387978, 0.8558804588240692, 0.42735935105152817, 10,10, 1
0.16270870751014435, 2.1873649850161594, 0.8320015143907475, 0.3482320148572012, 0,10, 0
0.1911794053083217, 2.2554333412598875, 0.8323672400275589, 0.3081334670763231, 2,10, 2
0.19137896627419676, 2.199431123855164, 0.7825342429742507, 0.29779084779482934, 1,10, 1
0.18725470631277855, 2.2195124745820958, 0.7973771487700251, 0.31350262289789443, 3,10, 3
0.22596953369254308, 2.1485710404934717, 0.7772195154080083, 0.258031182589927, 1,10, 1
0.17900618638994212, 2.2850137936361596, 0.7992138827944189, 0.33739426050764865, 0,10, 0
0.16796381294485466, 2.187937281401835, 0.8196730058810612, 0.3925407489227728, 0,10, 0
0.22204483469699993, 2.130960501771578, 0.7795923913057521, 0.26644401522862904, 0,10, 0
0.2569014834031797, 2.0109911974830985, 0.7354678018012695, 0.24320448897667077, 0,10, 0
0.24160180935275727, 2.041567799273123, 0.7902820878194656, 0.27038787022409644, 2,10, 2
0.2245060866094592, 2.0867749221872236, 0.8108506544766585, 0.30964193979651333, 2,10, 2
0.2453934677043837, 2.024631294260591, 0.7689267557131663, 0.26398376459914946, 0,10, 0
0.26149138561830637, 1.9971602371509287, 0.7287166849423944, 0.26458310745305064, 0,10, 0
0.2326215658883789, 2.083925296638902, 0.7574572243551952, 0.2634159871755894, 2,10, 2
0.22244395662875008, 2.224162295895851, 0.7608044020707001, 0.2845165210874189, 2,10, 2
0.23162376105900354, 2.0762665237343527, 0.7641425474193332, 0.2806171938714094, 0,10, 0
0.2206479079358744, 2.0805839772734473, 0.7657249239958831, 0.27501332697283215, 0,10, 0
0.2580988491984301, 2.1239363470493355, 0.733336364407528, 0.26575729280834776, 8,10, 1
0.22031530632608262, 2.2449693039940843, 0.7874885122856337, 0.31225673839878587, 9,10, 1
0.25483935342247055, 2.025224782480401, 0.7280889546117987, 0.26342321967712307, 0,10, 0
0.15891704915851793, 2.2123426709760015, 0.8573224991573142, 0.43942141185491174, 8,10, 0
0.1584514069048094, 2.308961137162785, 0.8603168109729741, 0.4623978603839388, 0,10, 0
0.1402913590101776, 2.4634413563792026, 0.8783888483086152, 0.4838673366254332, 11,10, 0
0.2490520854120934, 2.0498131008345806, 0.7259419344713877, 0.26732211116856613, 0,10, 0
0.15199893567484868, 2.757107048584444, 0.8288553056202008, 0.3872101622992441, 12,10, 1
0.2045499900219517, 2.496828257601426, 0.7753155225630401, 0.34310743071708844, 10,10, 1
0.250648573139094, 2.097141457783171, 0.7356534626982832, 0.2583610590133099, 0,10, 0
0.24240005321625757, 2.0808119919238544, 0.7472158494175409, 0.2735611675638584, 1,10, 1
0.23674582584979711, 2.042868479367685, 0.7480782860283094, 0.2825009913001988, 0,10, 0
0.24326481740171624, 2.0243486521316685, 0.7421247460896645, 0.28024275898594037, 0,10, 0
0.25523847535422073, 1.9796965335099463, 0.7690424666601245, 0.27588921683188944, 2,10, 2
0.30080489589569614, 1.9321994888546985, 0.6951776801430363, 0.2388381582774956, 0,10, 0
0.27047162908268474, 2.0167286482957487, 0.7227344277177029, 0.25216911215979587, 0,10, 0
0.28543870152331535, 1.9423594287509476, 0.7017629743449451, 0.24961530634663096, 1,10, 1
0.2925563759728597, 2.0095708275843642, 0.7205104922432498, 0.25259066605013464, 8,10, 1
0.28763387214794117, 2.0373746266758688, 0.6987594011951509, 0.25073814152285445, 0,10, 0
0.3234883256834963, 1.9866678621814469, 0.65997105587155, 0.22448383376221862, 0,10, 0
0.2899620834164837, 1.962413998053934, 0.7368989379284463, 0.2647259439012685, 0,10, 0
0.27206811680968535, 2.033063697389109, 0.7186073867550816, 0.2675653576702747, 0,10, 0
0.32455265083483004, 1.8671237785627621, 0.66971741517694, 0.23395408758053335, 0,10, 0
0.3136433180336593, 1.8469902094487523, 0.6842977115160075, 0.2417509561513461, 2,10, 2
0.21113550189582916, 2.345906353546265, 0.776866124811326, 0.34782598055031544, 13,10, 1
0.29714627818798645, 1.9339323535057025, 0.6967298441363351, 0.24810074433032503, 1,10, 1
0.3024679039446551, 1.8705401928103043, 0.6903635212003459, 0.24472390662519516, 0,10, 0
0.32408700858112155, 1.8099200747322832, 0.6999605957170841, 0.2503675293522986, 0,10, 0
0.3089868954965742, 1.8334390131396971, 0.696298461038934, 0.2624842908441286, 0,10, 0
0.28098183995210535, 1.903954464881504, 0.733807644842082, 0.2802244158407121, 0,10, 0
0.30586044036453136, 1.8421962073520455, 0.6873355483800587, 0.24948915039909006, 0,10, 0
0.29202421339719287, 1.8812380998341423, 0.7482569608525469, 0.2788890137494462, 0,10, 0
0.2982771236612785, 1.8573998788600037, 0.6929148126041532, 0.2644784287644814, 0,10, 0
0.3508946983303399, 1.7604087513240758, 0.68593829257522, 0.23683877707630238, 0,10, 0
0.37151599813743097, 1.742327507878939, 0.6406985766182183, 0.22049423662365075, 0,10, 0
0.2973458391538615, 1.8468959393028188, 0.6944992287428917, 0.2920286998802755, 0,10, 0
0.3641322424000532, 1.7267056221254793, 0.6432493911288617, 0.22232062730657115, 0,10, 0
0.3566154460187587, 1.729352080182846, 0.6757273534328841, 0.23984410518663715, 0,10, 0
0.29122596953369256, 1.947411324105513, 0.7347863030635723, 0.2679769034152708, 0,10, 0
0.35974190115080157, 1.7328522631859244, 0.6576528265585797, 0.22610648098742292, 0,10, 0
0.35834497438967605, 1.7746980205641165, 0.6475818153971653, 0.22825427056511047, 0,10, 0
0.3321359675380829, 1.7593393836368434, 0.66714967368423, 0.2524528003119798, 0,10, 0
0.38402181866560237, 1.6723798435105302, 0.6393065795461053, 0.22436463266953482, 0,10, 0
0.3469034790128384, 1.7952801682912907, 0.6397421587901966, 0.23404909479728747, 0,10, 0
0.30765648905740706, 1.9358947873472383, 0.6742952923373988, 0.2526718503876754, 0,10, 0
0.352025543803632, 1.7704008466004135, 0.6467835043968871, 0.23408620025911855, 1,10, 1
0.30446351360340584, 1.8587874529989452, 0.6753708985325154, 0.24890169153465802, 1,10, 1
0.3463047961152132, 1.758313118517379, 0.6784696117974062, 0.2502363898680782, 0,10, 0
0.3608727466240937, 1.7517603505619634, 0.6290752588246488, 0.2292181888792097, 0,10, 0
0.32308920375174616, 1.900650600017382, 0.6556717909237109, 0.24146765454230829, 1,10, 1
0.3729129248985565, 1.6975731816821047, 0.6304739692637329, 0.22954831627024877, 1,10, 1
0.38734783476352025, 1.6633291572683278, 0.6323608026522617, 0.22151625038341674, 1,10, 1
0.33792323554846004, 1.7477744882946789, 0.673562462890694, 0.2470253934712803, 0,10, 0
0.35674848666267545, 1.7298587983274527, 0.6214861883281065, 0.23297646398763017, 0,10, 0
0.35960886050688484, 1.7165230896700834, 0.6325137996320724, 0.2304087261892942, 0,10, 0
0.3311381627087075, 1.8625878080560134, 0.667357842972749, 0.24161508873903184, 0,10, 0
0.33080556109891573, 1.8099251795412181, 0.6609992579781663, 0.24643731693850227, 1,10, 1
0.3945985498569813, 1.6406723122801172, 0.6196567319431042, 0.21842526228637102, 2,10, 2
0.3673917381760128, 1.6882798014180054, 0.6244537617106719, 0.2274537478578878, 1,10, 1
0.3507616576864232, 1.7308710344174916, 0.6653989314469004, 0.24345739834756067, 0,10, 0
0.36971994944455533, 1.7017772619769316, 0.6300380481862949, 0.22633546403085933, 0,10, 0
0.4095656222976119, 1.6108038688855026, 0.5938521639810261, 0.21287815809597493, 0,10, 0
0.39340118406173086, 1.6362882120709359, 0.6114789794913672, 0.22236852856539563, 0,10, 0
0.33073904077695737, 1.8729641828887962, 0.6415603123064092, 0.24808589728411654, 0,10, 0
0.32934211401583185, 1.77351869027032, 0.6845252579255404, 0.25843739151292033, 0,10, 0
0.3311381627087075, 1.780148119541221, 0.6475061270506076, 0.26574248519503496, 0,10, 0
0.400851460121067, 1.6279668186402865, 0.6250310869818683, 0.21805364328640642, 0,10, 0
0.4128251180735715, 1.6115674422104138, 0.5987420962106593, 0.21180054726445074, 0,10, 0
0.41814674383024014, 1.5863581743139172, 0.591132727655524, 0.21096850275904283, 0,10, 0
0.3999866959356083, 1.624034761467602, 0.6065586618403312, 0.21801462644663291, 0,10, 0
0.36233619370717757, 1.7387163084306887, 0.6286805480543065, 0.2288916889177972, 0,10, 0
0.4098982239074037, 1.593568824205357, 0.5994658708092614, 0.214542883430959, 0,10, 0
0.42080755670857445, 1.5857153868676024, 0.60232011243187, 0.20902239666366962, 0,10, 0
0.4245326947382425, 1.5817058051741861, 0.5769898892797998, 0.20557068950601168, 0,10, 0
0.10077828776691279, 2.303736140292966, 0.8944213325400786, 0.36684194226088074, 0,10, 0
0.09904875939599547, 2.3971804774450636, 0.8938837418790088, 0.5792012191248178, 10,10, 0
0.09958092197166234, 2.3743193520207386, 0.8933638062721464, 0.5786345230553432, 2,10, 2
0.09904875939599547, 2.387567697968271, 0.8938837418790088, 0.5785192891769475, 2,10, 2
0.12073438435442027, 2.4792123498978795, 0.8672007823044868, 0.4109410192768626, 4,10, 4
0.16623428457393732, 2.316052515659156, 0.8322329172975803, 0.3114072508119124, 0,10, 0
0.10563427126987295, 2.413098153085962, 0.9369659527456902, 0.5245721078822067, 3,10, 3
0.1434843344641788, 2.4434154601199563, 0.8447028531889127, 0.4589151766777255, 9,10, 1
0.15406106565555777, 2.4156496077726395, 0.8899233768042677, 0.43147966177324454, 4,10, 4
0.16044701656356017, 2.414238447439787, 0.8744554669168978, 0.4012816519046501, 1,10, 1
0.1755471296481075, 2.287499794613964, 0.8238901292042609, 0.3175732805077655, 1,10, 1
0.21452803831570544, 2.2127956202475363, 0.8174137644081126, 0.2729007204178752, 0,10, 0
0.16370651233951972, 2.255368028949979, 0.8367415884256374, 0.3503206060360835, 0,10, 0
0.16084613849531032, 2.3255861167350087, 0.8685421677111599, 0.39793694166539745, 1,10, 1
0.17035854453535554, 2.2656762410025393, 0.8241627838650385, 0.3589869920735789, 2,10, 2
0.19104636466440497, 2.2555037931649577, 0.7964166310348334, 0.30850055370191765, 2,10, 2
0.19250981174748885, 2.1679482482185874, 0.7919836487648613, 0.33092978606498674, 2,10, 2
0.18426129182465242, 2.1827419462583344, 0.8039987957291741, 0.32212273271527264, 1,10, 1
0.19783143750415752, 2.182975649683012, 0.7959631599390375, 0.3151521569783596, 1,10, 1
0.2129980709106632, 2.2311442971768782, 0.7825957876820239, 0.27106485305264305, 0,10, 0
0.22856382624891905, 2.080088889639289, 0.7566061480655217, 0.2642612995880835, 2,10, 2
0.22676777755604338, 2.0744609733164876, 0.7706874519061183, 0.2766230644601778, 0,10, 0
0.18791990953236215, 2.212019742597785, 0.8039265049100074, 0.3280625089541527, 0,10, 0
0.230226834297878, 2.076286676709844, 0.7796501255129669, 0.2857924548511279, 2,10, 2
0.25849797113018025, 1.9707250126915001, 0.7379455733914543, 0.26342589514559267, 2,10, 2
0.25962881660347237, 2.0193615312872235, 0.7322745493189617, 0.2664693949219466, 0,10, 0
0.24685691478746757, 2.03088418983663, 0.7982808792674164, 0.29153717673594065, 2,10, 2
0.2527107031198031, 2.013129274581694, 0.7887007274757848, 0.2766736149294531, 2,10, 2
0.25823188984234685, 2.0182070412603608, 0.7343113737707674, 0.2533776455238173, 0,10, 0
0.2727998403512273, 1.9746327066004399, 0.7118774526786338, 0.2481298117957925, 0,10, 0
0.29741235947581984, 1.9388531281119739, 0.7093036908674896, 0.23835947332686275, 1,10, 1
0.26960686489722613, 2.0198508111221907, 0.7167149648166291, 0.25746761869280127, 1,10, 1
0.25231158118805297, 2.064284164705082, 0.7271049275271254, 0.27726511818731964, 0,10, 0
0.2800505554446884, 1.925875894444309, 0.7216330801596468, 0.24883199673728573, 1,10, 1
0.21965010310649905, 2.043652354275277, 0.7772650954773574, 0.34218625671290065, 0,10, 0
0.3053282777888645, 1.8902455658356936, 0.7288005363485034, 0.23498608010226374, 0,10, 0
0.255105434710304, 1.9344629853882571, 0.7654109413576825, 0.28421879933246375, 0,10, 0
0.3169028138096188, 1.8559755442116002, 0.6981126961129601, 0.22994835432411517, 0,10, 0
0.2735315638927692, 1.9262684754353754, 0.7481116644801076, 0.285806954402642, 0,10, 0
0.31397591964345106, 1.8644122638396619, 0.6952419455428261, 0.23376929355795703, 0,10, 0
0.29069380695802566, 1.9644357007075426, 0.7016514615491879, 0.23437373115054264, 1,10, 1
0.2986762455930287, 1.8853540938192204, 0.71139301002879, 0.25392671193736877, 0,10, 0
0.29781148140757, 1.8862442849306165, 0.696512126665229, 0.25664628682277885, 2,10, 2
0.188452072108029, 2.215809788918936, 0.823924039326557, 0.35671274131051545, 14,10, 0
0.26029401982305594, 2.002169209358293, 0.7266989163109487, 0.27107285183769186, 0,10, 0
0.30652564358411494, 1.9261660924502129, 0.6751421640467735, 0.23854028929131485, 3,10, 3
0.23807623228896427, 1.992385841586399, 0.7522643042157662, 0.3483401349572121, 0,10, 0
0.2896960021286503, 1.8793376130705812, 0.7006565521578714, 0.27285152494982196, 0,10, 0
0.28543870152331535, 1.9800922475967833, 0.7101696145743134, 0.25302479061218, 8,10, 1
0.2970132375440697, 1.8974660395097012, 0.7372105244636848, 0.2615159763100061, 0,10, 0
0.32089403312712034, 1.8350133724391227, 0.7036272935914946, 0.2456763489266254, 1,10, 1
0.2847734983037318, 1.866315320495962, 0.7308483964741509, 0.28213536388634647, 1,10, 1
0.2780549457859376, 1.9218431306279429, 0.7221157281109244, 0.26412835932290674, 5,10, 1
0.332535089469833, 1.8008500236336646, 0.6922978194716177, 0.23807361202809765, 0,10, 0
0.3016696600811548, 1.8538266555766403, 0.70267366261484, 0.26384352283659157, 0,10, 0
0.3167697731657021, 1.8080923084821607, 0.6630015719681246, 0.25797978861037235, 0,10, 0
0.3394532029535023, 1.7578731007833868, 0.6609359152268648, 0.23964220762704241, 0,10, 0
0.23641322424000533, 2.0646038522388395, 0.7589805488650573, 0.30892403584600936, 0,10, 0
0.23953967937204815, 2.1492982256496167, 0.769357684854015, 0.30614440971797935, 0,10, 0
0.3514268609060068, 1.7438321912597137, 0.6566658043538063, 0.23246099009443108, 0,10, 0
0.26155790594026473, 2.039993604988718, 0.7171327319635723, 0.2819193196266353, 0,10, 0
0.3566819663407171, 1.7521843419280871, 0.6304058849435611, 0.23119193336252142, 0,10, 0
0.3544202753941329, 1.7481117513173752, 0.6367482042340908, 0.2270718685464583, 0,10, 0
0.3508946983303399, 1.7158916159727804, 0.6398379502839072, 0.2317830082026517, 0,10, 0
0.3657287301270538, 1.7003754057752898, 0.6623303186081677, 0.23977672987412227, 0,10, 0
0.32129315505887046, 1.8756750578720285, 0.6668688785641382, 0.24436158829267612, 0,10, 0
0.3560167631211335, 1.809713495992531, 0.6451065481655702, 0.23141372311622838, 0,10, 0
0.31517328543870154, 1.791217987872856, 0.6751821173675145, 0.26601701811358086, 0,10, 0
0.3533559502427992, 1.7362598933154123, 0.6680871468893873, 0.23539461736061143, 0,10, 0
0.3717820794252644, 1.706750293832446, 0.6494010714771363, 0.22745009766462068, 0,10, 0
0.33426461784075034, 1.7694304466370472, 0.6487430920408161, 0.2531488307351805, 0,10, 0
0.37131643717155594, 1.6977411283293242, 0.6482992017342778, 0.2219734727853945, 0,10, 0
0.3488990886715892, 1.7391478180506665, 0.6610101149787481, 0.23300918926544736, 0,10, 0
0.3096520987161578, 1.9353497619728584, 0.6751363070561186, 0.2716558631232919, 1,10, 1
0.38368921705581055, 1.6755147771485464, 0.6320715020458583, 0.22401593088812066, 0,10, 0
0.37317900618638994, 1.722247990075124, 0.6240659861175208, 0.22417223414016083, 2,10, 2
0.3613383888778022, 1.73662252429478, 0.6537099132634239, 0.2312475524417533, 0,10, 0
0.39579591565223177, 1.6461664498732538, 0.6284387764383031, 0.22134606415398855, 0,10, 0
0.3846205015632276, 1.680734903312194, 0.6195675236420634, 0.22390240077416393, 0,10, 0
0.2155923634670392, 2.469898948259441, 0.7861241265360396, 0.33341821337022837, 14,10, 1
0.3232222443956629, 1.8621641604122878, 0.677383480713052, 0.26113933404197454, 0,10, 0
0.4127585977516131, 1.6062153515198476, 0.6044724273010583, 0.2136212382622904, 2,10, 2
0.32994079691345707, 1.7700865899030458, 0.6549574475646927, 0.2505924626132552, 0,10, 0
0.3683895430053881, 1.6895725559761667, 0.6296376278778665, 0.22737610876460526, 1,10, 1
0.3950641921106898, 1.6457259361535213, 0.5955947212327694, 0.2163158652684788, 0,10, 0
0.3308720814208741, 1.7478450927748332, 0.6634141219420884, 0.27502866009907634, 2,10, 2
0.2950841482072773, 1.933463049744375, 0.6796435151659823, 0.2875838699080164, 12,10, 0
0.3357945852457926, 1.729550816395766, 0.6554411941403698, 0.25365029791621635, 1,10, 1
0.3878799973391871, 1.6631122982478987, 0.5989566889704308, 0.2193057220573888, 0,10, 0
0.3264817401716224, 1.7363771406593798, 0.6605516545806667, 0.2762989581900287, 0,10, 0
0.28231224639127256, 1.9005848939918928, 0.7098891898999002, 0.31300616909724716, 0,10, 0
0.3630679172487195, 1.739090033386517, 0.6188516984756377, 0.23873911555551405, 0,10, 0
0.39246989955431383, 1.6512531223950062, 0.6218867978710311, 0.22454600288286605, 0,10, 0
0.37457593294751546, 1.6626852528286704, 0.6130496142136554, 0.2284548686936277, 0,10, 0
0.3453069912858378, 1.823870461763462, 0.6348609491749735, 0.23548980113860835, 0,10, 0
0.3942659482471895, 1.650190696269938, 0.585789366628338, 0.21982520736080668, 0,10, 0
0.39340118406173086, 1.6742639827576018, 0.5928477920730935, 0.21476400359679737, 0,10, 0
0.40677176877536086, 1.6311261951437668, 0.6182661327727922, 0.2192328987370184, 0,10, 0
0.3393866826315439, 1.7638265072391441, 0.6741125452384347, 0.25303511148563806, 0,10, 0
0.3739107297279319, 1.6695966830577853, 0.6217212172688648, 0.2309946488715144, 0,10, 0
0.39546331404243995, 1.6201044015067467, 0.5898512698001838, 0.2240564145029272, 0,10, 0
0.10077828776691279, 2.303736140292966, 0.8944213325400786, 0.36684194226088074, 0,10, 0
0.09878267810816205, 2.406150294382685, 0.9000015148416551, 0.5851382153222023, 5,10, 0
0.11587840085146012, 2.388450007512249, 0.8744578105762717, 0.4576895148201533, 2,10, 2
0.13703186323421807, 2.4335474440622162, 0.8468958876200263, 0.39810370080441976, 2,10, 2
0.1458790660546797, 2.369927088942966, 0.8448080719397026, 0.3754850653494002, 3,10, 3
0.1487394398988891, 2.232695804093957, 0.8564931187220067, 0.3946020810049373, 1,10, 1
0.10949244994345772, 2.2603773956629345, 0.8841274120998592, 0.5239505767806889, 2,10, 2
0.12745293687221446, 2.4168751280139498, 0.8614262855492604, 0.39174224466562707, 3,10, 3
0.22364132242400053, 2.1337625271845964, 0.7785128453414472, 0.2726297659378132, 0,10, 0
0.1793387879997339, 2.203693579804324, 0.8219052336925237, 0.31128829641607364, 2,10, 2
0.19157852724007185, 2.3415316406349724, 0.7950837674754109, 0.31083473656650445, 2,10, 2
0.20521519324153528, 2.3155882846196554, 0.7818591673356827, 0.30036077814272577, 2,10, 2
0.2082086077296614, 2.4503584257588766, 0.782339647119257, 0.28762391039653945, 0,10, 0
0.18412825118073572, 2.3667616724833147, 0.8063352941918908, 0.31080690796694166, 1,10, 1
0.19856316104569946, 2.1266771402297473, 0.7960121407763441, 0.3554025851119366, 2,10, 2
0.22310915984833365, 2.1764521207121454, 0.768961149705544, 0.276596513428494, 2,10, 2
0.22310915984833365, 2.1627329575883043, 0.7508101087147275, 0.2824649101900752, 0,10, 0
0.2659482471895164, 1.9962841724355025, 0.7444586372851565, 0.26169903776124465, 1,10, 1
0.24452870351892503, 2.051993530381664, 0.7645531300486751, 0.2995868979211054, 2,10, 2
0.26089270272068116, 2.0322546279613567, 0.7621024506506123, 0.26877672136439057, 0,10, 0
0.24838688219250982, 2.067380603266311, 0.7536195040420957, 0.27623601071430953, 0,10, 0
0.2407370451672986, 2.064414168680086, 0.7484022925022835, 0.2801178396792966, 1,10, 1
0.23055943590766978, 2.153722023687177, 0.7620064437184172, 0.2810505609770718, 1,10, 1
0.28756735182598286, 1.9304446843278977, 0.7226502197197712, 0.2492726521910486, 1,10, 1
0.23634670391804696, 2.0404461476229976, 0.782727637102669, 0.2831790005233909, 2,10, 2
0.20800904676378634, 2.073013677307924, 0.7827233720907304, 0.36604473656594555, 0,10, 0
0.19663407170890707, 2.082412421937269, 0.8068615332379606, 0.34653523959805893, 2,10, 2
0.21758797312578992, 2.0610423236609554, 0.8082905593835263, 0.32971826793951975, 1,10, 1
0.2820461651034391, 1.9280528580524692, 0.746059179918323, 0.2580900300383032, 1,10, 1
0.2618239872280982, 1.9318514865513516, 0.739638520295524, 0.29124216542146764, 0,10, 0
0.2664804097651833, 1.9398704838080296, 0.7608639969087595, 0.27330562618173343, 2,10, 2
0.2694738242533094, 1.9147182834237222, 0.7073796013389497, 0.2647191569015852, 0,10, 0
0.27180203552185195, 1.952109028154256, 0.7269934936032696, 0.268240995109028, 0,10, 0
0.28610390474289893, 1.9178811370085427, 0.7233377120509077, 0.27355465326420175, 0,10, 0
0.31943058604403646, 1.8340610094724805, 0.6754707617921832, 0.2407463612268295, 0,10, 0
0.28237876671323087, 1.9318503249566221, 0.7608879699827885, 0.3019821515800734, 1,10, 1
0.27060466972660147, 1.9526829042771234, 0.729271835289913, 0.26468604331453244, 1,10, 1
0.265682165901683, 1.9250067724904352, 0.7271645700623579, 0.3145644103898296, 0,10, 0
0.24652431317767579, 2.0511357022401917, 0.751142583835713, 0.3018104361543519, 0,10, 0
0.23195636266879532, 2.304392517175034, 0.7610880882015542, 0.31062962425286056, 11,10, 1
0.3426461784075035, 1.8300148202163973, 0.6589685704851602, 0.22367722802103465, 0,10, 0
0.3359276258897093, 1.7778188913103063, 0.6714152551850867, 0.2319691214141858, 1,10, 1
0.2954167498170691, 1.829461359298928, 0.693320595137128, 0.2793476007063908, 0,10, 0
0.32295616310782943, 1.8370878504618813, 0.6692722494123369, 0.23790847737657728, 1,10, 1
0.30526175746690615, 1.853400267348876, 0.6864181257504193, 0.2530649150972779, 0,10, 0
0.3531563892769241, 1.7363120805580428, 0.6532168484166132, 0.226393100643006, 2,10, 2
0.3458391538615047, 1.792849085577264, 0.6621604464362386, 0.22362925581046608, 0,10, 0
0.24971728863167697, 2.180121387700287, 0.7888546076741837, 0.33331904940825924, 1,10, 1
0.3500964544668396, 1.7187974047242132, 0.6578333796909319, 0.2427093458884289, 1,10, 1
0.3539546331404244, 1.789269266474757, 0.6605192820714544, 0.22494616266906778, 0,10, 0
0.33406505687487525, 1.7888151204485716, 0.6608510878204309, 0.24011202396992007, 1,10, 1
0.3117142286968669, 1.8414203919495586, 0.6760106381365604, 0.28504414018847823, 0,10, 0
0.26820993813610056, 1.9639692062839518, 0.731684698825429, 0.29251482710517895, 0,10, 0
0.33892104037783544, 1.8460528640394827, 0.6470257645059289, 0.2326051837211913, 0,10, 0
0.36506352690747024, 1.7038788040748638, 0.6301635666694632, 0.22383871986194684, 0,10, 0
0.30712432648174015, 1.8279878313419056, 0.7237991140312791, 0.27450239522216746, 1,10, 1
0.2956163107829442, 1.888455067945797, 0.7436534901085854, 0.28162467821841447, 0,10, 0
0.3514268609060068, 1.7302452930510897, 0.6438928473353532, 0.23255423209086637, 1,10, 1
0.3554180802235083, 1.742045112705069, 0.6452904895474759, 0.2326615775990958, 0,10, 0
0.344043105168629, 1.733956275276975, 0.6429051819857858, 0.2368669282396665, 0,10, 0
0.3684560633273465, 1.7148418779847532, 0.6228778431835096, 0.2277357065385926, 0,10, 0
0.3320694472161245, 1.776746462355797, 0.6490649949893341, 0.2517372491005474, 0,10, 0
0.3359941462116677, 1.7383754314457134, 0.6566016815484278, 0.2494578540843201, 0,10, 0
0.36885518525909666, 1.6744483527067948, 0.6322331452182609, 0.23891410343436192, 0,10, 0
0.36985299008847206, 1.6977519079441163, 0.6214365213341927, 0.22781590407517655, 0,10, 0
0.36586177077097054, 1.6921948154081423, 0.6349197734477712, 0.2394370947278821, 0,10, 0
0.33040643916716556, 1.8357153291482773, 0.6568684972919666, 0.2360903345840041, 0,10, 0
0.352025543803632, 1.7213612473598618, 0.6654886507398284, 0.23328716240051267, 0,10, 0
0.3512272999401317, 1.7996105334560988, 0.6406867572882934, 0.2382378724006501, 0,10, 0
0.3357945852457926, 1.8042091367043778, 0.6494542017357742, 0.23771715832482873, 0,10, 0
0.37823455065522515, 1.6679520006279487, 0.6301525485831297, 0.22577888587943232, 0,10, 0
0.3683230226834298, 1.7020256695300608, 0.6420992866989582, 0.23161698798386937, 0,10, 0
0.38209272932880994, 1.6680966625410758, 0.6220945293851656, 0.22877831137617397, 0,10, 0
0.1792057473558172, 2.7906391585828945, 0.826996875495756, 0.3912072915771103, 13,10, 1
0.28889775826515, 1.9884011872627696, 0.7148897764957018, 0.2760776276781343, 11,10, 1
0.3165036918778687, 1.911219862580343, 0.6818902688600578, 0.2539724969743822, 0,10, 0
0.30107097718352954, 1.8865350383782207, 0.6942014332752092, 0.2677927757787886, 0,10, 0
0.3706512339519723, 1.7110457532358117, 0.6247859496528945, 0.23078209484670384, 0,10, 0
0.35275726734517393, 1.7435701456202692, 0.6325434451488501, 0.2397497163386102, 2,10, 2
0.34357746291492053, 1.7869802699873787, 0.6372914232856659, 0.24111308642925755, 0,10, 0
0.37537417681101576, 1.7346144993172143, 0.6055742914088689, 0.2288548914006733, 0,10, 0
0.2732654826049358, 1.9999468656588733, 0.7108611836565126, 0.33280817518195915, 12,10, 0
0.3047295948912393, 1.854381769302798, 0.6751228407293088, 0.30156526053417554, 0,10, 0
0.27872014900552117, 2.01372175334993, 0.7583790019631134, 0.31522049186719586, 11,10, 0
0.3477017228763387, 1.7349967782998412, 0.6446704589341212, 0.2369159406366891, 7,10, 0
0.34816736513004726, 1.7769195379553413, 0.6450640757872327, 0.23960926711341554, 2,10, 2
0.2984766846271536, 1.8579272414745784, 0.6959984599770955, 0.2927284916457426, 14,10, 0
0.3313377236745826, 1.7830563021151833, 0.6461875332453982, 0.24188587240593157, 1,10, 1
0.1901816004789463, 2.238876573277045, 0.8468267546679032, 0.4057228448346719, 14,10, 0
0.3140424399654094, 1.764909817272735, 0.7234053721439772, 0.2845800593710103, 1,10, 1
0.24486130512871682, 2.1072203524666957, 0.7593484777613436, 0.3264733705321944, 14,10, 1
0.28417481540610656, 2.002840252994484, 0.7517854270673396, 0.2963573553680329, 1,10, 1
0.3272134637131644, 1.7835723865649138, 0.6861177219671061, 0.25332741040452683, 0,10, 0
0.3719816403911395, 1.6728818703695327, 0.6272524512005986, 0.23754415118344746, 0,10, 0
0.3828244528703519, 1.6449956888766502, 0.6174466575458095, 0.22887883777341636, 0,10, 0
0.3292755936938735, 1.8172389850489261, 0.630521124358488, 0.25806720439180575, 0,10, 0
0.3616044701656356, 1.7846735747307905, 0.6247657499223263, 0.23020403858590904, 0,10, 0
0.37297944522051485, 1.7205585622257367, 0.6053307422888655, 0.22367266722056708, 0,10, 0
0.38734783476352025, 1.6383742517810584, 0.6102063053998389, 0.21911885335916273, 0,10, 0
0.39074037118339655, 1.613981936598525, 0.6053930012718276, 0.22460359949899503, 0,10, 0
0.4152198496640724, 1.6131289044373653, 0.5804816678105884, 0.21177844063454096, 0,10, 0
