acuracia,loss,frr,fpr, removed, n_clf, tp_removed
0.09825051553249518, 2.3036959122288754, 0.8944041643372586, 0.40467750686587217, 0,10, 0
0.30240138362269675, 2.0493189119883484, 0.7564561079494301, 0.41846594101897616, 1,10, 1
0.39020820860772965, 1.87470157293711, 0.6520482185526428, 0.3440461043404362, 3,10, 3
0.44934477482871016, 1.6634648158676837, 0.63217450804739, 0.33790498068471414, 2,10, 2
0.5180602674116943, 1.4636202138557863, 0.5633318677485663, 0.4002706705153607, 1,10, 1
0.5447349165169959, 1.346241553173709, 0.5412785395287905, 0.3712846165489044, 1,10, 1
0.6023415153329342, 1.2112858719815216, 0.5081216814611953, 0.34745719538829994, 1,10, 1
0.6456462449278254, 1.143600551521412, 0.49983248815894415, 0.2786421500130159, 1,10, 1
0.7043171688950974, 0.9832912624269423, 0.4396861968303003, 0.26444641257279716, 1,10, 1
0.7656489057407038, 0.8371487629985768, 0.40941160819347294, 0.2763855148857117, 2,10, 2
0.7597285970864099, 0.7934892791657161, 0.39937003602648163, 0.24669897556624854, 1,10, 1
0.7658484667065789, 0.7784672713440353, 0.3880891870067362, 0.25332656153317595, 1,10, 1
0.7878001729528371, 0.727802943356941, 0.36735986503121665, 0.2500339595850297, 0,10, 0
0.7899953435774629, 0.7565724533884195, 0.3291015672842106, 0.24413979748606415, 2,10, 2
0.8009046763786337, 0.803060868766444, 0.3035233268906278, 0.22827719727150333, 2,10, 2
0.7937204816071309, 0.7478592907592331, 0.3188937563499055, 0.2369071277477801, 2,10, 2
0.7988425463979245, 0.7193613989247667, 0.3360638739355661, 0.2489124369157719, 1,10, 1
0.7986429854320495, 0.6727109192276206, 0.33306356342937155, 0.23685375141490086, 1,10, 1
0.8025011641056343, 0.6359512435269409, 0.34908688393821324, 0.2522055692932655, 0,10, 0
0.7953169693341315, 0.6426638991303618, 0.3487123410413884, 0.25374350708585125, 1,10, 1
0.8046963347302601, 0.6253096500980209, 0.31937290960250647, 0.2400613490113153, 2,10, 2
0.8171356349364731, 0.5937582483576522, 0.2897904705182053, 0.2208243185637408, 1,10, 1
0.8147409033459722, 0.6103296451911813, 0.29658771982787285, 0.22775271387548773, 1,10, 1
0.8124126920774296, 0.6123573827501169, 0.28724467814497134, 0.2204416678594673, 1,10, 1
0.8218585777955165, 0.5804039432290234, 0.2761932465614519, 0.22331697514530216, 2,10, 2
0.8220581387613916, 0.5650417274067159, 0.29537716185059415, 0.22881013198585975, 1,10, 1
0.8269806425863101, 0.5480889752125877, 0.2653301445315237, 0.2172669908563514, 1,10, 1
0.8274462848400186, 0.5631808949709116, 0.27680690015606646, 0.22194570735776398, 2,10, 2
0.8224572606931417, 0.5656976458940377, 0.2839026172476589, 0.22744524375177677, 1,10, 1
0.8237876671323089, 0.5638013409136415, 0.2787788344248811, 0.22814160925667032, 2,10, 2
0.8237211468103506, 0.5687255072757762, 0.27080004305278127, 0.22467752307132074, 2,10, 2
0.8245859109958092, 0.5647936595263413, 0.28120654654406146, 0.22667711058280593, 1,10, 1
0.818798642985432, 0.5796955465343538, 0.3017848587708169, 0.24126973108218053, 2,10, 2
0.8192642852391405, 0.5734795866148185, 0.29596195163933037, 0.23921659083061653, 2,10, 2
0.8199294884587242, 0.569248446224893, 0.2872201230345162, 0.23446501651702054, 1,10, 1
0.8257832767910597, 0.5361824496398572, 0.27219616489315557, 0.2243602523598383, 1,10, 1
0.8271136832302268, 0.5301307635697637, 0.27130223632981587, 0.22282781897414825, 1,10, 1
0.8331005122064791, 0.5256381723754403, 0.2519528454744691, 0.2188371056167576, 2,10, 2
0.8346969999334797, 0.5140249942950488, 0.2578647322295991, 0.2237631704537293, 1,10, 1
0.8329674715625623, 0.5189834814915453, 0.27289489354801855, 0.22272998165241817, 2,10, 2
0.8325018293088539, 0.5189391152524935, 0.2564916046841327, 0.21286087129008974, 2,10, 2
0.8367591299141888, 0.5043032415517622, 0.25017029884105185, 0.20828510410134649, 1,10, 1
0.8357613250848134, 0.5072286016916644, 0.25792360059705405, 0.21310130877889308, 2,10, 2
0.8386882192509811, 0.4978676357970455, 0.26631603540896726, 0.2148627125576907, 2,10, 2
0.8420142353488991, 0.4935996608380671, 0.24908682582739075, 0.21040828529901062, 2,10, 2
0.8413490321293156, 0.48170399504268846, 0.2450509978018155, 0.20415990667893946, 2,10, 2
0.8420142353488991, 0.4872365014472797, 0.24145782184794418, 0.20543267272017968, 2,10, 2
0.8422803166367325, 0.49474013038968123, 0.24009465571483843, 0.20639615004471515, 2,10, 2
0.8404842679438569, 0.49514452617796073, 0.24025240179905327, 0.2139211599985967, 2,10, 2
0.8424798776026076, 0.48155070458289895, 0.23482835106792754, 0.20488838260132108, 2,10, 2
0.8426794385684827, 0.4746230037015708, 0.2398739930447811, 0.20453712613997957, 3,10, 3
0.8444754872613583, 0.46595468263407386, 0.23332859873781708, 0.20213690775157475, 2,10, 2
0.8394199427925231, 0.5045222284145335, 0.25587572121412355, 0.21735033344732385, 2,10, 2
0.8424133572806493, 0.4824413412358719, 0.25094166402025814, 0.21558958695001493, 2,10, 2
0.8416151134171489, 0.4706775339676674, 0.24434193237720847, 0.21351585400420275, 0,10, 0
0.8468036985299009, 0.4862376427679421, 0.2493011823632466, 0.20705367544559095, 2,10, 2
0.8419477150269408, 0.4849012071900178, 0.239275229853904, 0.21689904695632095, 3,10, 3
0.8435442027539414, 0.478092048467467, 0.24376478349042136, 0.20899789264794144, 2,10, 2
0.8447415685491918, 0.46847884459561284, 0.23212452521719826, 0.2049204990729388, 2,10, 2
0.8456728530566088, 0.4744667560098503, 0.23299965877162584, 0.20320905697677602, 3,10, 3
0.8470697798177343, 0.4584389797536052, 0.2337299055522665, 0.2027398371260632, 2,10, 2
0.8485332269008182, 0.455731680048887, 0.22794667594830412, 0.20129447811298334, 1,10, 1
0.8478680236812346, 0.4534555548051406, 0.23023302824167946, 0.19981554028643875, 2,10, 2
0.8493979910862769, 0.45807562520122896, 0.23291655516621926, 0.19877526759527356, 2,10, 2
0.848666267544735, 0.45931427427523225, 0.23260632346859444, 0.1957773138187847, 1,10, 1
0.8491984301204017, 0.44159874957393597, 0.2277835492412163, 0.19953358864689594, 1,10, 1
0.8513936007450276, 0.4421631332420851, 0.22471594864685138, 0.19575894142037026, 2,10, 2
0.8489323488325683, 0.44493285200676763, 0.22938340627999199, 0.19957991536465683, 2,10, 2
0.8512605601011108, 0.4412857015730042, 0.23755415262711285, 0.20153966786663233, 1,10, 1
0.8537883323355285, 0.4381570693635996, 0.2220555224217324, 0.19249526976999906, 2,10, 2
0.8541209339453203, 0.4323792823506884, 0.23073265862475587, 0.19668390679349088, 2,10, 2
0.8562495842479878, 0.42394916021319556, 0.22844803270098768, 0.19362983826367855, 1,10, 1
0.8565821858577796, 0.43848267875788743, 0.21239223138722188, 0.18614844572574024, 2,10, 2
0.8554513403844874, 0.43184223791906656, 0.21403639263195623, 0.19094044377531097, 2,10, 2
0.8545865761990288, 0.4527451826847965, 0.2173043263982142, 0.19344980445846885, 2,10, 2
0.8491319097984434, 0.5073917655289667, 0.2258418281819977, 0.20705092274140122, 2,10, 2
0.8482006252910264, 0.45484406392910015, 0.21798517349906565, 0.20192629321476346, 2,10, 2
0.8512605601011108, 0.44619440300124297, 0.21725711393742955, 0.19665944176638672, 2,10, 2
0.8522583649304862, 0.4396354908533389, 0.2216136056772301, 0.2002927600161616, 1,10, 1
0.8521918446085279, 0.43823179770719944, 0.2220689406029446, 0.1999922209318864, 2,10, 2
0.8528570478281114, 0.4395251950611439, 0.21508580247242864, 0.19639232470160078, 2,10, 2
0.8527905275061531, 0.4300631563960671, 0.22194097496171175, 0.19539512339908996, 2,10, 2
0.8552517794186124, 0.43584857882481637, 0.21309948184957506, 0.1903884725943411, 2,10, 2
0.8556509013503625, 0.4275133213973302, 0.21399887358976133, 0.18998334762742344, 1,10, 1
0.8561165436040711, 0.42749986144114854, 0.22008919658232617, 0.1931496631782722, 0,10, 0
0.8583782345506552, 0.4182960498352696, 0.2129487632330156, 0.18503514680915029, 2,10, 2
0.8561165436040711, 0.4227349185414997, 0.22216803749797873, 0.1926679302977756, 2,10, 2
0.8561830639260294, 0.4238347889204319, 0.21876411625781297, 0.19324508667852514, 2,10, 2
0.8553848200625291, 0.44045132008430193, 0.21068647219620665, 0.18556807863724067, 2,10, 2
0.8556509013503625, 0.4249469425666814, 0.20981092152509892, 0.19300460097723424, 2,10, 2
0.857979112618905, 0.41743798868880166, 0.21319572086269695, 0.18767506928159047, 2,10, 2
0.859642120667864, 0.40953144483723186, 0.21175767866398373, 0.1876191654299185, 1,10, 1
0.857979112618905, 0.40847131465116393, 0.20416077309831068, 0.18221330554597726, 2,10, 2
0.8599082019556975, 0.40641136236319103, 0.2025146253434835, 0.18495452039480015, 1,10, 1
0.8597086409898224, 0.41905468292982273, 0.20571467608687008, 0.18686171822448336, 2,10, 2
0.8607729661411562, 0.4111901931067005, 0.20289618829951725, 0.18320905907979268, 2,10, 2
0.8604403645313643, 0.4061967111969028, 0.2043149489916658, 0.18775974853469882, 2,10, 2
0.8617707709705315, 0.4102210426924455, 0.2122079108619185, 0.18461018875872234, 2,10, 2
0.8601077629215725, 0.42282988258498927, 0.20447747824999524, 0.18716870353328857, 2,10, 2
0.8607064458191978, 0.40912149263053077, 0.20337546533538192, 0.1847112666058006, 2,10, 2
0.860573405175281, 0.4211339078201222, 0.2013911487094587, 0.1794565108684777, 2,10, 2
0.10077828776691279, 2.303736140292966, 0.8944213325400786, 0.36684194226088074, 0,10, 0
0.27792190514202086, 2.1061999901820903, 0.734397203321658, 0.4453959917524526, 1,10, 1
0.3361271868555844, 1.8682700294290309, 0.7701732128245975, 0.49944323588370365, 3,10, 3
0.41575201223973923, 1.7906528043653673, 0.7285575621963916, 0.4707079243812575, 3,10, 3
0.5666866227632542, 1.4073125427677535, 0.6074619432752305, 0.35140297084977357, 3,10, 3
0.6241601809352757, 1.2627968582295441, 0.5274609457067426, 0.2924546655615625, 0,10, 0
0.6436506352690747, 1.191974996177516, 0.47181124058137075, 0.27473819210397926, 0,10, 0
0.6461784075034923, 1.0829637651608803, 0.5176233969495994, 0.3454780518265143, 2,10, 2
0.710170957227433, 1.0841196027519882, 0.44940881215445716, 0.2674669222351739, 1,10, 1
0.6719217721013769, 1.0295902633225196, 0.5272563577647624, 0.34877825382872274, 2,10, 2
0.7323222244395663, 0.9481165052210008, 0.44202060015628497, 0.26730483337353594, 3,10, 3
0.75121399587574, 0.8551125051951648, 0.3845014784932514, 0.2625003600006417, 3,10, 3
0.7534756868223242, 0.8310534084899833, 0.3911018667235956, 0.26188785847594, 0,10, 0
0.7581321093594093, 0.7636871731711586, 0.37940810325580765, 0.2579300209615708, 3,10, 3
0.7626554912525777, 0.7904896568305303, 0.3534917179680621, 0.25703272387131315, 1,10, 1
0.7554047761591166, 0.7462141931101721, 0.3706134643973813, 0.2530807395214003, 4,10, 4
0.7590633938668263, 0.7398480251852583, 0.3705092575922385, 0.2580753980592441, 3,10, 3
0.7786203685225837, 0.6923171303282295, 0.3208294042740021, 0.2454112278154754, 2,10, 2
0.7780216856249584, 0.6658300445447914, 0.3399789414898454, 0.2572748170664938, 2,10, 2
0.8013703186323422, 0.6272527599835959, 0.3087725431958022, 0.24035968299438382, 3,10, 3
0.7939200425730061, 0.6313404883086718, 0.32387885647975706, 0.23831706336865732, 3,10, 3
0.7968469367391738, 0.6471163943226628, 0.3118805003837502, 0.24720951770581462, 3,10, 3
0.7899953435774629, 0.6339935072071967, 0.32211726262470075, 0.2548157058431912, 0,10, 0
0.8025676844275926, 0.6050019964536715, 0.30944789262718336, 0.23688457621112113, 3,10, 3
0.8097518791990953, 0.5929906458608682, 0.2897559448209837, 0.2336912617184315, 3,10, 3
0.8124126920774296, 0.5863308611857713, 0.2903996220975671, 0.23264630829901375, 3,10, 3
0.8139426594824719, 0.5762657179401165, 0.29165188089718636, 0.23293415205990717, 2,10, 2
0.8200625291026409, 0.5550055577299823, 0.2724339794279873, 0.22101559242715962, 3,10, 3
0.8175347568682232, 0.5939299010661669, 0.27053804801553666, 0.2316436724055565, 2,10, 2
0.8171356349364731, 0.6000009765023938, 0.26560780377723453, 0.2301306074381551, 2,10, 2
0.8165369520388479, 0.6123377104966933, 0.26088588742770275, 0.2365035552197234, 2,10, 2
0.818599082019557, 0.5816274753373085, 0.2735856387810012, 0.23891807409630977, 1,10, 1
0.8185325616975986, 0.5729040120650285, 0.26145876832098436, 0.23023503148638208, 1,10, 1
0.8168695536486397, 0.5875644813526945, 0.2752006448414804, 0.23748953658770616, 2,10, 2
0.816936073970598, 0.5616334440034187, 0.28354193720114557, 0.2446759116964417, 1,10, 1
0.8187321226634737, 0.5474747687362013, 0.27614139204385013, 0.24172525821392288, 2,10, 2
0.822324220049225, 0.5432480984521756, 0.2630155704472044, 0.2288266334711725, 2,10, 2
0.8196634071708907, 0.5597656710076573, 0.2629475276446083, 0.23642672021297081, 2,10, 2
0.8190647242732655, 0.5418326745649946, 0.26590822953022925, 0.2378138002255858, 2,10, 2
0.8238541874542673, 0.5375132719371547, 0.2659724293817664, 0.22832646992052133, 1,10, 1
0.8201955697465576, 0.5635764368981699, 0.27306315087822797, 0.23723787818357156, 2,10, 2
0.8180003991219318, 0.5535710078846007, 0.2758516044485143, 0.2456001178367312, 2,10, 2
0.8180003991219318, 0.5611709846626931, 0.2696268747907029, 0.24083210531379987, 1,10, 1
0.8188651633073905, 0.5409879641379781, 0.2711475681435034, 0.23684635949120922, 0,10, 0
0.8210603339320163, 0.5433698241858103, 0.2629762801601679, 0.23606190135186714, 2,10, 2
0.8180003991219318, 0.5673664691601126, 0.2763109585492063, 0.2433573033967126, 2,10, 2
0.8167365130047229, 0.5796931259123249, 0.2674078301054621, 0.24367264286334644, 1,10, 1
0.8109492449943457, 0.5957043692724684, 0.2891345155908843, 0.2552887155311408, 1,10, 1
0.8152065455996808, 0.5623238401060644, 0.27592075862228316, 0.24664517647443698, 1,10, 1
0.818599082019557, 0.5460717893125866, 0.2804359656222031, 0.25181242101604995, 4,10, 4
0.8177343178340983, 0.5474911197767341, 0.272460211141468, 0.2455127156771654, 1,10, 1
0.8130778952970132, 0.5696272558862719, 0.28005908624290915, 0.2513486102060496, 1,10, 1
0.8193973258830572, 0.5359592330258388, 0.2654088564282834, 0.24044562923178472, 1,10, 1
0.8134770172287634, 0.559207902596883, 0.2817043201525774, 0.24814881144265397, 1,10, 1
0.8162708707510145, 0.551112365302923, 0.2875168532146779, 0.25476748441761365, 1,10, 1
0.8173351959023482, 0.5376728787030489, 0.2725184098080172, 0.2458916279872756, 1,10, 1
0.8175347568682232, 0.5375312914004251, 0.2698281312548892, 0.24015295823983301, 1,10, 1
0.8236546264883922, 0.5227524306066914, 0.26296045307061705, 0.22893734363540208, 1,10, 1
0.8251845938934345, 0.5159871904929934, 0.25180312748635764, 0.22166262556683794, 0,10, 0
0.8225903013370585, 0.5193585431884225, 0.26101457947493817, 0.22486244785877918, 1,10, 1
0.8176677975121399, 0.5543646156203945, 0.27287972902900526, 0.2373936858289342, 2,10, 2
0.8201290494245992, 0.5346276995368142, 0.2594725812055314, 0.2323497178921044, 2,10, 1
0.8229229029468502, 0.5113781235098562, 0.26134383095185765, 0.2332486713312088, 0,10, 0
0.8233885452005588, 0.5126292124409486, 0.2575860376734668, 0.229285577205905, 1,10, 0
0.8198629681367657, 0.5338244664486475, 0.26384006128335924, 0.23421937807327572, 1,10, 1
0.8235881061664339, 0.5190295006480266, 0.2747875084588, 0.24291107510964619, 6,10, 1
0.8255171955032262, 0.5099613757811513, 0.26053275243499446, 0.22770946331883196, 4,10, 1
0.8273132441961019, 0.5153920139190332, 0.25469748483333304, 0.23366612598985648, 4,10, 1
0.8255837158251846, 0.5250681370625471, 0.26532501312224427, 0.23198493715647178, 2,10, 1
0.8273797645180603, 0.518734072590463, 0.25892687311815327, 0.2295255303691276, 4,10, 2
0.8240537484201423, 0.5198938863900723, 0.2726758395828661, 0.2361777768239964, 5,10, 3
0.8264484800106433, 0.5151053702681248, 0.25664507070762116, 0.23007625464872425, 2,10, 2
0.8291758132109359, 0.4935731527915859, 0.2537006394016886, 0.22888448796221877, 2,10, 1
0.8277788864498105, 0.5117968716662892, 0.2651033050214884, 0.23551278717249627, 4,10, 3
0.8303731790061863, 0.501702432762569, 0.26672010826394865, 0.229175169715068, 6,10, 2
0.8309053415818533, 0.49776813965102085, 0.26227244290716095, 0.2272772062276812, 3,10, 2
0.8296414554646444, 0.5012605587211026, 0.26258164030557224, 0.22844983702191338, 7,10, 3
0.8300405773963946, 0.5015080387373807, 0.2654154157800855, 0.23128553189285284, 3,10, 1
0.8255837158251846, 0.5305679587374793, 0.28155529472097757, 0.24504447829846757, 10,10, 4
0.8289762522450609, 0.5162540524154916, 0.2631090283499121, 0.2323296434924432, 0,10, 0
0.8293753741768111, 0.505377600849434, 0.26235632182545116, 0.22655813241976336, 2,10, 1
0.8297744961085611, 0.49964293542071886, 0.26186264904094336, 0.224328397710262, 7,10, 2
0.8299740570744363, 0.5005956704450338, 0.2646125834810881, 0.22594790885565488, 3,10, 1
0.8315705448014369, 0.49679775962191675, 0.2604535891235615, 0.22367789539397845, 3,10, 0
0.8313709838355617, 0.505221188682668, 0.2626268211659071, 0.22844890403447693, 6,10, 3
0.8264484800106433, 0.5283857695341426, 0.2681351473849405, 0.23780931811755748, 6,10, 1
0.8259828377569347, 0.523641459715736, 0.2627183053682903, 0.2363598153650151, 2,10, 2
0.8286436506352691, 0.504996206251531, 0.26151086872461626, 0.2349289453966358, 3,10, 1
0.8222576997272667, 0.534019356211173, 0.26404512903054905, 0.23965172451122946, 3,10, 1
0.8237211468103506, 0.5328984938588347, 0.2611763440883853, 0.23381024261118694, 2,10, 1
0.8252511142153928, 0.5256663978149602, 0.24708384274349818, 0.22956929261903258, 2,10, 1
0.8250515532495177, 0.523259475135598, 0.25724851202807875, 0.23021264234559857, 3,10, 3
0.823987228098184, 0.5320503351745821, 0.24978088363957215, 0.22730975778700063, 2,10, 2
0.825650236147143, 0.5146049534480948, 0.25896921295898634, 0.2321268370253556, 4,10, 1
0.8193308055610989, 0.5326787491193239, 0.27277325415990683, 0.24428921262428138, 3,10, 3
0.8191977649171822, 0.5259487793720553, 0.2590786370948976, 0.2365306003155941, 2,10, 2
0.8173351959023482, 0.5332647073926449, 0.2619449373848999, 0.2429516231711391, 4,10, 1
0.8168695536486397, 0.5219834129877758, 0.262586210373887, 0.24178961300241453, 2,10, 2
0.8222576997272667, 0.5132134005868026, 0.2612597230771401, 0.2336237121683731, 5,10, 2
0.8262489190447682, 0.5123709158624563, 0.26410658841303786, 0.23685598788448148, 2,10, 1
0.8252511142153928, 0.5013150188215795, 0.26634054576475485, 0.23667562299448014, 7,10, 1
0.10077828776691279, 2.303736140292966, 0.8944213325400786, 0.36684194226088074, 0,10, 0
0.2960154327146943, 2.0284310588855385, 0.7725170829443777, 0.41243532996383314, 2,10, 2
0.3548193973258831, 1.9116214169861512, 0.7150418892721591, 0.35716546641517466, 4,10, 4
0.4297878001729528, 1.6789803415761642, 0.672095581866058, 0.385357221783476, 2,10, 2
0.48892436639393333, 1.4561049343647259, 0.6656753286891604, 0.44158802346905945, 2,10, 2
0.5889044102973459, 1.2803042668068387, 0.5908481398318137, 0.3848348864558093, 1,10, 1
0.6497039845672853, 1.1634754969595067, 0.47522684956874406, 0.2833727334486011, 0,10, 0
0.6784407636532961, 1.0465290957031803, 0.4997727783478755, 0.3550430272975631, 2,10, 2
0.7262023548193973, 0.9789610163152623, 0.4503931391181022, 0.2950417119004284, 0,10, 0
0.7470897359143218, 0.9051346168913281, 0.3959416099108117, 0.28185487668277404, 0,10, 0
0.7164238674915187, 0.8872895578980733, 0.4735152892528531, 0.32646506425029337, 3,10, 3
0.745825849797113, 0.871365589390042, 0.3983558570584951, 0.2657363942409179, 3,10, 3
0.7344508747422338, 0.875813365112642, 0.4306778566799084, 0.3067396191654813, 0,10, 0
0.7396394598549857, 0.8324582866276684, 0.4096751733127967, 0.2658553008595624, 0,10, 0
0.7210137697066454, 0.8327690523043841, 0.43822859151831767, 0.30030229158828126, 0,10, 0
0.7470897359143218, 0.7627309103418499, 0.41612169962881246, 0.2802273929187238, 0,10, 0
0.7889310184261292, 0.7641361019144656, 0.31945827428546353, 0.2439173770859809, 0,10, 0
0.7856715226501696, 0.7439658922881484, 0.36475148258204126, 0.28063751619124744, 2,10, 2
0.7791525310982506, 0.7788486990186856, 0.3843302536096008, 0.3002775689985375, 2,10, 2
0.7840085146012107, 0.7233955291238184, 0.349732479016897, 0.2692883375753808, 2,10, 2
0.7883988558504623, 0.672193141193932, 0.32463705444996127, 0.25403142573039184, 2,10, 2
0.799108627685758, 0.644404973413639, 0.31294958560180525, 0.2491367382871864, 2,10, 2
0.7976451806026741, 0.6580948857592918, 0.3156562139338276, 0.23715523016450388, 2,10, 2
0.797246058670924, 0.6837028764615262, 0.33000684304701694, 0.2686700887262276, 2,10, 2
0.797246058670924, 0.6462178979798199, 0.3139043584224784, 0.2564042467685186, 2,10, 2
0.8026342047495509, 0.6331974808397185, 0.3090442286521958, 0.2577891144202675, 0,10, 0
0.8087540743697199, 0.6580289888748785, 0.2964138982509926, 0.24269836716116697, 1,10, 1
0.8084214727599282, 0.6183233278668774, 0.29986257046724346, 0.24423513045025433, 3,10, 3
0.8128118140091798, 0.5966167910816493, 0.2865632078982605, 0.24175609190278943, 3,10, 3
0.8185325616975986, 0.5834065113647348, 0.2609049244196708, 0.2288428269219544, 0,10, 0
0.8190647242732655, 0.5920412457075204, 0.2734497476704854, 0.2367139099036448, 1,10, 1
0.8162708707510145, 0.583821152703245, 0.27894044648144994, 0.24234481385211454, 0,10, 0
0.8166034723608062, 0.5877034140195565, 0.28406912582170724, 0.2460463693439074, 0,10, 0
0.8190647242732655, 0.5834907722971828, 0.2880785350904123, 0.2474174590332615, 1,10, 1
0.8190647242732655, 0.6184524345894286, 0.268391612266663, 0.23860311690507058, 1,10, 1
0.8185325616975986, 0.5880755836813154, 0.27535984251043394, 0.24269677852697571, 1,10, 1
0.8189982039513071, 0.6000864135455276, 0.2654100387993755, 0.2402088603054375, 1,10, 1
0.816004789463181, 0.5972472749404251, 0.28184887949406684, 0.24402775560472637, 1,10, 1
0.8183330007317235, 0.6045603984129285, 0.2766197211900076, 0.24334994191819956, 1,10, 1
0.8170025942925564, 0.5782991734699766, 0.27972677586348454, 0.23903789753107835, 1,10, 1
0.8182664804097651, 0.5658487539505435, 0.28356382674838615, 0.24310715410162412, 0,10, 0
0.8156056675314308, 0.566009126355637, 0.28726795659569904, 0.2405567214584931, 1,10, 1
0.8201290494245992, 0.560101446777954, 0.27868929149240307, 0.23586283830681687, 1,10, 1
0.8257832767910597, 0.5540040330203521, 0.2641809414762642, 0.23087468305984798, 1,10, 1
0.8175347568682232, 0.558418278538962, 0.28508994102209284, 0.2388945819351819, 3,10, 3
0.8201955697465576, 0.574968852982024, 0.27553773831101436, 0.243003345026411, 1,10, 1
0.8207277323222244, 0.5740576091161698, 0.2795083070141767, 0.23688298145945752, 1,10, 1
0.8206612120002661, 0.5785697197903138, 0.27488400643204874, 0.23918337311979576, 1,10, 1
0.8145413423800971, 0.6364920764885457, 0.28592919249345333, 0.24899282951083967, 1,10, 1
0.8145413423800971, 0.6051757300088447, 0.2854884493376287, 0.24921476026546308, 0,10, 0
0.8162708707510145, 0.5883793421557618, 0.2804505798744963, 0.24976212671936904, 1,10, 1
0.8207277323222244, 0.564840012786607, 0.2894818422949769, 0.24400071209598168, 0,10, 0
0.8147409033459722, 0.575433520577986, 0.2884267610254409, 0.24884897085961113, 2,10, 2
0.8194638462050157, 0.558061536924748, 0.2753495129394535, 0.24047940440441498, 2,10, 2
0.8183330007317235, 0.5593623780829415, 0.28618708641210466, 0.24446173227988766, 2,10, 2
0.8209938136100579, 0.5534090525786919, 0.27951088893304477, 0.2463559839378778, 2,10, 2
0.8161378301070977, 0.5744805697034873, 0.282617024483637, 0.24129468360427048, 1,10, 1
0.8153395862435974, 0.5787414108612703, 0.2847993787864283, 0.2463192016386707, 2,10, 2
0.8191312445952238, 0.5657480936141304, 0.278876954551015, 0.23664277574795223, 0,10, 0
0.8177343178340983, 0.5610292479605883, 0.28134404038282884, 0.24577913721484457, 2,10, 2
0.8181334397658485, 0.5560439259198575, 0.2853001269971153, 0.24401047401787948, 0,10, 0
0.8212598948978913, 0.5543605889476013, 0.28492196331181213, 0.24919564990829499, 0,10, 0
0.8211268542539746, 0.5398996898840704, 0.28245155728378973, 0.2436522181306249, 0,10, 0
0.8209272932880995, 0.5568276583236367, 0.2731716435189352, 0.23673764632809668, 0,10, 0
0.8201955697465576, 0.5443933555616233, 0.2802873457132595, 0.24581136953351215, 1,10, 1
0.8226568216590169, 0.537777546213469, 0.2681667960366469, 0.23659277282082353, 1,10, 1
0.8261823987228099, 0.5303680797258452, 0.2512939481965502, 0.22942949105304897, 0,10, 0
0.8250515532495177, 0.5276568139117167, 0.26438778683549236, 0.23690391775841094, 0,10, 0
0.8198629681367657, 0.557408515078709, 0.271378760488594, 0.24396176262521446, 0,10, 0
0.8219250981174749, 0.5561888125699505, 0.27285042078753113, 0.24158982131788093, 0,10, 0
0.8245859109958092, 0.5272929790777581, 0.25771288244580687, 0.23383872976245576, 3,10, 3
0.82212465908335, 0.5505536219314305, 0.27142366906590343, 0.2416642412169685, 2,10, 2
0.821193374575933, 0.5397605676637176, 0.26523316391105106, 0.24039678298212114, 0,10, 0
0.822324220049225, 0.5380640615875905, 0.27207190234647766, 0.23853755168646992, 0,10, 0
0.8223907403711834, 0.54547373187527, 0.27119441717429527, 0.24429289995615705, 0,10, 0
0.8168030333266812, 0.582545055750075, 0.27426927495547937, 0.2442755295940632, 0,10, 0
0.8166034723608062, 0.5582246357745357, 0.28653378366814813, 0.25350813815826234, 0,10, 0
0.8194638462050157, 0.5461882151847719, 0.2676777746672964, 0.24465515597081416, 0,10, 0
0.8168030333266812, 0.5658391413409302, 0.27842503379869493, 0.24799975655453216, 0,10, 0
0.8171356349364731, 0.5655843437747534, 0.26154154324075735, 0.24294631248815635, 1,10, 0
0.8216590168296415, 0.5292306004150231, 0.2657028784225303, 0.23387813170720745, 3,10, 2
0.8172021552584314, 0.5767371015057545, 0.26165246117776025, 0.242195007152809, 0,10, 0
0.8161378301070977, 0.5612508841429823, 0.2628767861545609, 0.23989201477616326, 0,10, 0
0.8165369520388479, 0.5558959014786728, 0.2625835260107261, 0.24251834986849105, 1,10, 1
0.8150069846338056, 0.5572776122808992, 0.2751031284837843, 0.2516678452512819, 1,10, 1
0.8188651633073905, 0.5394245087844823, 0.2700371532495554, 0.2429319996555877, 0,10, 0
0.8156721878533892, 0.563340896083107, 0.2750269161175534, 0.24808258341133363, 3,10, 2
0.8183330007317235, 0.5330853213790738, 0.27702402001211246, 0.2461513765757132, 0,10, 0
0.8142752610922637, 0.5607792281154147, 0.28057437605530017, 0.24942972340324984, 1,10, 1
0.8170691146145147, 0.5503431675121478, 0.27992003128792836, 0.24444854574678698, 1,10, 1
0.8174682365462649, 0.5456836484601063, 0.2778569272978004, 0.24577495596668417, 1,10, 1
0.821193374575933, 0.524173419385449, 0.2533684200433543, 0.23831304433996922, 3,10, 1
0.8245859109958092, 0.514361309370871, 0.2572598109121237, 0.23234300933184598, 1,10, 1
0.8165369520388479, 0.5566067852097277, 0.2773566108468266, 0.24469300153133744, 1,10, 1
0.8205946916783077, 0.5389887336448221, 0.26756746609828275, 0.241826087343172, 2,10, 1
0.824918512605601, 0.519886430865216, 0.26004005729770147, 0.2317687033951665, 0,10, 0
0.825650236147143, 0.5112171366791791, 0.25965245538077225, 0.23077423959114035, 2,10, 2
0.8205281713563494, 0.5456967741407002, 0.27559000467738737, 0.24583700926437696, 1,10, 1
0.8193973258830572, 0.5381211776006442, 0.2689029367608904, 0.24481262434138057, 2,10, 1
0.8233885452005588, 0.5243787585743575, 0.2530790623678405, 0.2326084630958195, 2,10, 1
0.822324220049225, 0.520424559887666, 0.2668758418064561, 0.24108028498435985, 3,10, 3
0.10077828776691279, 2.303736140292966, 0.8944213325400786, 0.36684194226088074, 0,10, 0
0.29940796913457063, 2.0096909927765165, 0.7725535019446095, 0.4936336736588919, 1,10, 1
0.37317900618638994, 1.8250682037306367, 0.748302825016201, 0.4699121877218031, 2,10, 2
0.5290361205348234, 1.4745554913003, 0.6202198450776769, 0.36720707900768085, 2,10, 2
0.5852457925896362, 1.4117159270972306, 0.5399606787456044, 0.3112939684234945, 0,10, 0
0.5980842147275993, 1.2979706193660012, 0.5591187525920616, 0.322547401028694, 3,10, 3
0.6885518525909665, 1.1554903694874743, 0.4569314129112034, 0.2739214484409359, 3,10, 3
0.6396594159515732, 1.0820038419995048, 0.5348686112768496, 0.37186020942563225, 0,10, 0
0.6387946517661145, 1.1111380125501333, 0.5210022400490988, 0.36676766459228377, 3,10, 3
0.66207676445154, 1.0346836860881503, 0.4899222633406402, 0.31053426326729894, 0,10, 0
0.750282711368323, 1.1951117786338274, 0.42474439556507193, 0.29769304419168074, 1,10, 1
0.7287301270538149, 0.980164836525983, 0.43635462102264655, 0.28408288741903204, 2,10, 2
0.7337191512006919, 0.9284055977406486, 0.4339334631750249, 0.30441588681929327, 1,10, 1
0.7469566952704051, 0.8674968595098819, 0.39092639263811685, 0.2655344763502733, 1,10, 1
0.7525444023149072, 0.8379207697436801, 0.42432486755441984, 0.2973188753070867, 3,10, 3
0.7519457194172819, 0.8523407896458791, 0.4217445035061144, 0.3017180151437129, 0,10, 0
0.7790860107762921, 0.8716907189540808, 0.3426874513932134, 0.25788066329071774, 2,10, 2
0.777955165303, 0.7931385462021229, 0.37330993100396576, 0.2652648711379139, 3,10, 3
0.7811481407570012, 0.7679206897996185, 0.37937072038242875, 0.29694669189869954, 0,10, 0
0.7905940264750881, 0.7477631160075706, 0.3257453322033881, 0.24938302829303882, 0,10, 0
0.781281181400918, 0.7576734989752253, 0.34792300171366386, 0.27233594382921, 2,10, 2
0.7903279451872547, 0.718903298391819, 0.35264190052046934, 0.2655481149683984, 2,10, 2
0.79538348965609, 0.7649978908715696, 0.3317617685497807, 0.25051755802668413, 1,10, 1
0.7881992948845873, 0.7763491840666346, 0.3433536896133439, 0.26647398039558484, 2,10, 2
0.7915918313044635, 0.7184147934973533, 0.350400481831281, 0.27472446511548726, 1,10, 1
0.7845406771768776, 0.7897753582957324, 0.3455874467572193, 0.2814100319668276, 3,10, 3
0.789064059070046, 0.7212141135652113, 0.33230232598891546, 0.2513810339807627, 2,10, 2
0.7932548393534224, 0.700662663101744, 0.32275179068589316, 0.25562332585566444, 0,10, 0
0.788531896494379, 0.7296627365055302, 0.3198183046144369, 0.2606185889331891, 0,10, 0
0.7852724007184195, 0.7069332924907694, 0.331847494828403, 0.25673864871034324, 1,10, 1
0.788531896494379, 0.7014188477347447, 0.3319751493351611, 0.2655023156495723, 2,10, 2
0.7812146610789596, 0.7697646304272893, 0.32787605905662254, 0.2635529741808908, 2,10, 2
0.7945187254706313, 0.703831766862864, 0.3130402663772076, 0.2581279286171838, 2,10, 2
0.7871349697332535, 0.6923190461533273, 0.33487062273549867, 0.2796238142296686, 2,10, 2
0.8003725138029668, 0.6685010222417344, 0.29773247894836247, 0.24794359726174878, 2,10, 2
0.8023681234617176, 0.650512484937414, 0.29414205160774537, 0.24300602970567006, 3,10, 3
0.7967804164172154, 0.6745972084328016, 0.3122914332366513, 0.2534182691559926, 1,10, 1
0.7842080755670857, 0.7013511205480851, 0.32726303126914574, 0.2656667657595652, 3,10, 3
0.7747621898489989, 0.7203747113367872, 0.3482573298522351, 0.2855244976662342, 1,10, 1
0.7865362868356283, 0.6857708752039176, 0.3226053754057747, 0.26687154830056414, 0,10, 0
0.7864032461917115, 0.6735191397762155, 0.3280956156891547, 0.2662322880576633, 2,10, 2
0.7919244329142553, 0.6676161423814679, 0.3135882942344017, 0.26173612624041104, 1,10, 1
0.7828111488059603, 0.681581656176977, 0.330350293539504, 0.27842170878619665, 2,10, 2
0.7891305793920043, 0.6598118317078943, 0.31611585956196653, 0.25859930080920857, 2,10, 2
0.7862702055477948, 0.6501255824791213, 0.32747242948045957, 0.2582135723128319, 1,10, 1
0.7810816204350429, 0.6853003502119144, 0.332911704924884, 0.2844538731567875, 2,10, 2
0.7860706445819198, 0.6805147828207542, 0.3233773480247123, 0.2850860090609929, 2,10, 2
0.7848732787866693, 0.6671292903542041, 0.3189532196857188, 0.26332669509867274, 2,10, 2
0.787600611986962, 0.6661390432588025, 0.3267091459443061, 0.27665240768452387, 1,10, 1
0.7872680103771702, 0.7006014239520089, 0.321757438269469, 0.2749782544364081, 2,10, 2
0.7825450675181268, 0.6771798283254407, 0.3241067212748481, 0.28328068844631277, 1,10, 1
0.798177343178341, 0.6525368631192244, 0.3028993601438873, 0.2677756413653904, 1,10, 1
0.8060932614913856, 0.6321120980224401, 0.29622806314206696, 0.2626676818788733, 0,10, 0
0.8089536353355951, 0.6164856726721841, 0.2936780803878263, 0.2558614588607684, 0,10, 0
0.8021685624958425, 0.6396188012638044, 0.30192731103395043, 0.26932259510055556, 1,10, 1
0.8049624160180935, 0.6092428226270333, 0.2940493602802149, 0.26430636013457887, 1,10, 1
0.809685358877137, 0.624780253517237, 0.27775466051401876, 0.25515748385446374, 1,10, 1
0.8003725138029668, 0.6352402254044448, 0.2996554770512855, 0.25664569485974953, 1,10, 1
0.8096188385551786, 0.6208340812774166, 0.2893722943344084, 0.2578840324125746, 4,10, 4
0.8070245459988027, 0.6391866783010032, 0.2884540949300713, 0.26281173249937917, 1,10, 1
0.8076232288964279, 0.6173110818952082, 0.28427747054104924, 0.25784211439365323, 1,10, 1
0.8132774562628883, 0.6106239694217559, 0.2834115354941644, 0.2546031238941393, 0,10, 0
0.8096188385551786, 0.5954607517695208, 0.2855749114779473, 0.2497429866691875, 1,10, 1
0.8138096188385552, 0.582043694912009, 0.2845857396504, 0.2526416241206338, 0,10, 0
0.8101510011308455, 0.6294390042965339, 0.28666431068068177, 0.25445560808415274, 1,10, 1
0.8063593427792191, 0.6322449127179937, 0.2860250078137137, 0.2643202266390141, 1,10, 1
0.8118140091798044, 0.6050395323762504, 0.2835166061865419, 0.25842523997148154, 2,10, 2
0.8156056675314308, 0.587569417920625, 0.27151673642739726, 0.24658907219642504, 2,10, 2
0.8142087407703054, 0.5801335740883378, 0.2811116604144409, 0.2407944355732523, 0,10, 0
0.816204350429056, 0.5968926982157916, 0.27764116284907375, 0.24467239992920312, 2,10, 2
0.8182664804097651, 0.5752874622984734, 0.27557269926203104, 0.24724282621849963, 2,10, 2
0.8207277323222244, 0.5547117481948385, 0.25620508246605406, 0.23293129247244235, 1,10, 1
0.82212465908335, 0.5565135952557373, 0.2534157791879321, 0.23203126443118055, 0,10, 0
0.8228563826248919, 0.5479053649198743, 0.257020770547673, 0.23658657221331394, 2,10, 2
0.8152065455996808, 0.6203104110865078, 0.26758215865976837, 0.24193750600391645, 2,10, 2
0.8097518791990953, 0.6350399486584485, 0.2817732282173539, 0.24996175370616297, 2,10, 2
0.815805228497306, 0.5823769742474681, 0.27723583711256516, 0.2516929841715474, 2,10, 2
0.8184660413756403, 0.5617372250974834, 0.2639236831849339, 0.24564896279400059, 0,10, 0
0.8176012771901816, 0.5699167941581177, 0.26706148299615895, 0.2460058205363497, 1,10, 1
0.8130778952970132, 0.5982358010610694, 0.27458575816707403, 0.24999728566923454, 3,10, 3
0.8164039113949312, 0.5671826219793431, 0.2812902304076567, 0.25020556156949403, 3,10, 3
0.8173351959023482, 0.5613762185753018, 0.27701968202864513, 0.24984244113700074, 0,10, 0
0.8210603339320163, 0.548903278846656, 0.2638735656189019, 0.23768255868036836, 1,10, 1
0.8242533093860174, 0.5337673619568444, 0.2535588673288519, 0.22725678093416543, 1,10, 1
0.82212465908335, 0.5335152054280198, 0.2664720045650066, 0.22865866847554916, 6,10, 4
0.8253841548593095, 0.5199965788199183, 0.25774920943455004, 0.23074475006923315, 1,10, 1
0.8266480409765183, 0.5145717634708984, 0.260462001746452, 0.22713427493934266, 5,10, 4
0.8289762522450609, 0.5062356951889881, 0.25840092309451496, 0.22579547496229593, 2,10, 1
0.8265815206545599, 0.5331506650733542, 0.26094165489865967, 0.2319775454713932, 1,10, 1
0.8266480409765183, 0.5275648464345929, 0.25670718101633555, 0.2304877194608629, 3,10, 2
0.8278454067717688, 0.5263997180413273, 0.24949487203857515, 0.22364912048360175, 3,10, 3
0.8267810816204351, 0.5284510109328275, 0.2634874839479767, 0.23074738481783097, 4,10, 3
0.8298410164305196, 0.5146992523104984, 0.2592634880119935, 0.23295279695836288, 2,10, 2
0.828444089669394, 0.5058198577237819, 0.2602264024241999, 0.23001078783068252, 3,10, 2
0.8295749351426861, 0.49863228734071546, 0.26102467009071817, 0.2307692831260087, 2,10, 1
0.8271136832302268, 0.5281643707271878, 0.2643228809411777, 0.2322671816624778, 2,10, 0
0.8205281713563494, 0.5682388268767142, 0.2620173370125152, 0.23902230972692917, 3,10, 3
0.8228563826248919, 0.5387079979103431, 0.2672689922406895, 0.24285288045808165, 0,10, 0
0.8245193906738508, 0.5311653733197668, 0.2714744094232604, 0.2383891894654769, 1,10, 1
0.8263154393667266, 0.5112425645493364, 0.2564202047716858, 0.22718274081011242, 2,10, 1
0.8287766912791857, 0.5023584341181643, 0.25171155560621733, 0.22406540448946383, 1,10, 1
0.10077828776691279, 2.303736140292966, 0.8944213325400786, 0.36684194226088074, 0,10, 0
0.25929621499368055, 2.1181381745569356, 0.7458887427658144, 0.4196967624242732, 0,10, 0
0.3979245659548992, 1.825585364764111, 0.6725896685383868, 0.4194738202785318, 0,10, 0
0.4460187587307923, 1.7179226439142894, 0.6492926819107256, 0.35829250956356823, 4,10, 4
0.49590900019956097, 1.6215172692724968, 0.630130714990526, 0.3882663057225299, 3,10, 3
0.5517195503226235, 1.424789716897876, 0.582807311890966, 0.35199787178898445, 3,10, 3
0.6286170425064858, 1.4336344849092513, 0.5031206236656526, 0.2870356425535623, 2,10, 2
0.6326082618239872, 1.3148534698023384, 0.4667670971954097, 0.287369190469018, 1,10, 1
0.680103771702255, 1.397874527630601, 0.44857727048999485, 0.29178942655984463, 1,10, 1
0.6509013503625357, 1.2430087645098726, 0.5041633296523229, 0.3604202807159539, 2,10, 2
0.7210802900286037, 1.109132464473804, 0.4105584680804879, 0.29975057828996937, 2,10, 2
0.6725869753209606, 1.0724723942305003, 0.43903610838119383, 0.29190519674984117, 0,10, 0
0.67990421073638, 1.0416703790166428, 0.43787213246490386, 0.3129956248831204, 2,10, 2
0.6781081620435043, 0.9783221293991456, 0.42885482637113076, 0.32796534089283247, 1,10, 1
0.6710570079159183, 0.938719520888865, 0.4385755440332976, 0.3352685884368952, 1,10, 1
0.7699062063460387, 0.9961995149421207, 0.39541131401857577, 0.3034063922904713, 1,10, 1
0.7625889709306193, 0.9114662919600747, 0.39227380930629685, 0.31091916405943176, 2,10, 2
0.7758930353222909, 0.8713590842576519, 0.37296443550645775, 0.2851712771822275, 0,10, 0
0.7648506618772035, 0.8962344067332725, 0.3579448060499615, 0.29448616251000187, 3,10, 3
0.7308587773564824, 0.905437220487759, 0.38318986958397544, 0.3037040479775173, 2,10, 2
0.753808288432116, 0.9098956597261012, 0.3675756834606478, 0.29636912645200986, 2,10, 2
0.7593294751546598, 0.8995233920117629, 0.3914719586586143, 0.31246868874297035, 2,10, 2
0.789463181001796, 0.8457291145321403, 0.3308895556774106, 0.2653689661904636, 2,10, 2
0.7750282711368323, 0.8333684008843731, 0.3393319494905085, 0.274252226374634, 2,10, 2
0.7891970997139626, 0.7885211164626702, 0.3507698513877034, 0.2818737822014979, 0,10, 0
0.8015698795982172, 0.7744949263492769, 0.29337359614676534, 0.2455003088910652, 2,10, 2
0.795583050621965, 0.7477200527490663, 0.3280446361097424, 0.26547969669454674, 2,10, 2
0.7951174083682565, 0.781535446489786, 0.3138572058085447, 0.2530076951700056, 2,10, 2
0.7905275061531298, 0.7631288119157258, 0.32579131012005946, 0.2682582290181653, 0,10, 0
0.7926561564557972, 0.7361539180220185, 0.3218099182122209, 0.2667381929017612, 1,10, 1
0.7997073105833832, 0.748130411015575, 0.31530182598311823, 0.24969096494708357, 3,10, 3
0.7996407902614249, 0.7764808099113428, 0.3088853324532416, 0.2605439008200983, 3,10, 3
0.7917248719483803, 0.754298883850685, 0.31678467147250866, 0.2661712978669313, 1,10, 1
0.8062263021353023, 0.7167868056287673, 0.2957051758266391, 0.24616987908658827, 1,10, 1
0.800039912193175, 0.7203386260135869, 0.3104699511967281, 0.25990958613023785, 2,10, 2
0.7978447415685492, 0.7451235275779988, 0.32060340662229647, 0.2732668730832141, 2,10, 2
0.8017694405640924, 0.7308323586668125, 0.3194067949269679, 0.2666526967614909, 1,10, 1
0.7973125789928823, 0.723734980804692, 0.3231878083329822, 0.26595396181949194, 1,10, 1
0.7963812944854654, 0.7395618312219244, 0.31159916489333694, 0.26734683302580003, 1,10, 1
0.7925231158118805, 0.7454885024422995, 0.32055550125528787, 0.26115735360798115, 2,10, 2
0.8056276192376771, 0.7167209769551484, 0.2843106031692916, 0.2544802720340945, 1,10, 1
0.801902481208009, 0.7014710029576711, 0.3064308488260243, 0.26368420611142046, 1,10, 1
0.7994412292955498, 0.7133700023562767, 0.3118029591199463, 0.268910077550801, 2,10, 2
0.8067584647109692, 0.7026760184179638, 0.288484897745836, 0.2511732125434217, 1,10, 1
0.8044302534424267, 0.6919205857890236, 0.289782967602393, 0.24569429902154713, 1,10, 1
0.8060267411694273, 0.6868762719339233, 0.28973309833956085, 0.24666503995610425, 1,10, 1
0.8032994079691346, 0.6869102108858963, 0.301208671661947, 0.25158874544013726, 1,10, 1
0.7951839286902148, 0.7467294113032242, 0.31230400667531844, 0.26198267508655504, 2,10, 2
0.7958491319097984, 0.7272974324779105, 0.3164424601350104, 0.2748090022893901, 0,10, 0
0.8015698795982172, 0.6880963978761756, 0.3067177150739424, 0.2634668520289495, 0,10, 0
0.8076897492183862, 0.6797190153215881, 0.27928481876759376, 0.2494589561531453, 0,10, 0
0.8142087407703054, 0.6497004182980165, 0.27771496454069927, 0.2430297640125364, 0,10, 0
0.8135435375507217, 0.6540806429353089, 0.27255028909350193, 0.24429909994524038, 0,10, 0
0.8134770172287634, 0.6767350261026518, 0.2803086620873787, 0.24464549641605265, 2,10, 2
0.8151400252777223, 0.6629082829353785, 0.26573447721611354, 0.23646399237162785, 2,10, 2
0.818599082019557, 0.6222351805279999, 0.2610660559070757, 0.23345639059342535, 4,10, 4
0.8146743830240138, 0.6280294519627706, 0.28286960479908024, 0.24199446481227396, 3,10, 3
0.8128118140091798, 0.6338168052659758, 0.27776972440356695, 0.24186485399109692, 0,10, 0
0.8132774562628883, 0.6564154575901266, 0.263938396265019, 0.24026914781226616, 0,10, 0
0.8044302534424267, 0.6815952301820899, 0.2988530602656062, 0.2594025027228994, 2,10, 2
0.8005720747688418, 0.6270853057368955, 0.30926907322636754, 0.25994980709283366, 3,10, 3
0.8081553914720947, 0.6251395890684145, 0.2860919340317072, 0.2517608603309793, 0,10, 0
0.8126787733652631, 0.6386432711737378, 0.2811289620256149, 0.2546371603975608, 1,10, 1
0.8110822856382625, 0.6529877287734308, 0.2877053478722226, 0.2558361903336983, 1,10, 1
0.8164704317168895, 0.6159947524864356, 0.275711582054728, 0.2497194179798878, 3,10, 3
0.8146743830240138, 0.6224324797926957, 0.27625578578401844, 0.2503701987681301, 0,10, 0
0.8076232288964279, 0.6386065740029342, 0.2873658475173722, 0.2544951419942454, 1,10, 1
0.8089536353355951, 0.6320739943412369, 0.2864737163844384, 0.2524612376557679, 0,10, 0
0.8139426594824719, 0.6183396203215507, 0.27860111912313673, 0.2506226172576611, 3,10, 3
0.8158717488192643, 0.6062913415510367, 0.2810946928715764, 0.254708065564181, 3,10, 3
0.8142752610922637, 0.5964165952417113, 0.2841549591351024, 0.24617876973388067, 2,10, 2
0.8181999600878068, 0.570913126280889, 0.26800829764229694, 0.2447303997419496, 2,10, 2
0.8214594558637663, 0.5634967119492609, 0.2639500317557437, 0.2403058022361913, 1,10, 1
0.8213264152198496, 0.5843247107154406, 0.25610835131822995, 0.2402374844843401, 2,10, 2
0.8235215858444754, 0.5599424929184141, 0.26528569136089813, 0.23547911809238056, 2,10, 2
0.824918512605601, 0.5526330781940763, 0.26094139404097505, 0.236417746827451, 3,10, 3
0.8243198297079758, 0.5556583456910593, 0.26022096528792266, 0.23786151280207843, 2,10, 2
0.8248519922836427, 0.5453794300306894, 0.2569212689439497, 0.2312717642972963, 1,10, 1
0.8272467238741436, 0.5221619403395473, 0.2510926450797015, 0.22624562824413796, 3,10, 2
0.8215259761857248, 0.5773688502377693, 0.2682078381586292, 0.2432967128034699, 3,10, 2
0.8250515532495177, 0.5405450422762174, 0.25225043760490107, 0.2304854907325657, 1,10, 1
0.8241867890640591, 0.5335654235239382, 0.26204373486293586, 0.22912109182287257, 3,10, 2
0.8259828377569347, 0.5254043081089361, 0.2510397698398611, 0.22457771252074224, 1,10, 1
0.8211268542539746, 0.5658975830163044, 0.27221641835074484, 0.2356943731504816, 3,10, 2
0.8199294884587242, 0.5529519026521552, 0.27622726416818133, 0.23920778040755908, 3,10, 2
0.8233885452005588, 0.5590675927847842, 0.2563988378584352, 0.2348254480396655, 2,10, 1
0.8237876671323089, 0.5564055696749701, 0.247808367057058, 0.23009662549136617, 2,10, 2
0.8227233419809752, 0.5767125413765181, 0.251864529057974, 0.23355783361565838, 2,10, 2
0.8234550655225171, 0.5503449333417779, 0.27165140905779767, 0.24012438848102913, 3,10, 2
0.8253176345373512, 0.540086974092454, 0.2589406142102253, 0.2399750882061979, 2,10, 2
0.8276458458058937, 0.5220738034382529, 0.25383816612020843, 0.22751029826906144, 0,10, 0
0.8269806425863101, 0.5252167590437289, 0.2596192627550903, 0.227435224641516, 1,10, 1
0.8266480409765183, 0.5255168418746566, 0.2593334910383988, 0.23026912128785643, 2,10, 2
0.8275793254839353, 0.5368262422337691, 0.25131315054241843, 0.22926564995873366, 1,10, 1
0.8279119270937272, 0.5360188016301549, 0.25844735709436806, 0.22862794404451517, 2,10, 2
0.818798642985432, 0.5710089499840051, 0.2752244145747619, 0.23922403542173168, 4,10, 3
0.8156056675314308, 0.6161367904493694, 0.26216685706485865, 0.24360348650642938, 10,10, 2
0.8199294884587242, 0.5603310034399072, 0.26502360535682357, 0.23494550323693036, 4,10, 3
0.8225237810151002, 0.5456468930896492, 0.25878501652760266, 0.22978708923402155, 2,10, 1
0.8246524313177676, 0.5318936286426154, 0.2608496642194287, 0.23009792572293855, 1,10, 1
0.825849797113018, 0.5352805845662166, 0.2542505888740914, 0.23044896835735557, 2,10, 0
0.10077828776691279, 2.303736140292966, 0.8944213325400786, 0.36684194226088074, 0,10, 0
0.19284241335728064, 2.144403263154338, 0.8041235097199672, 0.5335124104131578, 3,10, 3
0.31863234218053615, 1.916399639941143, 0.7100195033542199, 0.47741565494431115, 2,10, 2
0.37337856715226503, 1.768764675082958, 0.680298961905684, 0.4702155695027252, 3,10, 3
0.5424067052484534, 1.6533658757418253, 0.5568018954795511, 0.34160947442784106, 3,10, 3
0.5084148207277324, 1.4700665488215727, 0.6226248105023956, 0.40747330978187546, 1,10, 1
0.6046697266014768, 1.2613160829892103, 0.5237546780684359, 0.3293418520398053, 1,10, 1
0.6511009113284109, 1.1367179559518206, 0.4960155839917272, 0.3502685958970007, 0,10, 0
0.6656023415153329, 1.098936843047748, 0.484198644610431, 0.3311218758023112, 3,10, 3
0.6600811547927892, 1.061241359272431, 0.4953564417624673, 0.3380517084713027, 2,10, 2
0.7107696401250582, 1.015481847087969, 0.43544890691711274, 0.31891807703622793, 1,10, 1
0.7176212332867691, 0.9756317097084509, 0.431578970712454, 0.313839249205828, 0,10, 0
0.7100379165835162, 0.9342799775964459, 0.43483181226354306, 0.30908075317511147, 2,10, 2
0.719084680369853, 0.9118304653433954, 0.4201179074526101, 0.3102395685749008, 1,10, 1
0.7490853455730726, 0.8684677460974557, 0.3594013749230482, 0.2677883926920123, 0,10, 0
0.7372447282644848, 0.8606043830456959, 0.4080717459030578, 0.298009707621869, 3,10, 3
0.7719018160047895, 0.8122889858680507, 0.3603817330928637, 0.2636613383126458, 1,10, 1
0.7897957826115879, 0.9214859874647088, 0.3366395446611651, 0.26724704984691744, 0,10, 0
0.7721013769706645, 0.8384271494361274, 0.35050767388362053, 0.26668796241096143, 1,10, 1
0.7770904011175415, 0.7915691824413753, 0.3258181225503175, 0.2616146825844762, 2,10, 2
0.7825450675181268, 0.7954042481458244, 0.3515463752631163, 0.27292758707368575, 1,10, 1
0.7854719616842946, 0.736463564518374, 0.3439493340029449, 0.2671614848040177, 3,10, 3
0.7836759129914189, 0.7119320984035215, 0.3290257494371381, 0.25739550213301, 3,10, 3
0.7870019290893367, 0.7003411803620712, 0.3123152546833656, 0.2471161480753045, 1,10, 1
0.7959821725537152, 0.6951717634338159, 0.31490301155135, 0.25092775938831047, 1,10, 1
0.7913922703385884, 0.7366530581014161, 0.32537625509364504, 0.25085074217525916, 3,10, 3
0.7921239938801303, 0.7015350094978597, 0.3307525969159296, 0.2580491896891031, 1,10, 1
0.7878666932747954, 0.7006810733879186, 0.31100999684002945, 0.25070973746558606, 0,10, 0
0.8003059934810084, 0.6824102982695261, 0.30136588729052927, 0.25057832383943973, 2,10, 2
0.8002394731590501, 0.6585678587126758, 0.3127139392164863, 0.25445421280155806, 1,10, 1
0.806159781813344, 0.6699508432234035, 0.29768602139280986, 0.2541547130593869, 2,10, 2
0.8115479278919709, 0.6574719378963426, 0.2795286212631837, 0.24496413921757462, 1,10, 1
0.8160713097851393, 0.6470042499616723, 0.28168889302851413, 0.24266073781917685, 3,10, 3
0.8110822856382625, 0.6345478582254033, 0.30058644063102785, 0.2576312028630294, 2,10, 2
0.8120135701456795, 0.6280288492076315, 0.2872398756676309, 0.2430251813457563, 1,10, 1
0.8174017162243066, 0.63135397437357, 0.26607748115848295, 0.2384405524537499, 1,10, 1
0.8126122530433048, 0.6587798219752746, 0.29367079169833227, 0.2499155428366902, 1,10, 1
0.8145413423800971, 0.6409195375632394, 0.2742078786954633, 0.24081312369044494, 0,10, 0
0.8167365130047229, 0.6302562698369906, 0.2901468735034965, 0.24079053834134423, 1,10, 1
0.8170691146145147, 0.6271944150532086, 0.2865309856028771, 0.24374907516031447, 1,10, 1
0.8125457327213463, 0.6227530425134715, 0.2721014070242968, 0.23708116690163678, 1,10, 1
0.8159382691412227, 0.6565091566691514, 0.28627673157038575, 0.2433306588779438, 1,10, 1
0.816004789463181, 0.6282645431865109, 0.28417501084017704, 0.2454856385325746, 2,10, 2
0.8067584647109692, 0.6585889186208216, 0.2980226336361637, 0.2471771374941552, 1,10, 1
0.8151400252777223, 0.6730912128125719, 0.28680545390885603, 0.24749924339163643, 1,10, 1
0.8152730659216391, 0.6241732600408043, 0.29432216427586516, 0.24977774213153225, 2,10, 2
0.8132774562628883, 0.6356870093089042, 0.2896123318986699, 0.25356140941948113, 2,10, 2
0.8112153262821792, 0.6269803201079172, 0.29779734299461486, 0.255339883956077, 2,10, 2
0.8170691146145147, 0.6086127358720523, 0.2919998076668923, 0.24747090079708478, 2,10, 2
0.8185325616975986, 0.6004956257510197, 0.27367038087683015, 0.23837317944161784, 2,10, 2
0.8179338787999734, 0.6073761547398556, 0.2713159338189412, 0.23642160120511388, 2,10, 2
0.8227898623029335, 0.5933442237292832, 0.26469052683241157, 0.2336298833839172, 1,10, 1
0.8243198297079758, 0.5645536455266839, 0.26164298539489844, 0.23098340435259426, 2,10, 1
0.8219916184394332, 0.5614806146385544, 0.2772933656389608, 0.2384915070105189, 2,10, 2
0.8253176345373512, 0.5728007818788439, 0.2727350278282992, 0.23634008514807942, 3,10, 1
0.8253841548593095, 0.5735518006942864, 0.2725935522871693, 0.2319204596569259, 0,10, 0
0.8250515532495177, 0.5699216589314443, 0.26787589543147655, 0.2286950204304034, 1,10, 1
0.8260493580788931, 0.5679454602589344, 0.262213793715246, 0.2300816129816262, 2,10, 1
0.8254506751812679, 0.5706652741682714, 0.2761234639044314, 0.24314891937700295, 3,10, 2
0.8254506751812679, 0.5612716331085991, 0.27063639176216786, 0.2366215263491428, 0,10, 0
0.8253176345373512, 0.5495131167736522, 0.2590890084162459, 0.23568097055016754, 2,10, 2
0.8273797645180603, 0.5420017046126043, 0.26131494084902246, 0.23225821122756315, 1,10, 1
0.8287766912791857, 0.545276573384356, 0.2514238008631859, 0.22405298477097, 2,10, 2
0.818599082019557, 0.5880465278570202, 0.2830020534736724, 0.24853010770334716, 3,10, 3
0.8229894232688086, 0.5725002147544576, 0.27737062898124415, 0.23766293812806746, 3,10, 3
0.8259163174349764, 0.5475918805241773, 0.26023969483785464, 0.23489647421664364, 2,10, 1
0.825849797113018, 0.5548520554463713, 0.2621053506911103, 0.2332988347144881, 3,10, 3
0.8223907403711834, 0.5799318024455777, 0.2705029071797729, 0.2393370331846406, 2,10, 1
0.8255171955032262, 0.5538359710131551, 0.25911345290119897, 0.23296703609324254, 2,10, 2
0.821193374575933, 0.5586389915432617, 0.27994217899341384, 0.24045027247230294, 2,10, 1
0.8263819596886849, 0.5445661369620456, 0.26072103137556285, 0.23125385726187178, 4,10, 4
0.8245859109958092, 0.5518721467374862, 0.2607442575445689, 0.23138879381730262, 4,10, 1
0.8259828377569347, 0.5494020344814039, 0.26055898426469537, 0.23191216637031772, 2,10, 1
0.8240537484201423, 0.5688655306833482, 0.27091682990939114, 0.2397968532426398, 2,10, 1
0.8252511142153928, 0.5517789930021412, 0.25743889948174226, 0.23297645032358424, 3,10, 1
0.8279119270937272, 0.531663544344762, 0.2498528341252835, 0.22437915234071298, 3,10, 2
0.8288432116011442, 0.5299847278781203, 0.23980916796746235, 0.22336367619437453, 3,10, 1
0.8304396993281448, 0.5237092784423435, 0.24193983358787408, 0.22059017654065718, 1,10, 0
0.830306658684228, 0.5280177557556416, 0.2581857075175475, 0.22535396020322623, 4,10, 1
0.8279119270937272, 0.5468604496114091, 0.2694209098987775, 0.2335395716033767, 3,10, 1
0.8286436506352691, 0.5244684731991945, 0.25926112961069886, 0.225296134885831, 0,10, 0
0.8286436506352691, 0.5319876205897893, 0.2644051165318656, 0.22907708420055128, 5,10, 1
0.8300405773963946, 0.5270777607408346, 0.2502797103459467, 0.2185436815855254, 4,10, 1
0.8283110490254773, 0.5178418418976449, 0.25409826783535855, 0.2325061220089876, 0,10, 0
0.8297079757866028, 0.5133842990788768, 0.2503288779312042, 0.22741972888054643, 3,10, 1
0.8255837158251846, 0.5534459250011561, 0.2585620426043813, 0.22988742878451796, 3,10, 1
0.8283110490254773, 0.5251116852249248, 0.2594994033215162, 0.229375630460834, 0,10, 0
0.8263154393667266, 0.5453164346297148, 0.26172394613380995, 0.2384153273791826, 2,10, 2
0.8280449677376438, 0.5215487370958367, 0.254733820726609, 0.23265009635205477, 1,10, 1
0.8287766912791857, 0.5252585373411987, 0.2504099758124556, 0.22899586149233225, 2,10, 2
0.8291758132109359, 0.5315770344057268, 0.2554966244082817, 0.22960378156817346, 2,10, 1
0.8283775693474357, 0.5324458882591762, 0.25561840542417663, 0.22947846075536407, 0,10, 0
0.8289762522450609, 0.5192708607642251, 0.26199071980169986, 0.2297221609877254, 4,10, 2
0.830306658684228, 0.5101973092835023, 0.25813207948028494, 0.22514085440290288, 3,10, 0
0.83103838222577, 0.5189965468534264, 0.24983178685623814, 0.21988886440431543, 5,10, 2
0.8259828377569347, 0.5658440151149702, 0.2571646741114587, 0.2280655310145887, 4,10, 1
0.8270471629082685, 0.5396361643523775, 0.25312496211169777, 0.22633921608088392, 1,10, 1
0.8277788864498105, 0.5132427983178762, 0.2495867700351436, 0.2264841390262406, 3,10, 1
0.8295749351426861, 0.5092630124363886, 0.24952294347767398, 0.22589815495918308, 2,10, 2
0.8318366260892702, 0.49918811710346694, 0.2384666006220918, 0.22130467768276926, 4,10, 2
0.8319031464112286, 0.49799314403869355, 0.2469844725568343, 0.22102972721614134, 6,10, 1
0.10077828776691279, 2.303736140292966, 0.8944213325400786, 0.36684194226088074, 0,10, 0
0.23035987494179472, 2.0874689586630586, 0.8207436650373466, 0.5337859736425314, 2,10, 2
0.31497372447282646, 1.873254028199192, 0.7768103274212796, 0.5075075835883949, 1,10, 1
0.45706113217587974, 1.6166262511382763, 0.6809166730087771, 0.36924992905051063, 2,10, 2
0.5009645446683962, 1.4631513650493464, 0.6397211784704225, 0.42699464433588014, 2,10, 2
0.5793254839353422, 1.3209499726328435, 0.5798064081858884, 0.3310492056920787, 0,10, 0
0.602474555976851, 1.280742434796417, 0.5528208158278999, 0.2931462266429696, 3,10, 3
0.6462449278254506, 1.1335506805853826, 0.5268126547132099, 0.3104642175757109, 2,10, 2
0.673584780150336, 1.0669223210835819, 0.5108314066399062, 0.3050388680161108, 3,10, 3
0.6701922437304596, 1.110202009809656, 0.5207196023227444, 0.3611653161219131, 1,10, 1
0.6805028936340052, 1.0222699888258127, 0.5098379644033968, 0.3556196631870406, 2,10, 2
0.7039180469633473, 0.9387624124630546, 0.4542093931081695, 0.28687839956135464, 3,10, 3
0.7231424200093128, 0.8951650530847768, 0.4311989659633042, 0.2933603733684341, 4,10, 4
0.7474223375241136, 0.9884532042731016, 0.42804116985903484, 0.2893553593584794, 1,10, 1
0.7287301270538149, 0.9811704972656854, 0.4544653241924926, 0.32638315993419015, 3,10, 3
0.7477549391339054, 0.8561060567254677, 0.41786275645714616, 0.289029392668277, 3,10, 3
0.7603272799840352, 0.847051530343649, 0.4189223273894072, 0.314921606457673, 3,10, 3
0.7642519789795783, 0.7877640995060673, 0.4214542933647161, 0.31643180743800986, 3,10, 3
0.7761591166101244, 0.740141670222965, 0.35625928788216127, 0.2776168245965868, 3,10, 3
0.7754273930685824, 0.7449357740443642, 0.33629204738259966, 0.2619201115891823, 2,10, 2
0.7814142220448347, 0.7342599731298133, 0.33772308837824844, 0.25865357300494235, 2,10, 2
0.7697066453801636, 0.7606095559082385, 0.3422377972941962, 0.2801510275981871, 1,10, 1
0.7820794252644183, 0.7369117055433222, 0.3461360441059634, 0.2868111643012398, 3,10, 3
0.7934544003192976, 0.7270732357522218, 0.31690015301907637, 0.2595140294200657, 3,10, 3
0.7941861238608395, 0.7407466735769697, 0.3329798359926353, 0.26732023124168786, 1,10, 1
0.7967138960952571, 0.7054468433399417, 0.323646475992679, 0.27135099494754833, 2,10, 2
0.8015698795982172, 0.7089882829924875, 0.3203139231839772, 0.2683098279491848, 2,10, 2
0.8071575866427193, 0.6866314380002387, 0.28695491903299436, 0.24679701280857066, 2,10, 2
0.8062263021353023, 0.6526763159212898, 0.3027869111794985, 0.2553802161759519, 1,10, 1
0.8062928224572606, 0.6558586201709258, 0.3139481471127465, 0.25518193017421137, 2,10, 2
0.8058937005255106, 0.6354899379025886, 0.290908147551995, 0.24506727577973142, 1,10, 1
0.8151400252777223, 0.6226755871492992, 0.284097921545443, 0.24185881768732148, 1,10, 1
0.8112818466041376, 0.636571737523903, 0.2952152165862947, 0.24327546345704537, 2,10, 2
0.8044302534424267, 0.6800094315870037, 0.3134737990106521, 0.26916923577650864, 2,10, 2
0.8086210337258032, 0.6527538034605377, 0.28416240991091, 0.24634295998740124, 0,10, 0
0.8072241069646777, 0.6490136287047963, 0.2790440455829548, 0.2495640692064437, 1,10, 1
0.8142087407703054, 0.6256625710499752, 0.2711317561584687, 0.23725115725587925, 2,10, 2
0.8156721878533892, 0.6087328703549881, 0.2775226504684307, 0.2446785524823884, 2,10, 2
0.8119470498237211, 0.6226683936483755, 0.2961394369813104, 0.24956774463586126, 1,10, 1
0.8168695536486397, 0.5936842943774846, 0.27515176830864524, 0.24146395043681068, 1,10, 1
0.8085545134038449, 0.6044025825194601, 0.29839613918477387, 0.2463066345002188, 0,10, 0
0.8174017162243066, 0.5881056036213885, 0.283483995044571, 0.23474956898014043, 0,10, 0
0.8141422204483469, 0.5902574467250915, 0.281859828661184, 0.24309927721090513, 2,10, 2
0.8180669194438901, 0.5865354470944268, 0.27551879871444923, 0.23969696977018404, 1,10, 1
0.8178008381560566, 0.5981703581915983, 0.28488070079476685, 0.2479592018499306, 3,10, 3
0.8119470498237211, 0.6489192734365803, 0.2966074688059554, 0.2561284013321097, 2,10, 2
0.8074901882525112, 0.6381387740552436, 0.29812912153810733, 0.26534412970125965, 0,10, 0
0.804496773764385, 0.624342489467789, 0.2865340003927243, 0.2639963823470952, 3,10, 3
0.8116144482139294, 0.6042599935692337, 0.3013367413644822, 0.26091068887824936, 2,10, 2
0.8128783343311382, 0.5987909024206953, 0.30016801484984446, 0.26062180946180474, 1,10, 1
0.8166034723608062, 0.5795252161559423, 0.2870880927029927, 0.2541902907590084, 2,10, 2
0.8154726268875141, 0.6028236693270663, 0.288727525600993, 0.25338863418478735, 2,10, 2
0.8146743830240138, 0.5916171549986533, 0.30249184739404944, 0.2582427751003777, 4,10, 4
0.8197299274928491, 0.5645436606358483, 0.28928887338983755, 0.24770236317775104, 2,10, 2
0.8210603339320163, 0.5516336400469997, 0.2779658398256981, 0.24330431982652329, 0,10, 0
0.8206612120002661, 0.5700237077205799, 0.2788649311659533, 0.23962893432710053, 2,10, 2
0.8201955697465576, 0.5883989331477285, 0.27560866178211374, 0.24400198423993488, 3,10, 3
0.8146078627020554, 0.5984733383079758, 0.29194775734315187, 0.2587197669971364, 3,10, 3
0.8205946916783077, 0.5722963022022756, 0.27392756482591024, 0.24651152795885076, 1,10, 1
0.8212598948978913, 0.5839370989789305, 0.27432069264895725, 0.2434785248685309, 2,10, 2
0.8222576997272667, 0.5536589890536132, 0.2775693385912068, 0.2508439313623472, 3,10, 3
0.823987228098184, 0.53884252991761, 0.27868947816565454, 0.23723311328134503, 2,10, 2
0.8265150003326016, 0.5303066295089404, 0.2683130460383537, 0.23528904564518147, 2,10, 0
0.8196634071708907, 0.5676558224849507, 0.27319692422680025, 0.24358487882318142, 3,10, 3
0.8209272932880995, 0.555708956818573, 0.26966684242761274, 0.24093178498146328, 1,10, 0
0.8241867890640591, 0.5358896538696337, 0.26957033263905433, 0.24134386989896733, 2,10, 1
0.821193374575933, 0.5460822499254254, 0.2778950521181204, 0.24115515904567134, 2,10, 2
0.8217255371515998, 0.5537090733018759, 0.2802402838217988, 0.25139674169261605, 3,10, 1
0.8235215858444754, 0.5505783567108581, 0.2635542694051591, 0.2359954270379479, 2,10, 2
0.8268476019423934, 0.5406894449286205, 0.25911069400815956, 0.23152372422390932, 3,10, 1
0.8271802035521852, 0.5225053874454667, 0.2538650108396928, 0.22447326301610054, 4,10, 4
0.824718951639726, 0.5265114640800943, 0.26257624889450104, 0.23833931879180614, 3,10, 3
0.8223907403711834, 0.5377638492587161, 0.2690020669211083, 0.242725270262956, 2,10, 2
0.824918512605601, 0.53331268488059, 0.2642277856057778, 0.24042472183645475, 0,10, 0
0.8255837158251846, 0.5174449457885764, 0.24248475335470565, 0.22721970297563027, 2,10, 2
0.8252511142153928, 0.5353691590083924, 0.258457260980469, 0.227716542511336, 2,10, 2
0.8245859109958092, 0.5421584094279551, 0.251817755486677, 0.23340372879070853, 2,10, 0
0.8261823987228099, 0.5221911380005245, 0.24074776543583254, 0.2274362808806759, 3,10, 2
0.8210603339320163, 0.5492312752262034, 0.2724145863250467, 0.24521348965536902, 2,10, 2
0.8244528703518925, 0.530234891154424, 0.25647476994960583, 0.23522988377604165, 4,10, 1
0.8232555045566421, 0.5469596167158467, 0.25248218150616153, 0.24026389469313714, 0,10, 0
0.8245859109958092, 0.5355924753566523, 0.24785223848427398, 0.23382861532552646, 3,10, 3
0.8271802035521852, 0.5275758242625354, 0.2594381346971469, 0.23403467695903898, 1,10, 0
0.8297744961085611, 0.5190004537595505, 0.2488172076962899, 0.22975345352168486, 3,10, 1
0.8283110490254773, 0.4999871019732434, 0.2625805788183004, 0.23439629389426567, 3,10, 1
0.8217255371515998, 0.5617934206228231, 0.2662361125943986, 0.2453300133894311, 3,10, 1
0.8233885452005588, 0.5426658313664275, 0.2496143333840573, 0.2338050119223098, 2,10, 2
0.8218585777955165, 0.5483464980116952, 0.2603359772635052, 0.2381410495853621, 4,10, 4
0.8226568216590169, 0.5207938691146392, 0.2580147691789161, 0.24121953106966956, 2,10, 2
0.8195968868489324, 0.545474469104804, 0.27680617306809907, 0.25303376030556235, 2,10, 0
0.8171356349364731, 0.5563626878674263, 0.2531819152107929, 0.2399039895330779, 2,10, 1
0.8213264152198496, 0.5453178827775453, 0.25002624991244926, 0.23723135039150056, 0,10, 0
0.8174682365462649, 0.5547974256307989, 0.2520653013809487, 0.24163020564555673, 2,10, 1
0.8180003991219318, 0.5415601163144251, 0.26196998721602865, 0.24097199757470364, 2,10, 2
0.8150069846338056, 0.5659268756489315, 0.25853224729190755, 0.2481711741732183, 4,10, 3
0.8176012771901816, 0.5381904342190293, 0.27537918405268214, 0.2569896787914449, 1,10, 1
0.8199960087806825, 0.5375622015549597, 0.26842855672616767, 0.251721697055934, 1,10, 1
0.8208607729661411, 0.529601334500639, 0.24090042496550906, 0.2376305997390461, 2,10, 2
0.8206612120002661, 0.5301756621705472, 0.26594101709608564, 0.24620862402289093, 2,10, 2
0.8233220248786004, 0.5174140059909667, 0.2439517226247839, 0.2314947685658298, 3,10, 2
0.822324220049225, 0.5180148755880055, 0.24938517060990853, 0.23247876820032404, 4,10, 3
0.10077828776691279, 2.303736140292966, 0.8944213325400786, 0.36684194226088074, 0,10, 0
0.4800771635734717, 2.208971347271512, 0.6977078198714259, 0.4671933084913144, 14,10, 0
0.3700525510543471, 2.148460884433001, 0.7195378085061003, 0.4950344396676366, 13,10, 1
0.5388811281846604, 1.7208696133733739, 0.6048006037261673, 0.36757558577450006, 2,10, 2
0.5570411760792923, 1.533667563845922, 0.6387131345624891, 0.4302246669319663, 3,10, 3
0.6239606199694007, 1.287382530206095, 0.5507388895965676, 0.3720521531875385, 2,10, 2
0.6592829109292889, 1.162335799399532, 0.5301902823871942, 0.37913115343996745, 2,10, 2
0.6969334131577197, 1.0771601430639397, 0.48457923005219267, 0.34723488400087277, 2,10, 2
0.6910131045034258, 1.0370969304111224, 0.5096006640764859, 0.34630107868931753, 1,10, 1
0.7150269407303932, 0.9457296000806648, 0.444624041985144, 0.3102957249744022, 1,10, 1
0.7470897359143218, 0.9275284280557903, 0.4334263016023984, 0.311342412756664, 1,10, 1
0.7565356216324087, 0.8804758097058049, 0.41424913812775116, 0.27063688653891854, 1,10, 1
0.7585977516131178, 0.893738769636498, 0.4201137287323563, 0.2909978955876586, 1,10, 1
0.7880662542406706, 0.8236381419993644, 0.39716468560187884, 0.30020272487863287, 2,10, 2
0.7846071974988359, 0.8012512729972252, 0.3972424766720158, 0.2766160432111562, 2,10, 2
0.790194904543338, 0.7438269924577116, 0.3845346590676777, 0.2755701384244367, 0,10, 0
0.7905275061531298, 0.8307709685004968, 0.37697511524238786, 0.29021430579440016, 2,10, 2
0.7903279451872547, 0.7507222507966808, 0.3776588177678471, 0.2949436486791586, 1,10, 1
0.7935874409632142, 0.6956326911601313, 0.367058697030113, 0.2877420892533697, 3,10, 3
0.8019690015299674, 0.6755525658204823, 0.3303016551086941, 0.25197754722825655, 4,10, 4
0.8064258631011774, 0.6630187595185816, 0.30031860057720694, 0.2457204272471116, 3,10, 3
0.8066919443890108, 0.7201703984158652, 0.3039448992061317, 0.24945112144917972, 1,10, 1
0.8023016031397592, 0.6633385970582749, 0.3201248849042377, 0.25375143448342663, 1,10, 1
0.8040976518326348, 0.6481482333839504, 0.31811063571942744, 0.24410979597312482, 1,10, 1
0.8025011641056343, 0.6448956166966544, 0.31660929637891244, 0.2481647018700864, 4,10, 4
0.8056276192376771, 0.6526007544047518, 0.3045479050616523, 0.24822902933730215, 4,10, 4
0.8070245459988027, 0.6346602839010763, 0.2978376556555705, 0.24471301765514697, 1,10, 1
0.8144083017361804, 0.6080237576457598, 0.2816234189490829, 0.22731529231801142, 3,10, 3
0.8144748220581388, 0.5857821136558706, 0.2778943665379353, 0.23174704649069294, 3,10, 3
0.809685358877137, 0.693764618724895, 0.29993490485772933, 0.2555035032157324, 1,10, 1
0.8090866759795118, 0.6220543627666579, 0.28779085657989273, 0.24686197376720828, 3,10, 3
0.8086210337258032, 0.6016027471374473, 0.29537388439773404, 0.2445209656096598, 3,10, 3
0.8143417814142221, 0.580246155402286, 0.2822395455489282, 0.23747965090181977, 1,10, 1
0.8193973258830572, 0.5522404789272632, 0.27490851812517875, 0.2297445068681032, 3,10, 3
0.8232555045566421, 0.5456234704162313, 0.27803232020022306, 0.22863117930403806, 0,10, 0
0.8246524313177676, 0.540345991994929, 0.27477091173150053, 0.22527310779869622, 3,10, 3
0.8269141222643518, 0.5363643747095157, 0.27020393104313284, 0.2299990243189332, 3,10, 3
0.8259828377569347, 0.5217164961763167, 0.2590964386740659, 0.22558269424149016, 1,10, 1
0.8270471629082685, 0.5213653390716474, 0.26186753357379133, 0.22783850027260374, 3,10, 3
0.8265815206545599, 0.5155849815172676, 0.2573096644567138, 0.22665797642164087, 3,10, 3
0.8302401383622696, 0.5189876624242163, 0.25654019549626095, 0.2228680114871654, 2,10, 2
0.8281114880596022, 0.5134707739435894, 0.26538830923587003, 0.2264407519757561, 2,10, 2
0.8311714228696867, 0.5218664654573244, 0.25369215249855004, 0.2235787399621374, 2,10, 2
0.8148739439898889, 0.6905051964726494, 0.2720830664726979, 0.24807897900193432, 2,10, 2
0.818798642985432, 0.5917534388252975, 0.2792988550535433, 0.25021672907372444, 2,10, 2
0.8197964478148074, 0.5863895502649181, 0.2754909940521306, 0.24374881960654868, 1,10, 1
0.8186656023415153, 0.5587003228272056, 0.2791962189208125, 0.24367897757598928, 1,10, 1
0.818798642985432, 0.5925957088760753, 0.2669663932282902, 0.24323125405689827, 1,10, 1
0.8229894232688086, 0.5621808324673025, 0.26643212368335295, 0.23717228181707525, 1,10, 1
0.8201955697465576, 0.5528468546285757, 0.2689048345349862, 0.2399049894204487, 1,10, 1
0.806891505354886, 0.631070044718509, 0.28800931253261913, 0.2586896681571594, 1,10, 1
0.8161378301070977, 0.5714869954540917, 0.2769706621056111, 0.2447263618732458, 2,10, 2
0.8148739439898889, 0.5884802471162509, 0.28062826925104706, 0.2579616717421875, 2,10, 2
0.8186656023415153, 0.5602576861373281, 0.28080834653417847, 0.2522981129079615, 1,10, 1
0.8206612120002661, 0.5479270648472232, 0.2725874397502355, 0.2435148305299501, 2,10, 2
0.8181999600878068, 0.5857403214398023, 0.27673323205668376, 0.24913560786852615, 2,10, 2
0.8207277323222244, 0.5472582435027579, 0.2662999429472778, 0.24317217828203128, 3,10, 3
0.8215924965076831, 0.5462454647849398, 0.2734585023068594, 0.243545063357574, 3,10, 3
0.8243198297079758, 0.5368350759810852, 0.2667674299253093, 0.2383379953295261, 2,10, 2
0.8199294884587242, 0.5646399694588465, 0.2619828495032226, 0.2442688885225387, 2,10, 2
0.8232555045566421, 0.534317085706429, 0.2602207643567696, 0.23825267351027876, 2,10, 2
0.8262489190447682, 0.5251540762817125, 0.2596067378720403, 0.23600346943767786, 3,10, 3
0.8259828377569347, 0.5161245824697815, 0.26020568165262736, 0.23529437019992144, 2,10, 2
0.8197964478148074, 0.5642158033972294, 0.27009065724644543, 0.24520135156091188, 2,10, 2
0.8247854719616843, 0.5307898065513936, 0.26270060803962464, 0.23608333675513646, 3,10, 3
0.8266480409765183, 0.516878606673315, 0.2628792753997646, 0.23766989466199737, 2,10, 2
0.8275793254839353, 0.5091832832401769, 0.2547972455234231, 0.23391559942953147, 3,10, 3
0.8305727399720615, 0.5049527033752796, 0.2503419300363936, 0.22621309201305556, 3,10, 3
0.8292423335328943, 0.5027956313527041, 0.2618388377270763, 0.23404997230983707, 3,10, 3
0.8293088538548526, 0.5002755381379433, 0.248407807561628, 0.22106694659099968, 2,10, 2
0.830107097718353, 0.49625982737947266, 0.24624081125079075, 0.2197565583467606, 0,10, 0
0.8327013902747289, 0.48787976011782364, 0.25247216843808096, 0.22590111605176194, 3,10, 3
0.8344309186456462, 0.48750089275125424, 0.24684175339197104, 0.22028128067658495, 11,10, 2
0.8325018293088539, 0.5029916746497244, 0.25057440085355315, 0.23060341129049225, 1,10, 1
0.8319031464112286, 0.4999325632277918, 0.24469216880787137, 0.22645662630360341, 1,10, 1
0.8264484800106433, 0.5417873271989702, 0.25981164407712787, 0.23940403085030124, 1,10, 1
0.8276458458058937, 0.5157462307079396, 0.25064752888427033, 0.2305254330703473, 1,10, 1
0.8305062196501031, 0.4998113643992814, 0.2562003160514829, 0.23290056302716905, 1,10, 1
0.8317035854453536, 0.4945993699026464, 0.251117472332711, 0.2275657341301886, 5,10, 0
0.8332335528503958, 0.4885018663247951, 0.25636623287304217, 0.2363831863206283, 4,10, 0
0.8340983170358545, 0.479866245320646, 0.2441477157499905, 0.2166515949021889, 0,10, 0
0.8288432116011442, 0.5243392157440644, 0.2568060464953016, 0.226444611925916, 4,10, 0
0.8311714228696867, 0.49975267486264807, 0.23829661839918218, 0.22221416816680192, 4,10, 1
0.8214594558637663, 0.572523146333177, 0.2542027474266579, 0.23762761616938566, 1,10, 1
0.8219250981174749, 0.533155251563294, 0.2625614551451045, 0.23758297144441934, 2,10, 2
0.8222576997272667, 0.545057861342452, 0.26598085853832565, 0.24322061640356035, 1,10, 1
0.8267810816204351, 0.5160817193466665, 0.25494793301619334, 0.24522288270175133, 2,10, 1
0.8276458458058937, 0.5031279773215049, 0.2577084519593546, 0.23121852414964184, 3,10, 3
0.8197964478148074, 0.5792310607327844, 0.2662328594032913, 0.2505827088609686, 5,10, 2
0.8175347568682232, 0.5715185580311277, 0.27105200494881154, 0.24657054070701243, 1,10, 1
0.815805228497306, 0.5728945581525314, 0.2710072732216054, 0.26051053945077923, 2,10, 2
0.8197964478148074, 0.533984619289242, 0.2679311478647797, 0.2419770952776746, 1,10, 1
0.8203951307124326, 0.5204470240918316, 0.26893731504832596, 0.257177957731238, 1,10, 1
0.8239207077762256, 0.503044212804456, 0.25298990045031, 0.24219830914116605, 2,10, 2
0.825849797113018, 0.5008460594143225, 0.25601590550949377, 0.24016919402027434, 2,10, 0
0.8228563826248919, 0.5352695973778722, 0.25413000792545115, 0.23418554248798254, 2,10, 0
0.8167365130047229, 0.558813676695714, 0.2687869066501827, 0.25008209495337475, 1,10, 1
0.8206612120002661, 0.5283812322432883, 0.2516161541831092, 0.23485779184864128, 2,10, 2
0.8249850329275593, 0.507768711030835, 0.2659197579847924, 0.23079193730505787, 3,10, 2
0.8224572606931417, 0.5239372522495436, 0.25979570616276443, 0.23315244107993935, 1,10, 0
0.8197964478148074, 0.5480360161398758, 0.2574793050409715, 0.23900985406753683, 1,10, 0
0.10077828776691279, 2.303736140292966, 0.8944213325400786, 0.36684194226088074, 0,10, 0
0.21472759928158053, 2.108494517814373, 0.8324415382261098, 0.5345731567942963, 3,10, 3
0.2765914987028537, 1.9786145317448809, 0.7593149612261536, 0.4973777020266629, 1,10, 1
0.34903212931550587, 1.8453408286682575, 0.7201360186732905, 0.47818236042423384, 2,10, 2
0.4935807889310184, 1.5714843589769152, 0.6028994362588647, 0.4002338303661398, 2,10, 2
0.5557107696401251, 1.4166215457463163, 0.5302056747778614, 0.32215302605607493, 2,10, 2
0.6175081487394399, 1.21943938216689, 0.512890008936084, 0.3031642531717126, 2,10, 2
0.6804363733120469, 1.117253362847498, 0.4507184464066461, 0.31273942615961836, 0,10, 0
0.6809020155657554, 1.1987947246331991, 0.4787479876187238, 0.3303457370849919, 2,10, 2
0.6677975121399587, 1.1303738284186877, 0.4805095804808679, 0.3003060888508594, 4,10, 4
0.6840949910197566, 1.046988315304332, 0.45794921733579885, 0.27354884086867004, 3,10, 3
0.6648040976518327, 1.0254184052584545, 0.48668835075348776, 0.30517738805352645, 2,10, 2
0.6888844542007583, 0.9515782215850166, 0.4592634843935705, 0.3038946276466133, 2,10, 2
0.7248719483802302, 0.9775091434856134, 0.4294770703423005, 0.2860726105256611, 2,10, 2
0.7506153129781148, 0.8995116888045347, 0.38939272855754076, 0.27128229289175365, 4,10, 4
0.7657154260626622, 0.8896020346092625, 0.38453301975528703, 0.2739710830418203, 3,10, 3
0.7793520920641256, 0.8097969307195585, 0.3534948175964781, 0.2728830877041408, 0,10, 0
0.7967804164172154, 0.8734784523400707, 0.34348028848042444, 0.2578133274983381, 1,10, 1
0.7856050023282113, 0.864849265050563, 0.34429357243082154, 0.26840151557445696, 2,10, 2
0.76904144216058, 0.7991467060513253, 0.3745790414524379, 0.29509554461270004, 2,10, 2
0.7668462715359542, 0.8083358251615987, 0.37649315085675505, 0.28704981898860377, 2,10, 2
0.7767577995077496, 0.7794166526550943, 0.34234074817731264, 0.2547253402152353, 3,10, 3
0.7945187254706313, 0.7388974453765949, 0.34488956182813285, 0.2755297651044356, 0,10, 0
0.8009046763786337, 0.7198814776640992, 0.33001325677142845, 0.24967083051040853, 1,10, 1
0.7964478148074237, 0.6996672460966707, 0.3217316345547163, 0.24769494804384184, 3,10, 3
0.7981108228563826, 0.6965467203339714, 0.33801801826690814, 0.24855447252971077, 2,10, 2
0.8074901882525112, 0.7064402836017569, 0.30402583880919065, 0.25180023458936873, 2,10, 2
0.8016363999201757, 0.7171460361816261, 0.3179587811149426, 0.2516404111083114, 4,10, 4
0.8088871150136366, 0.6856003292620161, 0.29745425058331454, 0.24669990679755774, 2,10, 2
0.8071575866427193, 0.7081522141308322, 0.3014813231749689, 0.24466245572997042, 3,10, 3
0.8092197166234285, 0.6899729635509818, 0.2946983793145751, 0.2516329800260625, 2,10, 2
0.8043637331204683, 0.7344533556301972, 0.28870352963512397, 0.2566947078338002, 2,10, 2
0.8082219117940531, 0.675927532819247, 0.290551923728104, 0.25266252112009013, 0,10, 0
0.8089536353355951, 0.6591929544928652, 0.2882215422171218, 0.24905441744149523, 4,10, 4
0.8114148872480543, 0.6469074009934961, 0.27929987124352673, 0.24027691730691242, 2,10, 2
0.8057606598815938, 0.6389678675621615, 0.29141587726764207, 0.24613217068957674, 3,10, 3
0.8146743830240138, 0.6250735355354612, 0.2966513493458369, 0.2479680455043176, 1,10, 1
0.8088871150136366, 0.6384469927979665, 0.31217953845853175, 0.24376708846534123, 2,10, 2
0.8147409033459722, 0.6113380695563901, 0.29683534038358667, 0.23890717188419738, 2,10, 2
0.816204350429056, 0.6134900408599863, 0.29024098712619134, 0.23764467531287817, 1,10, 1
0.8142752610922637, 0.6509777607614563, 0.2816835286798737, 0.2404679363853376, 2,10, 2
0.809685358877137, 0.6634460749135099, 0.31153950837067607, 0.24388138357222897, 0,10, 0
0.8152065455996808, 0.6459751448020886, 0.2697407105529579, 0.2349605690593034, 1,10, 1
0.8208607729661411, 0.5956680785793982, 0.26050603271424816, 0.2339767317499087, 2,10, 2
0.8183995210536819, 0.6228689124539092, 0.2612040893432306, 0.2357266208223349, 1,10, 1
0.8166699926827646, 0.6170398957962948, 0.27315994218227513, 0.24087266187356082, 4,10, 4
0.8129448546530965, 0.6180462171203953, 0.29619152489862743, 0.2503990767884141, 1,10, 1
0.8143417814142221, 0.6379857974282961, 0.28682847265289085, 0.2458302960210447, 2,10, 2
0.81321093594093, 0.6187512752985463, 0.2927902598796149, 0.24556348799547198, 2,10, 2
0.8177343178340983, 0.6012779514262764, 0.2830805848934823, 0.23831585477222395, 2,10, 2
0.8154061065655558, 0.5979661179961789, 0.28972746326383547, 0.242644103461529, 1,10, 1
0.8170025942925564, 0.5799544903454364, 0.29095966603583207, 0.24451847930721765, 1,10, 1
0.8177343178340983, 0.5810070723821132, 0.287737601623335, 0.23681644009060265, 1,10, 1
0.8155391472094725, 0.5943697935499228, 0.28793030525526275, 0.23968493579355335, 1,10, 1
0.8128118140091798, 0.6062168927338756, 0.29318660432015603, 0.24295893094429866, 1,10, 1
0.8134770172287634, 0.5985928650242139, 0.29596979062032086, 0.2536570078908942, 2,10, 2
0.8082219117940531, 0.6324574081819443, 0.3033692419296028, 0.25077028713765764, 2,10, 2
0.8039646111887182, 0.6305752826193498, 0.3126463202701865, 0.2575523623411119, 2,10, 2
0.8073571476085944, 0.6168439189190078, 0.3049087419297272, 0.25198643571821694, 0,10, 0
0.8078227898623029, 0.628476274558795, 0.29529346474978435, 0.2523420150836899, 2,10, 2
0.8165369520388479, 0.5882654801432792, 0.2630198893896204, 0.24477353845222183, 0,10, 0
0.809884919843012, 0.6135800594720053, 0.2741796673976872, 0.2460235066047156, 2,10, 2
0.8074236679305528, 0.6344245991744, 0.31443150255162416, 0.26710126537426926, 2,10, 2
0.8095523182332203, 0.6064042955683976, 0.30051400933157685, 0.25647599013834027, 0,10, 0
0.8113483669260959, 0.6109372296595591, 0.2891092442064878, 0.2560585919337902, 2,10, 2
0.8110157653163041, 0.6185800136280754, 0.2780136465347629, 0.25175549189994045, 1,10, 1
0.8113483669260959, 0.6117614802286473, 0.27796389782871367, 0.2591039379636688, 1,10, 1
0.812479212399388, 0.6265643766372719, 0.26842432567727775, 0.24796869099115898, 2,10, 2
0.8142752610922637, 0.6039171425481814, 0.2763200357801092, 0.25340048607536714, 2,10, 2
0.8104170824186789, 0.60727330903207, 0.29544989135529715, 0.2569674046700106, 2,10, 2
0.8111488059602209, 0.5864198426179449, 0.3020244028257004, 0.26254118312872055, 3,10, 3
0.8082884321160114, 0.5790843861564705, 0.30571544470426704, 0.2658851142255036, 3,10, 3
0.8174017162243066, 0.5628044941765016, 0.28348267224107987, 0.2455796319637754, 1,10, 1
0.8163373910729728, 0.5599817712412539, 0.2872839008019586, 0.24338827101345523, 1,10, 1
0.8202620900685159, 0.543948853420965, 0.27667171343922187, 0.23817733783692074, 1,10, 1
0.816204350429056, 0.5871298751093095, 0.2749163929876566, 0.24398337306162368, 2,10, 2
0.8158717488192643, 0.579681597308704, 0.2852712677361671, 0.2549552908956914, 1,10, 1
0.815073504955764, 0.5665900668143442, 0.2774552982250879, 0.25333448350825327, 2,10, 2
0.8166034723608062, 0.5521147004153935, 0.2817884450328497, 0.24848713797937869, 1,10, 1
0.8170025942925564, 0.5615158171124567, 0.2614653299846618, 0.23971404619626527, 3,10, 3
0.8162708707510145, 0.5483452222742342, 0.26564559406598076, 0.24071961421119772, 2,10, 2
0.8193308055610989, 0.5409670765308344, 0.2642536076764932, 0.23798580953526258, 2,10, 2
0.819530366526974, 0.5526851421494126, 0.27615562762536117, 0.24905009027276673, 1,10, 1
0.8178008381560566, 0.586251988397196, 0.2706751100181043, 0.23993043697826583, 3,10, 3
0.8181999600878068, 0.5511284979316239, 0.27881550613607065, 0.2523226048847223, 0,10, 0
0.8212598948978913, 0.5408269958941111, 0.26331118872192993, 0.23949201930829842, 3,10, 3
0.8193973258830572, 0.5429384001388191, 0.27011204328497435, 0.24543546833467839, 1,10, 1
0.8140091798044302, 0.5847433721867602, 0.283352108104144, 0.25458157706459306, 2,10, 2
0.8178008381560566, 0.5593024917741777, 0.2712859501516311, 0.24605000619816175, 3,10, 3
0.8183995210536819, 0.5411983509675039, 0.2726372558701497, 0.24428327080546805, 1,10, 1
0.8151400252777223, 0.5764972452647429, 0.27202305936649096, 0.24907901267371926, 1,10, 1
0.8190647242732655, 0.5637920038575674, 0.24684067357442235, 0.23620766586780373, 1,10, 1
0.8207277323222244, 0.5371715951424781, 0.2538122692021874, 0.23633701059330922, 1,10, 1
0.8243863500299341, 0.534205549820032, 0.24675504540243862, 0.22714321799199588, 1,10, 1
0.8225903013370585, 0.5366412754486485, 0.2571113593195301, 0.23411565473833426, 1,10, 1
0.8229894232688086, 0.5309378587661985, 0.26249534301048866, 0.24142890137569697, 2,10, 1
0.8158717488192643, 0.587746600911514, 0.268443365151615, 0.2477421888849755, 2,10, 2
0.8197299274928491, 0.5413062051246527, 0.2615480345390218, 0.24161051207123166, 1,10, 1
0.8224572606931417, 0.5352389669977822, 0.24587984664592827, 0.2330324540444397, 1,10, 1
0.8209938136100579, 0.5455756817427162, 0.25243283631637076, 0.2354872876658236, 1,10, 1
0.8194638462050157, 0.5602154172440535, 0.25931298678086095, 0.24020205779214726, 1,10, 1
0.10077828776691279, 2.303736140292966, 0.8944213325400786, 0.36684194226088074, 0,10, 0
0.22304263952637532, 2.1159659683494234, 0.847918703473111, 0.5425584520606853, 3,10, 3
0.4225370850794918, 1.947481311569748, 0.6673588046892508, 0.34797336359500336, 4,10, 4
0.4411627752278321, 1.661844473884034, 0.7002097624509781, 0.477937446709258, 2,10, 2
0.5377502827113684, 1.4128233605800873, 0.6346116881176543, 0.43265452152545614, 2,10, 2
0.5851792722676777, 1.3166350251405246, 0.5982924796345725, 0.3465341783972897, 2,10, 2
0.6220980509545666, 1.2035352115179292, 0.5594430139232801, 0.36066549410813914, 0,10, 0
0.6749817069114614, 1.1379763317472036, 0.4854477030076425, 0.2835175339986158, 2,10, 2
0.7193507616576864, 0.9745423541249613, 0.4415769437643491, 0.27374311042180227, 3,10, 3
0.7302600944588572, 1.02174764596977, 0.4121241889114811, 0.26759967693892256, 1,10, 1
0.730592696068649, 0.9658661008580354, 0.41218695797657906, 0.2779637898872182, 3,10, 3
0.7391738176012772, 0.8691945827981722, 0.43777990308321735, 0.30537215866823847, 2,10, 2
0.7311913789662742, 0.8484329250475137, 0.4176724820563884, 0.2653909334143192, 2,10, 2
0.7614581254573272, 0.7861541442217219, 0.39435301315539745, 0.26467938908426253, 2,10, 2
0.7789529701323754, 0.7510184618683725, 0.36034111188719714, 0.23650857740181563, 0,10, 0
0.7814142220448347, 0.7421728859968942, 0.3792066381684746, 0.2603150186354856, 0,10, 0
0.7782877669127919, 0.7217335094827438, 0.37330429821196226, 0.24275500369884653, 2,10, 2
0.7787534091665004, 0.713584462514329, 0.36129822946696555, 0.23673826860332825, 0,10, 0
0.783143750415752, 0.6845925961965125, 0.36450906276872713, 0.24085392232123692, 0,10, 0
0.7872014900552119, 0.7223623092003169, 0.37791534741624183, 0.27975655280684575, 1,10, 1
0.7895297013237544, 0.6867321948888524, 0.36414489128294497, 0.2449154321770645, 0,10, 0
0.8087540743697199, 0.6437446074941986, 0.31372905397498313, 0.2229838702183122, 0,10, 0
0.7899953435774629, 0.7120914183151744, 0.35063837233436035, 0.24935365050003486, 1,10, 1
0.7925231158118805, 0.6541436355132187, 0.336988646856997, 0.24244460769695236, 3,10, 3
0.8018359608860507, 0.7118578594979185, 0.32876766721061673, 0.26016434773243197, 1,10, 1
0.8027672453934677, 0.661742276797065, 0.33710841314433176, 0.25624014131103817, 3,10, 3
0.8021685624958425, 0.6476445458491765, 0.3418965009806719, 0.24961384324488953, 2,10, 2
0.8068249850329275, 0.6077065430278935, 0.3159608889525989, 0.23773195293804772, 0,10, 0
0.8154726268875141, 0.5814337642142164, 0.290009857538199, 0.2262304308060934, 0,10, 0
0.8090201556575534, 0.5909925087944147, 0.3073755942447732, 0.23417999168516712, 2,10, 2
0.8126787733652631, 0.6173598022534057, 0.29783548045004876, 0.23656617040634326, 2,10, 2
0.8058937005255106, 0.620889037976162, 0.3297965138887745, 0.25605621694108055, 2,10, 2
0.8114148872480543, 0.6134391309092554, 0.2967806007732875, 0.24797439702732194, 3,10, 3
0.8144083017361804, 0.5846437656315893, 0.2979873260925538, 0.23654775051111546, 2,10, 2
0.812479212399388, 0.5866074850005856, 0.3070154543426739, 0.2510390765930223, 2,10, 2
0.8178008381560566, 0.5669973764288657, 0.2780833709251679, 0.23458869270874771, 1,10, 1
0.8184660413756403, 0.5786198723096365, 0.28331495985173527, 0.23527927535153367, 2,10, 2
0.8115479278919709, 0.5932110415444831, 0.3057632795862387, 0.24902979336645412, 3,10, 3
0.8101510011308455, 0.5889001793357236, 0.30646720261939747, 0.24289915534128803, 2,10, 2
0.8167365130047229, 0.5625635895469372, 0.28746763588289814, 0.23420371665833373, 1,10, 1
0.8183330007317235, 0.5482480517396706, 0.29233493354963086, 0.23318105983151527, 1,10, 1
0.8191977649171822, 0.5792435268892209, 0.2854424934199456, 0.23131626905239674, 3,10, 3
0.8237211468103506, 0.5490151408799782, 0.2591092956519193, 0.2284453179674022, 1,10, 1
0.8219916184394332, 0.5499917980054018, 0.284396952417798, 0.2347431593440027, 3,10, 3
0.8241867890640591, 0.535356165024758, 0.2759719441805616, 0.23188086983723824, 0,10, 0
0.8272467238741436, 0.5311442020905285, 0.26311614391539495, 0.22712291856420325, 2,10, 2
0.8260493580788931, 0.5347940191012962, 0.2597540213136302, 0.22985397725105713, 1,10, 1
0.8266480409765183, 0.5369257745013151, 0.2660129336169396, 0.22804666253164182, 1,10, 1
0.8259163174349764, 0.5272544750502492, 0.2648201982364731, 0.22638958441699863, 2,10, 2
0.8263819596886849, 0.5200106770047146, 0.2746911902712376, 0.22705520525543046, 3,10, 2
0.8271802035521852, 0.523126120985874, 0.27507479466218765, 0.2240169550641101, 7,10, 1
0.8273797645180603, 0.52186720724124, 0.27320485729636734, 0.22909570005970817, 0,10, 0
0.8300405773963946, 0.5088036540442259, 0.2626176812170798, 0.22293991494040075, 4,10, 1
0.8287766912791857, 0.5132283164770679, 0.27031673097624515, 0.22610397739311847, 5,10, 1
0.8265150003326016, 0.5362951140440428, 0.26123562439288206, 0.23136899484179402, 1,10, 0
0.8199960087806825, 0.5733527304589441, 0.278623205531147, 0.2419668080847382, 3,10, 1
0.8241202687421008, 0.561572379303116, 0.2658830059170874, 0.23210937986858718, 0,10, 0
0.8237211468103506, 0.5357294486300869, 0.2813446103520182, 0.2386085170399106, 0,10, 0
0.8278454067717688, 0.5213782695937126, 0.2537299131575637, 0.22509696145857472, 1,10, 1
0.8274462848400186, 0.521976756985078, 0.2626925521328673, 0.22442667635255284, 2,10, 2
0.8288432116011442, 0.5192875544215638, 0.2607605539216497, 0.22535239591854203, 2,10, 2
0.8283775693474357, 0.5056234921088018, 0.2543163581332491, 0.2200518281862344, 0,10, 0
0.828244528703519, 0.5215689873471204, 0.2607340587036388, 0.22741375455775917, 2,10, 2
0.8261823987228099, 0.5370128181708933, 0.2739731052250568, 0.2303790451260636, 2,10, 0
0.8293753741768111, 0.518019861606916, 0.2619595438385935, 0.2259968920192415, 1,10, 0
0.8246524313177676, 0.531540184293576, 0.273223423199337, 0.22817906532343651, 2,10, 0
0.8255171955032262, 0.5295689745599215, 0.26124200560239985, 0.2306729986985254, 1,10, 0
0.8290427725670192, 0.5092800985681584, 0.26014369144677657, 0.22797931151861678, 2,10, 0
0.8287101709572274, 0.5012656253240881, 0.25884327774123195, 0.22565025766880686, 1,10, 0
0.8286436506352691, 0.5155025021821843, 0.2470313381549915, 0.219991642399875, 2,10, 0
0.8304396993281448, 0.5127996059027383, 0.24945183708562105, 0.2272674281129233, 1,10, 0
0.8293753741768111, 0.5268880657759236, 0.2642807817558529, 0.2259391842307828, 4,10, 0
0.8305727399720615, 0.5106151780612337, 0.2697873309319774, 0.227843070538106, 1,10, 0
0.8307723009379365, 0.519510484611256, 0.25640608351557154, 0.2222252109865261, 2,10, 0
0.8297744961085611, 0.5038745255701663, 0.25388016114055484, 0.22286062801650142, 4,10, 0
0.8279784474156855, 0.5122946177841646, 0.2630409180815772, 0.2260299691393028, 2,10, 2
0.8243863500299341, 0.5373555983286467, 0.2664409060435922, 0.23972850558192796, 2,10, 2
0.8229229029468502, 0.5375232837650635, 0.2692601603153705, 0.23793764994724712, 2,10, 2
0.8187321226634737, 0.5520651427383976, 0.26593320759846795, 0.24531683660664616, 1,10, 1
0.8238541874542673, 0.5258964199511755, 0.2753610569299873, 0.2409826876129352, 5,10, 2
0.8245193906738508, 0.5281207729984235, 0.2714067670353964, 0.23515249335399896, 2,10, 0
0.8235881061664339, 0.5130333738622244, 0.2765704131222883, 0.2402490195428462, 2,10, 2
0.8247854719616843, 0.5184744729844297, 0.2650230999959133, 0.23180436665293677, 3,10, 3
0.8271136832302268, 0.5042840688386878, 0.2675744313580138, 0.23406223898878728, 2,10, 0
0.8279784474156855, 0.5015851763396285, 0.2663844862350394, 0.2363038062066806, 4,10, 2
0.8302401383622696, 0.4993186407123185, 0.2626524855773093, 0.22561873329527327, 2,10, 2
0.8299740570744363, 0.49442842570194123, 0.2695622401648919, 0.23010480100877723, 2,10, 2
0.8206612120002661, 0.5383831653347916, 0.2805470296566069, 0.2412924735754241, 1,10, 0
0.8242533093860174, 0.5218199755875536, 0.27355932516362796, 0.2354059281211709, 5,10, 1
0.8224572606931417, 0.5247609223420383, 0.27279446645719635, 0.23691477217210863, 2,10, 0
0.8237211468103506, 0.5213024108972919, 0.2696323494786478, 0.23951786374817335, 2,10, 2
0.8226568216590169, 0.5247148407993679, 0.27352861009062585, 0.23615744700644714, 2,10, 2
0.8231889842346837, 0.5205734298157071, 0.2811248271425926, 0.23875428744658017, 2,10, 0
0.8259163174349764, 0.5095708595458371, 0.26422025929142845, 0.2389060617633433, 1,10, 0
0.8262489190447682, 0.5046554199177024, 0.2674334927407788, 0.2336743854358267, 2,10, 2
0.822324220049225, 0.5459688061368488, 0.27298280303080275, 0.23744042026410475, 4,10, 1
0.8248519922836427, 0.5110152624225951, 0.2574084234937228, 0.2292415249360661, 3,10, 1
0.827512805161977, 0.5031495013617586, 0.2583952903832121, 0.22527514769002038, 4,10, 1
0.828244528703519, 0.5018589732217068, 0.26866775436079654, 0.2251837740431813, 3,10, 1
0.8307057806159782, 0.48832732606616125, 0.24973174574055154, 0.2213187490962782, 4,10, 1
0.830306658684228, 0.49705212577830044, 0.2607599318717084, 0.22941743362375888, 3,10, 1
