acuracia,loss,frr,fpr, removed, n_clf, tp_removed
0.09825051553249518, 2.3036959122288754, 0.8944041643372586, 0.40467750686587217, 0,0, 0
0.17993747089735915, 2.1980250931615593, 0.8490370018871546, 0.550493819198349, 0,0, 0
0.2897625224506087, 2.1335558169680917, 0.7568812283081943, 0.48367127212570415, 0,0, 0
0.3171023747754939, 1.9311359030172464, 0.7673404403280334, 0.5084452720642668, 0,0, 0
0.4912525776624759, 1.7560023921106038, 0.635212309216124, 0.42573553267707903, 0,0, 0
0.5706113217587974, 1.4924300921125453, 0.6176569983783499, 0.4195017105214792, 0,0, 0
0.6031397591964345, 1.4893728090708012, 0.5912252528461601, 0.4049873022195771, 0,0, 0
0.6126521652364797, 1.4046666521091093, 0.5867901757847566, 0.40750926896484685, 0,0, 0
0.6321426195702787, 1.3413066293621496, 0.5422503919285051, 0.38200892531729475, 0,0, 0
0.6362668795316969, 1.3137855127287525, 0.5405820704956299, 0.37771897433429996, 0,0, 0
0.639992017561365, 1.275964278056831, 0.5365121329318945, 0.38522851269861486, 0,0, 0
0.6423202288299076, 1.2060964506429621, 0.5343928616290785, 0.37914069772739856, 0,0, 0
0.6813676578194638, 1.1526606854845327, 0.4864904934930857, 0.34572211884971615, 0,0, 0
0.641854586576199, 1.1607973708686048, 0.5349714689694708, 0.37953325896449663, 0,0, 0
0.6633406505687488, 1.1613471227333627, 0.5069871152127419, 0.365290799533556, 0,0, 0
0.647242732654826, 1.1389793046143433, 0.5222167687179797, 0.3708428845456651, 0,0, 0
0.6598150735049557, 1.1185007418849617, 0.5120206902866071, 0.36506845372707125, 0,0, 0
0.6753143085212533, 1.0995752445417404, 0.48703104496984684, 0.3527269564504551, 0,0, 0
0.7119670059203087, 1.079314350263975, 0.46390628005045154, 0.33391168230168633, 0,0, 0
0.6612120002660813, 1.103531532096914, 0.5050381188699414, 0.3719528585806052, 0,0, 0
0.662276325417415, 1.088565453851348, 0.4961595253775789, 0.36489998302744486, 0,0, 0
0.6689948779352092, 1.0663674343414677, 0.4933980036491367, 0.36567708754891937, 0,0, 0
0.694006518991552, 1.0267981820786067, 0.4827044898194848, 0.357929288070473, 0,0, 0
0.6871549258298411, 1.011235365105418, 0.48661064326837805, 0.35811372553937487, 0,0, 0
0.720947249384687, 1.0311936329628484, 0.4408523987170868, 0.340235413223823, 0,0, 0
0.7001263886117208, 1.0355925334669946, 0.47039870150549506, 0.3486861779201283, 0,0, 0
0.6913457061132176, 1.0049992123647329, 0.45149489428089856, 0.3484212553785672, 0,0, 0
0.6948712831770105, 1.0100970331418124, 0.4770434590263786, 0.35490021950214584, 0,0, 0
0.7033858843876805, 1.0276932927928748, 0.4666650103631361, 0.3429076188322061, 0,0, 0
0.7158917049158517, 1.0098960041341198, 0.44341670857378546, 0.3389896008119784, 0,0, 0
0.6978646976651367, 0.9938244971293424, 0.46181684637174736, 0.3504691007185024, 0,0, 0
0.7157586642719351, 0.9857741712780737, 0.44077528056314497, 0.33571639802863806, 0,0, 0
0.7113683230226834, 0.9841540820775447, 0.43377976807807545, 0.33730345573258075, 0,0, 0
0.6910796248253842, 0.9911204775106506, 0.4532079726249545, 0.3599509247715282, 0,0, 0
0.7162243065256436, 0.9698632323864327, 0.44033502899081794, 0.3393958152288236, 0,0, 0
0.7132308920375174, 0.980883619701592, 0.44656261893872334, 0.33012127150067433, 0,0, 0
0.7016563560167631, 0.9841487392837481, 0.4667833825660989, 0.34040564863219414, 0,0, 0
0.7200824851992284, 0.972205182788055, 0.4454369350984024, 0.3379231885558338, 0,0, 0
0.7449610856116543, 0.9576274608242601, 0.40727495827497345, 0.31876518528618625, 0,0, 0
0.7015898356948047, 0.9570249019973726, 0.45500755267141996, 0.34740590675199856, 0,0, 0
0.7123661278520588, 0.9668556433059133, 0.42734333923072604, 0.33646648171602017, 0,0, 0
0.7058471363001397, 0.9638054817878837, 0.4452489708424233, 0.35277619985115843, 0,0, 0
0.7195503226235614, 0.9612956553494105, 0.401756828278393, 0.32521985621834254, 0,0, 0
0.7122996075301005, 0.942852637221062, 0.4433506230403094, 0.34048219628218, 0,0, 0
0.7400385817867359, 0.9403193448716517, 0.39622200033452587, 0.32196692022265466, 0,0, 0
0.7035189250315972, 0.945052684070308, 0.46230435536199693, 0.34558698248315634, 0,0, 0
0.7283975254440231, 0.9401102554535394, 0.42025300536707355, 0.33487433098751973, 0,0, 0
0.7319896228297745, 0.9397951939241295, 0.4052646274568712, 0.32128905481604825, 0,0, 0
0.7288631676977316, 0.9393037397103858, 0.41461248812260754, 0.3315805981891388, 0,0, 0
0.7337191512006919, 0.9220852720325796, 0.42446366339574043, 0.32450694502687627, 0,0, 0
0.7419011508015699, 0.9313530362983584, 0.40472454890630977, 0.32565956413452596, 0,0, 0
0.7286636067318566, 0.9078523916639522, 0.41059859075725247, 0.32645148936111057, 0,0, 0
0.7456928091531964, 0.8817809313283592, 0.39578536874307646, 0.32189611627853276, 0,0, 0
0.7595290361205348, 0.8925210595430644, 0.3798415697500213, 0.3159839327903474, 0,0, 0
0.743963280782279, 0.9143372725500131, 0.42041101270790404, 0.3224274125231231, 0,0, 0
0.7460919310849464, 0.896348181906066, 0.4044726900704206, 0.3240391188226735, 0,0, 0
0.7256701922437304, 0.8904964979491002, 0.4198803814016837, 0.3369598655185784, 0,0, 0
0.7345839153861504, 0.8906960573820807, 0.40517726147493405, 0.3284822919286178, 0,0, 0
0.7380429721279851, 0.8950835110946445, 0.4152127856271441, 0.32314761937548525, 0,0, 0
0.7597951174083682, 0.8927981002092613, 0.39085358116437424, 0.316221973010328, 0,0, 0
0.7433645978846538, 0.8940681517103267, 0.40361643176974304, 0.31826998428916997, 0,0, 0
0.7411029069380696, 0.8803054296422895, 0.4059910246710627, 0.3184527671343129, 0,0, 0
0.7422337524113617, 0.8691558836383723, 0.4194350003194726, 0.3207601071420878, 0,0, 0
0.7393068582451939, 0.8742194840127152, 0.4163225621988898, 0.31812417363063433, 0,0, 0
0.7390407769573605, 0.8661628323983349, 0.4087210634441948, 0.3220225980012248, 0,0, 0
0.7461584514069048, 0.8547804255648509, 0.39897092223570013, 0.32002565344855577, 0,0, 0
0.7548060932614914, 0.8355623323206036, 0.36506292826888265, 0.31590121251126485, 0,0, 0
0.7522118007051154, 0.8454470809322411, 0.37119890611217754, 0.31864248130005085, 0,0, 0
0.7505487926561565, 0.837254211261742, 0.3965739564853719, 0.31824665593005036, 0,0, 0
0.7490853455730726, 0.8517574746393043, 0.385602991358313, 0.3158428635240096, 0,0, 0
0.7579990687154926, 0.8410217822559267, 0.3677384105514571, 0.30521880606353924, 0,0, 0
0.7504822723341981, 0.8528339526807655, 0.3814862202894799, 0.3167771045138841, 0,0, 0
0.7532761258564491, 0.8413413203218201, 0.39292069813286096, 0.318398497207785, 0,0, 0
0.7739639459854986, 0.8419298731967979, 0.3539369260066678, 0.2990460265537148, 0,0, 0
0.7545400119736579, 0.8448708092947138, 0.37595957043015, 0.309640403703547, 0,0, 0
0.7577329874276592, 0.8414364226658994, 0.37325680497703234, 0.31193105662313136, 0,0, 0
0.7459588904410297, 0.8533223565978061, 0.38425983815511294, 0.3198825266522684, 0,0, 0
0.7595955564424932, 0.8355542716651526, 0.37339591151877827, 0.3081766957809331, 0,0, 0
0.7616576864232023, 0.842759459345224, 0.35919051877963054, 0.30761201783801745, 0,0, 0
0.7659149870285372, 0.8504456638949617, 0.3763957172154591, 0.31158129095274745, 0,0, 0
0.7322557041176079, 0.8511663565539916, 0.3908491743874405, 0.3150491183284827, 0,0, 0
0.7677775560433713, 0.8194882542789909, 0.36856466022690687, 0.32161904244149275, 0,0, 0
0.7619237677110358, 0.8174876831913327, 0.3635891714778897, 0.30901706926764616, 0,0, 0
0.763453735116078, 0.802153080295687, 0.3694180967311132, 0.30348534891932194, 0,0, 0
0.7625889709306193, 0.8053717271489632, 0.3743147806923134, 0.3022558632622473, 0,0, 0
0.7622563693208275, 0.791242632142209, 0.35050765373631393, 0.3082976348093846, 0,0, 0
0.7641189383356616, 0.8052961145163338, 0.3593078450701326, 0.3025839131579092, 0,0, 0
0.7592629548327013, 0.8113959105337106, 0.3613409870696473, 0.30804898575531553, 0,0, 0
0.7765582385418746, 0.8238333698776741, 0.34732046999774374, 0.3003762555843556, 0,0, 0
0.782944189449877, 0.8360924019416868, 0.35010462650784036, 0.29078629443866816, 0,0, 0
0.7802168562495843, 0.8123385773098837, 0.3554022341243175, 0.2958648353323017, 0,0, 0
0.7680436373312047, 0.8250472767412894, 0.3684275274584343, 0.3037589734664344, 0,0, 0
0.7637863367258697, 0.8081710431645256, 0.3613647041029281, 0.3059877504604776, 0,0, 0
0.7758930353222909, 0.7934083666227358, 0.35075047060344117, 0.2956289353812974, 0,0, 0
0.7736313443757068, 0.785030276277771, 0.36469022445114274, 0.3023873848089185, 0,0, 0
0.7767577995077496, 0.8057744984989268, 0.33800295257269425, 0.29182030241691753, 0,0, 0
0.7761591166101244, 0.7988514510771667, 0.3555024155333224, 0.2963943850999812, 0,0, 0
0.7685757999068715, 0.7964175705258904, 0.37295583670761734, 0.30781779066274434, 0,0, 0
0.7658484667065789, 0.7908562242880096, 0.3671358075998264, 0.3032959075985603, 0,0, 0
0.7655823854187455, 0.7910342483902526, 0.3465812625922936, 0.30056225068393966, 0,0, 0
0.7572673451739507, 0.8074095972887094, 0.36918316287298814, 0.31206143364941297, 0,0, 0
0.10051220647907935, 2.3046940122386266, 0.9118740378459329, 0.5834313467993189, 0,0, 0
0.2434643783675913, 2.0747070292239256, 0.7862696020900877, 0.5197333903891888, 0,0, 0
0.3965276391937737, 2.077462188007906, 0.7162937995130789, 0.3450381999453452, 0,0, 0
0.4339785804563294, 1.9396934960287011, 0.6888613877284174, 0.4624485404093263, 0,0, 0
0.46131843278121465, 1.8906359171697673, 0.6700826035712792, 0.45505913061083375, 0,0, 0
0.6315439366726535, 1.912425232617146, 0.5819608009690863, 0.3837375449707308, 0,0, 0
0.5692809153196301, 1.680560112345451, 0.6084789005828448, 0.3815133046649859, 0,0, 0
0.599348100844808, 1.5832946514944342, 0.5825665523085413, 0.3949216305783303, 0,0, 0
0.5727399720614648, 1.4286451301147962, 0.5971166157912224, 0.39269587299953473, 0,0, 0
0.6012106698596421, 1.3259767393413928, 0.5645518266175399, 0.3536736560687052, 0,0, 0
0.5895030931949711, 1.313583738175861, 0.5686202803444008, 0.3946017705275452, 0,0, 0
0.5810550123062596, 1.2907632908285822, 0.5631277832106619, 0.3907783860934565, 0,0, 0
0.682897625224506, 1.2091340488969309, 0.48611923500028803, 0.3466409305590655, 0,0, 0
0.6063992549723941, 1.2481059639564178, 0.5585748932500165, 0.39061116571864846, 0,0, 0
0.6912126654693008, 1.199400730593146, 0.452728398260706, 0.3273005813739303, 0,0, 0
0.6315439366726535, 1.155538153301855, 0.528335474994758, 0.36921272671378896, 0,0, 0
0.6190381161444821, 1.1782978702712164, 0.5330482258198004, 0.36600282647562216, 0,0, 0
0.6193041974323156, 1.142486399515943, 0.5375611426270952, 0.3720137273297391, 0,0, 0
0.6467105700791592, 1.0938751437187209, 0.5046561698678845, 0.36422514219916297, 0,0, 0
0.685092795849132, 1.1116596228634952, 0.4695986567811877, 0.35386101584802143, 0,0, 0
0.6491718219916185, 1.095679131425411, 0.49394906563503777, 0.36142857302454123, 0,0, 0
0.6711235282378767, 1.0828706987216665, 0.49036163140740263, 0.36110226585155886, 0,0, 0
0.650568748752744, 1.0847398452247032, 0.508413315963065, 0.3595443740448054, 0,0, 0
0.6435841149471163, 1.0792793983501956, 0.5097002745370854, 0.3693658577473586, 0,0, 0
0.6374642453269473, 1.0728581485733668, 0.49780524588995073, 0.37204360917196494, 0,0, 0
0.6669992682764585, 1.0640561509202664, 0.4850634968785833, 0.3579189226525629, 0,0, 0
0.6191046364664405, 1.0785797238532053, 0.5273282173960127, 0.3802227073668574, 0,0, 0
0.6465110091132841, 1.0458538524470193, 0.49999774834587574, 0.3654184437665339, 0,0, 0
0.6779086010776292, 1.0183098333760707, 0.48150604854578, 0.3664474008839336, 0,0, 0
0.6726534956429189, 1.0294090864984686, 0.4606780182340718, 0.3462588701866895, 0,0, 0
0.6701257234085013, 1.0294617955108079, 0.48594145321426957, 0.35573279506592115, 0,0, 0
0.6685292356815007, 1.0127876377372869, 0.4810635159116434, 0.358826174453214, 0,0, 0
0.6675979511740837, 1.0083753027269136, 0.47249390163572363, 0.35898013245666577, 0,0, 0
0.685092795849132, 1.0231319615748857, 0.46306713077935086, 0.35542826433211133, 0,0, 0
0.7145612984766846, 1.0194555829282501, 0.44348514741805034, 0.3419098224338712, 0,0, 0
0.6974655757333865, 1.0066765298627074, 0.4705754907833846, 0.35011542944780066, 0,0, 0
0.6956030067185525, 1.0053173299281124, 0.4420500076538299, 0.3461191255105409, 0,0, 0
0.6853588771369653, 0.9919959838521748, 0.4700631665542997, 0.33724182257522506, 0,0, 0
0.6309452537750283, 0.988196017598275, 0.5046665339264578, 0.36937884994439, 0,0, 0
0.6956030067185525, 0.9659901275944563, 0.43361518300215507, 0.3413261071363032, 0,0, 0
0.6725204549990021, 0.9680628218916177, 0.4714037497935405, 0.36389787305265925, 0,0, 0
0.6695935608328344, 0.977876530060661, 0.4721685750425005, 0.35610171153759224, 0,0, 0
0.688086210337258, 0.9875230428749011, 0.46336801554418355, 0.3521547961912119, 0,0, 0
0.6794385684826715, 0.974823656086104, 0.4771866623730251, 0.35324570439577363, 0,0, 0
0.7262688751413556, 0.9612075738199459, 0.41052871150729425, 0.31880124501239515, 0,0, 0
0.6997937870019291, 0.9705660386083612, 0.44375737616575234, 0.3444439601400065, 0,0, 0
0.7206811680968536, 0.9738014331249629, 0.42801549199914035, 0.3412496893693318, 0,0, 0
0.7332535089469833, 0.9540081382159465, 0.4157938886155428, 0.32555848998157727, 0,0, 0
0.7289962083416484, 0.9527089629675308, 0.4168842321139303, 0.33441472759165647, 0,0, 0
0.7471562562362802, 0.9517511517341753, 0.4141870063518967, 0.32202322896664126, 0,0, 0
0.7327213463713165, 0.9579181936636729, 0.42386946518060226, 0.32801250840765867, 0,0, 0
0.7000598682897625, 0.9532749446099241, 0.4445554707165653, 0.3456543892264574, 0,0, 0
0.7240071841947715, 0.9510929940450629, 0.42618315930933015, 0.33893483711617844, 0,0, 0
0.700325949577596, 0.9591422821820244, 0.4518777768953674, 0.3414467643134719, 0,0, 0
0.7158251845938934, 0.9550522203781893, 0.4187209527877678, 0.34488236174917763, 0,0, 0
0.7104370385152664, 0.9524902732483131, 0.4438260421666711, 0.34296674388668696, 0,0, 0
0.7192177210137697, 0.9509946204155408, 0.44441083261427067, 0.3413766960880823, 0,0, 0
0.7341182731324419, 0.947283428568338, 0.42407656670890687, 0.33058860480338403, 0,0, 0
0.7208142087407703, 0.9266225365140766, 0.4326226995919976, 0.33196450011419626, 0,0, 0
0.7215459322823122, 0.9364786293991347, 0.4123718305221392, 0.33447791945377753, 0,0, 0
0.738774695669527, 0.9297608317948908, 0.40989084184991775, 0.31579581949234947, 0,0, 0
0.7215459322823122, 0.9244424634758095, 0.40542079855542856, 0.3172152085258869, 0,0, 0
0.7335861105567751, 0.9144682235663012, 0.39774155975729947, 0.32359336514213316, 0,0, 0
0.7182864365063527, 0.9110704537832244, 0.4226098097652508, 0.3454393416531873, 0,0, 0
0.7468236546264884, 0.9118804288637596, 0.4060142990091299, 0.3152284956347502, 0,0, 0
0.7245393467704384, 0.9098352157870262, 0.40666380167876537, 0.3177374811985775, 0,0, 0
0.7555378168030333, 0.9120201690139275, 0.39845012703851695, 0.31504424453987645, 0,0, 0
0.7544734916516996, 0.8993040718385592, 0.36977307272562404, 0.30943304519690396, 0,0, 0
0.7558704184128251, 0.8911106347509147, 0.3641260650718249, 0.303504961699987, 0,0, 0
0.7671788731457461, 0.8906888751824069, 0.36950209911621845, 0.29654145040806834, 0,0, 0
0.7728331005122064, 0.9000438033252298, 0.38162295383808803, 0.3118464670845766, 0,0, 0
0.7498170691146145, 0.8987706294479348, 0.3799906673769272, 0.30731968033911505, 0,0, 0
0.7257367125656888, 0.8981239381413538, 0.4292564757363423, 0.3387582968307792, 0,0, 0
0.7313244196101909, 0.8718681492103524, 0.3998057199474394, 0.3237181892040222, 0,0, 0
0.7616576864232023, 0.8897328570741193, 0.38464950389416286, 0.30608545275311494, 0,0, 0
0.7587307922570345, 0.872391541096019, 0.3926342523971904, 0.31699282824075947, 0,0, 0
0.768110157653163, 0.8621020308634525, 0.3784121805830331, 0.30632393960449267, 0,0, 0
0.759928158052285, 0.8691017909140212, 0.3721324031137877, 0.31149413213622523, 0,0, 0
0.7668462715359542, 0.8735068057813073, 0.3893616842573656, 0.30884891859956887, 0,0, 0
0.7758265150003326, 0.8560960478149773, 0.3725394426846357, 0.29885112149017057, 0,0, 0
0.7671788731457461, 0.8663424740779072, 0.36717724210837865, 0.30951937120367906, 0,0, 0
0.768841881194705, 0.8512667939934369, 0.3780342641501433, 0.31150542503365036, 0,0, 0
0.7695736047362469, 0.8391955694054568, 0.36619210874221053, 0.3139051066182419, 0,0, 0
0.7653828244528703, 0.8685788516043057, 0.4007797468452391, 0.3131937735553321, 0,0, 0
0.7814807423667931, 0.8405234891367154, 0.35630988020272225, 0.2978933308667457, 0,0, 0
0.7633206944721612, 0.8672740421714374, 0.39492089916313944, 0.31382441324691895, 0,0, 0
0.7698396860240804, 0.8696627287273555, 0.3687133239357191, 0.3063831066429254, 0,0, 0
0.7730991818000399, 0.8653513970286131, 0.3711495526309372, 0.30677616435614863, 0,0, 0
0.7597285970864099, 0.8760275008031877, 0.40421602909430804, 0.31698297517074253, 0,0, 0
0.7299940131710237, 0.8666359698873833, 0.4179826947093492, 0.33086698679825405, 0,0, 0
0.7544734916516996, 0.8241167935912739, 0.371175959975456, 0.31079998785789403, 0,0, 0
0.7696401250582052, 0.8360395154641752, 0.36131437482035894, 0.3116860416116693, 0,0, 0
0.7792190514202089, 0.8361459961265716, 0.3664569951883797, 0.30722910439672374, 0,0, 0
0.7730991818000399, 0.8350984181209787, 0.348159837470575, 0.30459673537644927, 0,0, 0
0.7705048892436639, 0.8160500028692744, 0.3735034476505944, 0.3059738816042664, 0,0, 0
0.7687753608727467, 0.8305739036242749, 0.37768427835656193, 0.3067192923992968, 0,0, 0
0.7705048892436639, 0.8277507970500545, 0.37227076475214926, 0.30763372340878975, 0,0, 0
0.782212465908335, 0.812158286031352, 0.34476357368612254, 0.3017332230526598, 0,0, 0
0.7798842546397925, 0.8169271040108581, 0.35996863280275226, 0.30103047966140795, 0,0, 0
0.7727665801902481, 0.7986973316224557, 0.36025941942964634, 0.3068834199659813, 0,0, 0
0.7701057673119138, 0.81651680069067, 0.3712921655407879, 0.3133450924113302, 0,0, 0
0.09605534490786935, 2.3041069748983216, 0.8921911810506828, 0.30709522232969944, 0,0, 0
0.2694738242533094, 2.0491463529217517, 0.8172505562489948, 0.5212887789229758, 0,0, 0
0.3868156721878534, 1.9959696851145885, 0.7513685838911328, 0.49302441289172, 0,0, 0
0.43391206013437106, 1.7062483573547897, 0.7050472205265759, 0.45946073889609645, 0,0, 0
0.47508813942659484, 1.571130440695247, 0.6887209991745289, 0.46286599546287865, 0,0, 0
0.49550987826781084, 1.5191334310645468, 0.6763778413410132, 0.43904664458896614, 0,0, 0
0.5770637929887581, 1.431261992815386, 0.6205133097908225, 0.431837473567347, 0,0, 0
0.6135169294219384, 1.3120260285491754, 0.5737829875736032, 0.4016969012054632, 0,0, 0
0.6306126521652364, 1.170447740895872, 0.5681193044541886, 0.4030761319253585, 0,0, 0
0.6278853189649438, 1.2099144057897189, 0.5522551403322313, 0.38217188390028206, 0,0, 0
0.6992616244262623, 1.122079425838509, 0.46810930366660636, 0.3516329913484815, 0,0, 0
0.6643384553981241, 1.178092722501166, 0.5176826837526969, 0.36686144203170556, 0,0, 0
0.640923302068782, 1.0869497569024469, 0.5440012897446227, 0.40229520278366093, 0,0, 0
0.6284174815406106, 1.0463540394724677, 0.5595311391736815, 0.401062660638674, 0,0, 0
0.6632076099248321, 1.0260211491229, 0.5068466527838639, 0.37311830528688233, 0,0, 0
0.6717222111355019, 1.0090843713906452, 0.49830899629471914, 0.36761009125698185, 0,0, 0
0.6426528304396993, 1.07319142345304, 0.529760820240463, 0.38959100690242954, 0,0, 0
0.673784341116211, 0.9918780890235185, 0.47642627968482776, 0.35629287963243295, 0,0, 0
0.7202820461651034, 0.9689425705030495, 0.4531192088087146, 0.3329628284542321, 0,0, 0
0.7327878666932748, 0.9592446670683815, 0.43253515231900586, 0.33137482462653184, 0,0, 0
0.6654027805494579, 0.981086961589994, 0.5001164263431452, 0.3690935578741001, 0,0, 0
0.7035189250315972, 0.9533435357797055, 0.46282069381389657, 0.35426315869031383, 0,0, 0
0.6818998203951308, 0.9636868322868907, 0.45592553624383414, 0.34036984815520505, 0,0, 0
0.7170225503891439, 0.941247532064178, 0.40645354183256055, 0.3401152540840787, 0,0, 0
0.6822324220049225, 0.9256040361818123, 0.4685678872759218, 0.3709267408899133, 0,0, 0
0.7131643717155591, 0.9104278534621685, 0.4428304307686047, 0.3524256706868128, 0,0, 0
0.6795716091265882, 0.9062003313915434, 0.4612848331888344, 0.34151381143535603, 0,0, 0
0.7156256236280184, 0.886330371810024, 0.44292720164863847, 0.3510047958422977, 0,0, 0
0.7037184859974722, 0.8986944969849304, 0.4238625869676917, 0.3289060199782055, 0,0, 0
0.7069779817734317, 0.8979125354135425, 0.43474704080656584, 0.34740664031694224, 0,0, 0
0.7126322091398922, 0.887843463478423, 0.45509554614682424, 0.35977568248857655, 0,0, 0
0.7641189383356616, 0.8808023510085091, 0.404179708842155, 0.3290579033942595, 0,0, 0
0.768110157653163, 0.880464351851077, 0.3618687092054163, 0.3002782247994365, 0,0, 0
0.7603272799840352, 0.8598998248310756, 0.3932045452150149, 0.319567664802065, 0,0, 0
0.686223641322424, 0.8815196001032527, 0.47136965473876025, 0.369745984555723, 0,0, 0
0.7486862236413224, 0.8782505565776113, 0.41687883990136043, 0.3362787984638443, 0,0, 0
0.7607929222377436, 0.877031144839622, 0.40216355204934146, 0.32537962264774917, 0,0, 0
0.7367790860107762, 0.8543052221134969, 0.427266014517509, 0.33399498299823027, 0,0, 0
0.6858910397126322, 0.876705066261047, 0.46311482500729007, 0.36190659221781774, 0,0, 0
0.747488857846072, 0.8585067099591229, 0.39635964938283474, 0.306151262661827, 0,0, 0
0.7164903878134771, 0.8665457520202782, 0.40620546220554415, 0.3334872551727158, 0,0, 0
0.7262688751413556, 0.8623502059834214, 0.42710088323891215, 0.3419733822777654, 0,0, 0
0.7520787600611987, 0.8394210805525611, 0.40707592113159996, 0.31751549070588914, 0,0, 0
0.7635202554380364, 0.8677240377361732, 0.36476853626091726, 0.29740099066932346, 0,0, 0
0.7615246457792856, 0.8653978685455361, 0.3905584428127063, 0.3181375090817278, 0,0, 0
0.7702388079558306, 0.8399180383011514, 0.3755501575327706, 0.3161594946835272, 0,0, 0
0.7497505487926561, 0.844247436791274, 0.4285146139572849, 0.33361896757147796, 0,0, 0
0.7663141089602874, 0.8185841759656594, 0.3643897415264842, 0.3198435170408944, 0,0, 0
0.7597285970864099, 0.8287257183012845, 0.3726967892250775, 0.3157308549784429, 0,0, 0
0.7661810683163707, 0.8096530733994013, 0.37053655823081, 0.31496118539806195, 0,0, 0
0.7560699793787002, 0.8042713233467548, 0.3859230296165196, 0.3216798490100078, 0,0, 0
0.7632541741502029, 0.7872793921767183, 0.37492984399167656, 0.31665119804062897, 0,0, 0
0.7741635069513736, 0.7875610307269881, 0.3619247921860581, 0.30497023847963173, 0,0, 0
0.7746291492050822, 0.7950819351145673, 0.3482153394221726, 0.3065150781433151, 0,0, 0
0.7736978646976651, 0.791525919531655, 0.3649044125821239, 0.31668583415445706, 0,0, 0
0.7668462715359542, 0.8007560308219862, 0.3840965333178252, 0.32366087487073275, 0,0, 0
0.7635202554380364, 0.8078918332886347, 0.3883616174084568, 0.32106115207575103, 0,0, 0
0.761790727067119, 0.8010033773029834, 0.3953693693464414, 0.33956146199853565, 0,0, 0
0.7683762389409965, 0.7809973283757761, 0.39473518878001, 0.3200873854203997, 0,0, 0
0.7750282711368323, 0.7968978238473976, 0.3445538598209512, 0.30280328628376313, 0,0, 0
0.7724339785804564, 0.8073988453716183, 0.36103534473817755, 0.30966336888150464, 0,0, 0
0.7661810683163707, 0.8186048140576273, 0.3894427275137571, 0.323368425185029, 0,0, 0
0.7685757999068715, 0.804551198425014, 0.39368325034194224, 0.32824732766625814, 0,0, 0
0.7511474755537817, 0.8008516172933179, 0.41286082990802053, 0.3296867336121656, 0,0, 0
0.7745626288831238, 0.7774749550003694, 0.37316560869155724, 0.3237716945784313, 0,0, 0
0.7852058803964611, 0.7830476950005818, 0.34215677794417737, 0.2995593361714024, 0,0, 0
0.7782877669127919, 0.7803745187310163, 0.3280133149073604, 0.2952205804972942, 0,0, 0
0.7832102707377103, 0.7592021145958255, 0.3480714509093221, 0.3066791274960504, 0,0, 0
0.7814142220448347, 0.7653561177183099, 0.3540068593011238, 0.31002178395113283, 0,0, 0
0.7838089536353356, 0.7455716051712212, 0.3484679753253412, 0.2991222729711499, 0,0, 0
0.7817468236546264, 0.7519024769495671, 0.35581823239405025, 0.3060857824940503, 0,0, 0
0.7715692143949977, 0.7685373157367129, 0.38472509653082665, 0.3138733461315196, 0,0, 0
0.78686888844542, 0.7510746067606848, 0.3334342223626332, 0.2929876231904138, 0,0, 0
0.7788199294884587, 0.767860777119553, 0.34805516719079466, 0.30546051957979364, 0,0, 0
0.7808155391472095, 0.7522367653665949, 0.3496262538299787, 0.30526160861085283, 0,0, 0
0.7726335395463314, 0.7520266751208188, 0.38109647859718565, 0.32379142619041734, 0,0, 0
0.7908601077629216, 0.7340946418335219, 0.32037607730838663, 0.2974645789872374, 0,0, 0
0.782944189449877, 0.7772085694656264, 0.3467382124628349, 0.29961962733645825, 0,0, 0
0.7852058803964611, 0.7607212218195215, 0.3415168895385941, 0.29573644711292696, 0,0, 0
0.7818133439765849, 0.7780686264434147, 0.3493111081405499, 0.30054914602163035, 0,0, 0
0.7858045632940863, 0.7718276628523326, 0.3479413857122006, 0.30428061668024964, 0,0, 0
0.7879332135967538, 0.7696960945606712, 0.3317641638179401, 0.29966056751993286, 0,0, 0
0.7734317834098317, 0.7657874857032084, 0.35571350487000236, 0.3119162682453363, 0,0, 0
0.785738042972128, 0.7566793625485271, 0.32174290260339933, 0.28972036680069935, 0,0, 0
0.7838089536353356, 0.7599655261863736, 0.34410394667976457, 0.30271937426847123, 0,0, 0
0.783875473957294, 0.7775945907468513, 0.3207075290422525, 0.29337804248212873, 0,0, 0
0.7718352956828312, 0.7695305827334338, 0.3592642476472325, 0.31338782928282066, 0,0, 0
0.785738042972128, 0.7449363819126628, 0.34200185580585, 0.3002548911797588, 0,0, 0
0.7856715226501696, 0.7716728634018728, 0.3339809220513908, 0.2962012765422202, 0,0, 0
0.7810816204350429, 0.7705879026337423, 0.35151732794090235, 0.3141807755405494, 0,0, 0
0.7895962216457127, 0.7533783634288229, 0.33100065361820713, 0.29604192275532876, 0,0, 0
0.7794186123860839, 0.7619513950476307, 0.3419123583667125, 0.3002196409293807, 0,0, 0
0.7832102707377103, 0.7518526012336143, 0.3411183151889485, 0.2976441325331444, 0,0, 0
0.7732322224439566, 0.7600525344921009, 0.38366569582648746, 0.3137518165337518, 0,0, 0
0.7925231158118805, 0.7115802928406195, 0.31111071078441854, 0.28519515517399374, 0,0, 0
0.7903944655092131, 0.7371386020623963, 0.3225471713326455, 0.28775827253212, 0,0, 0
0.7852058803964611, 0.7260723826695099, 0.32262937736635466, 0.2929071540099073, 0,0, 0
0.7795516530300006, 0.7202438398844667, 0.3524359252931875, 0.3231640536076582, 0,0, 0
0.7911927093727134, 0.7654116463252627, 0.3193383091447603, 0.29141696839859205, 0,0, 0
0.784075034923169, 0.733122658788615, 0.35073699104876416, 0.31058539108570804, 0,0, 0
0.78686888844542, 0.7137216044280845, 0.33841114882690726, 0.2980951460319394, 0,0, 0
0.10829508414820728, 2.303248221611125, 0.8974609667625459, 0.266209926771891, 0,0, 0
0.26215658883788995, 2.069527539554759, 0.7734358290914857, 0.5071609007766539, 0,0, 0
0.3866161112219783, 1.9495959616025385, 0.6772388581147882, 0.42924779995607926, 0,0, 0
0.5008315040244795, 1.637872790114486, 0.6200389889426827, 0.3479019931913129, 0,0, 0
0.594691678307723, 1.6249428091758202, 0.5743933823525829, 0.3731209299476443, 0,0, 0
0.6068648972261026, 1.4144263706071953, 0.5423096144543844, 0.3769686203189622, 0,0, 0
0.6804363733120469, 1.2006689779550757, 0.5223158739309508, 0.34726514741821396, 0,0, 0
0.6544934477482871, 1.1701905247833408, 0.5381523191064222, 0.38414176083142865, 0,0, 0
0.6752477881992949, 1.1762143077439944, 0.5273657211463578, 0.3716816737697537, 0,0, 0
0.685292356815007, 1.1144593919960093, 0.4988394404107536, 0.3310431549796843, 0,0, 0
0.6662675447349166, 1.0869224410797709, 0.4862873166608118, 0.3040701008301927, 0,0, 0
0.6411893833566155, 1.0689204858306716, 0.5184901898751465, 0.3350573101369798, 0,0, 0
0.6653362602274995, 1.0772372984802485, 0.48309501276750894, 0.3404945483623065, 0,0, 0
0.6541608461384953, 1.038134561362588, 0.49446530232781016, 0.3403277483832212, 0,0, 0
0.6699261624426263, 0.9713798045667417, 0.47961382753284426, 0.3424573006450564, 0,0, 0
0.7071110224173485, 0.9529597511895902, 0.4666176349309565, 0.3270832884033411, 0,0, 0
0.6858245193906739, 0.9543575616090645, 0.5018693355436258, 0.34834272195361426, 0,0, 0
0.6934078360939266, 0.9416146560850314, 0.47970651307064427, 0.34322230210329935, 0,0, 0
0.7008581121532628, 0.9403756119394243, 0.4685871464106823, 0.3264887515038846, 0,0, 0
0.7055145346903479, 0.9329492426666636, 0.47739750405157794, 0.3346819281056249, 0,0, 0
0.7087740304663075, 0.9327155666605547, 0.4520970554831264, 0.3321513412466266, 0,0, 0
0.6998603073238875, 0.8992949211326602, 0.45736645421579725, 0.33673831244219876, 0,0, 0
0.7087740304663075, 0.9014289087170256, 0.4525827931226589, 0.339439567072285, 0,0, 0
0.7124991684959755, 0.888568903850109, 0.45231489706414335, 0.33464279758943233, 0,0, 0
0.6947382425330939, 0.9030617220848397, 0.482783606722733, 0.3417688444685135, 0,0, 0
0.7107031198030999, 0.8778919273576083, 0.4577951767846542, 0.33894515668722286, 0,0, 0
0.6959356083283443, 0.8897254309170743, 0.47330992251220666, 0.3429001854133959, 0,0, 0
0.6991951041043039, 0.8745119459904547, 0.4554425267500741, 0.33370464023811125, 0,0, 0
0.7423667930552784, 0.8594322125482872, 0.4016636709804906, 0.32075449143194434, 0,0, 0
0.7477549391339054, 0.8442286383977587, 0.40304454785754723, 0.3191242925021395, 0,0, 0
0.7168229894232688, 0.8652428942375205, 0.4473164405485269, 0.3265112030520755, 0,0, 0
0.7128317701057673, 0.8680926596680706, 0.42191597945104076, 0.31749872185257216, 0,0, 0
0.7438967604603206, 0.8492338096891532, 0.4184366044025637, 0.3254114484406207, 0,0, 0
0.7291292489855651, 0.8643492657388698, 0.39294512918607283, 0.3051701037212814, 0,0, 0
0.7049823721146811, 0.8734031409187165, 0.45762905925781405, 0.33406173596460353, 0,0, 0
0.7143617375108096, 0.8726270850464084, 0.44247750559258364, 0.31835692235095037, 0,0, 0
0.717421672320894, 0.8946811649593065, 0.4089173130934216, 0.3119024138698856, 0,0, 0
0.7067119004855984, 0.8886161599623463, 0.4322420932585787, 0.3198939435552958, 0,0, 0
0.7230093793653961, 0.8388492660049313, 0.39959956968613963, 0.3124717231242486, 0,0, 0
0.7364464844009845, 0.8223622024680224, 0.4057875983896537, 0.3114307316089377, 0,0, 0
0.7332535089469833, 0.8165275668000302, 0.4173438951584767, 0.31646088406514816, 0,0, 0
0.7330539479811082, 0.817105885218594, 0.39201461998318615, 0.3055704055262385, 0,0, 0
0.7194838023016031, 0.8239257291048274, 0.40023738837578127, 0.3069004027919772, 0,0, 0
0.7222776558238542, 0.8392941787038936, 0.4047041226219273, 0.30630601791145007, 0,0, 0
0.7240737045167298, 0.8303722179678826, 0.4186642578597666, 0.3163721241828085, 0,0, 0
0.7355151998935675, 0.8186398322687591, 0.399178605182331, 0.3115629790001249, 0,0, 0
0.7265349564291891, 0.8238458830637826, 0.4064472521923186, 0.31492141949132707, 0,0, 0
0.7461584514069048, 0.8081732288980166, 0.37463383812615225, 0.3029201800745881, 0,0, 0
0.7346504357081088, 0.8155276910894088, 0.4084712799593214, 0.3176027719647918, 0,0, 0
0.7450276059336127, 0.822451823037306, 0.39283154126863173, 0.31393534527565803, 0,0, 0
0.7452271668994878, 0.810098196975105, 0.3918616533134496, 0.3115688095251859, 0,0, 0
0.7403711833965276, 0.793407961967135, 0.3898231773118067, 0.30784022032212366, 0,0, 0
0.7293953302733985, 0.8034656561584868, 0.40510123874761106, 0.3151073629664489, 0,0, 0
0.7386416550256103, 0.8041176187387904, 0.40049534726377894, 0.31076606352571234, 0,0, 0
0.7565356216324087, 0.7968071316192888, 0.38366811674680557, 0.29982166884207123, 0,0, 0
0.7371782079425264, 0.7860515141041158, 0.40078946491083783, 0.3148384205721833, 0,0, 0
0.7558704184128251, 0.7694219273064283, 0.38294890015417615, 0.3074612379365252, 0,0, 0
0.7437637198164039, 0.7915537720656324, 0.38618646299401166, 0.2967611907874762, 0,0, 0
0.7485531829974057, 0.7982640576702267, 0.3796530942994345, 0.3083156662857328, 0,0, 0
0.7356482405374842, 0.7885758444718252, 0.3948423390000635, 0.30917291107222267, 0,0, 0
0.7495509878267811, 0.7670041891762726, 0.391015266856803, 0.3122731302828059, 0,0, 0
0.7512805161976984, 0.7627106012555961, 0.39076144267125995, 0.3083513060179364, 0,0, 0
0.7597951174083682, 0.7512852395311289, 0.3657578816053995, 0.2999485854907719, 0,0, 0
0.7518126787733652, 0.752476105982792, 0.38995799934270914, 0.3136079649785916, 0,0, 0
0.7639193773697864, 0.7624471720159783, 0.36018664878898354, 0.2936520626444292, 0,0, 0
0.762522450608661, 0.7611927977055517, 0.3700653376382607, 0.3017737163083952, 0,0, 0
0.7566686622763255, 0.7480398676814664, 0.3808339273838285, 0.30982556791622856, 0,0, 0
0.7583981906472428, 0.747071949613304, 0.3633848511522625, 0.30152615908545427, 0,0, 0
0.7778886449810417, 0.7474153991501324, 0.3483316353963051, 0.2893440450947036, 0,0, 0
0.747488857846072, 0.7539637471492109, 0.39174080477257334, 0.3122732754935922, 0,0, 0
0.7683097186190381, 0.7436555203570059, 0.36488229715783554, 0.3056784311170785, 0,0, 0
0.7632541741502029, 0.765693972793552, 0.35747178411316116, 0.30264545430219053, 0,0, 0
0.7609924832036187, 0.732685130297641, 0.3765988460398723, 0.3092303329942851, 0,0, 0
0.7715692143949977, 0.7412495321466341, 0.36351074319338755, 0.299231555125185, 0,0, 0
0.7554047761591166, 0.7494279843933751, 0.39273693286733846, 0.3096063109324454, 0,0, 0
0.7725670192243731, 0.730299685065898, 0.36432001893745003, 0.3004647910156591, 0,0, 0
0.7675779950774961, 0.7358056416668904, 0.37194364940834856, 0.2975975261686332, 0,0, 0
0.7731657021219983, 0.7680822835017207, 0.33904120706031315, 0.2938361041308658, 0,0, 0
0.7748287101709572, 0.743921969090373, 0.32909855905188296, 0.2927806703361824, 0,0, 0
0.7824120268742101, 0.7215191653157204, 0.3209934486169916, 0.2869589594511185, 0,0, 0
0.783143750415752, 0.7087655954290821, 0.332034046585937, 0.29196040756420616, 0,0, 0
0.7676445153994546, 0.7067576053784672, 0.36032288510169047, 0.2958573705326431, 0,0, 0
0.7551386948712832, 0.7342959461700755, 0.3829430928148333, 0.3087299888670578, 0,0, 0
0.7571343045300339, 0.7256974744518443, 0.38586947111397246, 0.3078890236610334, 0,0, 0
0.7589303532229096, 0.7056917485662205, 0.3765296369502185, 0.3040467869291389, 0,0, 0
0.7649171821991618, 0.709918382083408, 0.36436647168411196, 0.29441703020384596, 0,0, 0
0.754739572939533, 0.7062520821263574, 0.3882822769442692, 0.30652035708390696, 0,0, 0
0.763653296081953, 0.7167076502804308, 0.3584059517445584, 0.29577054254810753, 0,0, 0
0.7862036852258365, 0.6989482251652729, 0.3121965769216471, 0.2845269208694786, 0,0, 0
0.7844076365329609, 0.7025607645474092, 0.33250104909562245, 0.28339914883863876, 0,0, 0
0.7830772300937937, 0.7009867988469594, 0.3387511306880433, 0.29056398386204946, 0,0, 0
0.7848732787866693, 0.6776043030986533, 0.3337091761413529, 0.28850427238961, 0,0, 0
0.7866028071575867, 0.689918895197845, 0.3111010364915104, 0.27797699985264945, 0,0, 0
0.7832767910596687, 0.6952114320740632, 0.32861106760413444, 0.2983302419000536, 0,0, 0
0.785738042972128, 0.6945483047851057, 0.3129188157949425, 0.2840685606819248, 0,0, 0
0.7794851327080423, 0.7113547296030215, 0.34200883975457586, 0.2967150597426543, 0,0, 0
0.7731657021219983, 0.7141828247115554, 0.3645271223058353, 0.29818087309925895, 0,0, 0
0.7597951174083682, 0.7148294753625807, 0.38268465942432445, 0.30239977706853977, 0,0, 0
0.7810151001130845, 0.7018903348870233, 0.33946402943977705, 0.2974358469389494, 0,0, 0
0.7889310184261292, 0.675829935655497, 0.32104214801721825, 0.29176554022876344, 0,0, 0
0.7886649371382958, 0.7023198285604364, 0.31167629435868166, 0.27851595862298184, 0,0, 0
0.09166500365861771, 2.3029969297768247, 0.8987041353328654, 0.33349204959733636, 0,0, 0
0.1900485598350296, 2.20586860383698, 0.8154321290173928, 0.5216784205596645, 0,0, 0
0.2789862302933546, 2.140104208672617, 0.7854684833438182, 0.4801641781305429, 0,0, 0
0.537883323355285, 2.048309805792407, 0.6578884524229881, 0.41948023322436834, 0,0, 0
0.5551120867424998, 1.841794170599327, 0.6161520779089696, 0.33777519881989504, 0,0, 0
0.5265748686223641, 1.5380364665333504, 0.6394315187557847, 0.4299669349402304, 0,0, 0
0.55105434710304, 1.4972655596992765, 0.6093230697564661, 0.4171668479261832, 0,0, 0
0.5463314042439965, 1.4852667433168023, 0.6251672064319902, 0.41769798092324323, 0,0, 0
0.5766646710570079, 1.444011322592317, 0.5775617742636804, 0.39904719367038316, 0,0, 0
0.6046032062795184, 1.4968922716988375, 0.5528243266088955, 0.39057291017015944, 0,0, 0
0.5968203286103905, 1.3517650957871346, 0.5625788907581596, 0.38478431892635606, 0,0, 0
0.6806359342779219, 1.2507700123480656, 0.5063449769892593, 0.36223228199698326, 0,0, 0
0.6491053016696601, 1.2188819367438555, 0.527573736652809, 0.37745547153929737, 0,0, 0
0.6776425197897957, 1.2093025577220333, 0.4708368858561581, 0.34481981039480225, 0,0, 0
0.6164438235881061, 1.1678188672084935, 0.5300015061201586, 0.3809419513656201, 0,0, 0
0.7042506485731391, 1.1329772600548875, 0.48264477607767053, 0.3502702557615647, 0,0, 0
0.6831637065123395, 1.1139204244978471, 0.4967619745886248, 0.36971462902575314, 0,0, 0
0.6755138694871283, 1.1226960930084964, 0.4997229077290221, 0.36792379677109005, 0,0, 0
0.6651366992616244, 1.0856167343400671, 0.510441691744457, 0.37358764746444306, 0,0, 0
0.6483735781281181, 1.0677828988392215, 0.4871056925628474, 0.36884399710553084, 0,0, 0
0.6492383423135768, 1.0388555249613667, 0.48992469466087085, 0.3686040496648772, 0,0, 0
0.6878201290494246, 1.0407034380265319, 0.4774076002755028, 0.36196740302876634, 0,0, 0
0.7363799640790262, 1.0092375476327526, 0.43299973617021853, 0.334495226234418, 0,0, 0
0.655956894831371, 1.032752955222736, 0.4842985224137278, 0.3666180812359912, 0,0, 0
0.6997272666799708, 0.992888669990703, 0.4597084056925205, 0.3587495296035954, 0,0, 0
0.662276325417415, 1.0180273857499158, 0.4673814016701792, 0.35671747323002784, 0,0, 0
0.6662010244129581, 1.0505333078861225, 0.46574133674144313, 0.34821361288325997, 0,0, 0
0.6924765515865097, 0.9874682107325273, 0.4789031979071606, 0.3588746624668567, 0,0, 0
0.6856914787467572, 0.9922372913715304, 0.47714549821043617, 0.3631745843715701, 0,0, 0
0.7133639326814342, 0.9862549830118931, 0.4514624581662857, 0.34677159990373435, 0,0, 0
0.7204150868090201, 0.9600577063662803, 0.4663423847070353, 0.35116036435302034, 0,0, 0
0.7049823721146811, 0.9563558756350188, 0.46678045755381214, 0.3510375624627081, 0,0, 0
0.6956030067185525, 0.9812586296483177, 0.46908531583657603, 0.35259338274392454, 0,0, 0
0.6911461451473425, 0.9676449648460057, 0.47229061458394334, 0.3591735190467814, 0,0, 0
0.6902813809618839, 0.9969402033291201, 0.4587429993451108, 0.35328508506693823, 0,0, 0
0.7024545998802634, 0.9621229026010828, 0.4425064255058205, 0.3441389427541375, 0,0, 0
0.6846271535954234, 0.945484079629871, 0.4843627241943792, 0.3630849297223794, 0,0, 0
0.7152265016962682, 0.9459965908879924, 0.42761795187742274, 0.3443975114159046, 0,0, 0
0.7156256236280184, 0.9366887551205461, 0.4374967373509506, 0.34307041799243143, 0,0, 0
0.7166899487793521, 0.9270662324254668, 0.4511248489261333, 0.3484816182427113, 0,0, 0
0.6826315439366727, 0.9332746131895638, 0.468520892803379, 0.35728136311206155, 0,0, 0
0.6825650236147143, 0.9503724880709029, 0.4683146683387691, 0.3569186393315543, 0,0, 0
0.6958690880063859, 0.9292919509520896, 0.4508811393933069, 0.3483601256702973, 0,0, 0
0.7246723874143551, 0.8880191465348404, 0.418952060491188, 0.3252474896556914, 0,0, 0
0.7331204683030665, 0.8784663871078798, 0.42297895789014733, 0.3333393674976858, 0,0, 0
0.7249384687021885, 0.8855329274165303, 0.4118804269150029, 0.32799284238672355, 0,0, 0
0.7680436373312047, 0.8827211423835588, 0.39815576522451374, 0.3230348501601498, 0,0, 0
0.7659815073504955, 0.8721689044181086, 0.4071624353533918, 0.3173244452723185, 0,0, 0
0.7629880928623695, 0.8617826543600872, 0.38561271951429577, 0.317060471381734, 0,0, 0
0.7706379298875806, 0.8673892372640564, 0.36487587970060464, 0.30427629419088636, 0,0, 0
0.740437703718486, 0.8708733951949279, 0.4308984781746956, 0.33404545046712797, 0,0, 0
0.7613250848134105, 0.8533484126915856, 0.4036408141184325, 0.3218591578455282, 0,0, 0
0.7358478015033593, 0.8697827043844913, 0.4121481148514215, 0.31928874633978466, 0,0, 0
0.7383755737377768, 0.8836142021587081, 0.42783515713536074, 0.334097114833841, 0,0, 0
0.7407703053282778, 0.8568470223358979, 0.4048279435806726, 0.31312097856381316, 0,0, 0
0.7414355085478613, 0.8486349279889597, 0.40075618758329207, 0.3131395756279956, 0,0, 0
0.7372447282644848, 0.84608623386306, 0.41412030195635197, 0.3236049460220283, 0,0, 0
0.7672453934677044, 0.8226366472192601, 0.3970444817866787, 0.320234560423304, 0,0, 0
0.7701722876338721, 0.816318623058575, 0.3659482073413477, 0.30212236152978666, 0,0, 0
0.7753608727466241, 0.8311626809531429, 0.37469601244083295, 0.3080112390885925, 0,0, 0
0.7677775560433713, 0.8174180513267394, 0.3963560870076892, 0.32194687562966867, 0,0, 0
0.7667132308920375, 0.8257944717566078, 0.3831499467322375, 0.31461015252827823, 0,0, 0
0.7595955564424932, 0.8360650365062048, 0.401778243136445, 0.3240711332732951, 0,0, 0
0.7667797512139959, 0.8401180504046873, 0.37180210022433385, 0.3001844198739182, 0,0, 0
0.7655823854187455, 0.8287225480458639, 0.3867190251448209, 0.3116869770018363, 0,0, 0
0.7639858976917449, 0.845180041977587, 0.374388691818315, 0.30819902487048306, 0,0, 0
0.7747621898489989, 0.8074409334608666, 0.3580048115579514, 0.2992702625344868, 0,0, 0
0.7727665801902481, 0.7933294559087497, 0.37731854977941, 0.3034334756644468, 0,0, 0
0.7709040111754141, 0.7834974686601044, 0.35566268687241104, 0.293840235375749, 0,0, 0
0.7663806292822457, 0.7823398858941166, 0.3669852882955345, 0.3061695608371459, 0,0, 0
0.7661810683163707, 0.7843340820756655, 0.36378900174227596, 0.3020536720913584, 0,0, 0
0.7769573604736247, 0.786513476230127, 0.36566492221355723, 0.3011886633202259, 0,0, 0
0.7689749218386217, 0.7784606161101912, 0.36419374652072734, 0.30610424166634415, 0,0, 0
0.774230027273332, 0.7885408165307483, 0.356356165044769, 0.2985671104437821, 0,0, 0
0.7823455065522518, 0.7983493001301952, 0.34590876332089776, 0.2915390287591844, 0,0, 0
0.7757599946783742, 0.7735596679067679, 0.32932041211302066, 0.294224973860584, 0,0, 0
0.750083150402448, 0.7680673629228493, 0.36363212444122567, 0.3063043662181176, 0,0, 0
0.777755604337125, 0.7557937230511431, 0.3334367644604659, 0.2933434561504961, 0,0, 0
0.7866028071575867, 0.7451618198205324, 0.317257086173503, 0.28194489080335594, 0,0, 0
0.7651832634869953, 0.7909440138466661, 0.35530640884755954, 0.2943718972725124, 0,0, 0
0.78686888844542, 0.7901219088108827, 0.30876367547677225, 0.27742297949499267, 0,0, 0
0.7808820594691678, 0.7856366317297097, 0.3374704531278113, 0.293580513870125, 0,0, 0
0.7725670192243731, 0.7857120294161029, 0.3616933387991551, 0.30132520026703463, 0,0, 0
0.7799507749617508, 0.7614645566672968, 0.34004825702417685, 0.2891710710185896, 0,0, 0
0.7804164172154593, 0.7443946269015024, 0.3572925636948648, 0.29665751368446, 0,0, 0
0.7701722876338721, 0.7451414535701699, 0.3671589993645973, 0.3011883976910728, 0,0, 0
0.7767577995077496, 0.7200816036424034, 0.35076297865219386, 0.294908191691384, 0,0, 0
0.7834098317035855, 0.7371758763335747, 0.3464806280447235, 0.299035769166798, 0,0, 0
0.777023880795583, 0.7229094693547663, 0.3532851488785432, 0.30416305488817236, 0,0, 0
0.7729661411561232, 0.7597376257053392, 0.3592316065178236, 0.2965120977328293, 0,0, 0
0.7731657021219983, 0.7975837199341662, 0.33875180537620175, 0.2937727639278458, 0,0, 0
0.7841415552451274, 0.7632880243000681, 0.3215213091995016, 0.28612433285167965, 0,0, 0
0.7776225636932083, 0.7517833175361099, 0.33946797345415136, 0.2931183262259599, 0,0, 0
0.7862036852258365, 0.7364651673021293, 0.3311240348360192, 0.2927028474308116, 0,0, 0
0.7881327745626289, 0.7273181096472447, 0.3154422166542011, 0.288342610326515, 0,0, 0
0.7804829375374177, 0.7431827139845462, 0.3313517193378972, 0.29090554087142484, 0,0, 0
0.777955165303, 0.7416752671254977, 0.3339016288398615, 0.2955894927649332, 0,0, 0
0.7816803033326681, 0.7622276316827999, 0.3495853185731231, 0.2962442167653908, 0,0, 0
0.783143750415752, 0.7403950330482395, 0.3452587541049475, 0.29693321688594315, 0,0, 0
0.7793520920641256, 0.7205548392394052, 0.3455303728345902, 0.29889634272701765, 0,0, 0
0.7806159781813344, 0.7326658357715441, 0.3464530069391848, 0.2923945268545228, 0,0, 0
0.1112884986363334, 2.300823746172879, 0.8959883677659957, 0.30332883055076193, 0,0, 0
0.2318233220248786, 2.1428183303981263, 0.8011969009509069, 0.41953342187341214, 0,0, 0
0.26348699527705716, 2.162305343922666, 0.8132588193960886, 0.529481091699237, 0,0, 0
0.40058537883323353, 1.8470391185746922, 0.7039704274703896, 0.47631424380052045, 0,0, 0
0.44302534424266615, 1.6724312147854776, 0.6769919483281797, 0.4419633951346305, 0,0, 0
0.46916783077230095, 1.4831167450321516, 0.6443736550343157, 0.4282113408204544, 0,0, 0
0.5022949511075634, 1.5221949435945463, 0.6251874049202857, 0.42356428526092715, 0,0, 0
0.5285704782811149, 1.4745227313276905, 0.597499571393574, 0.4080697877630029, 0,0, 0
0.6030067185525178, 1.3450559650957365, 0.5627235088544388, 0.355959067336471, 0,0, 0
0.6015432714694339, 1.330844254756994, 0.5413174254589828, 0.37764291597255545, 0,0, 0
0.6248919044768176, 1.2675137475191425, 0.5372179543590225, 0.37414597565751584, 0,0, 0
0.6252245060866095, 1.201910568045087, 0.5476547157792869, 0.37355227581636075, 0,0, 0
0.6121200026608129, 1.2087056442557094, 0.5486165674969525, 0.3759821200734557, 0,0, 0
0.6497039845672853, 1.189620963746378, 0.5101495704214085, 0.3616302635961898, 0,0, 0
0.6509678706844941, 1.145681930725079, 0.508869108111397, 0.36851233746813244, 0,0, 0
0.6506352690747024, 1.1240752692620137, 0.5236153733642002, 0.3663140002696196, 0,0, 0
0.6540943258165369, 1.105430155111862, 0.5038647501553053, 0.3635677025879314, 0,0, 0
0.6519656755138695, 1.1043730264479776, 0.5110715574065077, 0.3653541234574175, 0,0, 0
0.6322756602141955, 1.087368646906127, 0.5177131785501138, 0.3781285079378853, 0,0, 0
0.6679305527838755, 1.0604143233848444, 0.5003085796179836, 0.3667335686762172, 0,0, 0
0.6571542606266214, 1.071402898476362, 0.4975534946325236, 0.3655206488214437, 0,0, 0
0.661345040909998, 1.0659571205373493, 0.46975480133627995, 0.352622928931678, 0,0, 0
0.6590168296414555, 1.0646923474872012, 0.4912479611511236, 0.36466839739087453, 0,0, 0
0.6608793986562895, 1.032679707952981, 0.4771942662614294, 0.35974773758774165, 0,0, 0
0.6342712698729461, 1.0278222235664949, 0.507586321256615, 0.372674079068983, 0,0, 0
0.7004589902215127, 1.0020862968447974, 0.4275133271668391, 0.3222899518551551, 0,0, 0
0.6916783077230094, 1.002873271851243, 0.43783543262995467, 0.33743168867068357, 0,0, 0
0.6552916916117874, 1.013929377683424, 0.4684467793311313, 0.3430011285445647, 0,0, 0
0.6600146344708309, 1.0210635803797494, 0.4607877123694138, 0.3477187674158408, 0,0, 0
0.6606133173684561, 1.018276552465046, 0.45895427304757574, 0.3430895197736459, 0,0, 0
0.6722543737111688, 1.0141716205216917, 0.4741357674996294, 0.3576658140498868, 0,0, 0
0.6754473491651699, 1.0060499873360969, 0.46209888131333665, 0.35247327647255666, 0,0, 0
0.6614115612319563, 1.0376606124341516, 0.4869947413231763, 0.35752623120513116, 0,0, 0
0.6483070578061598, 0.9935108600928828, 0.48790643162571856, 0.3659426341847908, 0,0, 0
0.70218851859243, 0.9785334547673997, 0.4237850384548226, 0.3394750883428184, 0,0, 0
0.6717222111355019, 0.9920663245588909, 0.42607229952736475, 0.32974534976326736, 0,0, 0
0.6834297878001729, 0.9808086556986074, 0.459093516683031, 0.3412268051819591, 0,0, 0
0.7115013636666001, 0.9703949251577262, 0.42019474716686367, 0.3162263613024703, 0,0, 0
0.6975986163773032, 0.9757035921019497, 0.45571823165936565, 0.3427803865425346, 0,0, 0
0.7016563560167631, 0.9708879568922834, 0.4336502249711563, 0.3365194469778985, 0,0, 0
0.7113683230226834, 0.9788085115032976, 0.40844855241736155, 0.3285611095283517, 0,0, 0
0.6982638195968869, 0.9765921609513628, 0.4127391272661272, 0.32490153843583713, 0,0, 0
0.6848932348832568, 0.9645316887218888, 0.4254083400225816, 0.32985084059452396, 0,0, 0
0.7174881926428524, 0.9501659664178931, 0.4030838426998553, 0.32411461479808706, 0,0, 0
0.7049158517927226, 0.9411078813282103, 0.4037934774701581, 0.3169718636092079, 0,0, 0
0.7243397858045633, 0.9587035954999646, 0.39071666970999547, 0.31764266573209704, 0,0, 0
0.7284640457659816, 0.9652210435131116, 0.426674113361072, 0.33801382737721797, 0,0, 0
0.7458923701190714, 0.9180689996127401, 0.3778111162732739, 0.31188802618150663, 0,0, 0
0.7514800771635735, 0.9267797201980226, 0.3855734211952426, 0.3171189499828373, 0,0, 0
0.7614581254573272, 0.8990975262104902, 0.3714724141257482, 0.3137179096275936, 0,0, 0
0.727067119004856, 0.8969130064866789, 0.4100276301515525, 0.3348620864315272, 0,0, 0
0.753608727466241, 0.8789227619499062, 0.3799036324546921, 0.31505751502449303, 0,0, 0
0.7482205813876139, 0.8760687378467326, 0.3917590000036607, 0.31721469346845, 0,0, 0
0.7518791990953236, 0.8955529280655398, 0.39880100191024986, 0.3245191686575288, 0,0, 0
0.7250715093461052, 0.8971004498880765, 0.3943441151949353, 0.3256115830642113, 0,0, 0
0.7282644848001064, 0.9105710472083238, 0.4140787190125807, 0.3332150319572197, 0,0, 0
0.7623894099647442, 0.8883426077643455, 0.3742953349573689, 0.3119026827667107, 0,0, 0
0.7311248586443159, 0.8796294885361818, 0.397018028081212, 0.32235511391863425, 0,0, 0
0.7403046630745693, 0.8891253907164772, 0.3919325449390339, 0.31471998350003355, 0,0, 0
0.7432980775626954, 0.8902423112606779, 0.38944536265475344, 0.31284952594534426, 0,0, 0
0.7119670059203087, 0.9023578317865525, 0.42307238715104295, 0.33690662792080217, 0,0, 0
0.7480210204217388, 0.8825357623848942, 0.36539120285336046, 0.3107915368617137, 0,0, 0
0.7505487926561565, 0.8677404368632541, 0.36291704851890505, 0.3099208443871029, 0,0, 0
0.7600611986962017, 0.8536373673879856, 0.36623698754045697, 0.31112699359526697, 0,0, 0
0.7620568083549525, 0.8733663327872333, 0.35476373554739404, 0.30315900699852305, 0,0, 0
0.7613916051353689, 0.8661513288891893, 0.36628689484407134, 0.3022390101933086, 0,0, 0
0.7668462715359542, 0.8583465247791797, 0.35409908823252967, 0.30315784224477776, 0,0, 0
0.7675779950774961, 0.8392329622501205, 0.33219841296200714, 0.2945419953398176, 0,0, 0
0.7506153129781148, 0.8688014942045215, 0.3776842149751202, 0.3122111093841518, 0,0, 0
0.752877003924699, 0.8535452771780941, 0.3526879710229939, 0.3125641207428349, 0,0, 0
0.759928158052285, 0.8479039944060609, 0.3510494661586826, 0.30087457703456266, 0,0, 0
0.7603272799840352, 0.8448602171745764, 0.359260247382028, 0.30630389236340155, 0,0, 0
0.7446284840018625, 0.8501671073745907, 0.3790848699139677, 0.3179104821199055, 0,0, 0
0.7524778819929488, 0.852794751962321, 0.36718991925077554, 0.3114061728944975, 0,0, 0
0.7397059801769441, 0.8720589122352844, 0.39163363222450087, 0.3130241676924872, 0,0, 0
0.7541408900419078, 0.8748777811736405, 0.35990861516586614, 0.3096845234421796, 0,0, 0
0.7409698662941528, 0.8554464816262468, 0.38137537705998603, 0.31282214271371045, 0,0, 0
0.7581986296813676, 0.8456908357531862, 0.3568405878626848, 0.3010034086194773, 0,0, 0
0.7483536220315307, 0.832005791852291, 0.38564170099086303, 0.3153748402712734, 0,0, 0
0.7467571343045301, 0.8349710171963417, 0.36600849522485446, 0.30836982133336444, 0,0, 0
0.7619902880329941, 0.8316138549903908, 0.3526262840181696, 0.2989659345655762, 0,0, 0
0.7698396860240804, 0.8176919806162742, 0.3290737266315786, 0.2934739331933496, 0,0, 0
0.7814807423667931, 0.8034470646616686, 0.3193153778375155, 0.28353663852115807, 0,0, 0
0.7571343045300339, 0.8148727030774968, 0.3687284832200525, 0.2991455264651766, 0,0, 0
0.7790860107762921, 0.8101685836810127, 0.3285588843310219, 0.2873536167807422, 0,0, 0
0.7585312312911594, 0.826973196589734, 0.35314820565448085, 0.298377011008536, 0,0, 0
0.7560699793787002, 0.8510214271967815, 0.35832522090502555, 0.3119244825002312, 0,0, 0
0.7618572473890773, 0.8023545015298887, 0.35818879946226545, 0.30220179690151816, 0,0, 0
0.7709040111754141, 0.8184518437115315, 0.34836726481727454, 0.2973520031517373, 0,0, 0
0.7598616377303267, 0.8128890692834588, 0.3555184667988269, 0.29942861687343847, 0,0, 0
0.7717687753608727, 0.8067973794822989, 0.3425678421696987, 0.2922720797476284, 0,0, 0
0.7680436373312047, 0.8104037150840459, 0.3442511468309515, 0.2935387402822155, 0,0, 0
0.7466906139825716, 0.7937089385708599, 0.38698638461069734, 0.3242898444567809, 0,0, 0
0.7453602075434045, 0.8193255612058232, 0.38908496683914123, 0.31369312294047735, 0,0, 0
0.7511474755537817, 0.8342497604797662, 0.36212216030182093, 0.3086497515054453, 0,0, 0
0.7480875407436972, 0.8213576550728752, 0.36342208867243875, 0.3128805850551144, 0,0, 0
0.7579325483935342, 0.813202221912504, 0.35815844510772193, 0.3024942935601004, 0,0, 0
0.763453735116078, 0.8255252204078982, 0.34978272906985075, 0.29392373657977594, 0,0, 0
0.7699062063460387, 0.7984187627753958, 0.3379758276162809, 0.2965121583684482, 0,0, 0
0.7579990687154926, 0.7925891424692111, 0.3680203867952531, 0.30202351620446427, 0,0, 0
0.7541408900419078, 0.7978934480390175, 0.3457845942481457, 0.30565106253572727, 0,0, 0
0.09179804430253442, 2.3026812567108528, 0.9043931646530875, 0.3154633625180583, 0,0, 0
0.2727333200292689, 2.0860493634026707, 0.7431272695662975, 0.46558409985126803, 0,0, 0
0.3424466174416284, 1.99472677809521, 0.7302760762257995, 0.3815794125006288, 0,0, 0
0.5269074702321559, 1.6462988377069432, 0.6079633641060048, 0.36752009582274536, 0,0, 0
0.5161976983968602, 1.6136837391550651, 0.6217623995261858, 0.4284854454751617, 0,0, 0
0.6745825849797114, 1.389219406618751, 0.49498616642797566, 0.32219006783986454, 0,0, 0
0.6225636932082751, 1.3875849849061799, 0.5517656730856781, 0.3947623772108165, 0,0, 0
0.7004589902215127, 1.3416526857727598, 0.4981948298389492, 0.35159657235946207, 0,0, 0
0.6049358078893102, 1.2081637797404003, 0.5797314210687201, 0.3955594534116, 0,0, 0
0.6510343910064524, 1.1932317948039837, 0.5164803650747107, 0.37288025294917587, 0,0, 0
0.6315439366726535, 1.1505113461471859, 0.5421919932781243, 0.3848865207578039, 0,0, 0
0.6339386682631544, 1.1150680596806466, 0.5478742690735029, 0.3895663568230811, 0,0, 0
0.638129448546531, 1.0987539788727791, 0.5354306600509466, 0.3863082795541284, 0,0, 0
0.6813011374975055, 1.0069322461226227, 0.5103794082255139, 0.3657873757437564, 0,0, 0
0.6809685358877137, 1.0070955632559284, 0.5203334912309286, 0.3631243042734035, 0,0, 0
0.6933413157719683, 0.9886415539611119, 0.50628045543735, 0.3656183450575176, 0,0, 0
0.6893500964544669, 0.991700706297037, 0.5094048620592975, 0.36646011454973076, 0,0, 0
0.7020554779485133, 0.9310170540959126, 0.477990840924133, 0.35929886121944216, 0,0, 0
0.7236745825849797, 0.9153566278253888, 0.4570816340227962, 0.34407870278130354, 0,0, 0
0.6935408767378434, 0.9426714016320002, 0.49115220142477783, 0.3633067609195444, 0,0, 0
0.687886649371383, 0.9047919206235374, 0.4858384225933101, 0.35739228395266004, 0,0, 0
0.6698596421206678, 0.8937227063742341, 0.5075465303003803, 0.36645856486927175, 0,0, 0
0.6926095922304264, 0.9133066071697745, 0.49675299889456137, 0.35923484261867067, 0,0, 0
0.6727200159648773, 0.9043779162310619, 0.5033960239017755, 0.37141374362539264, 0,0, 0
0.6721213330672521, 0.9400038863206378, 0.5044856261234533, 0.36963672830660393, 0,0, 0
0.7074436240271403, 0.8759334416997012, 0.44352190132157, 0.345899630237799, 0,0, 0
0.6988625024945121, 0.903245340403142, 0.46936372082449074, 0.3472589323692067, 0,0, 0
0.7188851194039779, 0.899453073811529, 0.44134704402532676, 0.33962442449865465, 0,0, 0
0.6834297878001729, 0.9339300515671621, 0.4861807119506458, 0.36031767055589375, 0,0, 0
0.7080423069247656, 0.9291597974441826, 0.44765326018776674, 0.3502765961411832, 0,0, 0
0.7063792988758065, 0.9207398695758636, 0.46204561710893566, 0.34807042092818624, 0,0, 0
0.7004589902215127, 0.9238942176465886, 0.47767456102487166, 0.35668935405811925, 0,0, 0
0.694206079957427, 0.8982288328205464, 0.48183385306026993, 0.35834521937189057, 0,0, 0
0.7089070711102242, 0.9264255482072777, 0.47112816927229434, 0.3543336786356992, 0,0, 0
0.7154260626621433, 0.8720156304027581, 0.4342091268204436, 0.33662402462600527, 0,0, 0
0.7067784208075567, 0.8886164793000982, 0.45411817270124577, 0.3513273970013997, 0,0, 0
0.7320561431517328, 0.8390194489747163, 0.40514791228729263, 0.3336485561690781, 0,0, 0
0.7323222244395663, 0.8211551342289423, 0.4127061637806749, 0.32452739137711106, 0,0, 0
0.7532096055344908, 0.8091818387026265, 0.36442698692496234, 0.2977309805505616, 0,0, 0
0.7226767777556043, 0.8417963969412438, 0.45385451855172854, 0.3426856970315187, 0,0, 0
0.7444289230359875, 0.8185706039922583, 0.3966921879237292, 0.3251975820555333, 0,0, 0
0.7647841415552451, 0.8144139491297258, 0.35920247636953784, 0.30301398795757967, 0,0, 0
0.7413024679039446, 0.8234023771017585, 0.40911138776492606, 0.32612935167725454, 0,0, 0
0.7514800771635735, 0.8048538424037076, 0.38187656934490766, 0.31469707328624513, 0,0, 0
0.741368988225903, 0.8120624104069191, 0.39632160249972664, 0.3103205905908084, 0,0, 0
0.7414355085478613, 0.8118902122544437, 0.39494255557613867, 0.3258999439619445, 0,0, 0
0.7224106964677709, 0.8340028546781862, 0.4272237114300726, 0.3293817786536302, 0,0, 0
0.7043836892170559, 0.8682489491924064, 0.4519728475318967, 0.348076399244126, 0,0, 0
0.7238076232288965, 0.8227637292297955, 0.40903995336423904, 0.3301832620075373, 0,0, 0
0.7470232155923635, 0.813758487937938, 0.38664902062136425, 0.30982504992628307, 0,0, 0
0.7315905008980244, 0.808104707631644, 0.4149915869729082, 0.3416909486422259, 0,0, 0
0.7319896228297745, 0.8034265197789489, 0.41398890883486844, 0.3293129718444367, 0,0, 0
0.7339187121665669, 0.8364047882639837, 0.4034393007863919, 0.32788308078507294, 0,0, 0
0.7560034590567418, 0.8136748680747251, 0.38402983562060816, 0.3218287293999311, 0,0, 0
0.7597285970864099, 0.8069252110467648, 0.3743753110407105, 0.31798582939459313, 0,0, 0
0.7408368256502361, 0.7933939043707385, 0.3940673581240619, 0.3231864276334518, 0,0, 0
0.7372447282644848, 0.7750390606216117, 0.39809720887033057, 0.3230089143004568, 0,0, 0
0.7369786469766514, 0.7661553538194434, 0.3953334239826519, 0.3223341087939561, 0,0, 0
0.7659149870285372, 0.7718916304540432, 0.37793052273640726, 0.31030728282244086, 0,0, 0
0.7828776691279186, 0.8082645272019315, 0.35113685031274194, 0.30144492944664414, 0,0, 0
0.7337856715226502, 0.8059221106817086, 0.4295243464752694, 0.3402787643233015, 0,0, 0
0.7391072972793188, 0.7956800319034996, 0.4166351448635014, 0.333907546948132, 0,0, 0
0.754007849397991, 0.7892185117898406, 0.3954481435661853, 0.32877341327627735, 0,0, 0
0.7490188252511142, 0.814345580104501, 0.40012506413313337, 0.328474065402193, 0,0, 0
0.7558704184128251, 0.8116823002646677, 0.3886074658316769, 0.3248154588063613, 0,0, 0
0.7562695403445753, 0.7965817601939188, 0.38448841821262925, 0.32659032076817274, 0,0, 0
0.7583981906472428, 0.7815814418629086, 0.38290585959573753, 0.3255882714085739, 0,0, 0
0.7702388079558306, 0.790512018837933, 0.3636201890771836, 0.31512036692766854, 0,0, 0
0.7705714095656223, 0.8064315916361943, 0.3667064149692523, 0.31626834050666985, 0,0, 0
0.7593294751546598, 0.8060410119694775, 0.38874683450364544, 0.32046243574838484, 0,0, 0
0.7675114747555378, 0.792275995667793, 0.3687160092490438, 0.32031856974405976, 0,0, 0
0.7436306791724872, 0.8044595977834612, 0.39813959488642603, 0.33002369937448434, 0,0, 0
0.7709705314973725, 0.7953222655323801, 0.35591421205036466, 0.31325804453540335, 0,0, 0
0.7675114747555378, 0.7909770947980785, 0.35224534861056056, 0.3135699946525499, 0,0, 0
0.759196434510743, 0.7778302473166665, 0.38032006446336253, 0.3223201335871649, 0,0, 0
0.7508813942659482, 0.8007586735907244, 0.37272929430025953, 0.32640355688162337, 0,0, 0
0.7765582385418746, 0.7622803761673439, 0.3574409372255502, 0.30891705153761406, 0,0, 0
0.7820794252644183, 0.7301318373428171, 0.34044166511527235, 0.29615292266021875, 0,0, 0
0.7799507749617508, 0.754999446566751, 0.35469989406510605, 0.30107722174541596, 0,0, 0
0.7682431982970798, 0.7787233258573105, 0.37521009814673867, 0.3163384307984461, 0,0, 0
0.7519457194172819, 0.7762700285813922, 0.3967639284167108, 0.3309787721339823, 0,0, 0
0.7643184993015366, 0.7889253176603289, 0.3706291325350356, 0.3166249049466813, 0,0, 0
0.7633206944721612, 0.775019511442423, 0.3569364846364121, 0.31148435529223223, 0,0, 0
0.7715026940730393, 0.7480361811414594, 0.3604524709882409, 0.309341065379083, 0,0, 0
0.7781547262688752, 0.732241306276424, 0.35066861208693756, 0.3004304456761155, 0,0, 0
0.7876671323089204, 0.7248843993395458, 0.32939028077412724, 0.3041986501676309, 0,0, 0
0.7804829375374177, 0.7372098599923534, 0.3409644382566022, 0.3032149734062425, 0,0, 0
0.7853389210403778, 0.761823367186852, 0.35073804803637204, 0.2993511370779679, 0,0, 0
0.7752943524246657, 0.753076796390778, 0.365540817416872, 0.3117555493317341, 0,0, 0
0.7794851327080423, 0.7532590718085491, 0.33168522456094074, 0.3022278858050555, 0,0, 0
0.7858710836160447, 0.7343647212365556, 0.33196413922119383, 0.28993482294488426, 0,0, 0
0.7915253109825051, 0.745944604121523, 0.3314801924379669, 0.2951620153066271, 0,0, 0
0.7911927093727134, 0.7263461403542956, 0.31956507884869695, 0.28758736595304013, 0,0, 0
0.7904609858311714, 0.7494364546235067, 0.31976179389835313, 0.2876469773887761, 0,0, 0
0.7698396860240804, 0.7556725985217075, 0.35348205399490445, 0.3078592975424116, 0,0, 0
0.7680436373312047, 0.7697483035220346, 0.3671993969941967, 0.31906222343478585, 0,0, 0
0.7750947914587907, 0.7434288150018761, 0.35354895429963634, 0.3064540577461501, 0,0, 0
0.7618572473890773, 0.7840770533022665, 0.36140024806633286, 0.3120127016574689, 0,0, 0
0.7629880928623695, 0.7692965485511511, 0.3599060417182357, 0.3149876062099325, 0,0, 0
0.7644515399454533, 0.7482954355821966, 0.37136186927823284, 0.3240774594020071, 0,0, 0
0.7639193773697864, 0.7491693167164408, 0.3757753419843885, 0.3158278569680484, 0,0, 0
0.09798443424466174, 2.304786228446882, 0.8828487448267583, 0.5226501998267009, 0,0, 0
0.32002926894166167, 2.074657375069663, 0.7262345561213331, 0.3253811623466447, 0,0, 0
0.46351360340584047, 2.007876459772554, 0.6345302886073935, 0.26509549337749283, 0,0, 0
0.47083083882125987, 1.7856882402344647, 0.6800196030325572, 0.4166807591982963, 0,0, 0
0.5534490786935409, 1.768328601265829, 0.6058202076401293, 0.3296004465722885, 0,0, 0
0.46437836759129913, 1.5453187614803983, 0.6986135474433336, 0.4584011237948218, 0,0, 0
0.5505887048493314, 1.3827066946118216, 0.5940944535674126, 0.4117452422345667, 0,0, 0
0.6188385551786071, 1.290523780308486, 0.5394667596417668, 0.35448002329848954, 0,0, 0
0.6564890574070379, 1.2627621381966398, 0.505605303082912, 0.3580731517368858, 0,0, 0
0.7260693141754806, 1.323583712769494, 0.4509143321646075, 0.34384468063793283, 0,0, 0
0.6494379032794518, 1.198532676645035, 0.5190112113097792, 0.3705857667887489, 0,0, 0
0.6719882924233354, 1.1350091235059168, 0.49352411893107656, 0.3580305020566605, 0,0, 0
0.6769773165702122, 1.175857129112691, 0.4844277897638866, 0.36480476632918496, 0,0, 0
0.7115678839885585, 1.0862838233090868, 0.42938149733121406, 0.33703706815751794, 0,0, 0
0.6857579990687155, 1.0839534781813505, 0.45466685006680096, 0.3529519834798676, 0,0, 0
0.6636067318565821, 1.0679074834646511, 0.48652662632535365, 0.3601901326337638, 0,0, 0
0.659482471895164, 1.0486260760540345, 0.48655815726881996, 0.35955659391893824, 0,0, 0
0.6436506352690747, 1.0449374754686593, 0.511158191708283, 0.37765006980011756, 0,0, 0
0.6518326348699528, 1.010069765919153, 0.46776954732238285, 0.35485738745291967, 0,0, 0
0.6361338388877802, 1.0278954283124733, 0.5186041715515991, 0.3781781894385414, 0,0, 0
0.6842945519856316, 1.0102494312406924, 0.45632730472990973, 0.36405880812759045, 0,0, 0
0.663939333466374, 0.9748385544119927, 0.4624465417556507, 0.35038894657220127, 0,0, 0
0.708507949178474, 0.9416761838509229, 0.42599234447341267, 0.34693809071514176, 0,0, 0
0.6831637065123395, 0.9396441879778795, 0.4419991154801836, 0.35072275535592545, 0,0, 0
0.7015233153728464, 0.9574244261087935, 0.43741919191699347, 0.3509475557079703, 0,0, 0
0.6640723741102907, 0.9948510771901281, 0.47215108574507747, 0.3493301994661065, 0,0, 0
0.6904809419277589, 0.9631340974472533, 0.430413753051588, 0.35795850386749545, 0,0, 0
0.6898822590301337, 0.9685088933655468, 0.4375637642813704, 0.35519338225416924, 0,0, 0
0.6655358211933746, 0.9766847846313651, 0.46614850986272943, 0.3522479119164135, 0,0, 0
0.680103771702255, 0.9797087448591432, 0.45152820043615777, 0.34476733124724435, 0,0, 0
0.6689948779352092, 0.9519153021070843, 0.4542711068195372, 0.3530449264949543, 0,0, 0
0.6820328610390475, 0.9527164990704411, 0.44543278234688427, 0.35431502788467634, 0,0, 0
0.6660679837690414, 0.9656453237037204, 0.4631086107905208, 0.36716374341033026, 0,0, 0
0.7168229894232688, 0.9167691374449188, 0.4038486472191032, 0.3452485714030587, 0,0, 0
0.6712565688817934, 0.8968814841339129, 0.4187251463420197, 0.33938517505810334, 0,0, 0
0.6795050888046298, 0.8988083629266335, 0.44807389056648006, 0.35736702535379067, 0,0, 0
0.7287301270538149, 0.8963126082567185, 0.4001428314546327, 0.32711135038394074, 0,0, 0
0.7045167298609726, 0.9142650540708621, 0.41963103094305965, 0.34353762563787454, 0,0, 0
0.6792390075167963, 0.9221361230512173, 0.4453551745167554, 0.34219220350957213, 0,0, 0
0.6973990554114282, 0.8965893937682922, 0.4209145808012996, 0.34063259883144753, 0,0, 0
0.7189516397259362, 0.8918224937289906, 0.40887595289099216, 0.3426269648497503, 0,0, 0
0.7202155258431451, 0.894240852790885, 0.4110478331168764, 0.3423177287583321, 0,0, 0
0.71110224173485, 0.8906705341848847, 0.42821967188456356, 0.34549557193077546, 0,0, 0
0.7196168429455199, 0.8699598612015697, 0.415042656906078, 0.33466721076708444, 0,0, 0
0.73784341116211, 0.8652296762557536, 0.3794099010412647, 0.32325739743388854, 0,0, 0
0.7074436240271403, 0.8919742580204214, 0.41934667150551375, 0.33204140719511666, 0,0, 0
0.7023880795583051, 0.8979413024842721, 0.4180769296230282, 0.3551889028273645, 0,0, 0
0.7399720614647775, 0.9110588850369087, 0.3874532735848512, 0.31147787999693594, 0,0, 0
0.7072440630612652, 0.8945470582823449, 0.4128999278733508, 0.3310204495382791, 0,0, 0
0.6883522916250915, 0.8973608020001712, 0.44065839463434886, 0.33909733121473173, 0,0, 0
0.7079092662808488, 0.9110829866475646, 0.429676251777206, 0.3313160008703408, 0,0, 0
0.7113018027007251, 0.8852369186744821, 0.4150382382854054, 0.3231374846679026, 0,0, 0
0.7303266147808155, 0.8788943960808828, 0.37656431043107264, 0.31885773214648944, 0,0, 0
0.7513470365196567, 0.8663026190637844, 0.3630635100117992, 0.3083251128531313, 0,0, 0
0.7303266147808155, 0.8431654008779774, 0.381309805190585, 0.31900722521586977, 0,0, 0
0.7470232155923635, 0.8688519476084433, 0.37431376863930277, 0.31603684895709533, 0,0, 0
0.7349165169959423, 0.9015387773282032, 0.38482602293107093, 0.3191575344382415, 0,0, 0
0.7367125656888179, 0.8972397647729883, 0.38920911653165674, 0.32111528474407597, 0,0, 0
0.695137364464844, 0.873491848990487, 0.4171694473435458, 0.34117685645659324, 0,0, 0
0.6789064059070046, 0.8934158769958497, 0.4365757104478435, 0.34738804057287326, 0,0, 0
0.73784341116211, 0.8680009054186496, 0.372886810987262, 0.32652056960358017, 0,0, 0
0.7195503226235614, 0.8731124031469972, 0.39879075756075844, 0.329185650277055, 0,0, 0
0.7443624027140291, 0.834159882937351, 0.36516762882145765, 0.3195119857695175, 0,0, 0
0.7304596554247322, 0.8460960393688638, 0.37665185425774944, 0.326794902157028, 0,0, 0
0.7292622896294818, 0.8416733978168929, 0.37708751502839716, 0.3208079314485151, 0,0, 0
0.7457593294751547, 0.8385033994042647, 0.36755979412402356, 0.3100675857618435, 0,0, 0
0.7291957693075235, 0.8445225609791449, 0.3756443817151083, 0.3201738958869389, 0,0, 0
0.7280649238342314, 0.8503564919751423, 0.3901589492332259, 0.3233244485597121, 0,0, 0
0.7390407769573605, 0.8321688717716254, 0.3717764322355789, 0.3187247388508542, 0,0, 0
0.7514800771635735, 0.8279790854020016, 0.3705074378740472, 0.3023781956466189, 0,0, 0
0.7370451672986097, 0.8184161981752271, 0.37367803728423404, 0.31822464162507114, 0,0, 0
0.7490188252511142, 0.8059865846493551, 0.36653796172775854, 0.31074870009426175, 0,0, 0
0.7500166300804896, 0.7789759079447103, 0.36684585279546383, 0.3134696510839062, 0,0, 0
0.759196434510743, 0.7962542858760759, 0.3471030540374423, 0.3054515080341044, 0,0, 0
0.7506818333000732, 0.7890213098205066, 0.3596035407349044, 0.3108843639825169, 0,0, 0
0.7337191512006919, 0.8249292739035771, 0.39205567543220277, 0.32532421041406745, 0,0, 0
0.7452271668994878, 0.8422758186156633, 0.36895585085617405, 0.3153384678372893, 0,0, 0
0.7534091665003658, 0.828022555370071, 0.3764001232934981, 0.31689215493715617, 0,0, 0
0.7252045499900219, 0.8499441934721574, 0.4166453858741864, 0.32047994562769155, 0,0, 0
0.765316304130912, 0.817046434424329, 0.35789391670714105, 0.30945105968515224, 0,0, 0
0.7678440763653296, 0.8258912014963901, 0.3644706444826615, 0.31290698740610706, 0,0, 0
0.7851393600745028, 0.8019738233710378, 0.3282520902487677, 0.29574548849922006, 0,0, 0
0.765116743165037, 0.8163488656283586, 0.360893916707141, 0.30761369628072943, 0,0, 0
0.7639193773697864, 0.8130672224710188, 0.3440960541030594, 0.3026036526625391, 0,0, 0
0.7556043371249916, 0.8198256661393498, 0.35727918180698404, 0.3050975279377306, 0,0, 0
0.7434976385285704, 0.8167833597229933, 0.3636232439601472, 0.3129101286643219, 0,0, 0
0.7394398988891107, 0.8081857960200182, 0.3807124003823458, 0.3216096977885925, 0,0, 0
0.7556708574469501, 0.7892591870085548, 0.360302008415534, 0.29989149817884014, 0,0, 0
0.7620568083549525, 0.7874467804288442, 0.3544578069365758, 0.3069816760129489, 0,0, 0
0.7745626288831238, 0.786074633988653, 0.3305823527688458, 0.2958906950873268, 0,0, 0
0.7575999467837424, 0.8053939452996844, 0.35559072459681057, 0.30457780317596633, 0,0, 0
0.758996873544868, 0.8122130403740547, 0.35699982806339503, 0.3107928221077421, 0,0, 0
0.7727665801902481, 0.8066318870688206, 0.3516405385381705, 0.29960166367400687, 0,0, 0
0.748420142353489, 0.8298673090073001, 0.36733965490322196, 0.31392145769348356, 0,0, 0
0.7548726135834497, 0.8187789088517629, 0.36376696957418536, 0.3047579388339143, 0,0, 0
0.7451606465775295, 0.8170681107078117, 0.36881780015830273, 0.3199826180014146, 0,0, 0
0.7447615246457793, 0.7770527353111051, 0.3669588856268024, 0.31961124639356536, 0,0, 0
0.7762921572540411, 0.7782035556487902, 0.32678130608648437, 0.29294466462987956, 0,0, 0
0.7711700924632475, 0.7839140700171046, 0.3564763705711483, 0.3101868528237399, 0,0, 0
0.7678440763653296, 0.7505572853205614, 0.35653913380999164, 0.30745651478827624, 0,0, 0
0.7665136699261624, 0.7702260553192105, 0.3607340729796894, 0.3067302329967864, 0,0, 0
0.0900685159316171, 2.3031315936590553, 0.9000104384579976, 0.4554640841190568, 0,0, 0
0.23016031397591966, 2.1497605265134476, 0.7987599634847151, 0.47789318302680783, 0,0, 0
0.33951972327546065, 2.044380219624379, 0.708024729924016, 0.37830434749336184, 0,0, 0
0.42546397924565954, 1.953515809712546, 0.6365262630129718, 0.35678283150327567, 0,0, 0
0.5998137430985166, 1.7830701122651562, 0.5876126735964128, 0.4016879250063463, 0,0, 0
0.5579059402647509, 1.5939406414477797, 0.5819257928270889, 0.391443266076921, 0,0, 0
0.6328743431118207, 1.399080916103859, 0.5081216378526979, 0.36544059643054794, 0,0, 0
0.5863766380629283, 1.3558686555393655, 0.5377440124718125, 0.39839827885821044, 0,0, 0
0.6093261491385619, 1.3241453950546065, 0.5182741378327322, 0.3837621081240144, 0,0, 0
0.639992017561365, 1.3675826926606822, 0.5345914417436064, 0.3871881524752662, 0,0, 0
0.5749351426860906, 1.2487809073555636, 0.5661737877580928, 0.4094250017129422, 0,0, 0
0.6596155125390807, 1.1148152789687689, 0.4999032957768902, 0.3773211227327675, 0,0, 0
0.673584780150336, 1.0662794753228477, 0.470949039648297, 0.35688027982129655, 0,0, 0
0.6044701656356016, 1.0820374651656208, 0.534273085308673, 0.3936607234154185, 0,0, 0
0.6360673185658219, 1.043126284554522, 0.49088675502809037, 0.37175431242434315, 0,0, 0
0.6871549258298411, 1.0500657871577237, 0.47419947821257885, 0.35733369370159623, 0,0, 0
0.6781081620435043, 1.0354207626445342, 0.4695235172777245, 0.36526017291057217, 0,0, 0
0.6985299008847203, 1.0347160503130026, 0.4369632431645441, 0.3424045294054132, 0,0, 0
0.6385950908002395, 1.0196474971237806, 0.4953133587209122, 0.381355533519862, 0,0, 0
0.6628084879930819, 0.9968913387687046, 0.4549863159439436, 0.3580513374017487, 0,0, 0
0.6705913656622098, 0.9940568598412965, 0.4457060655635583, 0.3582789763674908, 0,0, 0
0.641854586576199, 1.0003945264892316, 0.4769053036657218, 0.36251585130625363, 0,0, 0
0.6331404243996541, 1.0125101039442044, 0.4679830467137886, 0.36929541065037325, 0,0, 0
0.687886649371383, 0.9724880390228287, 0.4557133452718146, 0.3553478341255776, 0,0, 0
0.685491917780882, 0.9497143562403569, 0.45259246645503365, 0.3544037229153225, 0,0, 0
0.6849597552052152, 0.9575026498975739, 0.4517523134082166, 0.35039110818535607, 0,0, 0
0.6930087141621766, 0.9492562794916642, 0.423291061680096, 0.3449368519210857, 0,0, 0
0.6327413024679039, 0.9637269353439096, 0.4699840310868659, 0.36670440871948506, 0,0, 0
0.7050488924366394, 0.9532895325093586, 0.42939261843028753, 0.33812449661335187, 0,0, 0
0.6695270405108761, 0.9442220817891153, 0.4310454143166775, 0.35296584799823466, 0,0, 0
0.6834963081221314, 0.936535982838072, 0.44018144228674316, 0.3464509865384928, 0,0, 0
0.7125656888179339, 0.9385805525291393, 0.4046638020000845, 0.32768513371073593, 0,0, 0
0.6941395596354686, 0.9233396240036935, 0.4099807579910307, 0.34563064974836133, 0,0, 0
0.7121665668861837, 0.909563729980882, 0.4168676757190546, 0.3486902191965751, 0,0, 0
0.7190181600478946, 0.930487338662309, 0.43113667261828803, 0.34618203593449964, 0,0, 0
0.6995277057140956, 0.9295960671290024, 0.4395671930565518, 0.35281102696945416, 0,0, 0
0.6874875274396328, 0.9078437842576347, 0.4277104386886712, 0.35077370277109315, 0,0, 0
0.7358478015033593, 0.9039384050978148, 0.39040762757909664, 0.3322588185587302, 0,0, 0
0.7166234284573937, 0.8985322513757896, 0.3951189246446324, 0.3257841954606499, 0,0, 0
0.7106365994811414, 0.9083846813990536, 0.4133795624032415, 0.3407435836150549, 0,0, 0
0.7339187121665669, 0.9098784450892392, 0.40171293729477725, 0.3365384081365338, 0,0, 0
0.7524113616709905, 0.8970413437788874, 0.38960180880725076, 0.32378420015370474, 0,0, 0
0.7341847934544004, 0.8988492243860536, 0.38972294302246074, 0.3308379367676568, 0,0, 0
0.7131643717155591, 0.9242297583992068, 0.4432180187345996, 0.3464055108646951, 0,0, 0
0.7152265016962682, 0.9137925313216365, 0.40495469967093767, 0.34465464774139554, 0,0, 0
0.6844941129515066, 0.9027306122127887, 0.4515793689914415, 0.35503106937494294, 0,0, 0
0.7226102574336459, 0.8656407019142268, 0.41735100930756763, 0.33938824148947516, 0,0, 0
0.736912126654693, 0.8564345253511162, 0.40785022927712494, 0.33493815993490783, 0,0, 0
0.7276658019024812, 0.8343469717278627, 0.39410012785130333, 0.336985893511181, 0,0, 0
0.7232089403312713, 0.8155476796412677, 0.3991220772069273, 0.34141451465587475, 0,0, 0
0.7252710703119803, 0.8445311188937298, 0.39404641134736307, 0.33209834210506245, 0,0, 0
0.7265349564291891, 0.8852861985741074, 0.4122078601209686, 0.3394227446142058, 0,0, 0
0.7381094924499435, 0.8878447760039874, 0.4159407266245853, 0.34255373897354124, 0,0, 0
0.7365130047229429, 0.8677246971358114, 0.38286503214350054, 0.31243478285512505, 0,0, 0
0.7512805161976984, 0.8479652343670868, 0.3844141346223067, 0.33503043403153243, 0,0, 0
0.735249118605734, 0.8440582415371186, 0.3854804068392466, 0.314302853409283, 0,0, 0
0.7328543870152332, 0.8623663118820903, 0.39183026770441237, 0.33060661767864663, 0,0, 0
0.7915253109825051, 0.805218070239937, 0.31882553891287563, 0.2923066944125426, 0,0, 0
0.7706379298875806, 0.8413975781395423, 0.37472031849460224, 0.3160253392301978, 0,0, 0
0.777023880795583, 0.8146489947128674, 0.3636483425886387, 0.31231985474976903, 0,0, 0
0.7781547262688752, 0.8358269664584383, 0.3639497750260204, 0.31513242888938003, 0,0, 0
0.7738974256635403, 0.8342765117342777, 0.37232768875709943, 0.3149367438650818, 0,0, 0
0.7814142220448347, 0.8088490371425344, 0.3426760864231087, 0.30708339579730715, 0,0, 0
0.7759595556442493, 0.8123019568680951, 0.35840575009897635, 0.3079228489013462, 0,0, 0
0.7574003858178674, 0.7960707629792885, 0.3759931540456779, 0.3195588618728541, 0,0, 0
0.7728996208341649, 0.8194919168874444, 0.35881910359155605, 0.31264709887096065, 0,0, 0
0.7866028071575867, 0.7984061464712894, 0.3266977338394356, 0.29238834976931494, 0,0, 0
0.7728331005122064, 0.7948613344302954, 0.3660442118166643, 0.31092594766174175, 0,0, 0
0.7899953435774629, 0.7835278465141757, 0.3217565171372046, 0.2907487037164357, 0,0, 0
0.7820129049424599, 0.8124662811044103, 0.3551366105559074, 0.30588574717786077, 0,0, 0
0.7903944655092131, 0.8114452850054402, 0.31976084614153366, 0.2846658078610465, 0,0, 0
0.7862036852258365, 0.7944419240041585, 0.3403273048400678, 0.3028773508127988, 0,0, 0
0.7944522051486729, 0.8155806073533288, 0.32195709433778186, 0.28975705027633153, 0,0, 0
0.7828111488059603, 0.7981899554159843, 0.3544454165649907, 0.3008548743678096, 0,0, 0
0.789463181001796, 0.775360979005439, 0.32987417254883794, 0.29233411263469067, 0,0, 0
0.7878666932747954, 0.7754421984255498, 0.3403356312301306, 0.29775172885628387, 0,0, 0
0.7905275061531298, 0.7910938495162272, 0.32698667493430245, 0.2926858366094797, 0,0, 0
0.7882658152065456, 0.7624880042717869, 0.3289144118740467, 0.2909403150175232, 0,0, 0
0.7866028071575867, 0.7741417208676125, 0.33059433556072626, 0.2971308675505622, 0,0, 0
0.7810151001130845, 0.7926680285938388, 0.3530206285659667, 0.2996716946718696, 0,0, 0
0.7782212465908335, 0.8440848250296243, 0.36338827562479026, 0.30552119405388317, 0,0, 0
0.7799507749617508, 0.8180207171268785, 0.35441035287674366, 0.3095272158836402, 0,0, 0
0.7797512139958758, 0.7881565350751374, 0.3522751139326812, 0.3101123658473444, 0,0, 0
0.7794186123860839, 0.7688823541321097, 0.35531505062499297, 0.2982708399950376, 0,0, 0
0.7767577995077496, 0.7885863934661532, 0.34981931033264246, 0.298593143668499, 0,0, 0
0.7836093926694605, 0.7834430240586374, 0.34688354342888145, 0.29805114111189757, 0,0, 0
0.7865362868356283, 0.7689610362944064, 0.33563415128496255, 0.2979550211060818, 0,0, 0
0.7884653761724206, 0.7377892824068528, 0.3174433303240178, 0.29836976275053734, 0,0, 0
0.7802168562495843, 0.738462248251148, 0.34724123288730835, 0.29760348160530614, 0,0, 0
0.7957160912658817, 0.7232132935419603, 0.3077471765666133, 0.28241884903305253, 0,0, 0
0.7925896361338389, 0.7894346346957534, 0.31926714705678977, 0.28775171875042516, 0,0, 0
0.7907935874409632, 0.7170978686719008, 0.3228657897030417, 0.2841349754475796, 0,0, 0
0.785937603938003, 0.7632779166674102, 0.3341708043488858, 0.30056198073066714, 0,0, 0
0.7925896361338389, 0.7548848970519422, 0.32372813882727286, 0.2878727802659327, 0,0, 0
0.7949178474023815, 0.7174414929827428, 0.3075742926734268, 0.29384183554607385, 0,0, 0
0.7934544003192976, 0.8212197319912543, 0.3182128208119549, 0.29507542354083227, 0,0, 0
0.795583050621965, 0.7652352497857682, 0.3166041434196954, 0.28627460563927837, 0,0, 0
0.787600611986962, 0.7241996826153556, 0.3301504643098566, 0.30730842575332723, 0,0, 0
0.7887979777822125, 0.7346117192352217, 0.3293325371389883, 0.29419096968884634, 0,0, 0
0.7916583516264218, 0.7447616440991127, 0.3110441505411103, 0.2856446368234846, 0,0, 0
0.7941196035388811, 0.734592636926257, 0.3085237030660033, 0.28972877702190675, 0,0, 0
0.0996474422936207, 2.3036155982034328, 0.8933305836807842, 0.5762359006500916, 0,0, 0
0.2825118073571476, 2.0864591583959484, 0.7811689519175595, 0.5086022194973153, 0,0, 0
0.3584780150335928, 1.891460287665021, 0.7569902468078569, 0.4894661790734897, 0,0, 0
0.45639592895629616, 1.7455031374579797, 0.6696292536987589, 0.4221150786545915, 0,0, 0
0.4997006585511874, 1.5644812403427784, 0.6322337173515907, 0.41837061075047294, 0,0, 0
0.5981507350495576, 1.4507119318090347, 0.5662331662990924, 0.35716506769740347, 0,0, 0
0.6098583117142287, 1.2591756028039875, 0.5634551472176762, 0.3815861956536258, 0,0, 0
0.6780416417215459, 1.36187702642482, 0.513185317441285, 0.36616691159434916, 0,0, 0
0.6769107962482538, 1.2837592640257656, 0.5463881580560261, 0.3694589614585565, 0,0, 0
0.6670657885984168, 1.1347189661949775, 0.5457000512915214, 0.3728896304560933, 0,0, 0
0.6892170558105501, 1.0981878033663657, 0.5159717325937225, 0.3536386777256503, 0,0, 0
0.6777755604337125, 1.0726207632266407, 0.5172439848072484, 0.3540710716534771, 0,0, 0
0.6771768775360872, 1.061081089813014, 0.5161202795111766, 0.35467353693856957, 0,0, 0
0.7069779817734317, 1.0163488213281648, 0.49267462618525054, 0.34890115234211677, 0,0, 0
0.7027872014900552, 0.9936304671765077, 0.4791205561830543, 0.3498356618484225, 0,0, 0
0.7132308920375174, 0.9873222180691191, 0.45796113597581134, 0.32940098047206073, 0,0, 0
0.6910796248253842, 0.9750154990126901, 0.5312302516756096, 0.37807295760599047, 0,0, 0
0.6945386815672188, 0.9538970588302074, 0.5222605752017176, 0.37729466242715987, 0,0, 0
0.6925430719084681, 0.9421440541025838, 0.5178061838022107, 0.3727980055641212, 0,0, 0
0.6981307789529702, 0.9239645533214184, 0.49532658160311954, 0.3659497780098189, 0,0, 0
0.7122996075301005, 0.9021273937451232, 0.4649433346329052, 0.3555668977023087, 0,0, 0
0.7132974123594759, 0.9136201939928744, 0.4695900343834029, 0.35200115274562876, 0,0, 0
0.7253375906339387, 0.9169716376956295, 0.44825059440433035, 0.3456396325435114, 0,0, 0
0.7239406638728132, 0.9156425466965062, 0.43020223311784916, 0.337304803723966, 0,0, 0
0.7430319962748619, 0.8955013056836804, 0.42003291169476414, 0.31971586359947013, 0,0, 0
0.7292622896294818, 0.8792179042856236, 0.43874579457368695, 0.33648904764901294, 0,0, 0
0.7456928091531964, 0.8720277058666447, 0.4193276154241788, 0.33524465840231604, 0,0, 0
0.729661411561232, 0.882378642317039, 0.45001932833442077, 0.34397201447729997, 0,0, 0
0.7466240936606133, 0.868578855343241, 0.41547171871761485, 0.3298313500736139, 0,0, 0
0.7447615246457793, 0.8754012510542273, 0.4208443380352119, 0.32244102921850176, 0,0, 0
0.7419676711235282, 0.8668327475561723, 0.41867862711121184, 0.32367393779911796, 0,0, 0
0.7373112485864431, 0.8526738498301436, 0.4281684537114159, 0.3401172544948273, 0,0, 0
0.7340517528104836, 0.8606031006201637, 0.43889734807366376, 0.34412138036011236, 0,0, 0
0.726335395463314, 0.8524172536198851, 0.4529209861164483, 0.3460812828424927, 0,0, 0
0.7593959954766181, 0.8512090477467771, 0.3765440965121376, 0.30993922589191375, 0,0, 0
0.7186190381161445, 0.8492699620307871, 0.4365282999887372, 0.3315724055351728, 0,0, 0
0.7591299141887847, 0.8539309829533217, 0.41741118894414037, 0.31839987251399254, 0,0, 0
0.7409033459721945, 0.8532759992680435, 0.41326294701822275, 0.3269367748380663, 0,0, 0
0.7452936872214462, 0.8289511151360466, 0.4010381883152896, 0.31499770371556796, 0,0, 0
0.717421672320894, 0.8312497130377046, 0.4377365306290757, 0.33458788747266205, 0,0, 0
0.7625889709306193, 0.8157960248557888, 0.37382096282909477, 0.30810218227724767, 0,0, 0
0.7502161910463646, 0.8241682881843296, 0.3949905915576497, 0.31826659020752024, 0,0, 0
0.7213463713164372, 0.833896236443956, 0.4508355887762199, 0.3481579253928092, 0,0, 0
0.7417015898356948, 0.8374960497133808, 0.40401025962172327, 0.31842572134247593, 0,0, 0
0.7438302401383623, 0.8275970901167263, 0.3923533853514654, 0.32225082135514055, 0,0, 0
0.7351160779618173, 0.8309563358608699, 0.4358682070241955, 0.3386141198607836, 0,0, 0
0.7426328743431119, 0.8106908760272094, 0.394724545336009, 0.3253033774769649, 0,0, 0
0.7526109226368656, 0.8107967254429918, 0.3936440555054784, 0.31002238742396665, 0,0, 0
0.7625889709306193, 0.7943386948492112, 0.35814909065671, 0.3084878955419944, 0,0, 0
0.7409033459721945, 0.8045312396109275, 0.4037523582310786, 0.3135028785292077, 0,0, 0
0.7468901749484468, 0.7910162219179093, 0.39130950665627556, 0.3144842918695745, 0,0, 0
0.7376438501962349, 0.8045531109572301, 0.4077324057556509, 0.322624151979784, 0,0, 0
0.7561364997006585, 0.7915479441944351, 0.3776344565249415, 0.30985076873108947, 0,0, 0
0.7522118007051154, 0.7917117149893288, 0.4097219428548552, 0.32830017513695525, 0,0, 0
0.7522118007051154, 0.8011114590986287, 0.40679869686105996, 0.3193153308625714, 0,0, 0
0.7370451672986097, 0.7916871943115785, 0.4229454618607662, 0.3346109933957406, 0,0, 0
0.7579990687154926, 0.7873305047167038, 0.38305661796821383, 0.31314867092390525, 0,0, 0
0.7542074103638662, 0.7905982346802021, 0.39449648803874326, 0.323102505021714, 0,0, 0
0.7568682232422005, 0.7949274883005211, 0.393665474834661, 0.3134406449910196, 0,0, 0
0.7539413290760327, 0.7782719715200926, 0.37142391338285946, 0.31094357231777264, 0,0, 0
0.7592629548327013, 0.775053113283479, 0.3458496750403406, 0.2935172051191871, 0,0, 0
0.7719683363267478, 0.7551703082470079, 0.34648396692047967, 0.29632051798330145, 0,0, 0
0.7582651500033261, 0.7542730543777717, 0.37516119099774764, 0.316406783265599, 0,0, 0
0.7657154260626622, 0.7615001608670898, 0.35372421235559814, 0.29768719001551447, 0,0, 0
0.7585312312911594, 0.7677709524572741, 0.3648452853418075, 0.30575227949847494, 0,0, 0
0.777755604337125, 0.7500031288059903, 0.3537559320904946, 0.2963832351258328, 0,0, 0
0.7579325483935342, 0.7566581337038064, 0.3885684011325155, 0.31768174818338146, 0,0, 0
0.765116743165037, 0.7658683635372311, 0.3767763490954639, 0.30786319537532303, 0,0, 0
0.7730326614780816, 0.7622604780797113, 0.36284524747487834, 0.2956068297785874, 0,0, 0
0.7756934743564159, 0.7637943790554366, 0.3445587950824534, 0.29901464040132053, 0,0, 0
0.7699062063460387, 0.7607402268644665, 0.3564138726191783, 0.30179737106466686, 0,0, 0
0.7808155391472095, 0.7434886719817518, 0.33905652921621526, 0.2860956167437429, 0,0, 0
0.7760260759662077, 0.7660282060673336, 0.35507745791706086, 0.2899073099649512, 0,0, 0
0.7684427592629548, 0.7726030116667553, 0.36976336617867056, 0.30123473050742283, 0,0, 0
0.7642519789795783, 0.7516750881300571, 0.37466315822727253, 0.30581690624804403, 0,0, 0
0.777755604337125, 0.7373639529265189, 0.3426667025687579, 0.29772810874220196, 0,0, 0
0.7765582385418746, 0.7362594776451394, 0.34580678755800415, 0.3012733564413282, 0,0, 0
0.7787534091665004, 0.7202837985626585, 0.3420880823725807, 0.2953164642538244, 0,0, 0
0.7764917182199161, 0.7096060282035513, 0.338257628983338, 0.29164585459448744, 0,0, 0
0.7845406771768776, 0.7416969457580253, 0.32840504214810906, 0.28567067194823176, 0,0, 0
0.7825450675181268, 0.7495294180627216, 0.3414868124539129, 0.2902801457255622, 0,0, 0
0.7785538482006253, 0.7531741302093243, 0.3482888340259915, 0.29750316502889296, 0,0, 0
0.7599946783742433, 0.7456304267079533, 0.36976133208118045, 0.31376002108140816, 0,0, 0
0.7641189383356616, 0.7332163350305594, 0.3556088248851491, 0.2987918177791283, 0,0, 0
0.7719683363267478, 0.7145047734401325, 0.3457318184227768, 0.2950382222939111, 0,0, 0
0.7792855717421673, 0.7272748293268126, 0.349348854048922, 0.295591605591044, 0,0, 0
0.7841415552451274, 0.7377626250405162, 0.3216522299864442, 0.28193175926193353, 0,0, 0
0.772367458258498, 0.7501742631566874, 0.35299550740744984, 0.29750673670539757, 0,0, 0
0.762921572540411, 0.7645518297631498, 0.3749622084732585, 0.3096215718817733, 0,0, 0
0.7760260759662077, 0.7498958782508154, 0.3440755678759836, 0.28824269694451704, 0,0, 0
0.751014434909865, 0.7507025873988135, 0.37824205415034096, 0.30724197136637493, 0,0, 0
0.7774230027273332, 0.7438460598266364, 0.34574624974862395, 0.29756021973542224, 0,0, 0
0.7768908401516663, 0.7278811910891541, 0.3415090909716421, 0.2896617926270649, 0,0, 0
0.7657154260626622, 0.7187986500827406, 0.36887107275635117, 0.3065280532055029, 0,0, 0
0.7683097186190381, 0.7359504821131937, 0.3468598399355197, 0.2989999216996068, 0,0, 0
0.7709705314973725, 0.716674677324356, 0.3495929269230439, 0.29345453966954893, 0,0, 0
0.7776890840151667, 0.7299565316606317, 0.3421605364947507, 0.29870933597563537, 0,0, 0
0.7784873278786669, 0.7475750778390317, 0.3448812524259931, 0.2914376268853187, 0,0, 0
0.7821459455863766, 0.7261981408371004, 0.3393746227728982, 0.28901299012950593, 0,0, 0
0.7764251978979578, 0.7314332064932028, 0.3402595785251106, 0.2895981459180134, 0,0, 0
0.7817468236546264, 0.7223023147721006, 0.3282895367015339, 0.2928694620653599, 0,0, 0
